code,big,small,holders
000218,100.00,0.00,1
000560,100.00,0.00,1
000708,100.00,0.00,1
000779,100.00,0.00,1
000815,100.00,0.00,1
000856,100.00,0.00,1
00400A,9.79,66.08,136469
00401A,21.73,61.36,18115
00402A,13.54,65.44,46277
00403A,9.76,66.21,912433
00404A,10.22,71.49,30162
00405A,11.49,61.45,149183
00406A,10.04,55.23,177069
00407A,16.80,57.91,132102
00408A,18.94,55.53,8286
00409A,25.25,43.00,50882
00410A,22.61,54.44,10094
00411A,19.77,54.91,21353
0050,23.82,65.62,3560731
0051,0.00,79.99,12743
0052,17.96,73.01,456022
0053,45.36,39.22,7311
0055,31.07,50.39,16319
0056,9.14,76.16,1656819
0057,0.00,61.65,3649
0061,22.64,48.29,6003
006201,37.89,48.70,5377
006203,59.82,15.42,3886
006204,0.00,66.79,1151
006205,32.99,44.06,8810
006206,11.18,64.96,3083
006207,0.00,54.41,1610
006208,9.72,86.44,715428
00625K,0.00,65.43,12
00631L,19.32,44.92,307710
00632R,30.68,29.61,64205
00633L,20.25,37.82,3659
00634R,43.31,22.64,756
00635U,15.43,68.90,57502
00636,14.56,60.42,8186
00636K,0.00,99.98,8
00637L,42.26,22.42,11927
00638R,37.14,23.45,499
00639,15.65,52.97,5695
00640L,0.00,56.05,1296
00641R,46.68,22.80,1291
00642U,40.19,43.86,6971
00643,27.26,41.83,3164
00643K,0.00,99.98,5
00645,16.56,61.59,9760
00646,40.01,48.70,114568
00647L,31.08,54.99,1525
00648R,36.62,27.40,2352
00650L,36.50,30.23,2244
00651R,53.36,14.54,373
00652,24.99,59.25,9309
00653L,0.00,65.55,1255
00654R,39.41,22.52,361
00655L,15.45,45.94,2219
00656R,46.86,16.04,310
00657,0.00,71.89,1643
00657K,0.00,99.99,4
00660,0.00,43.96,1026
00661,4.93,72.23,7252
00662,32.28,47.64,111608
00663L,21.95,59.46,14174
00664R,39.81,18.03,9935
00665L,42.38,20.40,5092
00666R,68.50,9.58,121
00668,20.87,56.19,2032
00668K,0.00,100.00,4
00669R,34.52,25.53,3088
00670L,6.48,76.31,12494
00671R,52.75,12.86,3536
00673R,39.51,24.47,16895
00674R,40.40,43.22,1277
00675L,15.01,72.60,18793
00676R,32.29,29.38,4331
00678,0.00,51.45,1876
00679B,37.49,41.17,233338
00680L,38.66,23.08,19113
00681R,70.67,2.91,100
00682U,52.27,7.45,259
00683L,60.00,21.22,319
00684R,73.79,10.88,167
00685L,21.58,40.78,190002
00686R,51.11,13.60,2052
00687B,36.41,40.26,152598
00687C,93.67,6.30,16
00688L,35.42,25.86,9098
00689R,73.94,0.31,46
00690,7.91,79.63,17110
00692,14.99,77.43,91243
00693U,36.60,41.98,2890
00694B,56.88,28.86,2000
00695B,68.80,21.78,2246
00696B,82.06,14.16,10941
00697B,19.24,64.29,6735
00700,5.16,62.74,2595
00701,5.41,88.83,37720
00702,31.04,37.16,1149
00703,0.00,57.88,1016
00706L,22.05,43.80,6037
00707R,77.06,1.45,23
00708L,18.65,58.85,18165
00709,7.44,49.12,2257
00710B,81.03,14.75,3706
00711B,99.18,0.51,796
00712,19.46,39.85,145534
00713,20.86,72.73,269348
00714,15.98,43.56,2374
00715L,53.68,27.94,3318
00717,17.92,58.12,7515
00719B,22.94,49.28,14841
00720B,62.48,23.89,77572
00722B,89.15,8.57,13452
00723B,99.65,0.13,470
00724B,97.50,1.85,6172
00725B,80.41,12.95,41166
00726B,97.65,1.43,1719
00727B,87.58,8.25,725
00728,2.91,86.21,9916
00730,12.01,79.87,13043
00731,0.00,76.40,8171
00733,11.52,81.63,20648
00734B,80.06,12.54,519
00735,14.05,70.37,31782
00736,41.59,21.72,491
00737,9.34,77.48,5480
00738U,12.80,64.52,32751
00739,19.58,47.34,1956
00740B,96.26,2.47,6003
00741B,37.85,40.51,1133
00746B,99.44,0.27,1317
00749B,99.75,0.08,193
00750B,99.32,0.23,76
00751B,72.80,16.54,67049
00752,26.66,53.92,17191
00753L,32.52,26.68,11420
00754B,99.75,0.15,460
00755B,97.72,1.72,1007
00756B,97.21,1.84,2329
00757,27.50,60.55,68274
00758B,90.49,5.32,123
00759B,98.89,0.58,120
00760B,99.16,0.69,621
00761B,98.48,1.07,3427
00762,14.44,74.58,22633
00763U,44.92,39.36,4008
00764B,93.60,4.69,8291
00768B,97.83,1.31,1749
00770,7.18,76.89,22185
00771,11.94,73.87,2066
00772B,78.61,14.31,40591
00773B,95.25,3.44,8886
00775B,99.23,0.16,183
00777B,99.88,0.02,224
00778B,99.92,0.02,184
00779B,99.50,0.26,639
00780B,96.87,2.37,1283
00781B,16.97,55.74,734
00782B,14.34,60.82,1259
00783,0.00,62.20,807
00785B,99.70,0.05,238
00786B,15.33,54.08,1282
00787B,16.94,49.98,1005
00788B,15.29,56.41,1453
00789B,99.07,0.35,355
00791B,99.68,0.11,99
00792B,99.81,0.06,450
00793B,0.00,62.95,260
00795B,51.57,30.78,37168
00799B,8.46,62.26,1665
00830,18.85,70.43,184109
00834B,94.36,1.77,135
00836B,99.33,0.27,423
00840B,99.27,0.49,91
00841B,98.66,0.52,121
00842B,33.10,39.63,1003
00844B,98.91,0.63,298
00845B,99.34,0.25,221
00846B,98.18,1.39,257
00847B,0.00,39.30,305
00848B,99.21,0.28,153
00849B,99.74,0.02,106
00850,15.15,77.72,80406
00851,27.87,58.96,2131
00852L,36.02,34.83,573
00853B,89.53,7.59,2333
00856B,59.59,26.20,408
00857B,55.51,30.04,15662
00858,12.82,69.84,18945
00859B,11.48,58.58,1964
00860B,0.00,89.88,365
00861,3.81,89.25,18845
00862B,98.27,1.39,1498
00863B,99.42,0.23,336
00864B,27.29,41.15,3822
00865B,23.04,45.25,10274
00867B,99.72,0.10,214
00870B,99.43,0.34,313
00875,12.75,70.29,7308
00876,24.51,68.80,22972
00877,11.11,63.20,13621
00878,8.92,74.98,1668893
00881,13.76,75.86,408695
00882,17.70,49.62,83188
00884B,98.78,0.78,212
00885,11.35,64.33,48165
00886,0.00,74.21,1186
00887,19.28,47.87,20491
00888,9.83,81.75,92702
00890B,65.70,24.83,699
00891,10.78,75.16,190926
00892,14.21,74.69,46251
00893,5.42,83.78,56830
00894,10.49,79.68,26478
00895,7.90,84.20,28967
00896,5.28,83.50,62583
00897,14.31,61.91,10073
00898,11.16,65.69,8543
00899,0.00,82.26,3647
00900,13.14,72.15,128411
00901,5.94,80.91,11690
00902,12.56,69.35,17999
00903,6.75,80.47,7066
00904,6.51,78.56,24248
00905,5.53,82.85,44583
00907,9.18,78.26,19976
00908,24.63,52.94,2722
00909,6.50,81.29,26256
00910,4.88,84.21,38491
00911,11.45,78.28,13307
00912,19.23,71.04,8342
00913,17.40,71.25,12041
00915,15.12,78.52,71178
00916,8.17,77.84,19446
00917,5.05,79.71,12760
00918,6.63,75.88,347123
00919,8.37,72.78,1452123
00920,7.57,74.73,6404
00921,2.16,88.03,10187
00922,28.96,60.48,187534
00923,12.90,78.78,124339
00924,19.72,70.07,55295
00926,52.50,40.66,9248
00927,9.70,76.82,142057
00928,9.20,72.09,7243
00929,7.42,76.38,461873
00930,4.22,88.81,21035
00931B,75.18,17.52,33648
00932,8.60,81.25,13139
00933B,73.10,15.47,78146
00934,8.49,82.26,49801
00935,18.62,70.69,125954
00936,8.85,82.75,22252
00937B,51.78,20.48,211106
00938,46.74,48.15,6411
00939,5.34,81.18,102430
00940,9.14,69.89,313343
00941,9.62,77.09,47208
00942B,88.93,6.87,9792
00943,25.50,64.50,4220
00944,5.03,83.86,7853
00945B,33.59,36.47,18706
00946,17.11,69.11,35889
00947,18.26,69.55,38962
00948B,78.86,10.20,26408
00949,14.87,70.00,17318
00950B,89.69,5.05,12135
00951,24.72,55.97,15921
00952,7.19,74.82,22931
00953B,39.70,21.70,51392
00954,15.02,65.38,11218
00955,27.25,55.03,35452
00956,11.76,68.05,3221
00957B,43.26,30.40,3940
00958B,15.10,53.25,4315
00959B,41.15,30.79,9177
00960,16.90,76.18,12650
00961,7.47,66.60,58821
00962,7.16,75.34,10463
00963,20.39,44.95,5151
00964,9.32,62.54,4550
00965,43.34,45.68,33442
00966B,31.00,47.86,3901
00967B,62.63,18.16,2658
00968B,63.66,19.11,8209
00969B,58.35,18.01,2084
00970B,53.52,25.62,5855
00971,11.78,72.24,6698
00972,33.13,56.97,1642
009800,24.45,54.69,19915
009801,9.83,66.65,8768
009802,15.78,68.55,42160
009803,8.97,73.90,30839
009804,6.35,75.30,18130
009805,14.30,67.57,55192
009806,37.39,36.34,1094
009807,32.46,39.15,1170
009808,7.56,73.48,4280
009809,33.12,50.59,2503
00980A,22.02,65.79,71583
00980B,39.56,37.38,1507
00980D,28.12,42.33,3407
00980T,48.84,37.07,3204
009810,23.62,52.95,1938
009811,10.25,69.25,22864
009812,27.67,51.31,5895
009813,18.17,63.29,23337
009814,15.92,65.93,13840
009815,15.99,64.03,29614
009816,13.73,63.12,918465
009817,14.97,55.88,10103
009818,5.60,79.24,4916
009819,8.19,75.92,51667
00981A,13.58,66.95,985260
00981B,34.46,21.69,16700
00981D,31.23,28.44,8553
00981T,22.73,40.24,8339
009820,27.88,45.24,37448
009821,6.58,79.57,55127
009822,5.64,74.25,5073
009823,13.89,71.72,33791
009824,9.17,73.62,46841
009825,4.56,67.00,4452
009826,16.43,56.70,62097
009827,9.00,68.18,16241
009828,9.16,74.30,60831
009829,35.66,40.75,13874
00982A,9.46,73.38,180091
00982B,53.33,23.13,768
00982D,28.74,45.45,2819
00982T,6.26,76.62,1926
00983A,16.02,69.39,8942
00983B,48.83,27.26,790
00983D,10.65,43.58,3968
00984A,12.61,74.85,62485
00984B,29.07,41.74,3473
00984D,27.68,26.37,14729
00985A,13.56,72.23,46066
00985B,54.15,18.85,8711
00985D,44.82,26.61,2442
00986A,11.20,72.12,4701
00986B,73.57,17.33,392
00986D,41.07,27.42,2369
00987A,9.98,77.96,17443
00987B,39.14,27.55,2129
00987D,72.80,20.18,1685
00988A,12.82,65.55,232378
00988B,17.25,47.98,5454
00989A,11.28,70.53,6714
00989B,25.02,38.97,2612
00990A,25.67,49.70,122027
00990B,31.12,42.86,3261
00991A,14.25,66.19,338843
00991B,97.44,1.08,404
00992A,11.48,69.55,179634
00993A,14.80,65.75,46807
00994A,10.41,70.40,28638
00995A,11.89,73.65,24283
00996A,15.51,68.98,22546
00997A,9.86,66.70,68023
00998A,26.90,57.07,23451
00999A,6.70,76.98,87779
01001T,90.05,3.51,1357
01002T,91.27,3.47,3250
01004T,90.32,3.03,1243
01007T,89.67,3.77,1819
01009T,85.56,5.04,956
01010T,98.11,0.50,853
1101,50.74,35.87,511642
1101B,91.24,4.33,7407
1102,79.61,13.99,101536
1103,76.64,14.09,74292
1104,67.79,19.60,56064
1107,99.70,0.29,3432
1108,74.79,15.42,12979
1109,72.96,14.05,12069
1110,91.42,3.24,5172
1113O,0.00,76.77,178
1113R,0.00,81.83,381
1201,59.24,28.10,87641
1203,86.76,5.75,55158
1204,31.80,46.69,3513
1207,75.31,18.66,46638
1210,60.94,29.23,100064
1212,35.63,40.46,30359
1213,77.04,14.34,6553
1215,52.79,38.51,97690
1216,86.19,7.91,142199
1217,54.12,30.39,137585
1218,63.30,25.45,82575
1219,59.11,27.94,52865
1220,60.48,22.50,47363
1221,25.87,51.57,18642
1224,82.38,7.55,3610
1225,86.76,7.10,43835
1227,64.33,27.88,53310
1228,12.20,44.74,1579
1229,63.08,26.99,103120
1231,63.62,30.92,36321
1232,72.04,22.15,16777
1233,68.44,12.85,10243
1234,74.29,11.04,24080
1235,95.42,2.27,2914
1236,78.77,11.72,11601
1238,8.57,70.50,2038
1240,49.16,18.62,3020
1256,47.11,28.74,6298
1259,71.16,15.17,16179
1260,70.59,11.43,1327
1264,24.84,36.86,9296
1268,72.16,16.67,3503
1269,72.54,10.39,728
1271,64.42,15.97,2879
1293,42.39,11.50,396
1294,44.00,24.85,4543
1295,44.91,30.97,3292
1301,72.59,20.17,293131
1303,83.84,10.30,280958
1304,57.82,31.79,99239
1305,48.61,39.22,72181
1306,19.41,62.47,6129
1307,77.30,14.78,18031
1308,49.95,38.37,75807
1309,43.94,45.55,78585
1310,24.82,57.02,105143
1312,56.14,31.59,139255
1312A,21.40,32.77,1269
1313,63.93,23.90,61271
1314,34.43,42.85,299289
1315,71.05,12.14,5801
1316,33.34,44.59,61081
1319,76.04,16.43,31855
1321,53.63,11.83,3961
1323,61.23,21.59,14490
1324,60.81,29.13,23390
1325,44.85,45.23,36104
1326,80.42,13.23,183034
1333,43.03,31.05,15926
1336,38.52,32.18,12361
1337,39.10,40.88,52353
1338,34.27,43.83,55985
1339,72.42,21.38,7271
1340,28.15,51.83,61652
1341,75.97,8.50,9701
1342,51.25,32.57,8697
1343,42.18,18.59,1206
1402,87.04,7.91,88055
1407,28.87,53.08,162025
1407A,52.88,39.88,4916
1408,12.54,63.46,70677
1409,57.87,31.80,155997
1410,68.39,13.52,6632
1413,69.55,15.34,8456
1414,82.85,8.48,26845
1416,50.65,31.03,45300
1417,48.25,30.92,55510
1418,58.96,15.91,30556
1419,85.53,5.33,16817
1423,74.48,10.73,18131
1432,53.30,41.17,257251
1434,68.61,21.26,63998
1435,93.05,4.11,33048
1436,72.04,18.86,14358
1437,67.32,12.46,8493
1438,76.79,11.64,5036
1439,77.15,10.29,4332
1440,73.51,15.68,93642
1441,58.35,30.18,14428
1442,79.25,7.28,8484
1443,82.69,6.60,15690
1444,59.93,28.39,60383
1445,59.26,18.44,11835
1446,62.65,24.01,8012
1447,65.97,23.25,42179
1449,32.57,49.47,45130
1450,21.04,58.64,15114
1451,56.67,25.69,16673
1452,38.80,36.60,47005
1453,73.70,20.75,14000
1454,77.26,11.88,13767
1455,63.09,26.38,34647
1456,80.69,8.12,4622
1457,68.29,17.44,16520
1458,51.07,29.45,21139
1459,78.33,9.55,12233
1460,65.23,18.99,23802
1462,34.47,38.66,61075
1463,75.17,12.57,33379
1464,54.35,27.60,63537
1465,62.34,20.22,10185
1466,62.10,21.26,21699
1467,59.72,23.35,17847
1468,96.81,1.40,1324
1469,87.63,1.03,336
1470,70.27,5.08,1192
1471,16.98,65.27,56213
1472,69.47,8.48,3591
1473,69.45,19.88,12546
1474,53.32,29.42,16291
1475,69.00,11.22,2289
1476,71.59,14.83,22364
1477,50.64,29.46,30897
1480,94.48,0.82,373
1491,46.30,20.43,1716
1492O,0.00,100.00,5
1492R,0.00,99.98,86
1498,0.00,12.45,13
1503,70.81,21.71,80008
1504,67.85,24.99,200866
1506,71.35,13.94,21292
1507,100.00,0.00,1
1512,47.97,32.75,19976
1513,41.08,48.65,155957
1514,33.36,51.96,101818
1515,40.33,42.95,24623
1516,58.33,26.78,43398
1517,44.10,43.18,46234
1519,68.60,19.80,85985
1521,66.44,27.08,23430
1522,52.55,36.40,30055
1522A,80.53,8.39,1381
1524,35.53,52.10,45381
1525,86.50,9.22,3180
1526,29.94,50.59,52358
1527,29.15,56.51,64314
1528,27.74,63.81,93784
1529,45.00,43.51,30102
1530,70.06,20.40,10722
1531,54.14,22.27,12798
1532,58.67,23.07,19329
1533,52.11,30.68,9964
1534,35.44,40.53,4100
1535,75.37,20.95,9834
1536,27.60,57.38,83616
1537,43.01,41.68,15850
1538,70.77,14.58,7609
1539,60.51,30.84,5268
1540,23.21,56.29,41185
1541,79.46,11.18,2430
1553,0.00,99.96,30
1557,0.00,69.39,113
1558,16.74,44.14,27471
1560,50.31,20.41,22354
1563,36.51,36.02,15023
1565,8.40,68.69,37597
1568,57.23,26.68,9650
1569,42.66,34.71,24215
1570,44.49,30.71,34879
1571,0.00,7.29,9
1573,0.00,13.92,17
1575,0.00,99.99,9
1577,0.00,99.99,19
1580,29.88,52.12,27747
1582,25.78,58.11,66499
1583,89.51,6.71,2501
1584,36.68,47.83,56092
1585,46.04,17.55,934
1586,61.20,19.90,11992
1587,37.91,41.99,11841
1589,21.00,57.94,43147
1590,53.39,10.65,6691
1591,8.04,60.76,32399
1592,18.10,55.84,6278
1593,35.43,35.72,3304
1594,75.40,10.21,647
1595,36.44,35.74,9353
1597,37.11,40.34,20208
1598,52.73,29.35,10593
1599,56.85,27.65,11800
1601,6.31,67.70,16637
1602,9.57,82.34,273804
1603,69.49,21.90,13472
1604,52.60,32.25,101746
1605,72.80,20.46,249953
1606,9.55,67.72,77429
1608,63.28,28.39,48993
1609,28.49,59.42,196149
1611,43.93,39.33,87093
1612,55.51,31.91,37453
1613,47.38,29.44,22765
1614,75.52,7.82,5188
1615,76.85,14.74,8688
1616,56.52,32.73,14652
1617,69.13,18.99,11771
1618,53.37,36.16,22113
1623,73.47,17.74,5840
1626,60.15,18.69,9861
1702,54.85,36.73,64005
1707,40.62,38.20,68792
1708,33.94,53.68,86040
1709,64.24,18.90,40074
1710,57.41,28.95,59346
1711,39.45,46.40,97750
1712,47.63,32.57,82461
1713,67.70,16.47,23542
1714,46.81,37.70,107696
1717,60.90,26.52,100004
1718,47.80,38.70,190308
1720,61.50,28.13,16070
1721,31.59,53.52,67764
1722,58.23,27.71,122652
1723,46.93,41.20,62621
1725,93.10,4.47,3605
1726,83.56,10.93,9493
1727,57.82,27.34,17559
1729,85.84,6.78,4208
1730,53.73,38.67,10055
1731,51.75,34.12,18419
1732,44.13,45.82,38016
1733,31.90,43.80,38239
1734,41.50,37.82,70396
1735,77.82,17.36,8359
1736,83.16,7.01,7782
1737,59.30,30.46,74632
1742,72.77,11.05,11289
1748,36.48,48.25,709
1748R,0.00,76.90,105
1752,58.31,29.32,8130
1760,33.89,45.23,38956
1762,36.10,43.40,53908
1763,100.00,0.00,1
1764,100.00,0.00,1
1765,100.00,0.00,1
1766,100.00,0.00,1
1773,68.31,18.81,17029
1775,100.00,0.00,1
1776,44.14,22.60,3229
1777,54.22,31.79,3341
1780,63.16,14.42,2596
1781,23.54,44.53,35685
1783,56.10,25.32,38045
1784,18.13,51.24,34518
1785,36.49,48.76,133137
1786,44.39,37.27,44820
1788,40.09,37.21,7742
1789,74.61,16.49,24633
1794,0.00,62.59,131
1795,52.28,37.43,41073
1796,45.18,26.58,7591
1799,64.07,24.95,18890
1802,74.53,20.91,200290
1805,70.40,12.88,9266
1806,70.92,20.67,24604
1807,38.24,38.06,7550
1808,78.85,14.74,27534
1809,43.48,46.82,53408
1810,56.33,32.26,24474
1813,33.67,38.74,9045
1814,53.70,10.41,451
1815,47.66,42.76,153913
1816,91.94,3.57,900
1817,58.35,22.82,4504
1818,63.87,8.26,135
1819,65.69,4.19,136
1903,74.91,10.88,20890
1904,64.11,24.83,323559
1905,69.05,24.92,71118
1906,70.13,19.47,12484
1907,82.20,10.09,81802
1907A,0.00,99.99,35
1909,63.79,23.43,84378
1918,17.85,66.30,30816
2002,49.26,37.55,1315246
2002A,8.37,62.68,5362
2006,75.03,13.69,58974
2007,75.66,19.18,27486
2008,91.25,4.98,7480
2009,56.14,38.14,47767
2010,65.01,23.07,34654
2012,74.58,10.53,44589
2013,77.32,17.55,43799
2014,47.56,42.30,173236
2015,82.10,6.07,11649
2017,56.96,29.99,40941
2020,44.19,40.00,59706
2022,37.14,47.97,62262
2023,77.79,16.88,101235
2024,80.78,13.21,50374
2025,59.38,27.09,30245
2027,73.74,16.58,105184
2028,81.29,12.90,21333
2029,67.77,21.77,14159
2030,48.40,38.22,55045
2031,53.63,32.80,65348
2032,49.58,33.76,12130
2033,66.76,14.36,4422
2034,44.30,38.89,37838
2035,96.11,2.59,20739
2038,49.46,38.51,26130
2049,60.33,21.47,65397
2052R,0.00,81.82,5551
2056,85.71,2.63,254
2058,18.54,53.40,37095
2059,54.18,18.75,51407
2060,87.22,5.25,135
2061,30.52,37.75,11658
2062,55.43,29.37,11499
2063,37.55,30.32,3380
2064,72.44,8.95,1627
2065,44.41,40.83,49503
2066,53.56,25.32,3089
2067,49.07,30.98,2231
2068,100.00,0.00,1
2069,53.44,26.43,9108
2070,47.35,31.45,5250
2071,73.64,9.35,904
2072,71.39,17.87,10284
2073,51.61,10.35,642
2101,58.47,24.48,37161
2102,78.03,12.74,79235
2103,54.78,30.14,81957
2104,37.59,39.30,107608
2105,77.36,15.18,81598
2106,74.70,14.78,33200
2107,58.83,27.91,47929
2108,65.39,23.58,53100
2109,66.68,16.59,35142
2113,0.00,99.97,14
2114,59.19,23.72,5305
2115,58.78,18.39,3611
2201,60.06,28.47,94597
2204,70.97,21.73,42465
2206,81.70,10.93,67819
2207,83.23,4.69,13303
2208,49.73,35.92,123462
2211,77.19,15.23,24853
2221,66.93,24.06,4387
2226,100.00,0.00,1
2227,93.27,5.75,7473
2228,53.88,34.60,9705
2229,0.00,28.14,59
2230,33.58,37.40,11596
2231,60.99,27.64,13682
2233,34.51,45.21,38525
2235,76.08,15.34,1363
2236,66.58,17.02,3261
2237,70.63,13.84,3302
2239,78.12,12.58,2712
2241,32.38,37.96,28916
2243,53.78,19.28,2838
2245,66.91,11.45,501
2246,65.07,22.51,2884
2247,72.70,18.28,7933
2248,67.58,13.04,936
2249,54.24,21.32,1301
2250,48.97,41.47,9450
2252,76.03,10.79,1735
2254,89.33,3.53,2678
2255,71.28,13.47,1940
2256,41.47,27.14,2315
2258,92.82,4.12,8969
2301,75.22,14.56,188116
2302,57.35,32.42,24507
2303,72.08,21.44,971468
2305,62.22,26.36,23002
2308,73.59,13.29,635776
2312,44.18,44.41,200632
2313,54.07,36.46,295320
2314,5.51,77.40,53079
2316,56.42,30.27,61158
2317,66.76,25.83,1140654
2318,22.81,58.69,28529
2321,100.00,0.00,1
2321O,71.37,25.05,14519
2323,39.21,41.33,128069
2324,59.68,30.68,320428
2326,6.51,72.78,48274
2327,62.66,27.51,624900
2328,37.26,51.30,118167
2329,46.67,43.56,128760
2330,84.70,9.93,3050518
2331,54.27,34.35,56554
2332,29.05,52.52,104030
2333,20.37,59.33,87645
2335,25.39,48.36,6028
2337,35.87,52.11,494950
2338,39.90,48.67,87648
2340,33.18,52.47,109766
2341,86.94,11.14,23853
2342,32.65,56.70,142082
2344,64.01,27.89,585563
2345,56.34,15.33,100854
2347,84.90,8.19,40809
2348,65.24,24.85,25141
2348A,55.71,23.15,2634
2349,21.72,58.28,143287
2351,68.67,16.01,19961
2352,43.47,42.42,192953
2353,33.85,52.36,389687
2354,46.98,44.42,185134
2355,33.55,50.20,76103
2356,70.74,22.50,246716
2357,65.92,16.95,112376
2358,24.24,61.59,39731
2359,39.20,47.71,63619
2360,53.01,13.56,32870
2361,47.24,37.87,19314
2362,77.15,14.92,31275
2363,30.96,56.97,129468
2364,51.35,36.89,56110
2364A,0.00,99.99,4
2365,19.65,70.11,98404
2367,25.15,65.22,189659
2368,68.12,15.31,112573
2369,26.31,62.65,127578
2371,43.82,42.49,268143
2373,86.21,10.83,14140
2374,21.55,66.39,104927
2375,15.31,69.11,77744
2376,65.14,21.22,94521
2377,62.10,26.41,97855
2378,26.97,50.17,17778
2379,59.29,13.83,86475
2380,32.78,53.67,23544
2381,0.00,99.98,2565
2382,81.70,11.81,275649
2383,55.54,17.86,121470
2384,20.93,56.05,157967
2385,68.14,19.69,51453
2387,52.60,33.90,16940
2388,67.96,24.03,54188
2390,33.81,52.30,62193
2392,46.12,42.76,65497
2393,59.61,25.44,51304
2395,77.11,7.37,35476
2396,37.15,38.13,56590
2397,65.42,25.59,9193
2398,32.80,51.13,38407
2399,23.78,58.32,54114
2401,35.75,48.41,131202
2402,32.92,54.25,82555
2404,39.17,32.43,69620
2405,19.47,63.66,96974
2406,17.28,66.25,115947
2407,27.90,43.89,48652
2408,80.00,13.88,370062
2409,45.71,39.90,629821
2410,23.71,40.98,12540
2412,77.93,17.50,298660
2413,50.42,38.67,27323
2414,49.74,30.15,15690
2415,58.53,30.64,8822
2417,39.00,51.13,61594
2418,42.17,40.44,64447
2419,62.61,30.67,37882
2420,39.27,43.39,39115
2421,52.55,25.03,54244
2423,69.54,15.27,6176
2424,79.18,16.74,4336
2425,38.88,44.84,44087
2426,41.01,46.33,112316
2427,50.19,39.30,21943
2428,51.75,29.39,19165
2429,42.61,46.76,27490
2430,57.00,28.99,37946
2431,36.00,48.34,51582
2432,72.93,12.56,1258
2433,77.79,17.87,7853
2434,74.38,19.10,5997
2435,28.75,57.01,8964
2436,18.14,64.67,75675
2438,49.52,30.19,26480
2439,22.12,60.51,71651
2440,67.57,22.85,8647
2441,63.61,25.85,59612
2442,48.73,34.66,49910
2443,45.97,33.36,30669
2444,22.01,53.52,36064
2445,12.45,71.20,6213
2449,54.88,32.83,270590
2450,75.97,20.27,17522
2451,64.76,21.87,45425
2453,41.48,45.69,25579
2454,63.49,15.19,572616
2455,40.71,28.43,62185
2457,24.51,61.32,112322
2458,48.77,34.57,63572
2459,41.95,33.05,15067
2460,53.72,31.87,44599
2461,37.09,37.63,49994
2462,50.31,34.15,26091
2464,40.78,43.27,88839
2465,32.38,49.11,48751
2466,80.91,9.17,5509
2467,58.90,22.82,47621
2468,50.02,42.72,11320
2471,6.74,65.25,36849
2472,48.51,36.85,37762
2474,67.80,22.69,52057
2475,64.60,19.42,226580
2476,59.95,24.54,19248
2477,66.99,21.18,11699
2478,46.82,34.05,59068
2479,25.70,58.13,13053
2480,18.11,53.83,41995
2481,51.46,37.93,104016
2482,35.02,53.12,38589
2483,56.11,28.35,9406
2484,16.57,70.77,89185
2485,20.45,70.84,136781
2486,29.19,51.78,90488
2488,44.68,33.98,40634
2489,27.85,61.58,132519
2490,15.55,60.97,15415
2491,67.16,19.42,13357
2492,59.31,32.84,123432
2493,42.59,40.31,45778
2494,73.06,16.00,10286
2495,45.94,41.43,38208
2496,35.02,38.08,4233
2497,57.65,27.22,11948
2498,33.45,51.04,163905
2499,37.98,41.54,47823
2501,72.46,16.73,44244
2504,69.97,18.01,89939
2505,75.62,14.52,23760
2506,72.37,16.51,65349
2509,63.89,21.49,16383
2511,75.47,12.20,45958
2512,25.06,46.13,43909
2514,85.09,7.82,17693
2515,53.56,28.15,142011
2516,65.60,18.14,49027
2520,71.01,19.05,76589
2521,25.85,48.63,25293
2523,36.04,38.24,14033
2524,91.59,5.03,7572
2525,20.38,48.11,52522
2527,76.26,12.47,7585
2528,79.06,9.67,8319
2530,82.08,8.17,30920
2533,26.11,47.24,14042
2534,66.24,18.99,63125
2535,54.87,30.12,63408
2536,69.90,12.68,8341
2537,53.35,28.61,43284
2538,65.86,16.17,28679
2539,84.29,8.85,20473
2540,89.21,6.22,17376
2542,62.69,26.96,104507
2543,67.48,22.48,32142
2545,73.91,18.19,16418
2546,59.26,28.54,53817
2547,63.93,19.89,74458
2548,38.95,38.83,40751
2553,11.16,69.43,19287
2566,0.00,88.20,325
2569,74.73,8.16,61
2572,57.57,6.11,14
2591,0.00,85.92,80
2592,82.10,3.09,57
2596,61.73,16.68,3238
2597,78.08,12.81,12922
2599,51.78,13.72,1377
2601,26.55,55.60,107854
2603,70.35,19.89,270028
2605,49.18,36.50,105784
2606,75.36,16.79,45568
2607,71.58,15.76,38922
2608,71.30,18.94,51913
2609,60.59,33.01,353197
2610,70.15,21.86,243591
2611,44.10,44.13,50604
2612,71.73,19.37,36588
2613,49.59,35.80,40086
2614,41.22,44.33,100812
2615,86.89,7.91,91546
2616,41.00,47.14,213603
2617,59.70,27.62,27678
2618,79.40,13.54,195586
2622,0.00,99.97,11
2626,0.00,91.46,296
2630,61.70,32.29,23421
2633,85.24,10.39,104280
2634,46.38,44.18,116677
2636,37.76,46.88,55318
2637,78.50,10.18,23392
2639,99.01,0.82,1106
2640,58.20,14.06,3451
2641,22.66,58.50,80127
2642,60.38,37.82,19566
2643,58.78,31.43,4282
2644,74.84,12.97,2502
2645,78.21,15.06,31067
2646,63.60,30.27,241580
2701,84.55,9.40,14734
2702,72.55,21.05,12349
2704,83.74,6.63,30485
2705,60.56,26.25,83218
2706,81.57,9.45,16068
2707,54.75,33.26,18059
2712,86.86,6.02,2017
2714,0.00,99.97,3935
2717,0.00,1.88,8
2718,88.24,8.34,2632
2719,89.18,8.81,3285
2720,48.90,21.47,2751
2722,82.09,9.83,4911
2723,61.82,21.11,8954
2724,81.32,8.40,1024
2726,49.92,25.99,2437
2727,17.19,42.81,148854
2729,59.29,27.67,6239
2730,86.67,6.89,2322
2731,33.76,47.67,30592
2732,54.13,35.40,6057
2733,75.36,16.22,683
2734,31.34,52.36,28698
2735,0.00,99.99,21
2736,46.33,31.21,6296
2738,94.86,0.37,57
2739,69.15,20.33,5363
2740,72.53,10.20,2928
2741,48.86,24.39,1725
2743,50.27,42.23,6742
2745,51.28,42.16,5255
2748,59.44,31.39,9570
2749,33.27,9.29,248
2750,88.06,0.86,180
2751,60.32,25.18,1562
2752,40.59,20.56,2577
2753,43.81,33.95,11892
2754,66.51,20.75,4355
2755,58.35,22.32,3855
2756,53.58,16.51,1611
2758,46.27,17.10,7436
2759,100.00,0.00,1
2760,84.47,4.15,169
2761,46.07,23.41,668
2762,80.89,9.90,6153
2801,74.11,14.57,279530
2807,0.00,95.22,7182
2811,26.43,48.32,52223
2812,54.24,27.98,248102
2816,75.68,11.24,10454
2820,62.33,25.06,73454
2825,0.00,90.83,9438
2827,29.70,45.85,30310
2831,57.23,26.37,42056
2832,63.34,20.90,19611
2834,55.38,26.57,393426
2836,82.72,9.86,35388
2836A,33.25,31.19,2790
2838,88.80,6.74,50682
2838A,62.31,20.37,5989
2841,50.11,28.09,60338
2845,71.36,15.58,99300
2849,97.98,1.01,9876
2850,57.79,22.93,17918
2851,66.72,20.47,27596
2852,54.07,21.78,21704
2855,72.23,15.38,57998
2880,79.74,12.79,471361
2881,84.58,10.22,377527
2881A,88.07,7.23,18309
2881B,91.98,4.02,18123
2881C,81.47,10.75,53166
2882,83.53,10.87,399393
2882A,93.22,3.56,18520
2882B,94.25,2.79,19064
2883,65.55,22.79,720136
2883B,56.75,20.90,68505
2884,70.43,18.78,622271
2885,80.26,13.26,452210
2886,81.93,13.61,456185
2887,71.70,16.94,711640
2887E,83.73,9.86,12863
2887F,85.89,7.32,13057
2887G,34.74,33.11,16808
2887H,63.35,18.43,20492
2887I,66.95,18.09,266773
2887Z1,87.55,6.37,18001
2889,69.61,22.46,220975
2890,78.13,13.80,451611
2891,79.14,13.71,577419
2891B,93.54,3.72,24722
2891C,90.86,4.76,24144
2892,68.44,19.64,435704
2897,82.54,8.54,27336
2897B,77.81,9.86,4850
2901,71.60,13.34,13615
2902,36.81,38.69,11477
2903,76.78,14.91,58549
2904,50.17,38.12,16824
2905,81.23,10.41,26993
2906,59.24,26.09,17599
2908,90.12,5.37,10793
2910,92.95,1.13,1368
2911,40.99,44.95,39678
2912,79.62,12.08,73948
2913,50.15,31.74,113176
2915,64.03,21.32,58223
2916,51.07,30.00,4635
2920,35.79,55.53,974
2923,99.36,0.32,5129
2924,84.08,4.63,462
2926,65.19,14.90,2131
2929,24.94,51.45,50388
2936,98.55,0.22,154
2937,71.58,5.70,943
2938,67.54,27.00,1582
2939,53.88,13.69,7046
2940,16.94,6.31,237
2941,20.62,15.73,3070
2942,88.06,6.35,1646
2945,83.48,13.62,3098
2947,54.68,17.27,11681
2948,69.09,14.01,1077
2949,62.46,7.93,2807
3001,10.82,62.60,6675
3002,59.19,27.45,9026
3003,52.54,32.77,15903
3004,45.84,29.64,18349
3005,68.51,19.72,48860
3006,47.03,33.63,67333
3008,38.75,26.67,121564
3010,51.67,26.90,50049
3011,27.18,49.74,48844
3013,39.71,49.55,48366
3014,20.83,54.45,54195
3015,54.47,28.71,17045
3016,66.35,25.96,41886
3017,55.03,17.97,101175
3018,62.19,30.75,36623
3019,33.05,53.12,96150
3020,99.45,0.52,1634
3021,65.36,24.35,8562
3022,59.69,27.25,17384
3023,56.27,16.48,51462
3024,38.47,34.60,57070
3025,12.38,64.49,41515
3026,38.95,32.27,70323
3027,33.48,47.52,47689
3028,38.47,49.20,55026
3029,35.27,48.01,65096
3030,50.96,32.53,35961
3031,58.01,34.61,17019
3032,44.30,36.51,33159
3033,32.90,49.09,96952
3034,60.45,17.36,90503
3035,23.03,63.04,114069
3036,78.47,12.13,86906
3037,70.19,15.17,308575
3038,33.31,47.62,49819
3039,17.71,42.70,5428
3040,64.84,24.61,23137
3041,22.09,65.21,69906
3042,47.29,37.13,93364
3043,14.40,60.96,54724
3044,69.01,11.67,36030
3045,90.36,5.10,59409
3046,46.74,38.00,19939
3047,15.07,70.16,67588
3048,41.80,45.63,80893
3049,43.36,44.67,118569
3050,42.21,39.56,42099
3051,25.55,51.48,66737
3052,48.01,28.85,48952
3053,27.94,27.11,1490
3054,85.16,8.31,3394
3055,56.05,27.90,28106
3056,27.36,52.46,71625
3057,32.89,52.49,37319
3058,15.15,63.49,49847
3059,19.19,66.24,95746
3060,12.43,64.02,70106
3062,15.87,65.75,72197
3064,60.15,26.67,2938
3065,78.86,10.74,1471
3066,68.99,17.82,4947
3067,63.62,16.12,756
3069,35.56,55.63,1424
3070,18.25,20.62,172
3071,56.15,34.62,11187
3072,0.00,49.25,58
3073,37.94,27.43,4159
3075,70.68,21.68,431
3076,53.02,15.68,31
3077,0.00,64.41,90
3078,28.88,54.30,59195
3079,19.24,52.32,4366
3081,29.87,33.78,75673
3082,0.00,58.50,66
3083,53.10,38.28,8803
3084,0.00,71.72,225
3085,87.92,6.05,2913
3086,83.02,10.93,7986
3087,97.95,1.99,443
3088,38.23,39.74,16840
3090,54.48,34.25,72113
3091,0.00,99.97,95
3092,30.30,48.63,32043
3093,71.63,19.32,7823
3094,14.98,63.46,41688
3095,41.42,34.41,25359
3096,38.62,32.14,666
3097,81.35,5.86,635
3098,0.00,84.91,76
3099,23.21,40.50,13803
3105,48.25,38.12,132331
3114,41.34,35.21,7872
3115,85.38,8.45,17844
3116,83.52,12.33,18
3117,42.70,28.57,1512
3118,18.48,42.81,41910
3122,15.84,60.88,46114
3126,31.84,31.41,2745
3128,23.78,54.29,49108
3130,49.30,36.25,7384
3131,31.80,29.90,30696
3133,46.91,18.88,492
3135,42.41,43.80,20246
3137,0.00,67.50,80
3138,18.98,62.41,31731
3141,16.79,57.72,31748
3142,38.74,27.75,5169
3146,0.00,7.45,16
3147,47.60,32.06,7410
3149,19.37,62.92,67405
3150,46.28,30.34,5741
3151,26.17,50.20,656
3152,28.23,40.29,8806
3158,23.41,34.19,1753
3159,20.39,48.05,483
3161,82.62,3.74,179
3162,55.83,30.94,14853
3163,17.59,61.01,99424
3164,40.03,32.82,22729
3166,94.66,2.09,98
3167,41.67,28.21,27458
3168,66.90,15.31,2527
3169,30.16,48.81,27631
3171,71.98,17.31,2271
3176,30.45,48.21,45617
3177,60.86,16.75,205
3178,61.31,25.55,4318
3179,16.07,21.26,110
3184,47.66,32.92,3631
3185,0.00,28.03,32
3186,77.49,20.57,2283
3188,68.44,15.80,7343
3189,65.38,22.03,145670
3190,71.03,5.99,59
3191,47.59,33.32,18247
3192,0.00,53.95,7
3193,0.00,99.98,13
3194,54.00,12.16,157
3196,0.00,100.00,2
3202,19.46,62.55,37700
3205,61.71,23.10,31237
3206,42.69,33.62,23275
3207,22.48,41.22,21300
3208,46.49,32.02,107
3209,34.05,47.24,56749
3211,39.18,45.14,83299
3212,0.00,69.12,13
3213,16.70,55.89,46874
3216,0.00,99.99,5
3217,31.08,48.21,15896
3218,49.12,35.89,18128
3219,76.33,13.76,3630
3221,9.12,63.16,48827
3222,0.00,99.99,11
3223,0.00,18.69,31
3224,63.53,20.35,16498
3226,71.01,5.38,1245
3227,25.47,48.60,56995
3228,19.58,64.95,34371
3229,67.46,23.93,10760
3230,46.50,38.01,19551
3231,66.76,24.21,338794
3232,43.96,29.36,14687
3233,0.00,99.97,38
3234,27.45,53.10,42807
3236,26.46,60.86,64518
3237,0.00,87.73,104
3239,0.00,5.52,9
3240,99.94,0.04,3
3252,66.99,13.26,2635
3257,37.10,47.40,28721
3258,7.58,79.53,91908
3259,62.66,19.17,3835
3260,30.28,55.23,139728
3264,66.80,19.56,70755
3265,59.57,26.71,16932
3266,89.14,5.49,3680
3267,26.87,41.62,533
3268,28.67,49.07,42768
3272,45.52,43.16,9131
3274,0.00,11.17,34
3276,53.88,29.76,47207
3278,0.00,99.98,18
3279,0.00,54.47,113
3280,100.00,0.00,1
3283,15.12,26.67,147
3284,66.73,21.83,21813
3285,51.72,18.99,9814
3286,0.00,99.98,45
3287,48.76,30.86,3794
3288,36.75,33.60,11409
3289,13.07,62.93,58996
3290,42.37,31.19,26077
3293,45.68,35.85,109491
3294,46.87,40.65,16399
3295,0.00,99.97,18
3296,70.59,15.35,7072
3297,36.60,40.40,9839
3301,70.30,10.80,996
3302,0.00,1.84,3
3303,36.23,40.08,14219
3304,9.88,37.98,424
3305,35.71,49.84,61101
3306,43.14,45.02,29807
3308,59.03,31.51,10367
3309,53.91,8.58,24
3310,70.43,8.98,1718
3311,50.59,33.91,39411
3312,42.47,49.64,68818
3313,74.35,18.60,34170
3317,25.46,61.00,61729
3318,41.84,19.21,925
3320,0.00,6.08,5
3321,37.66,39.00,28362
3322,29.38,49.67,65018
3323,15.57,71.66,69251
3324,37.22,29.92,59645
3325,14.78,53.68,61173
3328,0.00,25.13,42
3330,0.00,100.00,4
3332,77.98,7.61,1710
3333,0.00,99.99,4
3334,89.35,4.46,127
3338,22.59,58.35,62155
3339,15.42,58.02,30847
3342,33.08,25.50,762
3343,39.29,28.54,869
3344,0.00,15.94,40
3345,93.93,1.49,101
3346,20.50,61.35,39354
3348,0.00,43.14,46
3349,26.90,24.23,1678
3350,0.00,57.38,924
3353,0.00,100.00,1
3354,70.56,25.32,6839
3355,0.00,99.99,8
3356,100.00,0.00,1
3356O,29.28,52.34,30023
3357,41.62,29.57,21199
3360,16.99,61.88,46886
3361,68.18,8.94,389
3362,49.06,34.95,32226
3363,29.21,45.34,70500
3364,0.00,58.92,216
3366,0.00,100.00,2
3369,54.42,33.89,4636
3370,0.00,70.10,47
3371,78.30,11.23,26
3372,50.98,38.62,57233
3373,24.95,63.39,35527
3374,64.67,26.36,48429
3376,27.08,48.35,57821
3377,35.71,14.17,241
3379,24.78,61.60,29830
3380,63.37,28.05,42618
3381,0.00,99.99,7
3383,38.50,40.31,11620
3386,100.00,0.00,1
3388,29.65,48.85,15213
3390,17.95,51.39,56248
3391,52.44,16.91,928
3394,0.00,76.36,162
3397,0.00,92.81,1814
3401,0.00,42.01,9
3402,24.52,60.35,38621
3404,0.00,81.65,50
3406,40.43,21.78,32064
3408,0.00,99.99,10
3412,84.95,11.17,261
3413,41.65,43.43,28154
3414,0.00,99.96,252
3416,51.66,31.84,9455
3419,24.96,53.78,30584
3430,33.47,54.10,33322
3431,46.69,37.18,12537
3432,58.48,26.65,3475
3434,33.02,40.14,9317
3437,20.73,65.43,46582
3438,43.53,48.73,28325
3441,11.49,62.09,35208
3443,51.95,20.54,46559
3444,38.58,41.03,5008
3447,51.20,31.37,5774
3450,31.69,45.74,77361
3455,11.28,51.66,44526
3462,100.00,0.00,1
3463,100.00,0.00,1
3465,58.20,19.10,4575
3466,33.77,39.48,28964
3467,55.59,24.59,2501
3469,42.15,11.91,191
3471,25.60,35.66,503
3472,43.84,25.37,1709
3473,68.03,9.40,271
3475,0.00,99.96,1777
3479,30.26,50.37,37648
3481,32.44,53.17,1002711
3482,16.87,48.56,527
3483,12.04,68.26,52475
3484,24.24,50.21,47117
3485,33.54,31.68,7327
3489,79.83,13.28,2720
3490,16.27,62.01,34400
3491,21.91,43.44,66366
3492,41.95,36.01,2834
3494,56.77,27.85,18003
3496,70.66,10.66,205
3497,23.86,38.67,112
3498,48.02,35.31,54545
3499,41.84,48.17,41471
3501,42.49,40.38,12230
3502,12.40,39.01,283
3504,61.82,28.15,13036
3505,87.89,12.07,160
3506,0.00,59.32,606
3507,75.26,9.31,278
3508,37.44,44.20,67491
3511,51.13,40.66,9416
3512,64.40,20.12,4821
3513,51.88,0.20,25
3515,61.80,21.74,13650
3516,67.72,13.22,3166
3517,0.00,63.86,663
3518,26.15,41.73,29977
3519,46.45,40.56,65061
3520,28.63,44.35,48060
3521,78.97,11.20,39667
3522,50.30,28.92,28112
3523,78.36,11.25,7779
3524,39.39,17.13,301
3526,29.50,34.31,20936
3527,20.06,55.28,25048
3528,62.56,24.87,5596
3529,32.77,24.78,28115
3530,53.68,36.78,15949
3531,60.81,11.80,1821
3532,88.16,7.21,24310
3533,43.79,23.37,37159
3535,24.19,61.53,43254
3536,65.12,25.22,6379
3537,23.54,62.25,45045
3540,21.90,67.49,59703
3541,24.83,44.20,17901
3542,0.00,27.19,34
3543,33.28,30.83,24820
3544,0.00,99.95,578
3545,19.05,65.37,81821
3546,23.07,52.97,34520
3548,24.26,56.38,40616
3549,0.00,69.39,239
3550,31.08,47.10,51613
3551,34.23,41.31,13215
3552,32.42,53.57,55119
3554,87.29,8.24,135
3555,77.74,12.84,4312
3556,13.67,73.64,64387
3557,53.32,30.92,20114
3558,47.07,44.06,12108
3560,59.92,13.67,194
3563,39.46,39.51,37154
3564,59.07,32.93,6518
3566,60.69,10.88,10580
3567,7.93,63.95,33626
3568,46.70,17.46,187
3570,45.25,39.21,2921
3571,0.00,89.39,416
3572,29.87,23.31,330
3574,0.00,22.34,15
3576,34.28,51.03,213496
3577,50.22,22.12,4710
3579,65.76,22.76,6150
3580,7.21,65.45,41529
3581,48.53,32.25,7255
3583,49.15,30.94,31672
3584,18.42,60.10,21933
3585,34.96,51.50,14743
3586,0.00,36.46,88
3587,21.81,56.60,29849
3588,20.20,61.20,49332
3591,100.00,0.00,1
3591O,47.20,36.66,43817
3592,24.87,51.08,36912
3593,50.01,23.30,24765
3594,42.15,33.90,20350
3595,28.89,51.76,24227
3596,59.94,22.21,25021
3597,56.92,20.64,2187
3601,40.76,24.16,688
3603,64.91,14.49,683
3604,0.00,99.98,14
3605,59.98,26.53,42578
3606,43.23,5.47,98
3607,21.50,48.25,47083
3609,34.43,28.54,7500
3610,76.71,17.60,1499
3611,46.89,28.51,4799
3613,50.87,18.04,1140
3615,24.61,61.13,43002
3616,25.84,34.04,3453
3617,52.68,19.26,7199
3619,15.73,29.96,164
3622,55.31,32.77,25111
3623,48.24,39.39,8283
3624,45.92,40.28,43363
3625,37.64,41.55,43109
3627,50.03,33.86,14080
3628,56.02,30.89,7430
3629,84.01,8.47,1740
3630,51.09,38.19,27953
3631,74.44,10.87,1697
3632,15.58,76.78,33410
3633,46.15,26.41,1863
3634,72.48,7.42,218
3635,0.00,67.95,397
3636,87.18,6.19,502
3637,71.30,13.86,824
3642,49.50,25.84,18060
3643,97.95,2.01,403
3644,69.45,11.89,2210
3645,27.86,51.74,65429
3646,19.97,26.18,36468
3647,0.00,76.65,2940
3649,0.00,32.59,275
3651,89.61,1.67,69
3652,67.94,19.30,3513
3653,64.05,14.88,36121
3656,75.19,17.23,3282
3657,86.89,2.69,47
3659,78.79,8.42,640
3661,10.70,46.52,107626
3662,48.89,36.72,22515
3663,61.98,30.59,24047
3664,66.69,22.43,5809
3665,44.37,20.99,56633
3666,80.24,12.75,28579
3669,54.68,33.90,8156
3671,72.48,3.12,53
3672,40.16,22.61,20994
3673,36.19,48.93,83430
3674,65.86,20.49,405
3675,55.16,33.13,14109
3678,35.94,23.28,1024
3679,54.01,23.53,5093
3680,43.98,31.99,29846
3681,94.39,2.98,341
3683,100.00,0.00,1
3684,52.87,27.11,6129
3685,44.65,22.62,13377
3686,16.77,63.53,62483
3687,32.52,54.79,36371
3688O,65.63,21.80,3483
3689,14.21,61.39,34272
3690,83.95,5.57,1356
3691,53.99,32.80,13190
3693,41.57,35.43,23151
3694,53.61,33.34,14313
3701,71.06,23.85,48969
3702,77.86,12.11,97012
3703,68.19,20.72,34609
3704,58.68,28.00,43087
3705,62.34,22.27,26188
3706,52.71,39.50,195009
3707,42.37,50.11,90838
3708,38.01,41.21,46387
3709,66.31,20.58,8583
3710,100.00,0.00,1
3710O,22.16,48.56,42940
3711,81.04,9.49,361302
3712,54.68,35.27,36078
3713,44.06,27.06,4180
3714,38.46,46.15,155227
3715,20.25,63.23,97965
3716,44.79,39.94,53629
3717,27.95,48.97,49504
3718,35.66,52.03,103345
4102,33.74,34.36,37611
4104,40.06,46.64,44294
4105,38.96,37.31,52181
4106,46.17,38.32,16132
4107,51.88,26.75,13538
4108,23.57,54.99,54696
4109,36.18,42.13,43654
4111,33.15,38.20,46421
4113,63.78,15.61,20098
4114,37.42,41.51,74451
4115,69.74,13.55,995
4116,54.95,34.44,4368
4117,37.83,35.32,6141
4118,90.11,4.79,202
4119,45.06,40.20,26705
4120,63.89,18.79,7445
4121,44.46,43.10,51564
4123,52.66,30.68,47918
4125,0.00,86.40,218
4126,54.99,28.78,22504
4127,65.41,17.61,26515
4128,39.34,44.50,101211
4129,48.65,27.81,34078
4131,72.24,12.89,3499
4132,38.33,38.83,42834
4133,18.53,67.61,54150
4135,44.13,18.20,511
4136,97.87,0.66,95
4137,44.41,38.04,7487
4138,51.42,44.22,21120
4139,47.88,12.11,1143
4140,0.00,80.26,473
4142,33.42,46.54,84013
4147,43.11,34.21,47459
4148,77.76,14.90,2283
4150,34.31,31.98,28445
4151,71.12,11.83,642
4153,72.11,17.66,5173
4154,67.10,10.71,881
4155,32.53,41.25,33068
4156,67.52,17.70,894
4157,52.55,26.90,31716
4160,25.36,54.24,34607
4161,26.96,32.79,5133
4162,38.96,43.57,47039
4163,58.66,16.48,24896
4164,39.89,38.01,19006
4166,79.18,10.36,3764
4167,34.34,40.49,56403
4168,20.05,55.79,50042
4169,47.47,28.27,4403
4170,45.21,26.31,6422
4171,27.66,56.38,38250
4172,30.08,39.83,24451
4173,40.00,46.35,30505
4174,34.47,49.38,42952
4175,54.98,34.47,11394
4177,48.19,26.52,2160
4178,72.41,12.50,4219
4181,0.00,89.40,1737
4183,43.25,21.46,1183
4184,92.03,5.96,644
4186,26.01,33.98,4676
4188,47.92,32.36,5030
4190,62.94,26.97,16546
4191,48.78,20.34,2532
4192,66.60,25.75,4618
4193,33.69,26.16,5426
4194,73.12,16.22,3283
4195,28.67,45.30,28524
4197,40.26,19.31,2357
4198,78.06,12.81,2599
4205,58.94,23.45,11014
4207,64.03,15.37,8497
4303,12.45,71.51,36537
4304,74.64,12.88,3670
4305,74.81,9.07,1691
4306,52.20,30.75,89845
4401,47.00,27.20,12628
4402,60.92,23.12,41585
4404,26.98,47.67,7868
4406,61.99,8.87,1526
4408,30.40,46.59,4011
4413,52.61,17.11,1652
4414,57.36,25.42,22685
4415,76.68,12.41,4358
4416,53.60,22.99,2750
4417,38.36,39.51,8271
4419,95.07,2.02,5191
4420,54.11,34.85,8102
4424,62.32,23.86,2550
4426,54.21,29.05,9531
4427,78.71,5.46,966
4430,53.29,27.44,8643
4431,64.16,25.45,2060
4432,45.45,32.50,4914
4433,52.24,34.61,10235
4438,50.12,20.83,4665
4439,69.43,15.08,1323
4440,28.87,32.02,3858
4441,56.91,14.34,2471
4442,49.60,12.06,961
4502,55.45,15.86,3845
4503,59.80,28.99,7613
4506,74.07,14.17,11123
4510,29.65,57.41,61203
4513,53.25,33.38,44199
4522,100.00,0.00,1
4523,52.02,30.65,35964
4526,40.53,46.20,62282
4527,61.92,21.90,4374
4528,58.69,32.48,13427
4529,53.99,30.73,8806
4530,64.46,19.62,7318
4532,65.12,21.76,19980
4533,33.09,55.64,68169
4534,29.58,47.57,18663
4535,69.70,12.65,7113
4536,38.54,25.80,7061
4537,77.00,12.27,2355
4538,71.86,10.51,1648
4540,25.53,63.30,42298
4541,27.11,50.67,43450
4542,20.72,36.05,6865
4543,42.00,45.07,22237
4544,49.87,12.33,1564
4545,69.05,20.55,22242
4546,60.44,16.43,968
4547,72.34,9.16,302
4548,100.00,0.00,1
4549,58.74,30.30,7235
4550,49.24,30.56,3165
4551,70.84,13.03,6835
4552,44.28,33.68,28647
4553,77.22,7.94,457
4554,50.62,35.86,2359
4555,65.67,20.81,4084
4556,70.80,20.17,3478
4557,27.21,34.93,27719
4558,52.10,16.01,1604
4559,79.90,7.31,665
4560,84.16,8.76,2518
4561,52.18,38.07,8837
4562,49.92,42.59,11828
4563,49.60,37.50,17733
4564,33.14,46.67,48729
4565,66.01,9.37,1439
4566,49.09,39.76,25831
4568,61.98,20.47,1602
4569,52.36,15.35,2003
4570,87.82,3.28,205
4571,55.70,27.13,6687
4572,61.89,23.01,3453
4573,28.70,42.15,10341
4575,53.88,13.14,743
4576,60.39,25.53,24226
4577,55.74,33.74,7176
4578,92.28,2.95,691
4580,37.67,40.05,5131
4581,46.15,25.30,1649
4582,43.96,26.12,2619
4583,82.18,8.45,7420
4584,69.25,13.05,1075
4585,75.30,21.04,19079
4587,88.23,8.33,949
4588,37.41,36.96,5167
4589,46.90,13.68,624
4590,35.30,37.75,10052
4609,64.61,12.16,1742
4702,46.49,40.47,14097
4703,22.65,63.82,9141
4706,77.56,8.82,2147
4707,65.27,22.06,28634
4711,53.42,29.28,7426
4712,43.69,43.07,3611
4714,21.71,56.65,53130
4716,25.27,49.47,44187
4717,0.00,99.99,999
4720,33.29,50.14,13395
4721,29.50,57.94,57370
4722,43.40,26.85,14806
4724,46.40,23.06,3038
4726,50.32,31.18,12695
4727,0.00,25.30,349
4728,65.91,7.24,16664
4729,44.70,36.60,7328
4730,57.91,18.38,1062
4732,47.04,18.49,1548
4734,0.00,48.86,371
4735,42.94,38.69,37623
4736,44.46,38.52,13646
4737,49.06,19.53,10914
4738,54.05,33.47,3396
4739,31.32,50.85,56764
4741,40.07,33.66,13043
4743,40.86,43.16,80424
4744,35.78,30.30,33405
4745,53.06,24.13,3144
4746,30.64,46.66,44226
4747,65.49,12.37,2195
4749,23.84,51.33,61636
4752,87.17,8.27,1062
4754,28.46,50.41,23002
4755,64.95,21.94,8712
4758,84.81,6.03,395
4760,34.68,43.71,11227
4762,97.29,0.30,139
4763,56.09,30.61,55162
4764,66.32,17.60,9884
4765,39.21,25.43,905
4766,63.05,19.01,10845
4767,46.86,11.89,884
4768,19.49,49.96,15768
4769,100.00,0.00,1
4770,59.70,23.24,8735
4771,44.58,22.34,3922
4772,42.03,41.46,33367
4773,92.29,1.22,228
4801,97.82,1.26,783
4802,85.36,9.95,296
4803,55.13,35.73,5710
4804,54.88,24.88,30105
4805,0.00,99.98,24
4806,85.88,6.10,14130
4807,63.32,19.30,14442
4903,37.88,49.23,46236
4904,91.01,4.38,85487
4905,63.80,11.27,1996
4906,20.40,61.16,92411
4907,83.76,9.36,2778
4908,44.24,36.61,34547
4909,22.65,65.00,63556
4911,48.05,26.46,3506
4912,38.73,33.20,25697
4913,0.00,42.57,475
4914,61.66,19.66,225
4915,51.32,30.88,34324
4916,22.36,66.48,74892
4917,93.20,0.70,16
4919,59.48,32.82,70779
4920,86.74,2.54,107
4922,11.80,62.98,4556
4923,23.32,44.46,30551
4924,55.94,18.66,1442
4925,31.68,34.45,5234
4927,17.76,59.07,58918
4929,0.00,99.97,384
4930,58.55,29.24,33605
4931,11.70,62.77,62477
4932,0.00,90.02,309
4933,59.88,25.32,5638
4934,29.43,54.12,70493
4935,57.74,28.56,7832
4938,75.07,16.21,144758
4939,27.18,54.27,65367
4942,54.54,25.34,6623
4943,53.50,28.39,21875
4946,42.58,47.84,8245
4949,41.15,35.39,11198
4950,68.13,19.88,6677
4951,4.48,62.29,11142
4952,47.79,41.11,14689
4953,37.89,41.21,34659
4956,34.03,51.76,42369
4958,65.72,22.51,220951
4960,57.69,30.92,89398
4961,36.73,40.53,40280
4962,99.89,0.09,16
4963,82.03,9.02,445
4965,100.00,0.00,1
4966,17.58,49.87,32359
4967,11.58,67.28,67109
4968,8.85,73.87,56482
4969,44.91,30.03,11530
4971,22.03,42.89,38444
4972,36.87,38.97,15389
4973,14.40,67.28,50207
4974,39.73,50.57,42907
4975,95.92,2.82,1023
4976,25.82,59.61,44841
4977,8.43,70.80,49873
4978,82.32,10.37,67
4979,26.77,45.22,85637
4980,50.40,26.54,2367
4985,100.00,0.00,1
4989,11.69,76.05,51485
4990,43.97,28.54,3279
4991,37.64,41.13,62801
4992,76.90,8.27,1033
4994,80.57,7.88,2155
4995,52.59,20.62,4965
4996,65.91,9.92,784
4997,17.41,25.48,271
4999,27.29,49.61,46545
5006,8.25,72.04,14005
5007,84.24,6.17,4896
5009,43.42,39.71,80900
5011,39.56,36.31,33735
5013,81.84,6.61,9017
5014,26.84,46.88,52388
5015,42.22,39.27,26573
5016,59.94,23.16,2625
5017,0.00,99.99,6850
5201,37.24,25.12,13506
5202,48.62,36.51,44017
5203,33.11,42.39,31878
5204,18.86,59.25,1372
5205,71.26,17.27,1722
5206,80.83,9.18,4621
5207,14.82,35.02,2907
5209,50.88,36.23,4236
5210,39.83,33.74,39204
5211,40.88,42.00,7577
5212,66.95,14.17,9979
5213,85.01,9.87,21118
5215,42.71,35.46,5366
5216,57.64,12.24,401
5220,19.65,40.36,7613
5221,0.00,68.88,346
5222,24.17,51.95,33799
5223,54.18,28.63,2739
5225,37.93,44.82,8409
5226,31.51,27.99,400
5227,18.08,57.52,58855
5228,44.94,32.17,3564
5229,89.30,1.64,129
5230,10.27,57.98,29826
5232,99.99,0.00,5
5233,82.42,9.50,2998
5234,58.52,22.87,11948
5236,60.89,30.56,6878
5238,78.62,9.02,691
5239,16.98,32.75,601
5240,30.32,14.17,521
5242,58.60,13.01,1115
5243,49.66,34.99,30245
5244,28.60,38.36,9519
5245,41.79,31.40,3879
5246,21.00,53.89,8703
5247,68.74,11.48,510
5248,56.84,30.67,1882
5250,97.08,2.86,209
5251,29.21,56.36,35446
5253,58.20,5.15,224
5254,70.32,16.98,670
5256,61.23,19.46,1875
5257,73.71,9.36,809
5258,39.31,36.24,25563
5259,74.45,12.46,2363
5262,31.97,23.06,8072
5263,42.64,31.24,26872
5265,0.00,65.69,123
5267,46.59,22.16,1353
5269,54.74,30.82,33384
5271,100.00,0.00,1
5271O,20.52,57.10,8135
5272,10.26,66.47,45751
5274,21.71,41.90,36184
5275,0.00,27.52,144
5276,85.29,8.70,933
5278,77.89,9.53,4252
5279,91.86,0.04,20
5282,59.25,5.19,278
5283,52.32,34.61,27593
5284,49.63,30.96,9119
5285,53.59,28.11,12007
5286,69.95,13.71,910
5287,45.75,34.82,10018
5288,59.24,19.30,2885
5289,18.69,55.21,79900
5291,18.68,38.01,5282
5292,43.55,29.41,7122
5294,0.00,99.98,60
5295,70.39,6.98,157
5296,27.26,32.20,468
5297,10.26,63.68,8888
5299,44.69,43.62,16947
5301,74.03,11.79,3941
5302,45.86,39.87,12899
5304,86.33,10.02,32305
5306,64.41,23.66,11953
5307,32.20,44.35,35110
5309,27.33,56.69,70735
5310,36.18,19.47,7106
5312,50.64,29.45,5834
5314,40.03,43.49,77598
5315,21.21,51.34,51077
5321,45.89,22.74,7589
5324,75.22,12.77,20918
5325,27.55,62.80,20368
5328,35.46,55.88,77048
5336,0.00,94.28,2955
5340,52.32,35.31,29101
5344,73.54,21.42,6696
5345,78.88,12.05,6301
5346,28.35,44.75,263388
5347,81.07,12.34,114984
5348,40.79,29.73,1812
5351,30.98,51.61,115250
5353,37.82,28.75,6352
5355,63.76,20.37,30848
5356,39.55,43.98,53278
5364,61.31,18.15,7282
5372,12.51,60.99,5386
5376,28.33,47.38,3801
5381,48.86,36.06,27798
5385,18.19,69.23,8304
5386,32.37,55.73,30414
5387,90.18,7.90,141606
5388,34.87,43.80,37919
5392,32.12,56.44,65937
5395,0.00,65.56,2238
5398,44.19,25.65,41734
5403,31.25,38.85,9489
5410,26.98,57.60,56869
5414,48.11,28.16,5071
5425,28.29,57.32,106226
5426,52.77,37.10,35411
5432,51.40,43.92,5461
5434,38.97,31.00,32366
5438,74.38,19.78,37814
5439,22.93,48.87,35518
5442,14.62,54.80,4827
5443,33.61,53.27,66055
5450,79.37,14.43,11614
5452,38.51,49.76,68989
5455,89.00,3.31,3412
5457,46.26,38.71,17166
5460,38.44,33.17,31500
5464,58.83,17.90,4628
5465,68.79,22.93,7746
5467,82.80,9.09,1832
5468,60.76,26.05,6016
5469,68.18,21.71,36431
5471,18.53,61.70,68662
5473,0.00,99.96,2482
5474,48.50,37.34,7889
5475,17.93,69.11,61639
5478,72.96,15.24,41306
5481,56.07,20.98,42054
5483,52.96,34.72,151156
5484,33.97,57.22,33856
5487,47.88,17.77,7097
5488,34.18,37.30,41157
5489,82.62,10.09,3141
5490,25.61,49.75,69654
5492,98.66,1.31,1371
5493,25.01,39.88,5543
5497,15.67,49.85,4829
5498,29.96,58.12,69480
5501,24.30,48.78,6087
5505,50.79,21.35,5918
5506,58.45,19.96,7574
5508,65.86,26.22,18206
5511,59.92,19.49,6006
5512,54.74,27.16,78088
5514,87.59,4.48,10316
5515,63.26,19.09,11393
5516,60.51,15.55,1767
5519,51.16,33.14,18222
5520,73.58,7.56,1223
5521,52.84,29.37,62892
5522,85.90,8.76,17969
5523,89.24,4.10,2555
5524,11.60,46.40,3909
5525,84.14,6.97,4810
5529,68.05,15.55,11368
5530,79.43,11.50,11639
5531,83.46,9.52,14778
5532,5.88,30.92,820
5533,71.24,11.01,5548
5534,58.86,24.65,23019
5536,35.82,26.74,32759
5538,92.45,3.44,1300
5541,76.05,2.81,86
5543,50.34,11.40,1055
5546,76.10,7.58,1321
5547,58.82,17.79,1427
5548,58.19,22.60,2439
5601,47.23,9.58,866
5603,49.79,36.58,30045
5604,52.82,18.22,10906
5607,70.48,16.07,17008
5608,24.73,60.55,91389
5609,46.28,38.62,37843
5701,49.24,34.41,51585
5702,0.00,91.14,1936
5703,83.83,7.33,1937
5704,79.45,14.20,3375
5706,34.27,53.79,28277
5810,69.02,20.56,48611
5848,100.00,0.00,1
5859,96.13,1.70,3567
5863,77.08,12.21,27079
5864,60.77,20.27,15108
5867,100.00,0.00,1
5871,64.84,22.36,114497
5871A,59.67,19.10,8083
5876,83.38,4.66,49990
5878,54.25,22.48,1789
5880,71.46,16.33,409528
5901,77.87,13.27,5001
5902,81.34,9.60,2583
5903,88.19,7.16,17316
5904,75.44,16.56,98740
5905,40.56,40.88,45784
5906,82.47,6.37,958
5907,64.12,20.30,5470
6005,66.88,22.30,118736
6015,44.28,34.97,73037
6016,45.04,34.24,79103
6020,96.26,2.18,1898
6021,86.97,5.32,4018
6023,80.96,11.55,18472
6024,65.60,23.97,17306
6026,41.56,34.16,43739
6027,93.72,2.34,830
6028,50.64,19.48,1568
6030,100.00,0.00,1
6031,100.00,0.00,1
6035,83.85,3.79,2285
6038,100.00,0.00,1
6039,100.00,0.00,1
6040,100.00,0.00,1
6101,78.64,8.04,3354
6103,83.83,7.52,3148
6104,12.26,69.23,56034
6107,34.70,43.33,5291
6108,49.33,30.80,51867
6109,36.59,33.72,34349
6110,7.19,51.71,2628
6111,40.57,46.49,45754
6112,55.63,36.01,34125
6113,52.17,36.42,8232
6114,65.48,19.95,5395
6115,56.05,32.70,14268
6116,40.49,50.31,364227
6117,49.94,37.68,13966
6118,51.70,36.84,8899
6120,55.29,31.23,59802
6121,48.33,20.42,19709
6122,23.04,55.74,35163
6123,33.34,43.92,10365
6124,92.35,5.93,8929
6125,30.62,58.90,91585
6126,32.47,52.60,70381
6127,16.65,71.04,74202
6128,54.75,28.17,7497
6129,12.85,74.07,32912
6130,48.99,23.53,29468
6131,29.63,39.83,5934
6132,15.68,42.27,4749
6133,42.96,40.24,22374
6134,48.45,37.29,17708
6135,34.27,45.77,7554
6136,34.69,41.17,44986
6137,26.71,43.34,11232
6138,33.96,42.41,31333
6139,51.72,27.99,55276
6140,34.47,47.90,9837
6141,38.46,39.17,18330
6142,51.55,29.62,46573
6143,17.65,65.77,55661
6144,89.54,9.16,1463
6146,41.82,29.89,20986
6147,60.64,30.09,154489
6148,33.68,52.96,28281
6149,35.09,46.94,3069
6150,12.01,74.31,39938
6151,22.50,47.33,19129
6152,16.52,60.10,40756
6153,40.76,42.11,80503
6154,54.44,27.91,10648
6155,48.65,40.82,15864
6156,32.83,47.13,38087
6158,32.85,43.33,36315
6160,29.99,51.33,48868
6161,35.28,48.50,23048
6162,43.90,33.76,3799
6163,35.21,46.53,46592
6164,14.76,60.03,46397
6165,38.38,35.42,41361
6166,65.94,18.02,16009
6167,36.49,42.62,25491
6168,49.12,41.16,32711
6169,26.44,59.51,40783
6170,54.92,33.60,33232
6171,78.37,8.73,2332
6172,85.37,7.75,1899
6173,58.98,30.26,54389
6174,56.73,32.45,9454
6175,57.40,34.43,22189
6176,34.02,45.45,61614
6177,67.61,15.44,20052
6179,40.35,37.21,48376
6180,46.53,43.93,57088
6181,7.17,64.41,3938
6182,22.90,67.60,240462
6183,71.05,13.81,37055
6184,67.84,19.90,7731
6185,37.53,35.53,46759
6186,48.62,35.47,61489
6187,30.64,28.86,52535
6188,36.84,49.88,68040
6189,24.45,55.92,63741
6190,26.90,55.70,60840
6191,53.40,35.87,80424
6192,45.52,28.86,8295
6193,56.69,31.60,8867
6194,39.23,28.14,4818
6195,52.40,40.09,11103
6196,65.84,20.30,33815
6197,35.79,48.15,51954
6198,93.58,4.08,6480
6199,79.08,10.09,1858
6201,61.43,24.89,5938
6202,34.46,50.18,56904
6203,52.21,36.57,10036
6204,25.64,66.53,22644
6205,39.45,44.55,12559
6206,45.46,33.82,16076
6207,7.86,75.61,68586
6208,52.09,29.31,12125
6209,30.01,55.80,62635
6210,36.44,33.84,3065
6212,86.12,3.71,964
6213,55.69,27.74,77758
6214,60.27,25.85,47789
6215,26.40,60.57,56140
6216,29.96,52.23,32397
6217,16.07,68.20,85490
6218,42.17,34.53,27770
6219,67.28,20.50,5797
6220,53.65,22.80,34517
6221,72.35,18.71,32316
6222,84.51,7.42,1838
6223,38.82,29.58,70560
6224,28.93,44.00,42001
6225,62.15,19.75,5571
6226,24.98,56.92,51912
6227,67.60,21.35,7093
6228,75.50,15.74,1852
6229,32.80,48.56,30475
6230,87.81,11.05,7502
6231,25.31,54.58,25627
6232,13.45,63.73,36850
6233,18.73,62.11,62027
6234,50.22,39.89,30728
6235,35.47,51.65,61076
6236,87.98,5.52,912
6237,12.70,73.28,72288
6239,56.13,32.34,187494
6240,70.93,9.49,1043
6241,52.92,33.38,5760
6242,55.47,26.03,3105
6243,17.67,73.27,59455
6244,26.23,57.30,94216
6245,41.60,40.60,19577
6246,53.99,27.96,32785
6248,43.62,40.34,32375
6249,0.00,55.60,207
6250,67.95,21.11,1161
6252,0.00,41.67,30
6253,0.00,69.18,452
6254,36.43,22.16,518
6256,0.00,94.31,456
6257,37.89,42.39,118281
6258,0.00,99.98,33
6259,41.09,48.52,9674
6261,30.67,52.09,54912
6262,16.81,54.41,1343
6263,40.96,45.24,11046
6264,67.49,16.47,4127
6265,37.61,46.16,37161
6266,31.60,47.67,45760
6267,0.00,99.98,11
6268,0.00,100.00,3
6269,25.29,57.60,82622
6270,36.56,50.26,33788
6271,40.38,41.43,65281
6272,34.80,36.29,5281
6274,53.87,27.45,123028
6275,23.41,61.69,36767
6276,48.78,46.57,29888
6277,43.65,34.23,9899
6278,52.11,29.37,43305
6279,38.66,40.89,19888
6280,99.95,0.04,172
6281,43.58,33.55,10323
6282,36.90,52.77,162261
6283,57.40,28.10,15194
6284,45.62,44.53,53747
6285,56.23,29.62,91094
6287,93.08,4.62,4209
6289,0.00,67.62,10246
6290,28.95,51.79,58765
6291,62.85,25.02,10955
6292,39.72,42.84,6882
6293,0.00,99.99,12
6294,33.46,54.07,12154
6295,0.00,69.69,348
6296,0.00,99.98,13
6297,99.90,0.08,21
6299,98.35,1.61,123
6402,48.90,20.82,2012
6403,41.54,40.82,2578
6404,63.48,25.63,9031
6405,37.41,33.92,6577
6406,53.35,23.25,1072
6407,30.16,44.26,5802
6409,53.30,20.30,18224
6411,21.80,51.83,56145
6412,74.21,17.59,23875
6414,48.28,24.74,20570
6415,65.12,10.33,27400
6416,37.88,37.40,22555
6417,54.18,14.83,1586
6418,52.61,28.24,2353
6419,32.17,52.50,27117
6423,23.04,41.63,3289
6425,34.27,48.37,9440
6426,38.79,31.04,17474
6427,100.00,0.00,1
6428,89.36,5.70,977
6429,11.88,38.16,268
6431,65.33,16.56,17633
6432,16.62,59.32,36173
6434,83.97,12.23,9034
6435,48.37,40.97,10391
6436,98.56,1.41,17
6437,40.87,18.18,403
6438,21.78,54.54,46105
6441,41.86,46.52,35100
6442,37.99,31.39,68594
6443,13.27,77.49,157637
6446,42.44,29.19,71575
6449,62.00,22.00,32710
6451,59.72,29.30,33897
6452,30.51,48.90,11638
6453,0.00,90.70,621
6455,51.48,13.95,563
6456,45.79,41.94,35651
6458,63.74,24.64,2714
6461,52.73,26.76,8398
6462,20.62,59.00,46650
6464,79.66,6.75,2164
6465,55.17,23.63,3253
6467,21.86,51.63,5910
6468,98.55,1.42,162
6469,40.80,44.07,29660
6470,40.01,53.67,27256
6471,0.00,99.96,359
6472,45.53,36.51,31192
6473,64.55,10.75,9752
6474,44.60,17.08,1618
6475,56.66,17.26,928
6477,37.23,50.64,30237
6479,79.32,6.66,876
6481,91.60,2.67,107
6482,65.78,27.73,2052
6483,18.76,30.32,17119
6484,100.00,0.00,1
6485,19.10,60.60,40973
6486,40.50,46.79,30406
6488,69.14,15.97,117277
6489,36.92,15.71,278
6490,64.16,14.48,425
6491,52.20,24.43,9219
6492,34.02,46.47,47279
6493,80.37,13.83,1069
6494,5.22,66.18,38293
6495,43.12,30.64,12152
6496,62.53,29.71,10154
6497,96.46,2.47,1556
6498,54.69,22.98,6791
6499,36.27,41.69,7738
6502,90.96,5.43,134
6503,80.41,8.81,77
6504,64.54,22.90,5119
6505,95.45,3.29,89833
6506,44.06,24.09,4256
6508,59.77,33.99,15055
6509,28.52,50.49,55823
6510,43.97,27.65,17070
6511,57.36,15.84,642
6512,17.69,32.35,6623
6515,36.30,30.81,47392
6516,43.18,31.30,3710
6517,17.96,65.78,22270
6518,74.10,10.67,516
6523,61.69,32.34,6145
6525,59.06,24.44,13383
6526,76.25,15.45,20794
6527,34.29,28.12,2126
6529,41.45,14.16,399
6530,8.93,69.25,35971
6531,51.81,22.35,44831
6532,18.46,48.28,29542
6533,15.87,68.18,35143
6534,76.76,10.20,1918
6535,55.97,24.09,10894
6536O,58.26,16.51,1177
6538,23.61,28.59,36755
6539,75.51,7.96,1012
6540,98.57,0.53,131
6541,65.58,21.57,11984
6542,77.61,11.19,885
6543,49.80,12.15,12315
6545,37.79,43.97,1238
6546,29.91,48.28,12452
6547,28.74,46.58,50051
6548,85.04,9.86,29654
6549,16.14,43.70,25459
6550,73.07,17.48,25370
6551,79.32,12.20,1188
6552,55.76,35.08,7645
6555,64.58,21.33,4533
6556,63.65,14.85,1412
6558,38.61,52.22,46853
6559,31.62,36.95,1894
6560,32.29,42.46,3355
6561,70.07,20.11,7159
6562,50.33,36.38,11455
6563,10.33,35.23,1137
6564,59.59,27.09,3664
6565,28.73,29.10,1184
6566,79.36,8.85,663
6567,80.22,6.46,630
6568,29.94,42.25,24752
6569,60.79,24.08,4159
6570,29.84,40.28,7987
6572,64.99,22.99,4296
6573,59.23,30.64,5922
6574,75.44,15.66,2906
6575,51.06,31.22,6887
6576,60.81,21.77,30177
6577,68.34,20.30,3750
6578,57.44,25.77,18694
6579,82.48,11.74,7858
6580,44.53,26.50,3859
6581,86.88,6.48,2296
6582,71.21,20.06,9162
6583,53.46,8.48,313
6584,62.72,19.32,14615
6585,72.39,18.07,4415
6586,56.11,27.23,29257
6587,100.00,0.00,1
6588,18.13,60.72,41087
6589,50.25,31.64,22779
6590,28.77,28.70,2330
6591,20.08,63.80,44575
6592,75.70,15.99,25164
6592A,75.84,10.45,3574
6592B,67.19,13.54,5103
6593,29.85,49.13,34810
6595,57.30,7.58,8939
6596,22.73,63.96,17200
6597,72.45,11.01,928
6598,37.26,29.41,37012
6599,71.03,11.46,297
6601,84.46,6.94,361
6602,0.00,99.95,404
6603,39.04,33.02,24205
6604,78.45,10.62,996
6605,58.37,23.99,15750
6606,61.06,16.68,9541
6607,76.22,7.93,68
6608,93.72,3.17,313
6609,55.77,35.46,9455
6610,79.01,12.96,3676
6611,91.68,8.30,459
6612,44.56,23.26,2747
6613,55.52,33.36,10916
6614,73.63,19.41,3967
6615,35.88,41.53,5217
6616,53.92,25.88,1551
6617,59.79,23.04,7126
6618,17.46,50.36,35540
6620,50.19,24.46,19332
6621,23.52,42.29,32182
6622,53.34,14.16,923
6624,59.54,15.71,857
6625,44.07,38.19,10468
6626,59.56,15.30,424
6627,65.81,7.09,267
6629,79.95,7.93,945
6633,95.66,4.32,1367
6634,51.25,22.37,2237
6635,100.00,0.00,1
6637,53.80,34.31,3344
6638,56.74,20.94,1137
6639,59.55,12.64,913
6640,63.77,26.20,13343
6641,49.83,23.24,1982
6642,46.24,25.94,3236
6643,33.41,52.90,22811
6645,26.16,38.54,6613
6648,54.02,22.32,9199
6649,35.26,25.48,18407
6650,61.87,7.83,481
6651,32.44,26.63,3443
6652,69.50,10.53,1689
6653,95.45,2.30,282
6654,71.17,11.17,3381
6655,76.44,6.84,978
6656,82.40,2.61,66
6657,21.76,44.36,15835
6658,31.49,44.24,10944
6659,70.62,9.72,1122
6660,100.00,0.00,1
6661,61.90,21.73,1286
6662,40.18,28.39,4668
6664,36.54,35.65,17235
6665,59.37,24.66,1826
6666,77.96,16.18,2183
6667,50.43,40.11,13156
6668,52.32,36.34,14438
6669,53.30,24.73,177902
6670,65.51,11.78,5990
6671,56.60,13.84,1385
6672,17.61,58.86,55432
6673,25.42,61.90,3107
6674,81.38,12.06,1778
6676,55.07,22.81,4356
6677,57.04,22.48,1933
6679,43.83,32.84,7129
6680,63.64,13.94,928
6681,0.00,100.00,7
6682,47.70,37.00,11158
6683,11.24,50.07,30044
6684,31.51,55.62,23854
6688,49.80,13.30,197
6689,33.95,43.22,10300
6690,59.73,35.44,5563
6691,54.27,21.56,18075
6692,61.91,17.47,2112
6693,31.39,38.18,6851
6695,45.07,39.08,22676
6696,52.27,20.85,29720
6697,61.11,29.06,2194
6698,31.08,47.47,35852
6699,75.24,6.12,762
6701,97.98,1.61,758
6702,75.46,12.80,11477
6703,38.72,41.15,23340
6704,32.39,33.04,3567
6705,54.99,12.94,656
6706,15.35,60.92,50048
6707,71.73,14.33,1495
6708,42.81,34.24,2279
6709,53.12,20.27,1949
6712,31.11,45.27,29002
6713,37.76,24.80,885
6715,65.47,13.81,6120
6716,22.24,33.45,3211
6717,56.28,14.58,427
6719,43.05,42.74,26707
6720,25.49,20.85,1362
6721,37.77,28.43,1641
6722,74.10,15.27,2556
6723,42.18,27.86,1230
6724,62.32,23.52,1841
6725,58.66,27.73,6397
6726,100.00,0.00,1
6727,4.80,47.20,40455
6728,59.01,27.34,2898
6729,31.19,28.95,1500
6730,60.56,14.42,994
6731,99.44,0.54,186
6732,46.31,42.88,9478
6733,40.25,38.19,7302
6734,46.05,28.59,2204
6735,35.59,34.36,5214
6736,93.39,6.59,850
6737,76.41,12.92,1365
6738,45.89,16.64,535
6739,48.11,32.94,11079
6741,58.33,21.72,6760
6742,25.94,49.23,41114
6743,58.02,26.56,8976
6744,52.96,13.71,418
6746,97.59,0.40,6
6748,26.77,47.62,6909
6749,100.00,0.00,1
6750,40.28,23.56,1843
6751,56.93,29.51,2414
6752,21.07,29.19,3707
6753,51.34,32.49,17112
6754,81.35,13.84,2192
6755,40.99,21.06,1238
6756,58.12,31.06,8283
6757,72.94,22.02,134836
6758,74.89,9.23,250
6760,100.00,0.00,1
6761,29.93,48.73,12952
6762,61.86,11.08,911
6763,57.30,34.09,18067
6764,98.27,1.69,255
6767,51.86,25.66,1465
6768,76.18,13.75,7066
6770,42.60,45.31,669631
6771,18.13,35.25,1766
6772,96.66,1.24,9
6775,56.44,22.51,4191
6776,61.35,27.09,7465
6778,100.00,0.00,1
6779,100.00,0.00,1
6780,53.37,6.37,237
6781,67.69,23.38,28463
6782,35.54,25.11,6282
6784,30.34,27.22,895
6785,54.52,24.53,4453
6786,0.00,70.33,17433
6787,9.83,55.82,19693
6788,14.22,62.11,27976
6789,69.20,22.72,54278
6790,75.33,16.41,11106
6791,56.02,19.56,1962
6792,48.08,33.68,3987
6793,22.40,40.12,23749
6794,67.21,10.39,1148
6796,33.96,33.84,3016
6797,29.99,42.77,26743
6798,55.68,11.63,5881
6799,21.07,57.34,30264
6803,54.28,39.97,14712
6804,47.17,24.01,2182
6805,51.27,18.94,18357
6806,58.45,34.75,30964
6807,73.55,8.66,970
6808,44.16,25.60,2201
6810,21.39,39.66,25163
6811,61.94,25.30,5353
6812,26.29,43.05,7335
6813,48.86,23.93,633
6814,73.55,9.81,728
6815,49.84,19.29,8314
6816,61.98,21.16,434
6817,54.89,30.06,1097
6818,55.91,23.59,1383
6819,41.13,23.18,1287
6820,71.90,17.86,1613
6821,39.67,36.97,3921
6822,100.00,0.00,1
6823,50.99,32.67,2491
6824,100.00,0.00,1
6825,61.71,13.03,586
6826,68.07,19.34,7054
6827,49.26,20.92,1502
6829,63.00,26.20,11013
6830,17.64,52.16,26051
6831,37.85,22.48,11652
6832,82.84,9.29,3574
6833,79.30,11.04,903
6834,47.80,30.85,11749
6835,68.85,14.71,2111
6837,41.11,23.11,1001
6838,54.11,25.85,6731
6839,74.27,6.79,902
6840,37.60,29.47,1964
6841,37.03,42.94,11958
6842,27.41,40.85,2152
6843,55.90,18.22,1214
6844,55.96,23.40,3345
6846,64.19,22.05,1470
6847,19.67,29.24,638
6848,29.84,24.69,525
6849,37.37,37.03,6117
6850,41.06,21.34,926
6851,100.00,0.00,1
6854,54.65,23.22,6114
6855,41.79,15.54,1987
6856,74.28,11.75,938
6857,94.62,3.26,417
6858,82.20,6.96,336
6859,55.88,20.42,2525
6861,48.55,40.86,13442
6862,68.91,25.92,6327
6863,72.27,17.44,4473
6864,12.23,37.27,4230
6865,36.26,36.57,1401
6866,99.73,0.00,2
6867,78.62,9.33,811
6868,27.27,16.88,491
6869,45.88,37.06,20706
6870,60.15,15.78,2446
6872,42.90,29.06,2915
6873,53.86,28.77,11606
6874,39.58,34.35,2886
6875,52.59,25.29,4751
6876,16.73,40.76,20199
6877,58.97,15.84,3225
6878,84.69,6.59,1112
6879,80.25,5.18,350
6881,49.96,20.04,952
6882,31.49,25.52,818
6883,80.38,5.85,689
6884,69.21,19.44,1312
6885,22.46,44.22,22439
6886,84.94,6.32,14392
6887,82.02,5.62,858
6890,91.97,5.94,7466
6891,73.74,16.81,5739
6892,36.89,22.72,2588
6894,55.07,20.71,2781
6895,50.99,26.05,2866
6897,100.00,0.00,1
6898,45.84,24.42,1565
6899,61.26,14.54,1979
6901,80.53,13.55,23692
6902,58.93,15.38,6816
6903,65.51,25.83,9782
6904,64.36,8.36,599
6905,100.00,0.00,2
6906,47.80,33.37,3391
6907,62.26,28.15,7347
6908,86.39,9.20,1186
6909,20.73,45.92,12820
6910,49.55,27.04,1587
6911,44.33,20.86,939
6912,69.43,12.95,2014
6913,42.24,24.19,4253
6914,67.03,19.52,4555
6915,84.80,10.29,1126
6916,72.70,14.28,2071
6917,28.68,34.09,2555
6918,27.66,28.97,2008
6919,66.99,18.37,66259
6920,57.00,27.35,12269
6921,75.17,13.79,876
6922,56.68,23.04,3088
6923,55.25,17.87,3478
6924,73.08,10.99,599
6925,41.69,34.35,3029
6926,60.92,7.77,688
6927,52.75,20.81,1294
6928,76.07,16.82,4327
6929,86.91,8.72,1539
6930,100.00,0.00,1
6931,49.75,17.59,3340
6932,74.55,11.42,5269
6933,60.09,22.24,4496
6934,57.46,20.23,1576
6935,72.81,9.19,579
6936,64.77,18.09,3781
6937,54.42,24.83,8453
6938,54.14,14.62,666
6939,56.07,18.29,662
6940,39.84,26.45,9252
6942,100.00,0.00,1
6943,100.00,0.00,1
6944,36.28,26.52,17379
6945,52.32,25.55,5565
6946,90.82,3.58,1890
6947,60.13,19.82,5655
6949,89.42,3.51,8269
6950,89.71,2.19,435
6951,63.90,24.32,4542
6952,79.94,10.18,2413
6953,56.20,24.11,3114
6954,100.00,0.00,1
6955,49.64,12.99,513
6957,54.12,12.57,1872
6958,93.04,3.99,3393
6958A,83.86,11.72,1326
6959,33.17,39.21,4016
6961,33.34,39.65,3764
6962,46.53,36.16,32778
6963,85.35,5.70,207
6965,91.01,5.12,2336
6967,39.25,24.46,1738
6968,44.13,28.14,3511
6969,40.67,26.48,1741
6971,61.37,21.01,1621
6972,63.73,6.68,355
6973,41.45,15.73,882
6976,73.74,11.89,5978
6977,15.91,34.91,1818
6978,98.31,1.65,35
6979,39.60,13.95,432
6980,72.41,18.57,2341
6982,53.53,25.33,2747
6983,16.01,33.15,3340
6984,27.71,14.07,343
6985,100.00,0.00,1
6986,36.71,26.71,1942
6987,86.94,5.06,1146
6988,64.86,11.02,456
6990,76.26,15.67,5577
6991,100.00,0.00,1
6992,43.34,11.20,464
6993,100.00,0.00,1
6994,36.98,41.81,6872
6995,28.93,25.83,3715
6996,55.68,25.92,2460
6997,77.74,11.93,747
6999,57.30,8.83,257
7402,26.96,51.93,21153
7415,33.05,14.96,2527
7418,85.31,0.76,260
7419,39.37,39.34,4706
7421,0.00,99.96,537
7422,78.47,12.08,241
7426,100.00,0.00,1
7427,19.64,52.60,5171
7443,73.22,9.49,348
7452,87.89,12.08,109
7455,73.87,7.86,267
7507,70.21,10.73,1115
7516,14.79,44.92,24233
7530,45.99,35.47,3392
7547,66.12,20.82,2011
7551,42.93,21.47,441
7555,86.14,7.48,417
7556,54.58,26.88,2695
7558,22.51,23.23,813
7561,55.15,16.14,735
7562,63.04,10.22,279
7566,55.01,16.83,7897
7570,100.00,0.00,1
7575,32.69,18.78,559
7578,44.44,20.32,1757
7583,72.97,8.46,457
7584,51.83,22.44,970
7590,77.30,12.60,2525
7595,45.91,12.42,824
7607,62.37,12.94,675
7610,39.66,39.31,21976
7631,52.83,19.69,1243
7642,78.35,15.74,2052
7660,100.00,0.00,1
7669,4.94,35.82,3670
7686,85.86,6.54,1841
7689,81.71,12.84,7706
7702,87.96,4.35,354
7703,46.66,31.09,4314
7704,42.11,20.76,1609
7705,61.81,23.07,13787
7706,91.29,5.31,241
7707,39.85,31.59,3288
7708,61.96,26.34,3002
7709,77.39,16.47,2655
7710,97.54,0.92,309
7711,52.68,25.32,9622
7712,35.55,29.63,4433
7713,78.28,6.31,764
7714,47.95,26.49,2779
7715,39.76,28.99,2106
7716,66.12,10.33,547
7717,35.38,36.34,9697
7718,65.72,12.94,1027
7719,11.31,63.49,16140
7720,100.00,0.00,1
7721,52.76,23.47,3480
7722,83.64,14.62,20613
7723,47.21,31.86,4402
7724,70.85,6.41,298
7725,79.54,9.28,299
7726,80.37,5.83,181
7728,45.73,34.38,3373
7729,45.32,27.85,17159
7730,60.72,14.90,1209
7731,67.42,18.51,9024
7732,84.44,6.50,875
7734,67.31,19.06,14138
7735,87.50,3.79,2774
7736,76.73,10.50,1564
7737,56.78,9.92,372
7738,32.17,19.72,1663
7740,54.10,22.84,2834
7742,65.00,26.46,7319
7743,57.39,11.74,926
7744,61.78,12.93,2480
7745,56.71,22.51,546
7746,92.41,2.03,27
7747,76.63,7.68,953
7748,50.07,14.94,212
7749,28.99,33.89,7963
7750,61.59,13.40,11126
7751,36.95,27.49,10641
7752,81.66,7.47,2205
7753,65.34,18.57,2360
7754,56.35,14.52,1795
7756,59.42,5.39,263
7757,40.98,22.75,2627
7758,80.09,9.61,377
7759,73.50,10.34,1022
7760,49.88,13.77,1494
7761,34.23,24.46,1435
7762,39.54,20.52,1432
7763,76.51,10.93,2901
7764,68.92,12.70,777
7765,56.68,28.62,6158
7767,55.70,16.58,1091
7768,55.54,22.15,6529
7769,56.92,17.49,59892
7770,62.44,13.79,1090
7771,75.70,11.31,516
7772,52.82,33.43,5265
7773,42.81,23.20,986
7775,100.00,0.00,1
7776,63.72,15.50,1081
7777,59.53,29.35,19114
7779,56.73,12.92,369
7780,73.52,21.05,43370
7781,69.03,18.27,17570
7782,65.80,17.36,1111
7783,89.51,4.85,1166
7784,82.12,7.22,1452
7785,72.06,4.18,221
7786,77.76,14.00,6395
7788,55.71,15.99,8443
7789,42.62,6.58,177
7790,32.02,14.02,397
7791,70.07,14.02,4655
7792,62.01,21.68,3954
7793,100.00,0.00,1
7794,71.58,13.37,1247
7795,64.73,19.31,16857
7796,45.59,32.68,2343
7797,62.68,12.76,694
7798,88.66,2.49,782
7799,70.56,14.44,11548
7801,67.37,22.01,1279
7803,70.37,15.20,2092
7805,68.65,21.41,4531
7806,58.33,9.38,347
7808,76.94,14.51,1073
7810,36.34,34.96,3189
7811,65.17,13.41,1246
7812,53.06,27.73,2779
7813,27.41,34.04,1806
7814,71.66,18.23,1572
7815,50.32,25.88,4109
7816,71.83,16.29,1131
7817,100.00,0.00,1
7818,89.00,7.19,3902
7819,55.40,33.93,2657
7820,66.01,17.37,1928
7821,74.53,14.11,9811
7822,63.73,25.98,17064
7823,62.35,14.86,989
7824,67.20,6.52,380
7825,24.81,45.74,4192
7826,60.74,3.56,126
7827,73.96,12.91,2760
7828,53.54,25.26,14105
7829,70.79,8.44,1066
7830,100.00,0.00,1
7831,56.06,2.07,72
7832,87.67,4.16,2208
7833,57.31,9.18,541
7834,61.04,9.95,259
7835,55.34,9.40,573
7836,61.53,9.35,582
7837,67.76,12.66,333
7839,55.95,12.07,485
7840,76.24,4.28,229
7841,66.53,9.50,358
7842,62.30,24.63,1613
7843,61.47,15.50,1067
7844,100.00,0.00,1
7846,75.12,9.99,469
7847,43.49,17.27,543
7848,51.35,12.96,1315
7849,95.78,1.80,171
7850,54.14,13.61,1523
7851,74.31,7.35,535
7853,19.13,59.54,15180
7854,79.77,8.28,829
7855,73.39,19.77,14043
7856,61.08,21.77,8143
7857,75.92,8.07,621
7858,30.41,32.76,4057
7859,100.00,0.00,1
7860,89.34,3.64,147
7861,66.90,11.46,3999
7862,84.22,7.72,601
7863,96.02,0.76,118
7864,100.00,0.00,3
7865,35.32,19.07,869
7866,45.73,25.44,4789
7867,83.91,2.84,695
7868,40.21,26.90,1076
7869,86.50,5.14,452
7870,49.14,7.12,2420
7871,48.34,31.39,6333
7872,61.32,20.42,1211
7873,76.10,8.90,2875
7875,96.46,2.52,338
7876,74.78,10.52,1445
7877,57.48,10.35,383
7878,27.55,23.22,3123
7879,49.58,20.57,3202
7880,35.84,18.92,1436
7881,82.39,6.66,405
7882,78.01,8.36,2181
7883,58.49,14.30,2072
7884,100.00,0.00,1
7885,57.39,12.60,460
7886,43.22,18.68,1569
7887,28.88,39.44,13958
7888,62.01,6.32,542
7889,45.61,5.96,194
7890,65.96,9.39,418
7891,53.57,16.58,190
7892,63.38,14.85,5899
7893,80.01,10.14,1366
7894,38.97,13.32,862
7895,65.58,13.04,13083
7896,80.82,4.20,600
7897,98.36,0.47,204
7898,64.02,16.95,3175
7899,11.82,39.99,8495
7901,75.09,9.64,2239
7902,85.66,6.99,1736
7904,85.92,5.98,99
7906,100.00,0.00,1
7907,65.16,10.67,2135
7909,76.12,10.72,4811
7911,49.09,20.44,1818
7912,72.33,10.30,2243
7913,86.43,7.73,1186
7914,93.80,1.09,81
7915,70.84,6.48,1688
7916,100.00,0.00,1
7917,70.07,11.59,2106
7918,77.07,16.62,14867
7919,42.07,22.83,602
7920,79.41,5.88,3570
7921,75.71,6.64,834
7922,94.07,3.19,520
7924,74.77,9.77,1746
7925,72.32,3.77,361
7926,59.45,17.18,1524
7927,41.79,9.29,553
7928,58.54,12.30,2441
7929,61.86,10.24,969
7930,58.77,16.61,2030
7931,84.90,1.02,160
7932,40.07,18.42,2490
7933,72.02,6.98,114
7934,31.55,23.10,1272
7935,63.80,6.04,207
7936,64.14,17.12,671
7939,71.08,17.93,453
7942,77.40,10.20,2544
7943,57.24,11.48,555
7944,72.44,5.05,233
7945,58.20,15.61,331
7947,74.67,9.81,1148
7949,97.49,0.00,5
7952,100.00,0.00,1
8002,0.00,99.96,250
8009,0.00,72.06,627
8010,20.25,27.96,385
8011,25.00,58.52,60652
8012,93.02,6.95,478
8014,37.88,43.04,591
8015,0.00,37.40,111
8016,29.44,35.36,35918
8018,0.00,31.46,75
8019,90.33,2.36,98
8020,32.36,15.98,109
8021,37.25,42.83,84632
8022,70.18,15.84,57
8023,0.00,99.96,35
8024,18.86,53.88,22517
8026,0.00,99.98,61
8027,14.72,61.39,65869
8028,36.80,42.43,70410
8029,62.69,11.59,648
8030,0.00,99.99,16
8031,25.57,49.96,121
8032,74.21,20.21,23277
8033,17.81,64.12,79486
8034,8.72,63.10,21999
8035,17.91,41.16,213
8036,20.62,47.52,532
8037,0.00,34.21,23
8038,15.03,69.86,40145
8039,49.39,35.05,86627
8040,44.68,40.20,31802
8042,57.24,32.17,44314
8043,37.54,54.83,37743
8044,56.96,30.67,27407
8045,55.76,20.39,4300
8046,79.63,10.82,114800
8047,74.65,11.71,1274
8048,28.28,45.60,34918
8049,27.21,57.26,39307
8050,36.19,48.21,56805
8051,0.00,100.00,1
8052,0.00,99.98,11
8053,80.37,8.22,3692
8054,28.94,53.46,52117
8055,0.00,37.74,44
8056,53.98,25.74,11794
8057,67.07,19.33,84
8058,50.33,20.97,2570
8059,100.00,0.00,1
8059O,69.37,21.64,12966
8060,34.07,33.58,272
8061,0.00,50.18,42
8062,0.00,99.99,11
8064,39.65,46.37,80326
8065,0.00,33.47,928
8066,20.04,52.57,38090
8067,56.73,14.75,6995
8068,58.72,32.05,8233
8069,66.53,18.04,105310
8070,69.93,21.63,36506
8071,22.86,57.19,35058
8072,57.87,32.97,12934
8073,0.00,99.99,10
8074,29.42,52.27,45681
8076,25.54,51.99,89285
8077,76.80,9.49,1063
8080,82.53,11.53,14344
8081,23.72,43.98,21662
8082,62.90,17.18,4212
8083,44.08,27.94,2721
8084,48.59,23.52,3481
8085,30.13,45.77,35915
8086,37.67,48.86,77547
8087,43.70,28.98,9848
8088,16.71,76.55,54204
8089,37.95,47.85,27212
8091,32.00,38.93,18733
8092,41.11,30.66,20416
8093,64.00,22.02,3233
8094,11.96,22.49,337
8095,18.10,20.05,123
8096,35.47,50.90,84997
8097,59.71,18.12,13334
8098,33.15,20.70,1443
8099,76.70,13.82,29247
8101,80.45,13.14,18408
8102,24.43,23.56,1160
8103,33.79,37.22,18384
8104,30.38,54.60,45181
8105,60.24,29.26,35798
8106,27.88,18.24,68
8107,44.42,35.74,31800
8108,0.00,99.99,13
8109,34.87,31.34,7097
8110,46.65,45.97,80094
8111,26.69,52.98,60051
8112,32.82,54.10,116665
8112A,36.01,37.09,7003
8114,32.49,35.53,11702
8115,78.23,8.13,842
8119,27.54,34.30,33068
8121,54.34,30.39,30636
8122,92.23,3.48,1616
8127,0.00,62.67,242
8130,59.07,11.98,297
8131,68.07,24.54,33334
8143,0.00,35.49,24
8147,32.52,35.91,5010
8150,53.66,34.53,146497
8152,100.00,0.00,1
8155,35.60,44.31,16802
8157,100.00,0.00,1
8157O,78.64,13.12,662
8162,61.84,17.32,2580
8163,39.80,46.30,74770
8171,52.35,29.36,44643
8172,0.00,99.95,258
8176,22.18,47.71,36493
8182,63.78,28.61,11046
8183,42.44,42.50,37769
8197,83.38,9.47,637
8201,45.88,34.69,12057
8204,0.00,99.99,4
8210,58.11,27.23,42382
8213,39.33,38.40,68580
8215,50.26,39.79,67677
8218,0.00,75.46,105
8219,0.00,99.99,3
8221,0.00,99.99,2
8222,31.52,53.71,39654
8225,73.02,12.57,380
8227,21.08,46.85,28011
8234,46.67,35.98,16605
8240,48.06,36.36,37422
8249,53.50,36.92,35616
8255,46.76,39.41,25297
8259,0.00,99.97,17
8261,38.27,50.69,76046
8264,0.00,89.11,496
8271,35.60,50.30,66373
8272,25.15,28.53,1654
8276,33.84,36.50,125
8277,100.00,0.00,1
8277O,15.74,61.91,38628
8279,52.51,25.70,2131
8281,34.88,13.72,415
8284,48.12,17.81,2293
8286,0.00,99.98,157
8287,70.24,27.54,11819
8289,33.61,42.28,30396
8291,71.89,22.04,1867
8297,92.95,5.09,174
8298,81.42,9.33,385
8299,27.43,49.94,211581
8307,97.93,0.27,37
8325,0.00,93.03,204
8329,87.40,6.36,3155
8341,46.58,42.16,18723
8342,66.29,14.22,1091
8345,73.22,6.76,796
8349,67.26,19.47,7652
8349A,0.00,55.64,1262
8351,70.91,15.39,1048
8354,49.42,20.30,14474
8358,25.83,57.14,165545
8359,79.49,12.66,6005
8361,0.00,99.98,5
8367,61.38,17.87,3498
8374,68.36,24.99,13194
8375,40.34,18.53,114
8380,0.00,69.81,881
8382,56.95,22.21,10346
8383,43.74,40.78,57098
8390,39.95,40.48,31433
8391,100.00,0.00,1
8401,54.53,24.36,11914
8403,32.26,48.79,36618
8404,73.47,13.95,15712
8409,38.72,34.52,25705
8410,50.70,30.06,2054
8411,79.51,11.48,10755
8415,89.38,3.94,8766
8416,77.13,17.03,2069
8419,40.55,39.03,1376
8421,58.74,26.36,6769
8422,34.46,53.76,149676
8423,54.60,25.22,6297
8424,50.70,30.12,3009
8426,70.26,18.28,2672
8427,0.00,99.97,14
8429,38.12,45.27,45099
8431,16.10,51.92,44372
8432,56.47,30.03,3162
8433,60.43,23.85,3128
8435,20.64,46.79,22334
8436,25.78,53.00,46051
8437,28.08,35.84,32489
8438,65.15,13.63,2749
8440,29.05,60.73,55744
8442,61.43,15.24,1995
8443,60.37,24.44,46566
8444,77.61,7.70,1682
8446,42.94,43.11,7710
8450,56.66,34.91,10238
8452,100.00,0.00,1
8454,79.33,15.07,37951
8455,87.77,6.92,725
8458,48.85,9.94,550
8462,58.99,23.25,6146
8463,76.80,13.14,3553
8464,77.77,4.34,3789
8465,41.56,16.38,232
8466,67.48,15.04,2134
8467,73.86,9.78,1676
8472,55.75,16.90,1020
8473,63.03,26.19,15080
8475,100.00,0.00,1
8476,62.18,19.01,6328
8477,81.60,12.71,10908
8478,75.66,19.83,10876
8479,41.51,18.14,375
8481,53.63,16.39,2511
8482,90.26,2.98,1039
8485,0.00,3.80,61
8487,46.05,24.82,19468
8488,80.29,7.54,911
8489,46.06,28.34,29854
8490,29.07,21.46,1099
8491,0.00,82.01,1286
8492,88.34,4.80,250
8495,91.06,6.05,855
8496,84.71,7.45,292
8499,72.65,14.61,2163
8707,0.00,73.73,6312
8708,36.70,44.14,20443
8710,18.25,51.96,6838
8712,63.80,11.02,6932
8718,28.34,51.65,18051
8719,79.45,7.91,6763
8720,47.39,33.91,8587
8721,0.00,82.25,2240
8722,56.92,28.58,5791
8723,41.30,36.99,23379
8724,33.65,53.09,8388
8725,25.28,52.36,12490
8905,89.63,5.12,21540
8906,49.92,30.26,2893
8908,85.98,7.78,15437
8916,59.75,23.33,41410
8916A,0.00,99.99,274
8917,66.25,6.16,1715
8921,63.01,6.44,1153
8923,74.55,8.00,5124
8924,29.73,51.63,16940
8925,27.53,36.82,19591
8926,51.74,33.60,62442
8927,74.84,10.09,25652
8928,35.67,35.17,4332
8929,39.18,45.32,11686
8930,56.81,22.69,5283
8931,78.36,10.65,18981
8932,73.80,12.72,10280
8933,47.69,36.84,42736
8934,94.77,1.67,504
8935,42.46,32.79,38031
8936,23.30,57.29,75531
8937,88.11,5.40,3270
8938,46.09,30.25,12270
8940,62.42,25.00,9321
8941,43.32,14.92,2205
8942,41.50,35.37,13112
8945,0.00,100.00,2
8977,94.48,0.00,25
8996,25.13,27.81,38635
8999,18.91,10.10,393
9103,4.06,69.45,21238
910322,27.13,58.49,7318
9105,16.46,54.18,115233
910861,23.04,43.07,2735
9110,21.54,32.07,1743
911608,13.04,46.79,2163
911611,28.83,38.41,3110
911613,0.00,70.41,1401
911622,42.16,35.87,1510
911868,26.33,39.87,6160
912000,23.01,42.40,6848
9136,60.82,23.19,4553
916665,0.00,99.95,366
9801,66.07,27.04,83354
9802,54.78,25.93,12171
9902,51.31,33.57,45131
9904,62.69,23.26,106799
9905,71.92,20.67,17139
9906,74.98,17.54,8168
9907,70.56,18.19,55361
9908,74.71,12.87,16389
9910,86.78,8.44,24172
9911,61.12,26.03,31202
9912,54.91,26.94,61766
9914,53.77,26.60,66914
9917,70.48,17.05,56487
9918,77.20,6.70,25128
9919,42.41,47.87,63463
9921,59.13,22.13,28572
9922,59.04,21.06,10416
9924,52.66,30.93,13044
9925,61.47,24.08,19390
9926,73.65,7.73,4224
9927,52.67,33.68,13990
9928,67.16,17.84,7125
9929,83.92,6.51,3746
9930,76.43,18.01,12242
9931,73.39,13.57,7811
9933,56.83,25.49,50414
9934,59.10,22.26,13510
9935,50.02,23.65,57720
9936,20.09,53.56,11626
9937,82.15,5.16,15741
9938,45.13,36.23,49994
9939,53.78,28.28,27826
9940,77.92,12.88,17051
9941,66.83,25.46,43485
9941A,75.69,12.59,3667
9942,39.13,34.80,9619
9943,69.48,26.07,15961
9944,66.16,14.47,10404
9945,62.09,24.84,101722
9946,78.44,13.01,13974
9947,0.00,0.00,1
9948,0.00,99.97,73
9949,54.92,18.73,11034
9950,80.99,12.02,3611
9951,39.25,44.91,24283
9952,0.00,99.96,36
9953,0.00,72.49,518
9955,55.34,32.58,15103
9956,0.00,99.97,43
9957,95.50,2.81,12709
9958,41.23,42.65,60167
9959,0.00,99.97,23
9960,56.82,12.48,9521
9961,89.73,3.71,321
9962,40.04,43.05,28888
9963,100.00,0.00,1
9964,100.00,0.00,1
9965,0.00,99.95,68
Y5810A,100.00,0.00,1
YCJ1AA,100.00,0.00,1
YEK9AA,0.00,0.00,1
YEL5,100.00,0.00,1
YEL9,100.00,0.00,1
YEQ5,100.00,0.00,1
YEQ6,100.00,0.00,1
YEQ7,100.00,0.00,1
YEQ8,100.00,0.00,1
YEQ9,100.00,0.00,1
YER1,100.00,0.00,1
YER3,100.00,0.00,1
YES7,100.00,0.00,1
YES7AA,0.00,0.00,1
YES8,100.00,0.00,1
YET2,100.00,0.00,1
YET5,100.00,0.00,1
YET6,100.00,0.00,1
YET7,100.00,0.00,1
YEU2O,100.00,0.00,1
YEU5,100.00,0.00,2
YEU8,100.00,0.00,1
YEV2,100.00,0.00,1
YEV6,100.00,0.00,1
YEV8,100.00,0.00,1
YFA8,100.00,0.00,1
YFB4,100.00,0.00,1
YFC1,100.00,0.00,1
YFC4,100.00,0.00,1
YFC5,100.00,0.00,1
YFC9,100.00,0.00,1
YFD5,100.00,0.00,1
YFE2,100.00,0.00,1
YFE9,100.00,0.00,1
YFF2,100.00,0.00,1
YFF3,100.00,0.00,1
YFF7,100.00,0.00,1
YFG9,100.00,0.00,1
YFJ1,100.00,0.00,1
YFK1,100.00,0.00,1
YFK2,100.00,0.00,1
YFK4,100.00,0.00,1
YFK8,100.00,0.00,1
YFL7,100.00,0.00,1
YFL9,100.00,0.00,1
YFM1,100.00,0.00,1
YFM2,100.00,0.00,1
YFN3,0.00,0.00,1
YFN5,100.00,0.00,1
YFN6,100.00,0.00,1
YFN9,100.00,0.00,1
YFP5,100.00,0.00,1
YFQ1,97.91,0.00,2
YFQ3,100.00,0.00,1
YFQ8,100.00,0.00,1
YFR5,100.00,0.00,1
YFR6,100.00,0.00,1
YFR6AA,0.00,0.00,1
YFT2,100.00,0.00,1
YFU5,100.00,0.00,1
YFU6,79.08,2.18,53
YFU7,100.00,0.00,1
YG56AA,100.00,0.00,3
YG83AE,100.00,0.00,1
YGA1,100.00,0.00,1
YGA5,100.00,0.00,1
YGB1,0.00,100.00,1
YGB2,99.19,0.79,22
YGB6,100.00,0.00,1
YGB7,100.00,0.00,1
YGC3,100.00,0.00,1
YGC5,100.00,0.00,1
YGC6,100.00,0.00,1
YGC7,100.00,0.00,1
YGC8,100.00,0.00,1
YGC9,100.00,0.00,1
YGD3,100.00,0.00,1
YGD6,100.00,0.00,1
YGD7,100.00,0.00,1
YGD9,100.00,0.00,1
YGE1,100.00,0.00,1
YGE2,0.00,0.00,1
YGE4,100.00,0.00,1
YGE7,100.00,0.00,1
YGE8,100.00,0.00,1
YGE9,100.00,0.00,1
YGF1,100.00,0.00,1
YGG2,0.00,0.00,1
YGG6,100.00,0.00,1
YGG7,100.00,0.00,1
YGG9,0.00,0.00,1
YGH3,100.00,0.00,1
YGH4,100.00,0.00,1
YGH5,100.00,0.00,1
YGJ1,100.00,0.00,1
YGJ6,100.00,0.00,1
YGK1,100.00,0.00,1
YGK9,100.00,0.00,1
YGL1,100.00,0.00,1
YGL4,100.00,0.00,1
YGL7,100.00,0.00,1
YGL8,100.00,0.00,1
YGM3,100.00,0.00,1
YGM5,100.00,0.00,1
YGM7,100.00,0.00,1
YGN3,100.00,0.00,2
YGN6,100.00,0.00,1
YGN8,100.00,0.00,1
YGP5,100.00,0.00,1
YGP7,100.00,0.00,1
YGQ2,100.00,0.00,1
YGR2,100.00,0.00,1
YGR3,100.00,0.00,1
YGR9,100.00,0.00,1
YGS2,100.00,0.00,1
YGS5,100.00,0.00,1
YGS5AA,0.00,0.00,1
YGS6,100.00,0.00,1
YGS8,100.00,0.00,1
YGS9,100.00,0.00,1
YGT1,100.00,0.00,1
YGT5,100.00,0.00,1
YGT6,100.00,0.00,1
YGU3,100.00,0.00,1
YGU7,100.00,0.00,1
YGU8,100.00,0.00,1
YGV3,100.00,0.00,1
YGV7,100.00,0.00,1
YH12AA,100.00,0.00,1
YHA5,100.00,0.00,2
YHA7,100.00,0.00,1
YHA9,100.00,0.00,1
YHB2,100.00,0.00,1
YHB4,100.00,0.00,1
YHB7,100.00,0.00,1
YHB8,100.00,0.00,1
YHC2,100.00,0.00,2
YHC7,100.00,0.00,1
YHD1,100.00,0.00,1
YHD3,100.00,0.00,1
YHD4,100.00,0.00,1
YHD5,100.00,0.00,1
YHD6,100.00,0.00,1
YHD8,100.00,0.00,1
YHD9,100.00,0.00,1
YHE1,100.00,0.00,1
YHE4,100.00,0.00,1
YHE5,100.00,0.00,1
YHF4,96.60,2.41,34
YHF9,100.00,0.00,1
YHG1,100.00,0.00,1
YHG4,100.00,0.00,1
YHG5,100.00,0.00,1
YHG5AA,100.00,0.00,1
YHG6,100.00,0.00,1
YHG8,100.00,0.00,1
YHH1,100.00,0.00,1
YHH7,100.00,0.00,1
YHH8,100.00,0.00,1
YHJ8,100.00,0.00,1
YHJ9,100.00,0.00,1
YHK1,0.00,0.00,1
YHK3,98.25,0.01,4
YHK8,100.00,0.00,1
YHK9,100.00,0.00,1
YHL1,100.00,0.00,1
YHL2,100.00,0.00,1
YHL4,100.00,0.00,1
YHL5,100.00,0.00,1
YHL5AA,100.00,0.00,1
YHL9,100.00,0.00,1
YHM2,100.00,0.00,1
YHM2AA,0.00,0.00,1
YHN3,100.00,0.00,1
YHN6,100.00,0.00,1
YHP3,100.00,0.00,2
YHP5,100.00,0.00,1
YHP6,98.74,0.00,2
YHQ2,100.00,0.00,1
YHQ4,98.45,0.00,2
YHQ6,100.00,0.00,1
YHQ8,100.00,0.00,1
YHQ8AA,100.00,0.00,1
YHQ9,100.00,0.00,1
YHR6,100.00,0.00,1
YHR7,100.00,0.00,1
YHR8,100.00,0.00,1
YHR9,100.00,0.00,1
YHS5,98.34,0.15,9
YHS6,100.00,0.00,1
YHS7,100.00,0.00,1
YHS7AA,0.00,0.00,1
YHS7AB,0.00,100.00,1
YHS8,100.00,0.00,1
YHS9,100.00,0.00,1
YHT1,100.00,0.00,1
YHT2,100.00,0.00,1
YHT4,100.00,0.00,1
YHT7,100.00,0.00,1
YHT8,100.00,0.00,1
YHT9,100.00,0.00,2
YHU2,100.00,0.00,1
YHU4,94.83,3.18,549
YHU5,100.00,0.00,1
YHU6,100.00,0.00,1
YHV1,100.00,0.00,1
YHV4,100.00,0.00,1
YHV6,100.00,0.00,1
YHV7,100.00,0.00,1
YHV8,100.00,0.00,1
YHV9,100.00,0.00,1
YJA1,100.00,0.00,1
YJA2,100.00,0.00,1
YJA6,100.00,0.00,1
YJB1,100.00,0.00,1
YJB4,0.00,0.00,1
YJB5,97.98,0.00,2
YJB6,100.00,0.00,1
YJB8,100.00,0.00,1
YJB9,100.00,0.00,2
YJC3,0.00,0.00,1
YJC4,100.00,0.00,1
YJC8,100.00,0.00,2
YJD1,100.00,0.00,1
YJD2,100.00,0.00,1
YJD4,100.00,0.00,1
YJD5,100.00,0.00,1
YJD7,98.85,0.00,2
YJD9,100.00,0.00,1
YJE1,0.00,100.00,1
YJE3,100.00,0.00,1
YJE6,100.00,0.00,1
YJE7,100.00,0.00,1
YJE8,100.00,0.00,1
YJE9,100.00,0.00,1
YJF1,100.00,0.00,1
YJF3,0.00,0.00,1
YJF4,100.00,0.00,1
YJF6,100.00,0.00,2
YJF7,100.00,0.00,1
YJF8,100.00,0.00,1
YJF9,100.00,0.00,1
YJG1,100.00,0.00,1
YJG4,99.99,0.00,2
YJG5,100.00,0.00,1
YJG9,100.00,0.00,1
YJG9AA,100.00,0.00,1
YJH3,100.00,0.00,1
YJH4,99.92,0.07,2
YJH5,100.00,0.00,1
YJH9,100.00,0.00,1
YJJ2,100.00,0.00,1
YJJ3,100.00,0.00,1
YJJ4,100.00,0.00,1
YJJ5,100.00,0.00,1
YJJ7,100.00,0.00,1
YJJ9,100.00,0.00,1
YJK1,0.00,100.00,1
YJK1AA,0.00,0.00,1
YJK4,100.00,0.00,1
YJK5,100.00,0.00,1
YJK6,100.00,0.00,1
YJL2,100.00,0.00,1
YJL3,100.00,0.00,1
YJL4,100.00,0.00,1
YJL7,100.00,0.00,1
YJL8,100.00,0.00,2
YJL9,100.00,0.00,1
YJM2,100.00,0.00,1
YJM2AA,100.00,0.00,1
YJM2AB,0.00,0.00,1
YJM2AC,0.00,0.00,1
YJM3,100.00,0.00,1
YJM4,100.00,0.00,1
YJM6,100.00,0.00,1
YJM8,100.00,0.00,1
YJM9,100.00,0.00,1
YJN1,100.00,0.00,1
YJN5,100.00,0.00,1
YJN8,100.00,0.00,1
YJP1,100.00,0.00,1
YJP2,100.00,0.00,1
YJP3,100.00,0.00,1
YJP6,100.00,0.00,1
YJP8,100.00,0.00,1
YJP9,100.00,0.00,1
YJQ2,100.00,0.00,1
YJQ3,100.00,0.00,2
YJQ4,100.00,0.00,1
YJQ5,100.00,0.00,1
YJQ8,100.00,0.00,1
YJQ9,98.73,0.00,2
YJR1,100.00,0.00,1
YJR2,100.00,0.00,1
YJR4,100.00,0.00,1
YJR5,100.00,0.00,1
YJR8,100.00,0.00,1
YJR9,100.00,0.00,1
YJS1,100.00,0.00,1
YJS2,74.07,14.24,8992
YJS7,100.00,0.00,1
YJS9,100.00,0.00,1
YJT2,99.29,0.67,14
YJT5,100.00,0.00,1
YJT6,100.00,0.00,1
YJU1,100.00,0.00,2
YJU2,100.00,0.00,1
YJU3,100.00,0.00,1
YJU4,100.00,0.00,1
YJU7,100.00,0.00,1
YJU8,0.00,0.00,1
YJU9,99.59,0.00,3
YJV1,100.00,0.00,1
YJV6,100.00,0.00,1
YJV8,100.00,0.00,1
YJV9,98.92,0.00,2
YKA1,98.98,0.99,8
YKA4,100.00,0.00,1
YKA6,100.00,0.00,1
YKA7,95.66,0.00,3
YKB1,100.00,0.00,1
YKB1AA,100.00,0.00,1
YKB2,100.00,0.00,1
YKB3,100.00,0.00,1
YKB4,100.00,0.00,1
YKB6,100.00,0.00,1
YKB8,100.00,0.00,1
YKB9,100.00,0.00,1
YKC3,100.00,0.00,1
YKC6,100.00,0.00,1
YKC9,100.00,0.00,1
YKD3,100.00,0.00,2
YKD5,100.00,0.00,1
YKD7,100.00,0.00,1
YKD7AA,100.00,0.00,1
YKD8,100.00,0.00,1
YKE1,99.69,0.00,2
YKE2,100.00,0.00,1
YKE3,0.00,0.00,1
YKE3O,100.00,0.00,1
YKE6,95.20,0.00,2
YKE7,100.00,0.00,1
YKE8,100.00,0.00,1
YKF1,100.00,0.00,1
YKF2,100.00,0.00,1
YKF3,100.00,0.00,1
YKF8,100.00,0.00,1
YKF8AB,100.00,0.00,1
YKG2,100.00,0.00,1
YKG3,100.00,0.00,1
YKG4,100.00,0.00,1
YKG4AA,0.00,0.00,1
YKG4AB,100.00,0.00,1
YKG4AC,100.00,0.00,1
YKG6,100.00,0.00,1
YKG7,100.00,0.00,1
YKG7AA,100.00,0.00,1
YKG9O,100.00,0.00,1
YKH1,100.00,0.00,1
YKH2,100.00,0.00,1
YKH3,100.00,0.00,1
YKH4,100.00,0.00,1
YKH9,100.00,0.00,1
YKJ1,100.00,0.00,1
YKJ2,100.00,0.00,1
YKJ4,100.00,0.00,1
YKJ5,100.00,0.00,1
YKK1,100.00,0.00,1
YKK2,100.00,0.00,1
YKK3,100.00,0.00,1
YKK4,100.00,0.00,1
YKL1,100.00,0.00,2
YKM2,100.00,0.00,2
YKM3,100.00,0.00,1
YKM4,100.00,0.00,1
YKM6,100.00,0.00,1
YKM9,100.00,0.00,1
YKN3,100.00,0.00,1
YKN3AA,0.00,0.00,1
YKN5,100.00,0.00,1
YKN6,97.54,0.00,2
YKN7,100.00,0.00,1
YKN9,100.00,0.00,1
YKP1,100.00,0.00,1
YKP3,100.00,0.00,1
YKP4,100.00,0.00,1
YKP5,100.00,0.00,1
YKP6,100.00,0.00,1
YKP8,100.00,0.00,1
YKQ6,100.00,0.00,1
YKQ7,100.00,0.00,1
YKQ8,100.00,0.00,1
YKQ9,100.00,0.00,1
YKR2,100.00,0.00,1
YKR6,100.00,0.00,1
YKR8,100.00,0.00,1
YKS1,100.00,0.00,1
YKS3,100.00,0.00,1
YKS4,100.00,0.00,1
YKS5,100.00,0.00,1
YKS6,100.00,0.00,1
YKS7,98.47,0.00,4
YKS9,97.13,0.00,3
YKT1,99.40,0.20,7
YKT5,100.00,0.00,1
YKT6,100.00,0.00,1
YKU1,100.00,0.00,1
YKU2,100.00,0.00,1
YKU4,100.00,0.00,1
YKU5,100.00,0.00,1
YKU7,100.00,0.00,1
YKU8,100.00,0.00,1
YKV1,100.00,0.00,1
YKV2,100.00,0.00,2
YKV5,100.00,0.00,1
YKV6,100.00,0.00,1
YKV7,100.00,0.00,1
YKV8,100.00,0.00,1
YLA1,100.00,0.00,1
YLA4,100.00,0.00,1
YLA5,100.00,0.00,1
YLA6,99.38,0.00,2
YLA7,100.00,0.00,1
YLA8,100.00,0.00,1
YLB1,100.00,0.00,1
YLB2,100.00,0.00,1
YLB3,100.00,0.00,1
YLB4,100.00,0.00,1
YLC1,100.00,0.00,1
YLC2,100.00,0.00,1
YLC5,100.00,0.00,1
YLC6,100.00,0.00,1
YLC7,99.88,0.11,3
YLC8,100.00,0.00,1
YLD1,100.00,0.00,1
YLD2,100.00,0.00,2
YLD3,100.00,0.00,1
YLD5,100.00,0.00,1
YLD6,100.00,0.00,1
YLD7,100.00,0.00,1
YLD8,100.00,0.00,1
YLD9,100.00,0.00,1
YLE2,100.00,0.00,1
YLE3,100.00,0.00,1
YLE5,100.00,0.00,1
YLE6,100.00,0.00,1
YLE7,100.00,0.00,2
YLE8,100.00,0.00,1
YLE9,100.00,0.00,1
YLF1,100.00,0.00,1
YLF2,100.00,0.00,1
YLF2AA,100.00,0.00,1
YLF2AB,100.00,0.00,1
YLF2AC,100.00,0.00,1
YLF2AD,100.00,0.00,1
YLF3,100.00,0.00,1
YLF4,100.00,0.00,1
YLF5,100.00,0.00,1
YLF6,100.00,0.00,1
YLF7,100.00,0.00,1
YLF8,100.00,0.00,1
YLF9,100.00,0.00,1
YLG1AA,100.00,0.00,1
YLG2,100.00,0.00,1
YLG5,100.00,0.00,1
YLG6,100.00,0.00,1
YLG7,100.00,0.00,1
YLG8,100.00,0.00,1
YLG9,100.00,0.00,1
YLH2,100.00,0.00,1
YLH3,100.00,0.00,1
YLH4,100.00,0.00,1
YLH5,97.92,0.00,2
YLH6,100.00,0.00,1
YLH7,100.00,0.00,1
YLH8,100.00,0.00,1
YLH9,100.00,0.00,1
YLJ2,100.00,0.00,1
YLJ3,100.00,0.00,2
YLJ4,100.00,0.00,1
YLJ6,100.00,0.00,1
YLJ7,100.00,0.00,1
YLJ8,100.00,0.00,1
YLJ9,100.00,0.00,1
YLK4,100.00,0.00,1
YLK5,100.00,0.00,1
YLK7,100.00,0.00,1
YLK8,100.00,0.00,2
YLK9,100.00,0.00,1
YLL1,100.00,0.00,2
YLL3,100.00,0.00,2
YLL5,99.57,0.04,6
YLL8,100.00,0.00,1
YLM1,100.00,0.00,1
YLM2,100.00,0.00,1
YLM3,100.00,0.00,1
YLM4,100.00,0.00,1
YLM6,100.00,0.00,1
YLM7,98.74,0.00,2
YLN2,100.00,0.00,2
YLN4,100.00,0.00,1
YLN6,100.00,0.00,1
YLN8,100.00,0.00,1
YLN9,100.00,0.00,1
YLP3,100.00,0.00,1
YLP7,100.00,0.00,1
YLP8,100.00,0.00,1
YLQ1,100.00,0.00,1
YLQ3,100.00,0.00,1
YLQ5,100.00,0.00,1
YLQ6,100.00,0.00,1
YLQ7,100.00,0.00,1
YLQ9,100.00,0.00,2
YLR1,100.00,0.00,1
YLR2,0.00,0.00,1
YLR3,0.00,0.00,1
YLR6,100.00,0.00,1
YLR8,0.00,0.00,1
YLR9,100.00,0.00,1
YLS1,100.00,0.00,1
YLS4,100.00,0.00,1
YLS6,99.93,0.06,3
YLS8,100.00,0.00,1
YLT2,100.00,0.00,2
YLT3,95.31,0.00,2
YLT4,100.00,0.00,1
YLT5,100.00,0.00,1
YLT6,100.00,0.00,1
YLT7,100.00,0.00,1
YLT8,100.00,0.00,1
YLT9,100.00,0.00,1
YLU1,100.00,0.00,1
YLU2,100.00,0.00,2
YLU3,100.00,0.00,1
YLU4,100.00,0.00,1
YLU5,100.00,0.00,1
YLU7,100.00,0.00,1
YLU8,100.00,0.00,2
YLV1,100.00,0.00,2
YLV4,100.00,0.00,1
YLV5,100.00,0.00,1
YLV7,100.00,0.00,1
YLV8,100.00,0.00,1
YLV9,100.00,0.00,1
YMA1,100.00,0.00,1
YMA3,100.00,0.00,1
YMA5,100.00,0.00,1
YMA6,100.00,0.00,1
YMA7,97.14,0.00,2
YMA8,100.00,0.00,1
YMA9,100.00,0.00,2
YMB1,100.00,0.00,1
YMB2,100.00,0.00,1
YMB3,100.00,0.00,1
YMB4,100.00,0.00,1
YMB5,100.00,0.00,1
YMB6,100.00,0.00,1
YMB7,100.00,0.00,2
YMB8,100.00,0.00,1
YMB9,100.00,0.00,1
YMC1,100.00,0.00,1
YMC2,100.00,0.00,1
YMC3,100.00,0.00,1
YMC5,100.00,0.00,1
YMC6,100.00,0.00,1
YMC8,100.00,0.00,1
YMC9,100.00,0.00,1
YMD1,100.00,0.00,1
YMD2,100.00,0.00,2
YMD3,100.00,0.00,1
YMD4,100.00,0.00,1
YMD6,100.00,0.00,1
YMD7,100.00,0.00,1
YMD8,100.00,0.00,1
YME2,100.00,0.00,1
YME4,100.00,0.00,1
YME5,100.00,0.00,1
YME6,100.00,0.00,1
YME7,100.00,0.00,1
YME8,100.00,0.00,1
YME9,100.00,0.00,1
YMF1,100.00,0.00,1
YMF2,100.00,0.00,1
YMF3,100.00,0.00,1
YMF4,100.00,0.00,1
YMF6,100.00,0.00,1
YMF7,100.00,0.00,1
YMF8,97.78,0.00,2
YMF9,100.00,0.00,2
YMG1,100.00,0.00,1
YMG2,100.00,0.00,1
YMG3,100.00,0.00,1
YMG4,100.00,0.00,1
YMG5,100.00,0.00,1
YMG6,100.00,0.00,1
YMG7,90.81,0.54,5
YMG8,100.00,0.00,1
YMH1,95.23,0.00,2
YMH3,100.00,0.00,1
YMH4,100.00,0.00,1
YMH5,100.00,0.00,1
YMH6,100.00,0.00,1
YMH7,100.00,0.00,1
YMH8,100.00,0.00,1
YMH9,100.00,0.00,1
YMJ1,100.00,0.00,1
YMJ3,97.71,0.00,2
YMJ4,100.00,0.00,1
YMJ5,100.00,0.00,2
YMJ8,100.00,0.00,1
YMK3,100.00,0.00,1
YMK5,100.00,0.00,1
YMK9,100.00,0.00,1
YML1,100.00,0.00,1
YML3,100.00,0.00,1
YML7,100.00,0.00,1
YML8,100.00,0.00,1
YML9,0.00,100.00,1
YMN2,100.00,0.00,1
YMN5,100.00,0.00,1
YQ19AA,100.00,0.00,1
YQ19AB,100.00,0.00,1
YR43,100.00,0.00,1
YY0005,0.00,99.97,98
YY0008,0.00,99.98,55
YY0014,0.00,99.99,23
YY0016,0.00,99.99,25
YY0024,0.00,99.99,72
YY0027,8.23,83.18,62378
YY0028,30.72,45.79,33861
YY0029,27.59,54.48,8295
YY0030,38.56,31.42,3001
YY0031,0.00,99.97,430
YY0032,0.00,89.33,358
YY0033,9.84,62.65,2495
YY0034,0.00,87.83,266
YY0035,28.88,44.14,15277
YY0036,0.00,99.97,135
YY0037,79.58,10.27,3441
YY0038,0.00,47.51,268
YY0039,76.50,13.42,12842
YY0040,37.82,41.51,9012
YY0041,74.54,15.65,13678
YY0042,10.23,73.28,19997
YY0043,0.00,82.98,9570
YY0044,15.46,67.98,52930
YY0045,0.00,99.99,5
YY0046,20.45,45.86,37337
YY0047,20.66,48.64,77967
YY0048,40.66,35.48,7700
YY0049,20.72,63.96,33696
YY0050,10.63,64.11,55717
YY0051,25.50,46.66,7660
YY0052,57.97,16.09,4527
YY0053,40.98,45.46,24681
YY0054,38.21,30.61,5668
YY0055,26.08,32.44,5304
YY0056,35.64,26.41,2183
YY0057,47.75,29.75,4851
YY0058,23.58,39.50,3334
YY0059,0.00,50.88,1059
YY0060,0.00,60.33,683
YY0061,8.46,50.00,6527
YY0062,13.36,54.49,18030
YY0063,0.00,90.42,8934
YY0064,52.94,21.32,5241
YY0065,17.05,48.69,17157
YY0066,19.41,48.93,19880
YY0067,17.99,49.56,6883
YY0068,15.62,60.22,28661
YY0069,0.00,100.00,38
YY0070,20.60,47.12,22512
YY0071,15.25,65.98,14701
YY0072,0.00,64.31,2509
YY0073,18.66,37.71,2180
YY0074,7.56,64.24,10668
YY0075,0.00,65.99,3105
YY0076,0.00,100.00,450
YY0077,0.00,99.98,298
YY0078,0.00,63.14,329
YY0079,0.00,99.97,79
YY0080,0.00,99.97,307
