# date,open,high,low,close,lot,wan
20250814,19.5,19.66,19.4,19.4,302,590
20250815,19.39,19.65,19.37,19.65,302,589
20250818,19.68,19.92,19.58,19.87,351,696
20250819,19.82,19.93,19.77,19.84,163,323
20250820,19.81,19.85,19.67,19.82,773,1531
20250821,20,20.35,20,20.33,1186,2402
20250822,20.42,20.59,20.33,20.55,907,1861
20250825,20.75,21.16,20.75,20.93,1862,3892
20250826,21.04,21.2,21,21.15,1300,2743
20250827,21.09,21.32,21.05,21.25,933,1978
20250828,20.95,21.05,20.77,20.84,838,1752
20250829,21.1,21.42,21.1,21.42,1079,2300
20250901,21.54,21.59,21.44,21.47,842,1810
20250902,21.6,21.72,21.29,21.29,726,1566
20250903,21.34,21.55,21.26,21.26,855,1828
20250904,21.26,21.3,20.73,20.82,983,2053
20250905,20.82,20.99,20.76,20.99,375,783
20250908,21.13,21.35,21.13,21.18,412,874
20250909,21.2,21.25,21.04,21.04,334,707
20250910,21.02,21.17,21,21.07,353,744
20250911,21.07,21.5,20.97,21.47,617,1314
20250912,21.6,21.66,21.47,21.54,544,1172
20250915,21.47,21.58,21.37,21.49,494,1063
20250916,21.49,21.49,21.22,21.28,352,751
20250917,21.28,21.44,21.22,21.43,305,651
20250918,21.43,21.58,21.42,21.49,364,782
20250919,21.28,21.41,21.23,21.34,302,642
20250922,21.24,21.42,21.24,21.39,258,551
20250923,21.35,21.59,21.21,21.27,857,1829
20250924,21.31,21.55,21.31,21.52,692,1486
20250925,21.6,21.94,21.6,21.9,1123,2448
20250926,21.9,21.9,21.78,21.88,699,1528
20250930,21.79,22.22,21.79,22.21,1457,3221
20251001,22.03,22.23,22.03,22.16,157,348
20251002,22.13,22.38,22.13,22.28,399,890
20251003,22.33,22.34,22.15,22.16,264,587
20251007,22.16,22.26,22.09,22.09,329,729
20251008,22,22.18,21.96,22.07,297,655
20251009,22.08,22.43,22.07,22.39,520,1160
20251013,21.61,21.89,21.58,21.68,716,1554
20251014,21.8,22.09,21.78,21.78,733,1607
20251015,21.83,21.83,21.64,21.8,274,594
20251016,22.01,22.18,21.85,21.96,505,1113
20251017,21.97,22.1,21.79,21.79,350,766
20251020,21.83,21.85,21.7,21.75,185,403
20251021,21.75,22.05,21.75,22,279,612
20251022,22.02,22.15,21.94,22.15,386,852
20251023,22,22.09,21.83,21.94,331,725
20251027,22.2,22.65,22.2,22.65,1069,2414
20251028,22.65,22.71,22.53,22.56,448,1014
20251029,22.6,22.6,22.07,22.53,891,2002
20251030,22.61,22.83,22.57,22.63,1046,2375
20251031,22.63,22.63,22.36,22.36,210,473
20251103,22.38,22.38,22.13,22.25,212,471
20251104,22.25,22.42,22.17,22.17,206,458
20251105,22.12,22.26,21.98,22.19,248,548
20251106,22.25,22.57,22.25,22.51,216,485
20251107,22.5,22.61,22.5,22.58,258,582
20251110,22.58,22.71,22.54,22.58,201,455
20251111,22.6,22.69,22.41,22.43,204,461
20251112,22.5,22.6,22.45,22.46,173,391
20251113,22.47,22.77,22.47,22.71,310,703
20251114,22.71,22.79,22.66,22.69,202,458
20251117,22.6,22.6,22.36,22.36,198,444
20251118,22.43,22.43,22.18,22.18,261,581
20251119,22.18,22.43,22.18,22.25,192,428
20251120,22.25,22.5,22.25,22.42,478,1071
20251121,22.37,22.37,21.79,21.95,566,1242
20251124,21.95,21.99,21.8,21.9,421,923
20251125,21.99,22.23,21.99,22.11,756,1671
20251126,22.12,22.3,22.12,22.28,229,509
20251127,22.28,22.43,22.23,22.34,202,452
20251128,22.36,22.36,22.2,22.21,590,1315
20251201,22.28,22.47,22.25,22.42,582,1303
20251202,22.5,22.58,22.42,22.42,92,207
20251203,22.49,22.54,22.39,22.39,198,444
20251204,22.39,22.39,22.24,22.3,86,191
20251205,22.32,22.43,22.31,22.42,170,381
20251208,22.45,22.71,22.45,22.69,630,1424
20251209,22.63,22.72,22.59,22.59,153,346
20251210,22.56,22.56,22.37,22.39,239,535
20251211,22.46,22.59,22.46,22.5,543,1222
20251212,22.5,22.6,22.36,22.6,269,604
20251215,22.59,22.71,22.5,22.57,199,450
20251216,22.57,22.58,22.31,22.35,131,293
20251217,22.43,22.62,22.43,22.56,284,640
20251218,22.64,22.79,22.63,22.74,266,605
20251219,22.76,22.88,22.74,22.82,291,665
20251222,22.82,23.02,22.82,22.96,380,873
20251223,23,23.16,23,23.13,407,940
20251224,23.16,23.17,23,23.08,111,257
20251226,23.09,23.25,23.09,23.1,330,764
20251229,23.12,23.21,23.1,23.1,244,566
20251230,23.1,23.22,22.39,23.2,1179,2678
20251231,23.2,23.29,23.01,23.05,252,582
20260102,23.05,23.33,23.01,23.3,479,1115
20260105,23.3,23.49,23.3,23.35,495,1158
20260106,23.5,23.88,23.5,23.85,694,1650
20260107,23.89,24.01,23.89,23.92,437,1047
20260108,23.92,23.92,23.69,23.69,538,1279
20260109,23.69,23.97,23.69,23.82,358,853
20260112,23.85,24.06,23.82,24.02,365,875
20260113,24.12,24.36,24.06,24.13,399,964
20260114,24.05,24.26,23.8,23.94,514,1240
20260115,23.9,24.01,23.81,23.86,154,367
20260116,23.93,24.12,23.71,23.73,1424,3395
20260119,23.81,23.88,23.61,23.71,330,783
20260120,23.8,23.91,23.69,23.73,244,579
20260121,23.73,23.94,23.69,23.85,421,1003
20260122,23.86,23.96,23.69,23.75,288,686
20260123,23.8,23.91,23.65,23.66,304,724
20260126,23.66,23.77,23.52,23.63,241,569
20260127,23.63,23.76,23.52,23.61,383,906
20260128,23.61,23.64,23.37,23.37,758,1781
20260129,23.26,23.59,23.26,23.5,456,1069
20260130,23.59,23.74,23.28,23.56,220,518
20260202,23.2,23.63,23.2,23.3,562,1314
20260203,23.3,23.46,23.1,23.21,266,617
20260204,23.01,23.46,23.01,23.38,421,983
20260205,23.4,23.6,23.38,23.4,210,493
20260206,23.4,23.54,23.31,23.5,292,685
20260209,23.52,23.74,23.52,23.74,501,1186
20260210,23.74,23.84,23.72,23.75,309,735
20260211,23.75,23.75,23.67,23.7,179,424
20260223,23.68,23.88,23.64,23.74,330,784
20260224,23.74,23.97,23.74,23.75,212,507
20260225,23.75,23.94,23.68,23.87,521,1240
20260226,23.82,23.95,23.74,23.81,271,645
20260302,23.79,23.93,23.64,23.93,1187,2826
20260303,23.93,24.04,23.65,23.87,661,1579
20260304,23.6,23.6,23.09,23.1,542,1265
20260305,23.18,23.63,23.16,23.63,515,1212
20260306,23.65,23.65,23.43,23.6,171,403
20260309,23.25,23.6,22.9,23.3,326,755
20260310,23.3,23.63,23.3,23.6,325,765
20260311,23.69,24.01,23.69,23.89,299,714
20260312,23.89,23.97,23.74,23.74,228,544
20260313,23.74,24.03,23.74,23.94,267,639
20260316,23.85,23.91,23.7,23.86,244,581
20260317,23.86,24.09,23.85,23.85,624,1494
20260318,23.85,23.94,23.54,23.64,454,1073
20260319,23.55,23.63,23.44,23.44,449,1056
20260320,23.44,23.56,23.3,23.37,412,965
20260323,23.25,23.25,22.75,22.75,462,1057
20260324,22.61,22.74,22.48,22.6,266,602
20260325,22.64,23.07,22.64,23.07,319,734
20260326,23.24,23.24,23,23,75,174
20260327,23,23.2,22.65,23.2,335,768
20260330,22.96,22.98,22.77,22.97,187,429
20260331,22.88,23.14,22.88,22.96,176,405
20260401,23.05,23.17,23.05,23.17,158,365
20260402,23.17,23.28,23.03,23.03,62,144
20260407,23.08,23.08,22.69,22.75,98,224
20260408,22.77,23.47,22.77,23.47,381,887
20260409,23.5,23.5,23.4,23.41,126,296
20260410,23.41,23.75,23.4,23.7,299,705
20260413,23.7,23.84,23.65,23.83,209,498
20260414,23.9,24.1,23.87,24,608,1461
20260415,24.05,24.24,24.05,24.13,248,600
20260416,24.13,24.18,24.07,24.13,134,323
20260417,24.11,24.16,24.02,24.02,517,1245
20260420,24.08,24.17,24,24.14,255,616
20260421,24.19,24.19,24.06,24.15,217,524
20260422,24.15,24.31,24.12,24.29,740,1796
20260423,24.31,24.47,24.24,24.26,383,932
20260424,24.3,24.3,24.14,24.14,319,772
20260427,24.16,24.28,24.16,24.22,302,732
20260428,24.22,24.4,24.21,24.22,411,998
20260429,24.21,24.27,24.09,24.27,156,377
20260430,24.39,24.51,24.38,24.4,168,410
20260504,24.41,24.7,24.41,24.62,432,1064
20260505,24.64,24.76,24.55,24.59,273,674
20260506,24.55,24.96,24.55,24.95,789,1958
20260507,24.99,25.08,24.84,24.92,129,322
20260508,24.86,24.97,24.69,24.82,187,463
20260511,24.82,25.19,24.82,25.17,415,1037
20260512,25.28,25.37,25.2,25.3,324,819
20260513,25.3,25.44,25.23,25.42,446,1131
20260514,25.5,25.7,25.21,25.34,237,604
20260515,25.32,25.32,24.89,25,200,501
20260518,25,25,24.74,24.8,290,719
20260519,24.8,24.8,24.6,24.65,146,360
20260520,24.7,24.86,24.7,24.79,161,399
20260521,24.79,25.27,24.79,24.99,307,771
20260522,24.88,24.88,24.6,24.69,279,688
20260525,24.79,24.99,24.79,24.83,326,810
20260526,24.83,25.1,24.83,24.96,378,944
20260527,25.02,25.28,24.98,25.05,396,994
20260528,25,25,24.74,24.75,226,560
20260529,24.98,25.28,24.98,25.2,729,1833
20260601,25.25,25.25,24.83,24.98,435,1089
20260602,24.97,25.29,24.85,25.28,407,1022
20260603,25.28,25.6,25.26,25.43,554,1410
20260604,25.4,25.4,25.18,25.25,207,523
20260605,25.1,25.24,25,25,264,661
20260608,24.3,24.58,24.25,24.25,278,679
20260609,24.3,24.35,24.22,24.33,108,262
20260610,24.49,24.5,24.26,24.26,335,816
20260611,24.48,24.49,24.2,24.27,63,154
20260612,24.38,24.91,24.38,24.83,466,1149
20260615,25,25.27,24.96,25.21,372,937
20260616,25.21,25.39,25.21,25.28,250,634
20260617,25.28,25.39,25.27,25.28,244,619
20260618,25.38,25.61,25.3,25.5,575,1464
20260622,25.51,25.83,25.49,25.79,576,1476
20260623,25.85,26.05,25.43,25.43,300,776
20260624,25.3,25.36,25.15,25.31,205,518
20260625,25.37,25.98,25.37,25.82,281,722
20260626,25.83,25.83,25.14,25.27,149,378
20260629,25.28,25.49,25.16,25.25,457,1155
20260630,25.5,25.87,25.5,25.64,1106,2849
20260701,25.77,25.9,25.68,25.87,205,530
20260702,25.87,25.87,25.03,25.03,287,724
20260703,24.98,25.44,24.77,25.27,253,637
20260706,25.27,25.47,25.12,25.22,545,1380
20260707,25.22,25.22,24.9,24.91,116,291
20260708,25.14,25.2,24.92,25.03,72,180
20260709,25.02,25.09,24.84,24.99,124,310
20260713,25.04,25.13,24.64,24.64,166,413
20260714,24.64,25.01,24.45,25,220,542
20260715,25,25.41,25,25.33,210,530
20260716,25.33,25.43,25.04,25.04,110,276
20260717,25,25,24.06,24.06,323,787
20260720,24.05,24.69,24.01,24.32,175,429
20260721,24.32,24.87,24.31,24.82,101,250
20260722,24.82,25.45,24.82,25.23,573,1449
20260723,25.2,25.3,25.11,25.13,98,248
20260724,25.13,25.13,24.8,24.92,475,1183
20260727,24.82,25,24.8,24.83,33,81
20260728,24.9,25,24.51,24.51,301,744
20260729,24.51,24.7,24.27,24.7,255,622
20260730,24.41,24.73,24.11,24.19,135,328
20260731,24.6,25.01,24.6,24.89,764,1901
20260803,24.89,24.89,24.28,24.46,760,1859
20260804,24.46,24.64,24.46,24.64,92,227
20260805,24.62,24.94,24.5,24.94,165,408
20260806,24.82,24.99,24.76,24.77,251,621
20260807,24.79,25.15,24.79,25.15,207,519
20260810,25.19,25.25,24.98,24.98,229,574
20260811,25.04,25.16,25,25,662,1659
20260812,25,25.1,24.98,25.1,113,283
20260813,25.13,25.26,25.13,25.17,108,273
20260814,25,25,24.7,24.7,114,282
20260817,24.59,25.03,24.59,25.03,124,306
20260818,25,25.05,24.8,24.8,52,129
20260819,24.8,24.81,24.33,24.45,164,402
20260820,24.5,24.5,24.39,24.39,61,148
20260821,24,24.52,24,24.41,68,165
20260824,24.42,24.49,24.12,24.12,210,511
20260825,24.12,24.24,24.01,24.24,74,180
20260826,24.17,24.5,24.17,24.38,136,333
20260827,24.38,24.48,24.26,24.48,86,210
20260828,24.31,24.46,24.29,24.37,51,125
20260831,24.15,24.36,24.1,24.26,61,148
20260901,24.44,24.47,24.31,24.47,68,167
20260902,24.36,24.36,24.06,24.23,118,286
20260903,24.18,24.25,24.05,24.05,95,230
20260904,24.19,24.39,24.19,24.36,148,361
20260907,24.39,24.39,24.15,24.27,51,124
20260908,24.26,24.26,24.05,24.08,82,199
20260909,24.16,24.16,24.06,24.07,78,189
20260910,24.07,24.13,23.92,24.07,102,245
20260911,24,24.05,23.73,23.92,114,272
20260914,23.79,24,23.77,23.95,36,85
20260915,23.77,23.99,23.77,23.91,64,154
20260916,23.88,23.88,23.61,23.8,106,252
20260917,23.84,23.99,23.8,23.88,39,92
20260918,23.99,24.13,23.89,24.13,82,196
20260921,24.12,24.2,24.1,24.13,109,262
20260922,24.22,24.36,24.22,24.27,54,131
20260923,24.29,24.29,24.08,24.12,45,108
20260924,24,24.1,23.86,24.1,93,223
