# date,open,high,low,close,lot,wan
20250814,17.9,18,17.7,17.95,145,259
20250815,17.85,17.95,17.75,17.9,186,332
20250818,17.85,17.95,17.8,17.8,70,125
20250819,17.75,17.85,17.55,17.55,143,252
20250820,17.65,17.8,17.35,17.55,187,327
20250821,17.5,17.65,17.45,17.65,82,144
20250822,17.55,17.8,17.4,17.4,132,231
20250825,17.55,18,17.5,17.7,134,238
20250826,17.55,17.7,17.45,17.45,42,74
20250827,17.45,17.9,17.4,17.4,106,186
20250828,17.45,17.5,17.2,17.2,142,245
20250829,17.35,17.35,17.15,17.25,52,90
20250901,17.2,17.3,17.1,17.3,90,154
20250902,17.2,17.45,17.15,17.45,86,149
20250903,17.4,17.6,17.4,17.55,70,123
20250904,17.55,17.65,17.3,17.3,140,245
20250905,17.4,17.55,17.3,17.35,97,169
20250908,17.3,17.5,17.25,17.4,85,148
20250909,17.5,17.6,17.25,17.45,101,176
20250910,17.4,17.55,17.35,17.45,93,163
20250911,17.4,17.45,17.3,17.45,62,108
20250912,17.45,17.85,17.45,17.75,134,237
20250915,17.55,17.95,17.55,17.8,101,180
20250916,17.7,17.8,17.55,17.7,129,228
20250917,17.65,17.8,17.1,17.1,240,417
20250918,17.15,17.4,16.9,16.95,315,537
20250919,16.95,17.2,16.95,17.05,175,299
20250922,17.1,17.2,17,17.1,54,93
20250923,17.05,17.15,16.85,16.95,132,223
20250924,17,17,16.75,16.75,78,132
20250925,16.85,16.95,16.7,16.9,229,386
20250926,16.9,16.9,16.5,16.85,208,347
20250930,16.8,16.85,16.5,16.5,395,658
20251001,16.65,16.8,16.55,16.7,123,205
20251002,16.8,16.95,16.7,16.85,97,164
20251003,16.9,16.9,16.75,16.85,94,158
20251007,16.95,16.95,16.65,16.65,75,126
20251008,16.7,17.1,16.7,17.1,182,308
20251009,17.15,17.45,17,17.4,282,487
20251013,17.4,17.45,16.85,16.85,195,332
20251014,16.9,17,16.6,16.9,314,529
20251015,16.8,16.95,16.65,16.65,90,150
20251016,16.75,16.95,16.7,16.8,97,163
20251017,16.85,17,16.55,16.55,203,340
20251020,16.6,16.7,16.3,16.6,236,389
20251021,16.5,16.6,16.3,16.3,153,252
20251022,16.45,16.6,16.4,16.6,72,119
20251023,16.6,16.65,16.5,16.6,38,63
20251027,16.7,17,16.55,16.85,169,283
20251028,16.9,16.9,16.55,16.85,106,177
20251029,16.9,16.9,16.5,16.5,96,160
20251030,16.5,16.6,16.3,16.55,129,213
20251031,16.55,16.6,16.4,16.6,65,108
20251103,16.5,16.5,16.25,16.25,85,139
20251104,16.25,16.45,16.2,16.45,126,205
20251105,16.3,16.45,16.05,16.45,187,305
20251106,16.4,16.6,16.35,16.45,131,216
20251107,16.45,16.55,16.45,16.5,48,79
20251110,16.5,16.65,16.35,16.6,181,298
20251111,16.55,16.7,16.45,16.65,68,112
20251112,16.6,16.65,16.35,16.65,494,815
20251113,16.65,17.4,16.55,17.1,205,350
20251114,17.05,17.1,16.85,17,208,352
20251117,17.05,17.3,16.85,17.05,113,192
20251118,16.9,16.95,16.5,16.5,101,169
20251119,16.5,16.5,16.15,16.15,161,263
20251120,16.2,16.7,16.2,16.7,102,168
20251121,16.65,16.7,16.3,16.45,75,124
20251124,16.45,16.55,16.4,16.55,37,62
20251125,16.55,16.65,16.45,16.65,132,218
20251126,16.6,16.7,16.55,16.55,248,413
20251127,16.55,16.65,16.5,16.6,43,71
20251128,16.6,16.7,16.55,16.65,128,214
20251201,16.5,16.7,16.4,16.6,120,200
20251202,16.6,16.75,16.6,16.7,140,233
20251203,16.7,16.9,16.65,16.85,98,165
20251204,16.85,16.9,16.75,16.75,111,186
20251205,16.75,16.8,16.5,16.6,201,334
20251208,16.6,16.7,16.45,16.7,103,170
20251209,16.7,16.7,16.5,16.6,71,117
20251210,16.6,16.6,16.45,16.55,104,172
20251211,16.55,16.55,16.25,16.55,209,342
20251212,16.55,16.6,16.25,16.3,203,334
20251215,16.25,16.55,16.15,16.3,136,222
20251216,16.25,16.35,16.1,16.3,128,208
20251217,16.3,16.5,16.25,16.45,103,169
20251218,16.4,16.45,16.25,16.4,105,172
20251219,16.4,16.5,16.3,16.5,183,300
20251222,16.55,16.7,16.4,16.55,121,200
20251223,16.55,16.65,16.4,16.4,70,115
20251224,16.4,16.6,16.35,16.35,58,95
20251226,16.55,16.6,16.4,16.55,52,86
20251229,16.5,16.7,16.45,16.7,252,416
20251230,16.55,16.7,16.35,16.55,914,1508
20251231,16.55,16.6,16.3,16.55,403,662
20260102,16.6,16.7,16.25,16.3,452,743
20260105,16.3,16.4,16.15,16.15,88,144
20260106,16.25,16.35,16.15,16.35,379,616
20260107,16.35,16.45,16.3,16.3,117,191
20260108,16.3,16.4,16.2,16.3,321,523
20260109,16.3,16.45,16.25,16.45,309,504
20260112,16.45,16.55,16.25,16.5,409,670
20260113,16.5,16.55,16.25,16.55,815,1333
20260114,16.45,16.5,16.3,16.3,482,791
20260115,16.35,16.45,16.3,16.45,323,530
20260116,16.4,16.5,16.25,16.5,760,1251
20260119,16.35,16.65,16.3,16.55,347,572
20260120,16.55,16.65,16.4,16.5,157,259
20260121,16.5,16.5,16.3,16.5,544,892
20260122,16.5,16.6,16.3,16.3,136,224
20260123,16.35,16.4,16.2,16.2,154,250
20260126,16.35,16.45,16.2,16.25,197,321
20260127,16.3,16.45,16.25,16.25,89,144
20260128,16.35,16.4,16.15,16.15,159,259
20260129,16.25,16.4,16.2,16.2,112,181
20260130,16.3,16.35,16.25,16.25,99,162
20260202,16.25,16.3,15.75,15.9,381,607
20260203,16.15,16.3,15.95,16.15,114,184
20260204,16.1,16.35,15.95,16.35,161,261
20260205,16.3,16.55,16.15,16.25,128,209
20260206,16.25,16.3,16.1,16.15,123,199
20260209,16.15,16.45,16.1,16.45,233,378
20260210,16.25,16.55,16.25,16.45,251,412
20260211,16.45,16.55,16.3,16.4,169,278
20260223,16.6,16.7,16.45,16.55,251,415
20260224,16.55,16.7,16.35,16.6,221,365
20260225,16.6,16.7,16.35,16.45,145,240
20260226,16.45,16.7,16.35,16.7,198,327
20260302,16.65,16.65,16.35,16.5,172,283
20260303,16.35,16.55,16,16.05,369,598
20260304,15.85,16.2,15.5,15.5,244,384
20260305,15.75,16.15,15.6,15.8,235,372
20260306,15.7,16.05,15.7,16,185,293
20260309,15.45,15.9,15,15.9,450,688
20260310,15.95,16.1,15.55,15.8,202,319
20260311,15.95,16.05,15.8,15.85,148,235
20260312,15.7,15.85,15.65,15.85,164,259
20260313,15.55,15.85,15.55,15.85,218,341
20260316,15.85,16.05,15.6,15.85,367,578
20260317,15.85,15.85,15.45,15.45,363,567
20260318,15.65,15.75,15.5,15.7,123,192
20260319,15.5,15.75,15.5,15.6,98,154
20260320,15.55,15.55,15.05,15.1,373,572
20260323,14.95,15.1,14.8,14.9,494,739
20260324,15,15.15,14.7,14.9,159,237
20260325,15.05,15.3,14.95,15.15,190,288
20260326,15.2,15.6,15.1,15.35,156,240
20260327,15.25,15.4,15.25,15.35,15,24
20260330,15,15.4,14.95,15.4,150,228
20260331,15.25,15.4,15.05,15.3,178,271
20260401,15.25,15.35,14.95,14.95,425,642
20260402,15,15.1,14.4,14.4,422,619
20260407,14.35,14.7,14.35,14.45,169,245
20260408,14.6,15,14.6,15,186,277
20260409,15.05,15.4,15,15.4,185,281
20260410,15.4,15.55,15.2,15.2,127,195
20260413,15.25,15.3,15.05,15.15,169,257
20260414,15.35,15.55,15.25,15.45,183,283
20260415,15.55,15.75,15.45,15.7,185,287
20260416,15.75,16.1,15.75,15.95,283,450
20260417,15.85,16,15.5,15.85,175,276
20260420,15.85,15.9,15.5,15.5,155,243
20260421,15.7,15.75,15.4,15.6,123,192
20260422,15.7,15.7,15.05,15.1,154,235
20260423,15.1,15.2,14.75,14.75,255,378
20260424,14.8,15,14.65,14.95,303,450
20260427,15,15,14.7,14.9,141,210
20260428,15,15.05,14.85,15.05,67,101
20260429,15.15,15.85,15.05,15.6,326,501
20260430,15.75,15.85,15,15.4,250,383
20260504,15.25,15.4,15,15,150,227
20260505,15.1,15.1,14.8,15.05,211,316
20260506,15.15,15.2,14.95,15.1,115,174
20260507,15.05,15.25,14.95,15.1,149,224
20260508,15.25,15.35,14.85,15,126,189
20260511,15,15.35,14.75,15.35,186,280
20260512,15.3,15.3,14.7,15,136,204
20260513,14.85,14.95,14.4,14.4,356,518
20260514,14.4,14.55,14.1,14.4,273,390
20260515,14.4,14.5,14.15,14.2,128,183
20260518,14.2,14.35,14,14.2,312,443
20260519,14.2,14.2,14,14.2,91,129
20260520,14.1,14.1,13.9,13.9,126,177
20260521,14,14.2,13.9,14.2,299,419
20260522,14,14.2,14,14.2,152,214
20260525,14.2,14.25,13.9,14,506,712
20260526,14,14.1,13.9,14,168,235
20260527,13.95,14.15,13.95,14.1,245,344
20260528,14,14.05,13.9,14,119,166
20260529,14.1,14.6,14.1,14.6,268,385
20260601,14.6,14.7,14.3,14.6,576,833
20260602,14.6,14.6,14.25,14.5,165,238
20260603,14.6,15.95,14.4,15.95,1377,2159
20260604,16.8,17.25,15.95,16,1124,1840
20260605,16,16,15.5,16,630,993
20260608,15.5,15.5,15.15,15.4,400,615
20260609,15.25,15.5,15.2,15.4,237,362
20260610,15.3,15.5,15.25,15.4,281,432
20260611,15.4,15.5,15.2,15.4,186,285
20260612,15.4,15.65,15.4,15.45,122,189
20260615,15.6,16.4,15.5,15.8,453,717
20260616,15.9,15.95,15.75,15.75,167,264
20260617,15.75,15.8,15.55,15.75,408,642
20260618,15.75,15.8,15.45,15.55,266,414
20260622,15.55,15.6,15.4,15.5,173,268
20260623,15.55,15.75,15.35,15.55,184,287
20260624,15.35,15.6,15.35,15.5,66,103
20260625,15.5,15.6,15.3,15.3,237,367
20260626,15.25,15.45,14.8,14.9,327,489
20260629,14.95,15.05,14.85,15,127,190
20260630,15.05,15.65,15,15.65,339,514
20260701,15.65,15.8,15.4,15.5,488,759
20260702,15.55,15.8,15.5,15.7,309,483
20260703,15.55,16,15.55,15.95,478,755
20260706,16,16.3,15.9,15.9,453,730
20260707,16,16.15,15.75,15.8,240,381
20260708,15.7,16.05,15.7,15.95,199,316
20260709,15.85,16,15.6,15.6,118,185
20260713,15.6,15.8,15.55,15.7,179,281
20260714,15.8,15.85,15.6,15.75,256,403
20260715,15.8,16.2,15.75,16.15,497,798
20260716,16.15,16.15,15.7,16.1,195,312
20260717,15.95,16.25,15.65,15.7,344,548
20260720,15.95,16.05,15.8,15.95,196,312
20260721,16,16.15,15.85,16.05,143,230
20260722,16,16.15,15.95,16,241,386
20260723,16.05,16.15,15.85,16.05,114,183
20260724,15.9,16,15.85,15.95,125,199
20260727,16,16.05,15.85,16,165,264
20260728,15.75,15.9,15.75,15.9,154,243
20260729,16,16.15,15.6,16.05,381,608
20260730,16.1,16.15,15.9,16.1,275,442
20260731,16,16.25,15.8,16.15,1054,1685
20260803,15.9,16.1,15.9,16,51,82
20260804,15.8,16,15.7,15.9,292,462
20260805,15.85,16.05,15.7,15.9,218,346
20260806,15.75,15.95,15.6,15.8,365,575
20260807,15.75,15.95,15.75,15.9,180,285
20260810,15.95,16.45,15.9,16.3,479,778
20260811,16.3,16.35,16.05,16.3,249,405
20260812,16.3,16.45,16.2,16.3,213,348
20260813,16.3,16.6,16.05,16.6,275,450
20260814,16.45,16.5,15.95,15.95,238,385
20260817,15.95,16.2,15.85,16.1,323,518
20260818,15.95,16.15,15.85,15.85,344,548
20260819,15.8,16.1,15.7,15.9,497,785
20260820,16.05,16.2,15.95,16,101,163
20260821,16.1,16.15,16,16.1,280,451
20260824,15.95,16.1,15.85,15.9,138,220
20260825,15.85,16.05,15.85,15.95,88,141
20260826,16,16.15,15.9,16,106,170
20260827,16.05,16.05,15.85,15.95,168,268
20260828,16.05,16.05,15.9,15.95,25,40
20260831,15.85,15.95,15.8,15.95,304,483
20260901,15.9,16.1,15.9,16.1,219,350
20260902,15.9,16.1,15.85,16.1,202,322
20260903,15.95,16.15,15.95,16.1,97,156
20260904,16,16.35,16,16.3,208,337
20260907,16.45,16.45,15.9,15.9,304,490
20260908,15.85,16.05,15.85,16,84,133
20260909,15.9,16.05,15.85,16.05,60,95
20260910,15.9,16,15.85,16,224,356
20260911,15.75,15.85,15.55,15.85,429,674
20260914,15.65,15.85,15.55,15.55,147,229
20260915,15.65,15.65,15.4,15.4,524,809
20260916,15.4,15.45,15.25,15.45,258,396
20260917,15.45,15.5,15.35,15.5,361,556
20260918,15.5,15.55,15.35,15.5,149,230
