# date,open,high,low,close,lot,wan
20250814,77.9,78.4,77.6,78.2,7387,57687
20250815,78.6,78.8,77.7,78.8,8068,63186
20250818,78.5,78.6,77.5,77.8,8219,63922
20250819,77.6,77.6,77,77.3,7568,58442
20250820,77.2,77.4,76.8,77.1,7786,59955
20250821,77.7,78.3,77.3,77.8,9005,69960
20250822,78.2,78.4,77.3,77.5,8817,68499
20250825,77.8,78.1,77.3,77.8,8329,64621
20250826,77.5,77.5,76.3,76.3,18617,142592
20250827,76.4,77.2,76.2,76.7,7397,56758
20250828,76.5,77.9,76.4,77.7,11199,86809
20250829,77.9,78.1,77.2,77.4,11741,91228
20250901,77.4,77.9,77.1,77.4,3943,30594
20250902,77.3,78.2,77.3,78.2,5378,41945
20250903,78.1,78.3,77.7,77.9,4423,34490
20250904,78,78.3,77.7,78.1,5443,42505
20250905,78.2,78.5,78.1,78.1,4948,38732
20250908,78.1,79.1,78.1,78.9,6877,54061
20250909,78.9,79.8,78.7,79.4,11415,90648
20250910,79.4,79.9,79.1,79.5,9586,76335
20250911,79.3,79.7,78.7,78.9,7989,63296
20250912,79,79.5,78.8,79.3,5800,45889
20250915,78.7,79.4,78.6,79.2,4977,39382
20250916,79.5,79.6,78.8,79.4,7280,57742
20250917,79,79.3,78.4,79,5502,43388
20250918,79.3,79.4,78.5,79.2,5473,43270
20250919,79.2,79.2,78.4,78.4,12961,101788
20250922,78.8,78.8,78.3,78.6,5592,43919
20250923,78.2,78.5,78.2,78.4,8343,65355
20250924,78.5,79.1,78.3,79.1,7610,60114
20250925,79.1,79.4,78.2,78.3,9414,73896
20250926,78.7,78.7,78,78.4,6958,54532
20250930,78.9,79,78.2,78.4,9552,74971
20251001,77.8,78.7,77.8,78.3,5750,45040
20251002,78.4,78.6,78,78,6015,47020
20251003,78.1,78.1,77.3,77.4,5871,45540
20251007,77.2,78.2,77.2,78.1,5996,46694
20251008,78.3,78.4,77.8,78,6292,49092
20251009,77.9,78.3,77.6,77.6,4285,33322
20251013,78,78,76.7,77.6,10440,80842
20251014,77.5,78.6,77.5,78,10419,81489
20251015,77.8,78.5,77.5,77.5,6695,52027
20251016,77.3,78.3,77.3,77.6,4947,38418
20251017,78,78.9,78,78.2,7232,56704
20251020,78.6,79.1,78.2,78.7,3720,29238
20251021,78.8,79.2,78.6,79.1,5299,41843
20251022,79.2,79.4,78.8,78.9,5672,44864
20251023,78.9,80,78.9,79.9,10248,81651
20251027,80,80.2,79,79,8317,66054
20251028,79.3,79.4,78.7,79,4271,33693
20251029,79,79.4,78.3,78.8,6089,47926
20251030,78.4,79.6,78.4,79.6,6289,49748
20251031,79.7,79.7,78.7,78.7,6507,51300
20251103,78.1,78.9,78,78.1,4997,39092
20251104,77.7,78.1,77.7,78.1,5672,44219
20251105,77.9,78.1,77.1,78.1,7189,55866
20251106,78.4,78.6,77.4,77.5,6894,53539
20251107,77.3,77.3,75.6,76.4,10650,81218
20251110,76.4,76.4,75,75.5,10535,79447
20251111,75.5,75.5,74.2,75,14118,105475
20251112,75,75.9,74.8,75.3,7996,60373
20251113,75.1,75.4,74.6,74.8,11530,86358
20251114,74.6,75.9,74.4,75.2,6898,51964
20251117,75.5,75.8,75.1,75.1,8201,61779
20251118,74.6,75.5,74.5,75,10027,75145
20251119,75.5,75.6,74.7,74.8,7652,57349
20251120,75.2,75.5,74.8,75,6409,48164
20251121,75,75.7,74.7,74.8,12391,93043
20251124,75,75.5,74.8,74.9,16609,124704
20251125,74.8,75.4,74.8,74.9,7549,56717
20251126,75.1,75.4,74.9,75.2,7724,58057
20251127,75,77.2,75,76.6,11703,89384
20251128,76.6,77,76.2,76.5,4751,36340
20251201,76.2,77.1,76.1,76.5,6017,46129
20251202,77,77.3,75.7,75.7,7756,58977
20251203,76.3,76.5,75.3,75.3,5877,44445
20251204,75.5,75.8,75.2,75.7,5136,38780
20251205,75.5,76.4,75.4,76.4,5753,43720
20251208,76.5,76.7,75.3,75.3,6599,49929
20251209,75.3,75.5,74.8,74.8,7314,54812
20251210,75.5,76,75,75,6073,45777
20251211,75.5,75.5,74.7,74.7,6353,47548
20251212,75.2,75.4,74.9,74.9,2947,22132
20251215,75,75.5,74.6,75.1,6552,49223
20251216,74.7,75.4,74.7,74.7,14333,107457
20251217,74.8,77.1,74.7,76.9,31370,239405
20251218,76.3,79.8,75.1,79,34306,267785
20251219,78.4,80,76,78.4,45938,361234
20251222,77.5,78.9,76.6,77.8,36678,286162
20251223,77,78.5,76.9,77.3,20072,155826
20251224,77.1,79,76.5,78.4,23928,186753
20251226,77.9,80.5,77.2,80.5,27059,215098
20251229,79.8,80.5,78.5,79.6,10769,85841
20251230,78.7,79.1,77.8,77.8,7924,62139
20251231,77.6,77.8,77,77.1,8191,63385
20260102,77.1,77.6,76.2,77.4,8792,67594
20260105,76.8,77.8,76.5,77,10628,81977
20260106,77,77.7,75.9,76.2,13356,102466
20260107,75.8,76.4,75.2,75.3,16832,127069
20260108,75.3,76.1,75.3,75.6,11661,88335
20260109,75.8,76.4,75.1,75.3,21452,161753
20260112,75.6,76.1,75.3,75.6,9238,69864
20260113,76,76.8,75.7,76.1,12080,91942
20260114,76.1,76.4,75.5,75.5,6693,50691
20260115,75.8,76.3,75.6,76,7695,58411
20260116,75.7,75.8,75,75.4,14557,109575
20260119,75.4,75.4,74.7,74.7,10024,75122
20260120,74.6,75,74.4,74.5,9130,68077
20260121,74.5,74.7,74.1,74.3,8055,59898
20260122,74.6,74.9,74.1,74.1,7928,58855
20260123,74.2,74.5,73.6,73.6,10183,75222
20260126,73.6,74.2,73,73.5,9880,72660
20260127,74,74.1,73,73,9084,66577
20260128,73.5,73.5,72.2,72.7,12445,90401
20260129,72.5,73.4,72.3,72.4,8828,64101
20260130,72.6,72.6,71.7,71.7,12294,88348
20260202,72.3,72.3,71.3,71.6,7256,52023
20260203,72.1,72.8,72,72.5,6180,44783
20260204,72.4,72.5,72,72.1,6282,45343
20260205,72.2,73.6,72.2,73.3,8268,60513
20260206,73.3,74.2,73,74.2,8807,64968
20260209,74.4,74.4,73.2,73.2,7887,57960
20260210,73.3,73.5,72.8,73,7810,57006
20260211,73.8,73.8,73.3,73.4,7587,55795
20260223,75.4,76,74.5,75.1,20495,154071
20260224,75,75.1,74,74,13714,101883
20260225,74.6,75,74.3,74.7,12336,92091
20260226,74.1,74.1,72.5,72.5,25710,187360
20260302,73.5,73.8,72.8,73.6,15888,116654
20260303,73.1,73.9,72.9,73.9,11131,81944
20260304,73,73.4,71.6,71.6,12206,87836
20260305,72.7,73.2,71,71.2,11528,82455
20260306,70.9,72,70.6,71.9,9019,64498
20260309,70,71.3,70,70.8,14426,101940
20260310,71.4,71.4,70,70.2,10723,75443
20260311,70.7,70.8,70.2,70.2,5994,42221
20260312,70.2,70.7,70,70.1,13513,94876
20260313,70,70.6,69.9,70,10867,76178
20260316,70.2,71.1,70,70.5,9971,70317
20260317,70.6,71.7,70.6,70.9,11363,80974
20260318,71.7,71.7,70.9,71.4,8968,63895
20260319,71.1,71.2,70.3,70.4,11103,78526
20260320,70.4,71.2,70.2,70.2,15346,108072
20260323,70,70.2,69.5,69.5,12507,87356
20260324,69.5,70.5,69.1,70.1,8754,61138
20260325,70.9,70.9,69.6,70.7,9539,66934
20260326,71,71.7,70.5,71.3,6168,43936
20260327,71,72.5,70.9,72,9220,66464
20260330,71.3,72.3,71.3,71.9,13623,98053
20260331,71.5,72.1,70.8,71,15360,109551
20260401,71.8,72.2,71.2,71.9,9479,68133
20260402,72.2,73,72.2,72.4,7272,52744
20260407,72.4,72.9,72.3,72.5,6373,46295
20260408,73.3,73.3,72,72.7,8276,60133
20260409,72.5,72.7,71.6,72,7472,53776
20260410,71,72.4,71,71.8,13671,98019
20260413,71.8,72.2,71.4,72,8447,60732
20260414,72.5,72.5,71.8,72.1,7905,57067
20260415,72.5,72.8,72.1,72.6,11845,85812
20260416,72.8,73.3,72.4,73,8509,61938
20260417,73.3,73.6,72.9,73.5,9430,69175
20260420,73.5,73.7,72.5,72.6,12685,92392
20260421,72.6,72.8,71.9,72,10950,79038
20260422,72.1,72.6,72,72.4,11203,81011
20260423,71.5,72.2,71.3,71.9,13965,100292
20260424,72,72.2,71.5,71.5,11246,80745
20260427,71.3,71.7,70.5,70.5,10369,73611
20260428,70.8,71.1,70,70.6,8199,57839
20260429,70.5,70.6,69.8,70,15239,106641
20260430,69.7,70,69.3,69.3,14126,98180
20260504,70,70.2,69.4,69.6,12774,89006
20260505,69.9,69.9,69.1,69.1,10848,75078
20260506,69.6,69.6,68.5,68.7,16463,113288
20260507,68.7,69.9,68.7,69.4,19155,132716
20260508,70.2,73.4,70,73.2,35053,252951
20260511,73,74.2,72.5,73.9,15954,117368
20260512,73.9,74.7,73.1,73.1,15905,117504
20260513,73.5,75.6,73.2,75.2,24861,186178
20260514,74.6,75.6,74.6,74.8,12388,93005
20260515,75,76.7,74.9,75.7,17694,134506
20260518,76.2,76.4,74.1,74.7,10539,78879
20260519,75.6,75.6,74.5,74.8,12364,92722
20260520,74.8,74.8,72.7,73.4,13838,101599
20260521,73.5,73.8,72.6,73.1,13692,99928
20260522,72.8,72.9,71.4,71.5,18384,131929
20260525,72,72,71.2,71.2,13633,97491
20260526,71.3,71.9,70.8,70.8,17787,126500
20260527,70.8,71.2,70,70.2,21424,151209
20260528,70.8,71.5,70.4,70.8,22408,159100
20260529,71.6,73.1,70.8,71.8,38843,280002
20260601,72.1,74.3,72.1,73.7,26071,192007
20260602,73.3,74.3,72,74.2,25835,189731
20260603,74.5,74.5,72.9,73.3,15797,116165
20260604,73.3,74.4,73.1,73.6,14833,109652
20260605,73.5,74.3,73.5,73.8,9454,69867
20260608,73.1,74,72.4,72.9,12796,93686
20260609,73,75,73,74.1,14802,109924
20260610,73.3,74.7,73.3,74.4,16701,123888
20260611,74.4,75.6,74.4,75.6,14586,109618
20260612,75.6,76.7,75.6,76.5,14052,107291
20260615,77.6,77.7,75.6,76.3,15440,118043
20260616,76.4,76.4,75.4,75.6,8209,62154
20260617,75.6,76,74.7,76,10988,82981
20260618,76.3,76.4,74.5,74.5,28282,211538
20260622,74.9,74.9,74,74.3,14851,110479
20260623,74.6,75.5,73.9,75.1,17233,129223
20260624,75,75.5,74.5,75.1,19341,145196
20260625,75,76.4,74.6,75.6,17674,133869
20260626,74.9,75.7,74.6,74.6,9814,73472
20260629,75.5,75.9,74.9,75.7,9581,72422
20260630,76.3,76.3,74.5,74.5,11851,88679
20260701,74.5,74.7,73.8,74.5,8877,64990
20260702,74.5,75.4,74.4,74.9,10377,77869
20260703,74.6,77.2,74.6,76.3,16112,123483
20260706,76.4,78.4,76.4,77.8,22603,175836
20260707,77.8,78.7,77.7,78,20180,157795
20260708,78,79,77.9,78.6,21798,171126
20260709,78.3,79,78.2,78.4,18982,149316
20260713,78,79.4,78,78.5,20557,162243
20260714,78.6,78.6,77.5,78.5,18045,140887
20260715,78.5,79.4,78,78.6,24165,190083
20260716,78.1,79.5,77.6,79,23084,181399
20260717,78.5,80,78.5,80,30855,245117
20260720,80.1,80.7,78.9,80.3,30473,243674
20260721,79.9,80.3,79.2,79.6,22150,176696
20260722,79.3,79.3,75.5,76.8,28491,219202
20260723,76.7,77,75.5,77,20524,156623
20260724,75.9,77.7,75.9,77.4,15559,119982
20260727,78.7,79,77.1,77.1,14205,110527
20260728,77.2,77.8,76.6,77.4,16223,125279
20260729,77.6,78.2,76.9,78.2,23042,179066
20260730,76.8,76.8,73.7,75.6,37473,280130
20260731,76.6,76.6,73.6,73.8,33716,250546
20260803,73.6,74,72.7,73,16576,121053
20260804,72.5,73.9,72.4,73.9,25972,190121
20260805,74,74,72.7,73.2,17478,127664
20260806,72.8,73.9,72.5,73,22305,162725
20260807,73.6,75.7,73.5,75.7,27739,207899
20260810,75.7,75.7,74.6,75.5,10662,80206
20260811,75.1,75.9,74.9,75.9,12355,93342
20260812,75.8,76.3,75.4,76.3,9945,75641
20260813,76.5,76.5,75.1,76.3,13841,104935
20260814,76.2,76.3,75.4,75.8,6902,52229
20260817,75.4,75.7,74.6,75.2,9455,70891
20260818,75,76.2,74.7,76.2,9101,68850
20260819,76.2,77.5,75.6,77.5,16977,130450
20260820,77.5,78.2,77.2,78.2,18476,143808
20260821,78.1,78.6,77,77.5,15353,119179
20260824,76.8,77.5,76.2,77.4,12987,100018
20260825,77.6,78.5,77.3,77.9,13129,102330
20260826,77.4,77.7,76.9,77.7,9398,72671
20260827,77.9,77.9,76.5,77.1,7682,59128
20260828,76.5,76.5,75.2,75.7,11007,83397
20260831,75.7,76.2,75.1,76.2,14438,109736
20260901,76.7,76.7,75.3,76.2,10787,81899
20260902,75.7,76.6,75.5,76.6,7494,56980
20260903,76.6,76.6,75.6,75.6,7290,55284
20260904,75.8,75.8,75.1,75.6,6727,50790
20260907,76.2,76.2,74.9,75.2,6437,48402
20260908,75.3,76.7,75.1,76.7,12647,96461
20260909,76.2,76.7,75.6,76,8533,64817
20260910,75.4,76,75.3,75.6,9305,70312
20260911,75.1,75.3,74.8,75,7644,57331
20260914,74.6,75.3,74.6,74.6,9396,70281
20260915,74.9,74.9,73.9,74.5,10617,78833
20260916,74.8,74.8,74.2,74.5,7214,53707
20260917,74.7,75.6,74.5,75.5,9417,70904
20260918,75.5,75.5,74.9,75,17030,127889
20260921,75,75,74.5,74.7,3922,29332
20260922,75.2,75.3,74.4,74.6,6519,48660
