# date,open,high,low,close,lot,wan
20250814,13.85,14,13.8,14,160,222
20250815,13.95,13.95,13.8,13.9,237,328
20250818,13.9,13.9,13.7,13.8,315,434
20250819,13.8,13.8,13.65,13.7,204,280
20250820,13.7,13.7,13.55,13.6,191,261
20250821,13.6,13.85,13.6,13.85,150,206
20250822,13.85,13.95,13.7,13.85,174,240
20250825,13.85,13.95,13.75,13.75,134,185
20250826,13.7,13.8,13.5,13.65,197,269
20250827,13.6,13.75,13.6,13.6,141,193
20250828,13.6,13.65,13.55,13.6,161,218
20250829,13.6,13.7,13.55,13.65,144,195
20250901,13.6,13.6,13.45,13.55,245,331
20250902,13.6,13.6,13.5,13.6,137,186
20250903,13.55,13.6,13.35,13.55,401,540
20250904,13.6,13.7,13.5,13.7,205,279
20250905,13.65,13.65,13.55,13.6,70,95
20250908,13.6,13.8,13.5,13.55,176,240
20250909,13.55,13.65,13.5,13.65,145,197
20250910,13.55,13.6,13.45,13.5,229,309
20250911,13.45,13.5,13.4,13.5,340,457
20250912,13.5,13.55,13.4,13.5,129,174
20250915,13.4,13.65,13.35,13.4,141,190
20250916,13.4,13.5,13.4,13.4,148,199
20250917,13.45,13.5,13.35,13.4,113,151
20250918,13.5,13.5,13.35,13.35,182,244
20250919,13.35,13.45,13.3,13.45,285,381
20250922,13.45,13.45,13.35,13.4,93,124
20250923,13.4,13.4,13.3,13.35,215,287
20250924,13.35,13.45,13.35,13.45,141,189
20250925,13.5,13.65,13.5,13.55,179,243
20250926,13.5,13.55,13.35,13.45,140,188
20250930,13.5,13.55,13.4,13.55,141,189
20251001,13.5,13.55,13.45,13.5,58,78
20251002,13.5,13.55,13.45,13.5,285,384
20251003,13.5,13.55,13.45,13.55,90,122
20251007,13.55,13.65,13.5,13.55,230,312
20251008,13.6,13.6,13.5,13.55,87,118
20251009,13.55,13.6,13.5,13.6,107,146
20251013,13.5,13.6,13.5,13.5,169,229
20251014,13.55,13.65,13.45,13.5,449,608
20251015,13.6,13.65,13.5,13.55,497,674
20251016,13.6,13.6,13.5,13.6,137,186
20251017,13.6,13.6,13.5,13.6,110,149
20251020,13.6,13.6,13.55,13.6,230,312
20251021,13.65,13.65,13.55,13.55,210,285
20251022,13.55,14.3,13.45,14.3,2099,2926
20251023,14.7,15.2,14.15,14.25,5836,8631
20251027,14.95,14.95,14,14.15,2493,3551
20251028,14.25,14.25,13.7,13.75,1172,1618
20251029,13.75,13.75,13.6,13.7,533,728
20251030,13.7,13.7,13.55,13.65,411,559
20251031,13.8,13.8,13.6,13.65,364,497
20251103,13.65,13.65,13.5,13.65,375,509
20251104,13.65,13.65,13.5,13.5,357,483
20251105,13.5,13.55,13.35,13.45,243,327
20251106,13.6,13.6,13.5,13.55,145,197
20251107,13.5,13.7,13.5,13.7,170,232
20251110,13.7,13.7,13.5,13.6,135,183
20251111,13.6,13.65,13.5,13.65,276,374
20251112,13.7,13.7,13.55,13.65,109,149
20251113,13.7,13.7,13.6,13.65,227,310
20251114,13.65,13.75,13.6,13.65,95,130
20251117,13.65,13.65,13.5,13.65,194,264
20251118,13.55,13.65,13.5,13.6,305,413
20251119,13.65,13.65,13.35,13.5,340,457
20251120,13.45,13.55,13.45,13.5,98,133
20251121,13.55,13.55,13.4,13.55,156,210
20251124,13.6,13.7,13.5,13.7,156,212
20251125,13.7,13.7,13.5,13.55,118,160
20251126,13.55,13.6,13.5,13.6,138,187
20251127,13.55,13.65,13.5,13.65,82,112
20251128,13.55,13.65,13.5,13.6,118,160
20251201,13.55,13.65,13.55,13.55,196,266
20251202,13.65,13.7,13.6,13.7,449,614
20251203,13.7,13.8,13.6,13.75,231,316
20251204,13.8,13.85,13.75,13.85,166,229
20251205,13.85,13.85,13.75,13.8,229,315
20251208,13.9,13.9,13.8,13.85,120,166
20251209,13.8,13.9,13.7,13.8,157,216
20251210,13.7,13.9,13.7,13.7,74,101
20251211,13.65,13.65,13.6,13.6,109,148
20251212,13.65,13.65,13.5,13.55,179,242
20251215,13.55,13.65,13.5,13.55,161,218
20251216,13.5,13.6,13.45,13.5,119,161
20251217,13.5,13.55,13.45,13.5,99,134
20251218,13.5,13.55,13.45,13.5,110,148
20251219,13.45,13.6,13.4,13.6,243,328
20251222,13.7,13.7,13.45,13.5,99,133
20251223,13.5,13.6,13.45,13.5,94,127
20251224,13.5,13.5,13.45,13.45,116,156
20251226,13.5,13.55,13.45,13.45,87,117
20251229,13.45,13.5,13.4,13.5,104,140
20251230,13.5,13.5,13.45,13.45,162,218
20251231,13.5,13.5,13.4,13.45,200,268
20260102,13.5,13.5,13.4,13.45,164,220
20260105,13.45,13.45,13.2,13.35,567,756
20260106,13.35,13.35,13.2,13.3,450,597
20260107,13.3,13.35,13.25,13.3,301,399
20260108,13.35,13.45,13.3,13.35,199,265
20260109,13.5,13.5,13.35,13.5,145,195
20260112,13.4,13.55,13.35,13.45,289,390
20260113,13.5,13.55,13.35,13.55,232,313
20260114,13.6,13.65,13.55,13.6,263,359
20260115,13.65,13.7,13.6,13.7,348,475
20260116,13.7,13.7,13.45,13.55,411,557
20260119,13.45,13.6,13.4,13.5,306,414
20260120,13.45,13.55,13.4,13.45,229,309
20260121,13.4,13.45,13.35,13.35,396,531
20260122,13.35,13.5,13.35,13.45,278,373
20260123,13.45,13.5,13.4,13.5,130,175
20260126,13.5,13.6,13.45,13.5,254,343
20260127,13.5,13.5,13.4,13.45,292,392
20260128,13.5,13.5,13.35,13.5,283,379
20260129,13.5,13.55,13.45,13.5,170,229
20260130,13.5,13.6,13.5,13.55,300,405
20260202,13.55,13.55,13.35,13.5,327,439
20260203,13.45,13.55,13.4,13.5,127,171
20260204,13.5,13.6,13.45,13.5,368,498
20260205,13.5,13.6,13.5,13.55,142,192
20260206,13.55,13.6,13.5,13.55,180,244
20260209,13.55,13.6,13.5,13.55,133,181
20260210,13.6,13.6,13.45,13.6,158,213
20260211,13.6,13.6,13.4,13.55,424,573
20260223,13.6,13.7,13.5,13.65,552,752
20260224,13.65,13.75,13.5,13.65,221,301
20260225,13.65,13.65,13.5,13.6,285,387
20260226,13.55,13.7,13.55,13.65,241,328
20260302,13.65,13.7,13.55,13.55,345,470
20260303,13.55,13.6,13.5,13.55,166,225
20260304,13.55,13.6,13.35,13.4,512,687
20260305,13.45,13.45,13.3,13.35,213,285
20260306,13.4,13.5,13.3,13.5,152,204
20260309,13.55,13.95,13.35,13.9,1039,1427
20260310,13.9,13.9,13.55,13.65,412,564
20260311,13.55,13.75,13.45,13.5,301,407
20260312,13.5,13.65,13.4,13.5,333,449
20260313,13.55,13.6,13.45,13.55,156,211
20260316,13.6,13.8,13.5,13.55,471,640
20260317,13.55,13.6,13.45,13.55,250,338
20260318,13.65,13.65,13.5,13.55,278,377
20260319,13.55,13.65,13.5,13.55,279,378
20260320,13.55,13.65,13.5,13.6,236,320
20260323,13.65,13.9,13.45,13.65,746,1019
20260324,13.75,13.75,13.55,13.65,158,215
20260325,13.7,13.75,13.55,13.75,340,466
20260326,13.85,13.9,13.55,13.8,735,1012
20260327,13.7,13.95,13.65,13.9,323,446
20260330,13.8,14.2,13.75,14.2,864,1214
20260331,14.3,14.35,13.85,13.95,854,1196
20260401,14.1,14.1,13.85,13.95,421,588
20260402,14.05,14.25,13.75,13.9,423,589
20260407,13.9,14,13.7,13.8,435,602
20260408,13.9,13.9,13.65,13.8,494,680
20260409,13.8,14.1,13.75,13.95,1244,1737
20260410,13.95,14.4,13.95,14.2,684,972
20260413,14.25,14.85,14.2,14.6,2348,3402
20260414,14.8,14.8,14.2,14.35,754,1081
20260415,14.3,14.6,14.15,14.6,1316,1886
20260416,14.5,14.5,14,14.15,1178,1670
20260417,14.1,14.3,14,14.3,419,594
20260420,14.3,14.3,14.05,14.1,440,622
20260421,14.1,14.15,14,14.05,342,481
20260422,14.05,14.05,13.9,14,370,518
20260423,13.95,14,13.55,13.65,786,1078
20260424,13.65,13.65,13.5,13.6,329,446
20260427,13.55,13.55,13.3,13.55,847,1134
20260428,13.6,13.6,13.45,13.55,275,372
20260429,13.55,13.65,13.5,13.5,220,298
20260430,13.5,13.5,13.4,13.5,215,290
20260504,13.45,13.5,13.45,13.45,377,507
20260505,13.45,13.45,13.3,13.45,582,778
20260506,13.45,13.45,13.35,13.4,532,712
20260507,13.4,13.45,13.3,13.4,519,693
20260508,13.4,13.45,13.35,13.4,334,448
20260511,13.4,13.4,13.25,13.3,838,1116
20260512,13.35,13.35,13.2,13.2,550,728
20260513,13.2,13.2,13,13.1,1007,1315
20260514,13,13.1,12.95,12.95,621,806
20260515,12.95,13,12.75,12.8,1148,1473
20260518,12.9,12.9,12.45,12.5,983,1233
20260519,12.5,12.65,12.5,12.65,384,483
20260520,12.6,12.6,12.45,12.5,707,885
20260521,12.5,12.6,12.5,12.5,422,528
20260522,12.55,12.55,12.4,12.45,585,730
20260525,12.4,12.55,12.3,12.45,598,742
20260526,12.55,12.65,12.45,12.5,400,500
20260527,12.5,12.5,12.35,12.35,538,669
20260528,12.35,12.5,12.3,12.5,288,358
20260529,12.5,12.65,12.5,12.65,334,419
20260601,12.65,12.75,12.55,12.7,717,910
20260602,12.7,12.8,12.65,12.75,519,659
20260603,12.75,12.95,12.75,12.9,660,849
20260604,12.9,13.1,12.9,13,717,931
20260605,13,13.1,12.95,13,1031,1339
20260608,12.25,12.45,12.15,12.45,719,890
20260609,12.3,12.6,12.3,12.5,600,748
20260610,12.35,12.55,12.35,12.5,405,506
20260611,12.65,12.65,12.4,12.5,205,256
20260612,12.45,12.55,12.4,12.5,363,453
20260615,12.65,12.65,12.5,12.5,306,384
20260616,12.55,12.6,12.5,12.55,329,413
20260617,12.5,12.6,12.45,12.6,330,413
20260618,12.55,12.6,12.5,12.6,269,338
20260622,12.55,12.6,12.45,12.5,500,626
20260623,12.6,12.6,12.4,12.45,475,591
20260624,12.45,12.5,12.35,12.35,210,261
20260625,12.5,12.55,12.4,12.5,203,254
20260626,12.4,12.5,12.35,12.4,172,213
20260629,12.5,12.55,12.35,12.55,460,573
20260630,12.55,12.55,12.45,12.5,254,318
20260701,12.5,12.5,12.35,12.45,213,264
20260702,12.3,12.4,12.15,12.4,858,1055
20260703,12.15,12.45,12.1,12.4,1231,1512
20260706,12.2,12.4,12.2,12.35,1433,1761
20260707,12.35,12.4,12.25,12.3,589,724
20260708,12.25,12.3,12.15,12.2,989,1207
20260709,12.1,12.25,12,12.2,961,1164
20260713,12.35,12.35,11.75,11.9,2682,3188
20260714,11.9,11.9,11.65,11.8,986,1158
20260715,11.8,12.2,11.75,12.2,1020,1226
20260716,12.2,12.45,12.15,12.4,711,879
20260717,12.3,12.35,12.1,12.15,722,879
20260720,12.15,12.15,11.6,11.75,1631,1916
20260721,11.75,11.75,11.5,11.7,724,841
20260722,11.6,11.7,11.6,11.65,645,753
20260723,11.65,11.65,11.55,11.65,960,1113
20260724,11.55,11.85,11.55,11.85,445,522
20260727,11.85,11.85,11.6,11.65,467,544
20260728,11.6,11.7,11.5,11.65,484,561
20260729,11.75,11.75,11.55,11.65,592,689
20260730,11.65,11.7,11.55,11.65,514,599
20260731,11.7,11.95,11.35,11.4,1337,1536
20260803,11.3,11.3,10.95,11,1419,1572
20260804,11.05,11.05,10.65,10.75,890,960
20260805,10.75,10.75,10.45,10.6,1150,1214
20260806,10.5,10.65,10.5,10.65,654,692
20260807,10.65,10.75,10.6,10.75,405,434
20260810,10.75,10.85,10.6,10.8,625,670
20260811,10.8,10.85,10.75,10.85,341,368
20260812,10.8,11,10.7,10.95,496,539
20260813,11.05,11.1,10.95,11.05,310,340
20260814,11.05,11.1,10.95,11.05,316,349
20260817,11.05,11.2,11.05,11.2,314,349
20260818,11.2,11.3,11.1,11.25,428,479
20260819,11.2,11.2,10.95,11,386,425
20260820,11.05,11.2,10.95,11.15,376,418
20260821,11.15,11.25,11.1,11.25,280,313
20260824,11.15,11.2,11.1,11.15,167,186
20260825,11.15,11.25,11.15,11.15,166,186
20260826,11.2,11.9,11.2,11.9,1840,2137
20260827,11.9,11.9,11.6,11.8,543,638
20260828,11.7,11.75,11.45,11.5,579,667
20260831,11.35,11.55,11.35,11.45,173,199
20260901,11.3,11.6,11.3,11.5,269,308
20260902,11.5,11.55,11.4,11.55,267,305
20260903,11.5,11.55,11.45,11.5,205,236
20260904,11.5,11.6,11.45,11.6,142,164
20260907,11.6,11.65,11.5,11.65,236,273
20260908,11.6,11.75,11.55,11.75,257,300
20260909,11.65,11.75,11.55,11.55,186,216
20260910,11.5,11.65,11.4,11.55,107,123
20260911,11.5,11.5,11.35,11.4,246,280
20260914,11.4,11.45,11.25,11.25,285,321
20260915,11.25,11.35,11.15,11.2,192,215
20260916,11.2,11.25,11.15,11.15,156,175
20260917,11.15,11.3,11.15,11.25,179,201
20260918,11.3,11.55,11.3,11.5,260,297
20260921,11.5,11.6,11.45,11.6,132,153
20260922,11.5,11.6,11.45,11.5,132,153
20260923,11.55,11.7,11.45,11.5,189,218
