# date,open,high,low,close,lot,wan
20250814,36.95,38.05,36.9,37.6,493,1839
20250815,37.7,38.05,37.45,37.9,317,1198
20250818,37.9,38.2,37.7,37.9,188,715
20250819,37.9,38,37.55,37.8,90,341
20250820,37.8,38,37.4,37.7,141,532
20250821,38,38.1,37.8,37.9,172,653
20250822,37.5,37.8,37.45,37.75,319,1201
20250825,37.6,37.6,36.4,36.7,941,3451
20250826,36.55,36.75,36.4,36.5,279,1021
20250827,36.5,36.7,36.05,36.1,550,1997
20250828,36.1,36.1,35.65,35.8,1096,3937
20250829,35.8,36.1,35.75,36.05,174,625
20250901,36,36.15,35.8,36.05,65,234
20250902,36.05,36.1,35.9,36.05,51,184
20250903,35.9,36.1,35.7,35.95,156,561
20250904,36,36.65,36,36.6,130,475
20250905,36.75,36.8,35.85,35.95,427,1541
20250908,35.9,36.15,35.7,35.95,119,428
20250909,36.15,36.15,35.8,36.1,206,743
20250910,36,36.05,35.6,35.9,735,2642
20250911,35.9,36.1,35.8,36,156,562
20250912,36.2,36.35,35.9,36.3,150,544
20250915,36.3,36.45,36.1,36.35,46,167
20250916,36.35,36.4,36.05,36.3,59,214
20250917,36.4,36.4,35.9,36.25,303,1097
20250918,36.4,36.4,36.2,36.35,100,365
20250919,36.5,36.5,36.15,36.25,48,172
20250922,36.35,36.6,36.15,36.55,998,3634
20250923,36.55,36.65,36.2,36.55,127,462
20250924,36.3,36.6,36.05,36.45,72,262
20250925,36.55,36.65,36.4,36.45,45,166
20250926,36.45,36.6,36.1,36.25,83,301
20250930,36.25,36.4,35.8,36.15,89,319
20251001,35.8,36.2,35.8,36.15,65,235
20251002,36.5,36.5,35.95,36.35,95,345
20251003,36.45,36.45,36.1,36.4,67,243
20251007,36.25,36.75,36.25,36.5,215,785
20251008,36.55,36.6,36,36.35,356,1291
20251009,36.5,36.55,36.25,36.4,122,444
20251013,36.3,36.3,35.85,36,275,989
20251014,36.05,36.1,35.65,35.9,333,1193
20251015,35.95,35.95,35.75,35.85,74,265
20251016,36.5,36.5,35.7,35.7,187,669
20251017,35.7,36.15,35.65,35.9,140,499
20251020,35.75,35.9,35.6,35.7,103,369
20251021,35.85,35.9,35.55,35.55,103,369
20251022,36.2,36.2,35.6,35.65,39,140
20251023,36.1,36.1,35.55,35.75,87,311
20251027,35.75,35.9,35.6,35.85,56,198
20251028,36.1,36.1,35.65,35.85,93,331
20251029,35.8,35.9,35.7,35.9,40,144
20251030,36.05,36.05,35.65,35.75,101,362
20251031,35.8,36,35.75,36,107,384
20251103,36.15,36.15,35.75,35.9,43,154
20251104,35.8,35.95,35.65,35.7,118,422
20251105,35.55,35.95,35.45,35.6,124,440
20251106,35.9,35.95,35.6,35.8,103,370
20251107,35.85,35.85,35.6,35.8,44,157
20251110,35.8,36.6,35.7,35.95,177,636
20251111,36.3,36.3,35.65,36.05,78,280
20251112,35.75,35.95,35.7,35.95,48,174
20251113,36.05,36.05,35.75,36.05,188,675
20251114,36,36.1,35.65,35.95,71,255
20251117,35.8,36.15,35.7,36.15,88,316
20251118,35.8,35.9,35.7,35.85,78,279
20251119,35.85,35.95,35.5,35.85,159,569
20251120,35.85,36.05,35.65,35.85,94,338
20251121,36,36,35.55,35.75,184,656
20251124,35.75,35.9,35.5,35.9,122,435
20251125,36,36.35,35.85,36,214,771
20251126,36.25,36.25,35.85,36,143,514
20251127,35.85,36,35.85,36,49,176
20251128,35.8,36.2,35.8,36.2,62,223
20251201,35.9,36.45,35.9,36.3,116,420
20251202,36.3,36.45,36,36.2,163,588
20251203,36.3,36.3,35.95,36,67,242
20251204,35.95,36.1,35.9,36,100,360
20251205,35.9,35.95,35.7,35.95,82,293
20251208,35.75,35.9,35.45,35.5,293,1044
20251209,35.5,35.6,35.35,35.5,154,544
20251210,35.4,35.65,35.05,35.2,171,604
20251211,35.3,35.45,34.95,35.2,196,689
20251212,35.1,35.35,35,35.05,132,464
20251215,35.05,35.35,35,35,61,214
20251216,34.9,35.15,34.7,34.9,120,419
20251217,34.95,35,34.7,34.9,104,363
20251218,34.75,35.05,34.75,35,190,663
20251219,34.85,35.15,34.85,35.05,117,411
20251222,35.1,35.1,34.95,35.1,56,196
20251223,35.05,35.1,35,35.1,80,284
20251224,35,35.15,35,35,83,291
20251226,35,35.1,34.85,35,87,304
20251229,35,35.3,34.9,35.05,97,343
20251230,34.9,35.1,34.6,34.8,100,350
20251231,34.85,35.2,34.7,35.15,124,434
20260102,35.2,35.3,34.9,35,70,245
20260105,34.85,34.85,34.65,34.75,136,472
20260106,34.85,34.95,34.75,34.95,93,324
20260107,34.8,35.25,34.8,35,115,403
20260108,35.15,35.15,34.75,35,123,430
20260109,35.05,35.05,34.7,35,103,359
20260112,34.85,34.85,34.5,34.65,206,716
20260113,34.65,34.65,34.3,34.6,118,408
20260114,34.6,34.95,34.45,34.6,143,494
20260115,34.5,34.6,34,34.2,280,959
20260116,34.2,34.35,34,34.2,111,378
20260119,33.85,34.15,32.65,33.3,569,1905
20260120,33.35,34,33.2,33.85,255,857
20260121,33.6,33.65,33.25,33.3,145,485
20260122,33.45,33.65,33.2,33.6,86,289
20260123,33.6,33.7,33.25,33.45,103,345
20260126,33.6,34,33.5,33.8,116,393
20260127,33.8,33.8,33.5,33.5,106,357
20260128,33.5,33.75,33.35,33.5,219,734
20260129,33.4,33.5,33.2,33.35,111,371
20260130,33.55,33.55,33.2,33.3,126,420
20260202,33.3,33.3,32.9,33.1,272,901
20260203,33.15,33.35,33,33.2,98,325
20260204,33.25,33.55,33.2,33.35,150,500
20260205,33.35,33.4,33.1,33.35,230,767
20260206,33.2,33.35,32.9,33.15,176,583
20260209,33,33.2,32.65,32.7,218,715
20260210,32.7,32.95,32.45,32.95,216,707
20260211,33,33.45,33,33.4,131,435
20260223,33.5,33.75,33.25,33.4,243,813
20260224,33.5,33.65,33.35,33.65,184,617
20260225,33.4,33.65,33.3,33.65,99,331
20260226,33.6,33.65,33.3,33.65,129,433
20260302,33.8,34.05,33.55,34,88,298
20260303,33.7,34.25,33.65,34.05,93,316
20260304,33.65,33.95,33.15,33.3,207,690
20260305,33.5,33.85,33.35,33.7,83,280
20260306,33.4,34.2,33.35,34.05,161,544
20260309,33.9,33.9,32.7,33.1,296,978
20260310,33.1,33.75,32.95,33.7,164,548
20260311,33.6,33.75,33.35,33.55,103,346
20260312,33.25,33.85,33.15,33.7,256,859
20260313,33.25,33.6,32.8,33.1,251,831
20260316,33.3,33.3,32.7,32.85,274,901
20260317,33,33.5,32.8,33.5,132,438
20260318,33.65,33.7,33.25,33.25,194,651
20260319,33.25,33.4,32.7,32.95,237,782
20260320,33,33.5,32.95,33.25,84,279
20260323,32.85,33.05,32.7,32.8,185,606
20260324,33,33.15,32.8,33,67,221
20260325,33,34.05,32.85,33.9,492,1653
20260326,34.05,34.75,33.9,34.35,668,2302
20260327,34.25,34.45,34,34.35,101,347
20260330,33.9,34.2,33.65,33.85,125,424
20260331,33.5,33.7,33.15,33.35,149,498
20260401,33.6,33.85,33.5,33.6,97,327
20260402,33.7,33.8,33.45,33.65,67,225
20260407,33.75,33.85,33.45,33.5,59,199
20260408,33.75,33.8,33.5,33.6,279,939
20260409,33.6,33.6,33.3,33.4,173,578
20260410,33.4,33.65,33.05,33.25,178,593
20260413,33.5,33.5,32.7,33,242,798
20260414,33.15,33.3,32.75,33.15,268,884
20260415,33.15,33.3,32.85,33.1,146,483
20260416,33.25,33.35,33,33.1,127,421
20260417,33.1,33.25,32.6,32.7,188,616
20260420,32.85,33.15,32.45,32.6,222,722
20260421,32.6,32.8,32.45,32.7,174,569
20260422,32.7,32.85,32.05,32.25,424,1371
20260423,32.1,32.3,31.5,31.9,670,2129
20260424,31.75,31.85,31.3,31.4,281,887
20260427,31.25,31.4,30.65,30.65,484,1494
20260428,31,31.2,30.65,30.8,175,540
20260429,30.8,31.15,30.65,30.85,168,519
20260430,30.85,30.85,30.35,30.4,226,689
20260504,30.4,30.45,30.15,30.4,203,616
20260505,30.25,30.25,29.8,29.85,420,1256
20260506,29.8,29.8,29.15,29.25,657,1927
20260507,29.3,29.55,29.25,29.5,179,525
20260508,29.75,29.75,29.25,29.55,180,533
20260511,29.55,29.7,29.4,29.6,131,387
20260512,29.6,29.65,29.15,29.45,220,645
20260513,29.3,29.55,29.15,29.45,132,388
20260514,29.25,29.95,29.25,29.5,146,432
20260515,29.5,29.65,29.15,29.35,152,445
20260518,29.6,29.6,29.2,29.5,115,338
20260519,29.3,29.6,29.3,29.45,162,476
20260520,29.45,29.75,29.35,29.6,203,600
20260521,29.55,29.7,29.45,29.6,97,287
20260522,29.5,29.65,29.1,29.35,303,888
20260525,29.2,29.4,28.65,28.85,346,997
20260526,29,29.3,28.6,29,290,836
20260527,29.15,29.2,28.75,29.05,173,500
20260528,29.05,29.05,28.8,28.85,101,291
20260529,29.05,29.05,28.55,28.85,349,1002
20260601,28.85,28.85,28.05,28.5,399,1133
20260602,28.7,28.7,28.2,28.45,239,678
20260603,28.45,29.2,28.2,29.2,310,893
20260604,29.25,29.4,28.8,28.95,163,473
20260605,28.95,29.7,28.7,29.7,357,1044
20260608,29.45,29.45,28.6,29,219,634
20260609,28.75,29.75,28.75,29.45,351,1034
20260610,29.1,31.5,29.1,31.15,538,1655
20260611,31.15,31.35,30.5,31,285,880
20260612,31.05,31.75,30.95,31.75,542,1713
20260615,32.2,32.2,31.25,31.6,303,953
20260616,31.7,31.75,31.3,31.55,177,556
20260617,31.4,31.8,31.2,31.75,304,959
20260618,31.85,33.15,31.85,32.15,446,1449
20260622,32.1,32.25,31.05,31.15,256,802
20260623,30.9,30.9,30.45,30.55,364,1117
20260624,30.4,31.05,30.4,31.05,161,496
20260625,31.15,31.3,30.85,31.15,79,245
20260626,30.7,31.1,30.2,30.7,149,456
20260629,30.9,31,30.7,31,60,185
20260630,30.85,31,30.55,30.95,127,391
20260701,31.05,31.2,30.65,31.1,189,584
20260702,31.05,31.35,31,31.35,148,460
20260703,31.2,32.1,31.2,31.9,178,569
20260706,32.15,32.3,31.6,32.1,167,533
20260707,32.2,32.2,31.4,31.6,101,318
20260708,31.6,31.75,31.25,31.55,99,312
20260709,31.6,31.6,31.2,31.45,124,390
20260713,31.55,31.55,30.95,31.15,173,540
20260714,31.35,31.35,30.85,31.2,152,473
20260715,31.3,31.85,31.3,31.85,153,483
20260716,31.8,32.3,31.7,32.25,139,444
20260717,32.25,32.35,31.45,31.75,124,394
20260720,32.2,32.25,31.5,32,96,304
20260721,32.05,32.25,31.9,32.1,118,380
20260722,32.1,32.15,31.65,31.9,63,201
20260723,32,32,31.45,31.8,70,223
20260724,31.9,32.2,31.65,32.15,156,498
20260727,32.2,32.6,32.2,32.55,244,791
20260728,32.1,32.45,32,32.15,115,369
20260729,32.4,32.4,31.55,32.15,287,919
20260730,32.35,32.35,31.85,32.15,142,455
20260731,32.3,32.65,32.3,32.6,156,507
20260803,32.45,32.5,31.85,31.95,194,621
20260804,31.65,31.95,31.3,31.55,157,495
20260805,31.85,31.9,31.4,31.6,72,227
20260806,31.6,31.85,31.55,31.7,110,348
20260807,31.95,32.05,31.75,31.9,64,204
20260810,31.9,32.2,31.9,32.2,123,393
20260811,32.3,32.35,31.75,31.95,82,263
20260812,32.05,32.45,32,32.3,145,468
20260813,32.3,32.75,32.05,32.35,207,672
20260814,32.1,32.4,31.65,31.85,171,547
20260817,31.65,31.85,31.65,31.8,89,284
20260818,31.65,31.95,31.65,31.75,46,146
20260819,31.65,31.8,31.6,31.8,56,178
20260820,32.15,32.35,31.8,32.35,55,177
20260821,32.3,32.4,32.25,32.3,87,281
20260824,32.4,32.4,32.1,32.3,56,181
20260825,32.75,33.15,32.5,33.05,303,992
20260826,33.1,34.1,33.05,33.75,508,1707
20260827,33.95,34,33.65,33.75,145,490
20260828,33.75,33.75,33,33.15,152,504
20260831,33.05,33.2,32.1,32.25,224,727
20260901,32.1,32.8,32.1,32.65,96,312
20260902,32.5,32.75,32.3,32.75,32,104
20260903,32.8,33.1,32.4,32.6,57,186
20260904,32.3,32.6,32.2,32.5,73,237
20260907,32.7,32.7,32.3,32.55,66,214
20260908,32.5,32.55,32.2,32.35,62,199
20260909,32.2,32.5,32.15,32.5,53,171
20260910,32.2,32.45,32.1,32.25,63,203
20260911,32.05,32.3,31.95,32,48,154
20260914,31.8,32.3,31.75,32.3,43,138
20260915,31.9,32.3,31.9,32.15,36,116
20260916,32.2,32.35,32,32.3,65,210
20260917,32.35,32.6,31.85,32.5,208,673
20260918,33,33,32.55,32.7,93,305
20260921,33.05,33.05,32.5,32.6,79,259
20260922,32.75,32.75,32.2,32.5,67,217
