# date,open,high,low,close,lot,wan
20250814,30.45,30.45,29.5,29.85,13,38
20250815,29.5,29.65,29.1,29.1,13,38
20250818,28.8,30.2,28.8,29.3,24,71
20250819,30.15,30.15,29.05,29.3,9,27
20250820,30.05,30.05,28.95,29.35,19,56
20250821,29.9,29.95,29.35,29.35,32,95
20250822,29.35,29.35,29.05,29.05,22,65
20250825,29.75,29.75,29,29.4,23,67
20250826,29.85,29.85,28.9,29.5,23,69
20250827,29.85,29.85,29,29.85,31,90
20250828,29.75,29.8,29,29,52,153
20250829,28.85,29.35,28.85,29.3,17,49
20250901,29.3,29.3,29.25,29.25,7,21
20250902,28.95,29.2,28.95,29.2,6,18
20250903,29,29,28.85,29,13,37
20250904,29,30,29,29.5,44,131
20250905,29.5,29.5,29.2,29.2,20,59
20250908,29.4,29.4,28.95,29.1,40,116
20250909,29.2,29.3,29,29.3,10,28
20250910,28.95,29.15,28.9,29.1,28,80
20250911,28.95,29.1,28.95,29.05,7,20
20250912,29,29.15,28.8,28.8,26,74
20250915,29.2,29.25,28.5,29.2,42,120
20250916,29.15,30.5,29.15,29.55,89,265
20250917,29.95,29.95,29.15,29.15,21,63
20250918,29.2,29.35,29,29.2,9,26
20250919,28.9,29.2,28.9,29.2,8,23
20250922,29.4,29.4,28.95,28.95,15,44
20250923,28.85,28.95,28.7,28.85,13,38
20250924,28.9,28.9,28.85,28.85,13,38
20250925,29.55,29.55,28.9,29.15,9,26
20250926,28.85,29.25,28.8,29.25,4,12
20251001,29.2,29.25,29.05,29.05,15,44
20251002,29.2,29.2,28.8,29.1,16,47
20251003,28.8,29,28.6,28.65,13,37
20251007,29.25,29.25,28.65,29,7,20
20251008,29.05,29.05,28.65,29,7,20
20251009,28.65,28.65,28.5,28.5,34,98
20251013,29,29,28.25,28.25,12,35
20251014,28.15,28.75,28.1,28.3,19,54
20251015,28.15,28.25,28.05,28.05,7,21
20251016,28.3,28.3,27.75,28,24,67
20251017,28,28,27.6,27.8,28,78
20251020,28.55,28.55,27.7,27.95,58,163
20251021,28.35,28.35,28.2,28.2,25,70
20251022,28.5,28.5,28.3,28.3,3,9
20251023,28.3,28.3,28,28,22,62
20251027,28.25,28.5,28.1,28.5,29,81
20251028,28.8,28.8,28.8,28.8,1,3
20251029,28.1,28.55,27.8,28.15,30,84
20251030,28.4,28.4,27.9,27.95,20,56
20251031,28.1,28.25,27.6,28.1,33,92
20251103,28.7,29.15,27.75,27.85,60,169
20251104,28.65,28.65,27.6,27.6,8,22
20251105,28.05,28.05,27.05,27.3,22,61
20251106,27.85,27.85,27.2,27.3,32,88
20251107,28.05,28.05,27.25,27.3,10,28
20251110,28.25,28.25,27.1,27.2,26,72
20251111,28.15,28.15,27.3,27.35,16,44
20251112,28.05,28.05,27,27.3,28,77
20251113,26.8,27.6,26.75,27.4,9,25
20251114,27.65,27.65,26.9,27.05,25,68
20251117,27.55,27.6,27,27,22,60
20251118,26.75,27.25,26.65,27.25,30,81
20251119,26.75,27.05,26.7,26.75,10,27
20251120,26.45,27.25,26.45,27.05,23,62
20251121,26.65,26.85,26.55,26.7,10,27
20251124,26.7,28.15,26.7,27.2,24,65
20251125,28.15,28.15,26.95,26.95,12,33
20251126,27.05,27.1,26.8,27,9,24
20251127,26.8,27.65,26.8,27.05,6,16
20251128,27.55,27.6,27.05,27.15,10,27
20251201,28.1,28.1,27.25,27.25,2,6
20251202,26.6,27.1,26.6,27,8,22
20251203,27.6,27.6,27.4,27.4,24,66
20251204,27.2,27.3,27.15,27.3,16,44
20251205,28.25,28.25,27,27.15,24,66
20251208,27.65,27.9,27.2,27.2,81,224
20251209,27.95,27.95,27.2,27.2,121,335
20251210,27.2,27.2,26.95,27.1,11,30
20251211,27.1,27.15,26.95,27.05,22,60
20251212,27.3,27.75,27.25,27.4,10,28
20251215,27.9,27.9,27.75,27.75,4,11
20251216,27.1,27.1,26.6,27.05,42,113
20251217,27.55,29.25,27.1,29.25,57,165
20251218,29.35,32.15,29.3,30.5,273,849
20251219,30,31.4,29.65,30.9,142,432
20251222,30.3,30.55,29.5,30.15,33,98
20251223,30,30.1,29.7,29.7,34,103
20251224,30,30.6,29.95,30.1,49,149
20251226,29.95,30,29.25,29.9,23,68
20251229,29.9,29.9,29.3,29.9,24,72
20251230,29.7,29.7,29.35,29.35,16,48
20251231,30,30,28.45,29.9,56,164
20260102,29.8,30.2,29.35,29.35,36,107
20260105,30.3,30.3,29.1,29.1,31,92
20260106,28.45,29.05,28.4,29.05,10,28
20260107,28.95,29.8,28.8,29.1,215,625
20260108,29,30,29,29.3,187,546
20260109,30.2,30.5,29.85,29.95,106,320
20260112,29.65,30.2,29.65,30.2,120,361
20260113,30,30.35,30,30.25,21,62
20260114,30.2,30.5,30.2,30.5,62,189
20260115,30.2,30.55,30.2,30.5,33,101
20260116,30.5,30.7,29.8,30.2,247,745
20260119,30.15,30.25,30.05,30.25,46,139
20260120,30.25,30.25,30.05,30.1,36,109
20260121,29.8,30.1,29.8,30,79,237
20260122,29.9,30.1,29.7,29.75,167,498
20260123,29.5,30,29.45,29.75,65,194
20260126,29.9,29.9,29.65,29.8,15,45
20260127,29.8,30,29.7,29.85,24,72
20260128,29.85,29.85,29.45,29.75,50,149
20260129,29.85,29.85,29.1,29.75,37,110
20260130,29.15,29.95,29.15,29.95,11,34
20260202,30,30,29.65,29.9,17,52
20260203,29.85,29.9,29.65,29.9,12,36
20260204,29.9,29.95,29.55,29.85,11,33
20260205,29.9,30,29.4,29.85,20,60
20260206,29.95,29.95,29.45,29.7,26,76
20260209,29.9,29.9,29.55,29.9,16,47
20260210,29.6,29.8,29.6,29.75,12,36
20260211,29.75,29.95,29.6,29.95,109,324
20260223,29.95,30.45,29.8,30.45,18,53
20260224,29.55,30,29.2,29.55,102,303
20260225,29.55,29.65,29,29.3,138,403
20260226,29.25,29.45,28.6,29.4,63,182
20260302,29.8,29.8,29.15,29.4,11,33
20260303,28.75,29.75,28.75,29.15,51,150
20260304,29.6,29.8,27.1,28.35,149,431
20260305,28.2,28.7,27.5,27.95,68,190
20260306,27.65,28.5,27.6,27.9,12,34
20260309,26.7,27.6,26.6,26.85,40,108
20260310,26.95,27.8,26.8,27.05,59,160
20260311,27.2,27.45,27.05,27.45,24,65
20260312,30.1,30.1,27.15,27.3,45,125
20260313,27.35,27.8,27.35,27.45,15,42
20260316,27.45,27.7,27.1,27.65,20,56
20260317,27.25,27.65,27.25,27.65,15,40
20260318,27.65,28.45,27.5,28.45,44,124
20260319,27.65,27.9,27.5,27.7,11,30
20260320,28.15,28.2,27.75,28.05,15,41
20260323,27.2,28.1,27.2,27.9,22,62
20260325,29.25,29.25,27.85,28.1,16,45
20260326,28.35,28.35,27.9,27.95,6,17
20260327,28.2,28.2,28.2,28.2,1,3
20260330,27.2,27.8,26.5,27.05,63,171
20260331,26.15,27.1,26.15,26.6,28,76
20260401,28,28,26.45,27.35,26,71
20260402,27.6,27.6,26.6,27.55,13,35
20260407,27.55,27.55,27.55,27.55,1,3
20260408,27.9,27.9,27.35,27.65,31,85
20260409,28,28,27.4,27.8,30,83
20260410,27.9,27.9,27.2,27.85,40,111
20260413,27.85,27.85,27.4,27.4,3,8
20260414,27,27.55,27,27.4,611,1593
20260415,27.6,28,27,28,49,135
20260416,27.8,28,27.2,27.5,18,49
20260417,27.65,27.65,27.25,27.55,9,25
20260420,28,28,27.5,27.5,37,104
20260421,28.3,28.3,26,27.05,201,535
20260422,27.05,27.25,26.8,27.1,18,48
20260423,26.9,26.95,26.2,26.4,35,93
20260424,26.8,26.8,26.15,26.5,16,42
20260427,26.35,26.65,26.25,26.4,26,69
20260428,27,27,26.15,26.35,39,103
20260429,26.9,26.9,26,26.65,87,229
20260430,27,27,26.4,26.55,40,107
20260504,26.2,26.55,26.2,26.55,34,89
20260506,26.9,26.9,26.2,26.6,28,74
20260507,26.3,26.6,25.85,26.4,21,56
20260508,27.3,27.3,26.1,26.85,17,44
20260511,27,27,26.35,26.65,32,85
20260512,26.75,26.75,26.3,26.5,13,34
20260513,26.35,26.35,26.25,26.25,6,16
20260514,26,26.3,25.6,25.6,19,50
20260515,25.55,25.7,24.95,24.95,38,98
20260518,25,25.75,24.6,25.35,49,123
20260519,24.8,25.45,24.8,25.45,242,609
20260520,25.6,25.6,25.15,25.5,54,137
20260521,25.5,26.2,25.4,25.65,45,113
20260522,24.95,26.2,24.95,25.9,169,431
20260525,25.55,26.5,25.55,26.2,43,113
20260526,25.35,26.3,25.1,26,147,376
20260527,25.8,25.95,25.4,25.4,23,59
20260528,25.2,25.55,24.75,25.5,34,86
20260529,26,26,25.25,25.6,47,121
20260601,25.6,25.9,25.5,25.6,12,30
20260602,25.25,25.75,25,25.6,45,114
20260603,25.3,25.55,25.25,25.5,36,91
20260604,25.45,25.7,25.3,25.7,32,82
20260605,25.35,25.5,25.2,25.5,17,44
20260608,24.75,25.2,24.35,24.8,63,156
20260609,24.8,25,24.2,24.7,31,77
20260610,24.7,25.6,24.4,25.25,101,252
20260611,25.4,25.4,24.6,25.15,27,68
20260612,24.8,25.6,24.8,25.6,10,25
20260615,25.6,25.6,25.05,25.1,19,48
20260616,25.3,25.4,25.1,25.2,14,35
20260617,24.7,25.7,24.7,25,15,38
20260618,25.3,25.3,25.3,25.3,1,3
20260622,25,25,24.3,24.3,41,101
20260623,24.4,24.4,23.85,24.25,50,120
20260624,24.05,24.25,24.05,24.25,2,5
20260625,24.25,24.85,24.25,24.3,16,39
20260626,23.95,24.5,23.9,23.95,26,63
20260629,23.95,24.5,23.95,24.4,103,248
20260630,24.75,24.8,24.1,24.2,28,68
20260701,23.85,24.1,23.3,24.1,31,73
20260702,24.05,24.15,23.5,23.85,11,26
20260703,24.2,24.2,23.85,24.1,31,74
20260706,24.25,24.25,23.9,24.2,9,21
20260707,24.3,24.3,24,24.2,3,8
20260708,24.25,24.25,23.7,23.7,13,31
20260709,24.15,24.2,23.5,23.5,36,87
20260713,23.5,24.85,23.5,24.8,47,113
20260714,25.1,25.15,23.9,23.9,32,77
20260715,24.05,24.8,23.85,24.8,22,53
20260716,25.15,26.5,24.9,26.45,125,324
20260717,26.3,26.45,25.55,25.55,253,661
20260720,26.35,27,25.75,25.85,56,146
20260721,26.35,26.35,25.95,26.25,36,94
20260722,26.85,26.85,26.3,26.6,199,528
20260723,26.3,26.35,26.3,26.35,4,11
20260724,25.8,26.3,25.2,26.3,16,41
20260727,26.8,27.2,26.65,26.75,19,51
20260728,27.05,27.05,25.7,26.85,29,78
20260729,27.3,27.5,26.85,27.45,46,125
20260730,27.45,27.5,26.55,27.05,33,89
20260731,27,27.8,27,27.8,130,355
20260803,26.65,28.05,26.65,28.05,70,196
20260804,27.15,28.5,27.15,28.5,55,155
20260805,28.9,29.7,28.5,29.1,50,146
20260806,29.4,29.4,28.5,28.9,24,70
20260807,28.35,28.35,27.4,27.4,29,82
20260810,27.45,29.4,27.45,29.25,55,158
20260811,29.25,29.3,28.85,28.85,25,73
20260812,29.45,29.45,28.5,28.85,34,98
20260813,29.15,29.15,28.55,28.75,106,308
20260814,27.8,28.6,27.8,28.55,22,63
20260817,28.8,28.8,28.55,28.8,132,378
20260818,28.8,29.15,28.75,29.15,71,205
20260819,28.2,29.5,28.2,29.3,41,120
20260820,29.3,29.5,28.75,29.35,31,92
20260821,29.35,29.65,29.3,29.65,44,130
20260824,29.65,29.65,29.5,29.55,17,50
20260825,29.7,29.75,29.65,29.65,173,514
20260826,29.7,29.7,29.25,29.55,8,24
20260827,28.75,29.4,28.75,29.2,12,36
20260828,29.45,29.5,28.95,29.4,32,94
20260831,28.55,29.4,28.55,29.2,17,50
20260901,29.25,29.3,29.05,29.2,17,50
20260902,30,30,29.1,29.25,25,74
20260903,29.75,29.75,28.9,28.9,3,9
20260904,29.2,29.2,28.95,29.1,11,32
20260907,28.5,29.5,28.5,29.5,55,161
20260908,29.1,29.45,29.1,29.4,6,17
20260909,29.4,29.45,29.25,29.3,21,62
20260910,29.05,29.35,29.05,29.3,18,53
20260911,29.3,29.3,29.3,29.3,2,6
20260914,28.65,28.9,28.4,28.9,10,29
20260915,28.05,28.15,27.55,27.7,57,160
20260916,28.1,28.1,28.1,28.1,15,43
20260917,28.1,28.7,28.1,28.55,10,29
20260918,29.5,29.5,29,29.1,8,24
20260921,29.45,29.45,29.15,29.35,44,129
20260922,29.3,29.3,28.3,28.3,13,37
20260923,28.4,28.45,28.1,28.1,31,88
