# date,open,high,low,close,lot,wan
20250814,68.2,68.9,67,67.3,453,3070
20250815,67.6,68,67.2,67.3,311,2095
20250818,66.4,67.2,66,66,731,4851
20250819,66,66.2,64.6,65.1,706,4614
20250820,65,65.7,64.3,64.7,884,5731
20250821,59,59.6,56.6,57.3,1585,9261
20250822,57,57,54.9,54.9,577,3194
20250825,55,55.3,52.9,52.9,721,3857
20250826,53,53.2,51,51.6,825,4282
20250827,51.1,51.7,50.2,50.3,899,4561
20250828,50,52.2,49.55,51.9,856,4377
20250829,51.7,51.7,50.1,50.1,567,2863
20250901,50.1,51.8,49.05,50.8,712,3574
20250902,50.8,51.9,50,50.1,439,2217
20250903,50.2,51.7,50.1,51.7,706,3614
20250904,52,56.8,50.9,56.8,2422,13215
20250905,57.2,58,55,56.6,2025,11362
20250908,56,56,51.6,52.3,1370,7272
20250909,52.9,53.2,51,52.2,719,3734
20250910,52,52,50.1,50.3,776,3937
20250911,50.3,50.6,48.7,49.1,869,4303
20250912,49.2,50,49.1,49.5,677,3347
20250915,49.75,50.5,48.05,49.9,703,3462
20250916,50,51.7,49.5,49.5,1122,5649
20250917,49.95,50.3,48.8,48.8,800,3946
20250918,49.6,49.65,47.5,47.5,1111,5337
20250919,47.35,47.35,45.15,45.15,1330,6105
20250922,45.15,45.9,44.1,45.35,1746,7850
20250923,45.25,45.35,43.75,44.6,1346,5988
20250924,44.6,45.2,44,44.15,1339,5948
20250925,44,44.35,43.65,44,1059,4646
20250926,43.8,43.8,42.85,43.2,1237,5344
20250930,43.2,43.65,41.7,42.2,1643,6944
20251001,42.05,42.45,40.3,40.35,2326,9550
20251002,40.7,40.7,39.3,39.5,1337,5308
20251003,39.75,39.85,38.4,39,1667,6489
20251007,39,39.7,37.9,39.25,1882,7269
20251008,38.6,38.95,37.7,38.85,1432,5480
20251009,38.55,38.75,37.7,38.3,1155,4409
20251013,37.75,37.75,36.6,36.75,1769,6525
20251014,36.85,37.3,36.35,36.9,1399,5149
20251015,36.9,37.2,36.5,36.5,3776,13809
20251016,37.1,38.4,36.4,37.15,1782,6653
20251017,37.05,37.25,35.7,35.95,1674,6048
20251020,35.7,36.45,35.15,36,1484,5307
20251021,36,36.4,35.35,36,1080,3858
20251022,36,36,35.2,35.4,1102,3912
20251023,35.4,35.75,35,35.4,774,2734
20251027,35.4,35.55,35.05,35.45,950,3347
20251028,35.45,35.7,35.1,35.45,541,1911
20251029,35.65,35.95,35.3,35.6,696,2478
20251030,35.6,36.3,35.4,35.8,586,2090
20251031,35.8,35.8,35.15,35.2,1419,5014
20251103,35.45,35.5,34.95,35.1,531,1866
20251104,34.95,35.45,34.65,35.2,895,3124
20251105,35.3,35.3,34.2,34.45,599,2065
20251106,34.5,34.7,34.1,34.2,304,1041
20251107,34.15,34.7,34,34,390,1330
20251110,34,34.3,33.6,33.85,338,1144
20251111,34.1,34.55,32.4,33.15,1403,4666
20251112,33,33.4,32.55,33.4,1172,3855
20251113,33.4,33.4,32.8,33,1057,3488
20251114,33.1,33.1,32.25,32.5,1041,3382
20251117,32.65,33.15,31.3,32.6,1093,3545
20251118,32.5,32.5,31.75,31.9,758,2426
20251119,32.35,32.55,30.75,31,981,3048
20251120,31.4,32.2,30.4,32.2,762,2395
20251121,31.55,32.3,30.6,30.8,695,2183
20251124,31.25,31.6,30.8,31.3,3894,12187
20251125,31.8,32.4,31.5,32.2,755,2417
20251126,32.55,32.75,31.3,32.6,948,3063
20251127,32.5,33.4,32.5,33.25,878,2902
20251128,33.05,33.2,32.5,33.15,761,2510
20251201,32.95,33.2,31.15,31.65,987,3129
20251202,32,32.5,31.4,32,716,2294
20251203,32,32.4,31.8,31.8,459,1472
20251204,32.2,32.6,32,32.2,348,1125
20251205,32.55,32.55,31.5,32.2,286,912
20251208,31.95,32.35,31.9,32.05,152,490
20251209,31.75,32.1,31.35,31.8,464,1470
20251210,32,32.85,31.8,32.5,558,1809
20251211,32.65,32.8,31.8,32.25,523,1685
20251212,32.65,32.9,31.8,31.8,485,1561
20251215,31.65,31.8,31.2,31.7,429,1350
20251216,31.2,31.35,29.5,30.4,9545,28966
20251217,30.85,33.4,30.1,30.55,9434,29597
20251218,30.9,30.9,27.5,28.6,11289,31816
20251219,28.35,29.8,27.85,29.8,8779,25321
20251222,29.65,30.05,26.85,30.05,10200,28769
20251223,29.95,30.15,28.95,30.05,7263,21352
20251224,29.7,31.35,29.65,30.6,8772,26742
20251226,30.7,31.1,29.65,30.4,7412,22311
20251229,30.35,30.85,30.05,30.6,2060,6293
20251230,30.5,30.6,30,30.35,1132,3425
20251231,30.5,30.5,29.45,29.55,1715,5102
20260102,29.7,29.8,28.65,28.65,1872,5429
20260105,28.75,30,28.1,29,2173,6242
20260106,29,29.7,28.95,29.6,649,1901
20260107,29.8,30.55,29.7,30,1507,4543
20260108,30,30.3,29.55,29.85,508,1515
20260109,30.1,30.45,29.55,30,1273,3798
20260112,30.2,30.65,29.85,30.6,966,2930
20260113,30.65,30.95,29.65,30.65,838,2535
20260114,30.7,30.9,30,30.1,808,2446
20260115,30.25,30.4,29.65,30.2,695,2086
20260116,30.2,30.4,29.6,29.85,688,2052
20260119,29.75,30.7,29.65,30.05,1062,3216
20260120,30.05,30.6,29.8,30.05,501,1513
20260121,30.1,30.1,29.45,29.6,922,2734
20260122,29.6,30.05,29.55,29.8,539,1612
20260123,30.05,30.15,29.55,29.65,339,1008
20260126,30,30,29.25,29.3,516,1523
20260127,29.7,29.7,28.6,28.9,1116,3223
20260128,28.9,28.9,28.25,28.85,648,1853
20260129,28.85,29.75,28.6,29.7,679,1996
20260130,29.65,29.95,29.2,29.8,886,2635
20260202,29.9,29.95,29.25,29.5,400,1181
20260203,29.45,29.75,28.75,29.5,692,2020
20260204,29.65,30.4,29.65,29.9,769,2306
20260205,29.8,30.5,29.45,29.95,588,1761
20260206,29.7,29.7,29,29.65,434,1277
20260209,29.65,29.7,29.3,29.7,204,600
20260210,29.6,30.2,29.35,30.1,375,1125
20260211,29.3,30.15,29.3,30.15,344,1028
20260223,30.15,30.2,29.6,29.6,623,1854
20260224,29.6,29.7,28.9,28.9,857,2493
20260225,29,29.2,28.65,28.9,231,665
20260226,28.95,29.2,28.75,28.75,379,1095
20260302,28.9,28.9,28.2,28.75,703,2004
20260303,28.6,28.6,28.05,28.05,569,1608
20260304,28,28,27,27.15,930,2534
20260305,27.3,27.9,27.3,27.65,281,776
20260306,27.45,28.25,27.35,27.75,258,720
20260309,26.85,27,25.75,25.8,1053,2765
20260310,26.35,26.7,26,26.55,318,838
20260311,26.15,26.55,25.8,26.05,806,2101
20260312,25.85,26.15,25.75,25.75,554,1437
20260313,25.55,27.5,25,27.35,1197,3185
20260316,27.3,27.9,26.3,27.2,788,2139
20260317,27,27.7,26.9,27.45,526,1440
20260318,27.65,27.65,26.85,26.9,544,1474
20260319,26.7,27.35,26.45,27.05,481,1303
20260320,27.5,28.8,27.5,28,1325,3731
20260323,27.1,27.65,26.8,26.8,592,1604
20260324,27,27.3,26.5,26.5,384,1026
20260325,27.1,27.35,26.5,27.05,397,1073
20260326,27.4,27.75,26.95,27.1,329,899
20260327,26.85,26.95,26.45,26.85,318,847
20260330,26.55,26.75,25.9,26,509,1334
20260331,26,26.65,26,26.1,243,638
20260401,26.6,26.7,26.25,26.3,151,399
20260402,26.3,26.35,25.85,26.15,269,704
20260407,26.05,27.55,25.75,27.5,740,1982
20260408,27.6,27.6,26.95,27.6,725,1984
20260409,27.75,27.75,26.2,26.4,674,1795
20260410,26.7,26.7,25.8,26.2,628,1635
20260413,25.85,26.1,25.85,26,310,804
20260414,26.4,26.4,26,26.1,307,805
20260415,26.25,27.5,26.25,27.2,843,2287
20260416,27.35,27.95,27.3,27.3,651,1795
20260417,27.6,29.65,27.3,29,1704,4890
20260420,30.25,30.6,28.55,29.7,2441,7150
20260421,29.2,30.5,29.1,30.1,2707,8111
20260422,30.1,30.25,29.2,29.45,1459,4328
20260423,29.8,30,28.3,28.6,1105,3197
20260424,28.7,29,28,28.8,1436,4099
20260427,28.8,28.8,27.7,27.7,705,1978
20260428,28.05,28.05,27,27,719,1959
20260429,27.65,27.65,26.9,27.4,773,2115
20260430,27.55,27.55,26.2,26.2,926,2466
20260504,26.8,26.9,26.25,26.45,398,1055
20260505,26.25,26.75,26.2,26.45,282,747
20260506,26.85,26.85,26.2,26.3,450,1187
20260507,26.6,26.9,26.2,26.75,420,1119
20260508,26.75,27.6,26.3,27.1,663,1784
20260511,26.9,27.05,26.6,26.9,345,924
20260512,26.95,27.1,26.4,26.95,456,1217
20260513,26.95,26.95,26.55,26.8,189,504
20260514,26.6,26.95,26.35,26.35,593,1574
20260515,26.35,26.75,26.3,26.75,410,1088
20260518,26.75,26.9,26.35,26.5,260,692
20260519,26.5,26.95,26.2,26.2,308,815
20260520,26.1,26.25,25.8,26.25,481,1250
20260521,26.2,26.45,26.15,26.15,410,1080
20260522,26.05,26.1,25.7,26,708,1831
20260525,26.1,26.1,25.65,25.8,768,1980
20260526,25.8,25.8,25.55,25.7,223,571
20260527,25.6,25.9,25.6,25.8,355,913
20260528,25.85,25.9,25.5,25.55,343,880
20260529,25.65,25.8,25.45,25.65,282,722
20260601,25.95,26.85,25.8,26.8,795,2108
20260602,26.95,27.3,26.5,27.2,659,1784
20260603,27.55,27.7,27.05,27.7,1000,2752
20260604,27.5,28.05,27.5,27.75,478,1324
20260605,27.8,28.25,27.3,27.3,812,2263
20260608,26.1,27.2,26.1,26.65,691,1842
20260609,26.65,27.05,26.45,26.5,285,758
20260610,26.35,28.35,26.35,28,1349,3745
20260611,28,28,26.55,26.9,579,1571
20260612,27.35,28.65,27.3,27.95,1086,3048
20260615,28.1,28.2,27.5,27.8,428,1184
20260616,28.2,28.2,27.45,27.5,209,578
20260617,27.7,27.9,27.3,27.9,266,736
20260618,28.15,28.65,27.45,28,523,1465
20260622,28,28,27.05,27.4,418,1144
20260623,27.65,27.7,27.35,27.35,213,586
20260624,26.9,27.3,26.9,27.25,153,416
20260625,27.55,27.55,27.2,27.5,211,579
20260626,27.25,27.25,26.35,27,680,1821
20260629,27,27.35,26.85,26.85,167,450
20260630,26.9,26.9,26.7,26.9,107,286
20260701,27.1,27.2,26.65,27.15,183,494
20260702,27.05,28.3,27,28.15,573,1593
20260703,28.05,28.65,27.6,28.5,721,2045
20260706,28.8,29,28.3,28.7,484,1391
20260707,28.9,28.95,28.25,28.4,282,803
20260708,28.6,28.85,28,28.6,276,786
20260709,28.8,28.8,28.2,28.45,153,437
20260713,28.75,28.75,28.2,28.75,314,896
20260714,28.85,28.95,28.3,28.75,323,928
20260715,28.7,29,28.65,29,191,552
20260716,29.05,30.25,28.85,29.4,941,2796
20260717,29.4,29.9,29,29.55,796,2343
20260720,29.6,30,29.2,29.85,547,1620
20260721,29.75,30.3,29.7,30.05,556,1670
20260722,30.2,30.2,29.1,29.15,459,1357
20260723,29.4,29.6,29,29.6,186,545
20260724,29.1,29.95,29.1,29.95,234,694
20260727,29.9,30.45,29.65,30.35,904,2725
20260728,30.5,30.5,29.25,29.9,590,1759
20260729,29.95,30.15,28.95,29.9,588,1745
20260730,30.05,30.5,29.25,29.85,766,2301
20260731,30,30.35,28.6,28.6,1020,2998
20260803,28.6,29.3,28.3,29.15,299,863
20260804,28.6,29.1,28.55,29.05,244,701
20260805,29.35,29.65,28.95,29.5,210,617
20260806,29.1,29.7,29.1,29.5,124,366
20260807,29.4,30.15,29.4,30.1,298,893
20260810,30.1,30.45,29.95,30.05,272,820
20260811,29.9,30.2,29.65,29.85,113,337
20260812,29.65,30.1,29.65,29.65,164,491
20260813,30,30,29.65,29.85,105,314
20260814,29.8,30.35,29.55,29.8,251,752
20260817,29.75,30,29.75,30,177,527
20260818,29.75,29.95,29.55,29.6,139,412
20260819,29.45,29.9,29.4,29.9,191,570
20260820,29.9,30.4,29.85,30.3,290,875
20260821,30.25,30.55,30.15,30.55,294,891
20260824,30.55,30.75,30.35,30.6,111,338
20260825,30.6,30.6,30.1,30.1,71,214
20260826,30.1,30.45,30,30.25,82,246
20260827,30.35,30.35,30.1,30.25,118,356
20260828,30.2,30.4,29.8,29.85,121,363
20260831,29.8,29.8,29.25,29.3,217,639
20260901,29.15,29.9,29.15,29.55,131,388
20260902,29.3,29.65,29.3,29.6,65,192
20260903,29.7,29.8,29.5,29.5,63,188
20260904,29.75,30,29.5,30,186,554
20260907,30.25,30.25,29.7,29.9,146,437
20260908,29.9,30.25,29.8,30.05,95,285
20260909,29.95,30.5,29.85,30.35,314,950
20260910,30.15,30.5,30,30.3,159,481
20260911,29.9,30.4,29.5,30.15,296,888
20260914,29.8,30,29.65,29.85,111,331
20260915,29.95,30,29.8,29.9,120,357
20260916,29.9,30.5,29.3,30.25,815,2452
20260917,30.45,30.95,30.4,30.9,417,1283
20260918,31,31.55,30.9,31.4,1234,3850
20260921,31.7,31.8,31.4,31.6,1043,3295
20260922,31.95,31.95,30.45,31.15,1463,4546
20260923,28.2,28.2,27.55,27.8,794,2211
20260924,27.7,27.95,27.2,27.7,389,1072
