# date,open,high,low,close,lot,wan
20250814,10.25,10.35,10.2,10.3,166,171
20250815,10.35,10.65,10.3,10.4,548,573
20250818,10.35,10.6,10.3,10.5,349,365
20250819,10.6,10.6,10.4,10.5,244,255
20250820,10.5,10.5,10.15,10.2,266,273
20250821,10.1,10.3,10.1,10.2,322,329
20250822,10.2,10.2,10,10,479,483
20250825,10.05,10.2,10,10.05,419,422
20250826,10.15,10.15,10,10.05,319,321
20250827,10.1,10.1,10,10.1,425,426
20250828,10.1,10.15,10,10.05,305,306
20250829,10,10.05,9.97,10,315,315
20250901,9.95,10,9.8,9.95,410,406
20250902,9.96,9.99,9.8,9.8,290,287
20250903,9.91,9.91,9.76,9.88,193,190
20250904,9.8,9.97,9.8,9.92,197,196
20250905,10,10,9.85,9.95,170,169
20250908,9.95,9.96,9.9,9.9,214,212
20250909,9.92,10,9.86,9.89,145,144
20250910,9.89,9.95,9.81,9.83,234,231
20250911,9.84,9.84,9.53,9.59,746,722
20250912,9.7,9.7,9.38,9.48,468,444
20250915,9.47,9.51,9.3,9.33,232,217
20250916,9.32,9.73,9.32,9.67,365,351
20250917,9.84,9.84,9.54,9.64,145,140
20250918,9.64,9.86,9.64,9.8,355,346
20250919,9.8,9.9,9.66,9.8,129,127
20250922,9.81,9.87,9.7,9.8,120,117
20250923,9.89,9.89,9.72,9.75,178,173
20250924,9.63,9.8,9.63,9.7,209,202
20250925,9.7,9.79,9.65,9.67,129,125
20250926,9.69,9.77,9.44,9.6,295,282
20250930,9.6,9.63,9.5,9.56,172,164
20251001,9.61,9.65,9.51,9.6,123,118
20251002,9.64,9.64,9.45,9.5,152,144
20251003,9.57,9.57,9.4,9.41,148,140
20251007,9.42,9.5,9.35,9.46,372,351
20251008,9.46,9.48,9.37,9.42,140,132
20251009,9.4,9.44,9.35,9.38,231,217
20251013,9.02,9.2,9.02,9.2,275,250
20251014,9.3,9.34,8.98,9.01,400,364
20251015,9.01,9.15,8.95,9.01,267,240
20251016,9.03,9.1,9,9.06,158,143
20251017,9.08,9.08,8.99,9.03,151,136
20251020,9.1,9.27,8.98,9.27,359,327
20251021,9.19,9.39,9.19,9.27,183,169
20251022,9.27,9.37,9.27,9.37,142,132
20251023,9.37,9.37,9.16,9.3,108,100
20251027,9.3,9.37,9.17,9.3,165,152
20251028,9.17,9.2,9.03,9.07,208,190
20251029,9.11,9.26,9.1,9.15,173,158
20251030,9.15,9.15,9,9.03,235,213
20251031,9.04,9.16,9,9.13,158,143
20251103,9.06,9.07,9,9,193,174
20251104,9.01,9.03,8.92,8.92,252,226
20251105,8.92,8.95,8.8,8.94,190,168
20251106,8.82,9.1,8.82,8.95,137,123
20251107,8.9,9.04,8.85,9.04,294,263
20251110,9.04,9.09,8.85,8.88,187,167
20251111,8.88,8.99,8.87,8.87,172,153
20251112,8.98,9.09,8.82,9.08,259,232
20251113,9.08,9.14,8.9,9.09,171,154
20251114,9.07,9.07,8.88,9,124,111
20251117,9,9,8.82,8.88,171,152
20251118,8.88,8.88,8.2,8.56,414,356
20251119,8.56,8.65,8.36,8.45,279,237
20251120,8.41,8.62,8.41,8.5,429,364
20251121,8.49,8.5,8.25,8.38,211,176
20251124,8.38,8.5,8.32,8.4,122,102
20251125,8.4,8.86,8.4,8.8,193,166
20251126,8.8,8.81,8.6,8.8,169,148
20251127,8.89,9.11,8.8,8.89,202,180
20251128,8.82,8.97,8.62,8.87,186,163
20251201,8.87,8.88,8.68,8.87,129,114
20251202,8.88,8.88,8.7,8.74,67,58
20251203,8.71,8.85,8.7,8.8,124,109
20251204,8.84,8.88,8.75,8.87,103,91
20251205,8.99,8.99,8.8,8.91,111,99
20251208,9,9,8.81,8.88,129,115
20251209,8.9,8.9,8.77,8.87,83,73
20251210,8.51,8.87,8.51,8.73,79,69
20251211,8.6,8.7,8.4,8.44,287,245
20251212,8.44,8.68,8.44,8.51,263,226
20251215,8.5,8.69,8.45,8.68,164,141
20251216,8.53,8.98,8.53,8.96,268,233
20251217,9,9.05,8.92,8.92,273,245
20251218,8.96,8.96,8.65,8.84,126,110
20251219,8.84,9,8.75,8.98,387,346
20251222,8.98,8.98,8.71,8.88,209,185
20251223,8.88,8.88,8.72,8.74,128,112
20251224,8.8,8.84,8.69,8.73,105,92
20251226,8.79,8.84,8.7,8.78,190,166
20251229,8.76,8.87,8.71,8.81,167,148
20251230,8.75,8.8,8.72,8.79,96,84
20251231,8.8,8.8,8.76,8.78,152,134
20260102,8.74,8.84,8.7,8.83,274,239
20260105,8.83,8.88,8.72,8.73,392,343
20260106,8.7,8.75,8.68,8.73,223,195
20260107,8.73,9.6,8.73,9.6,1669,1573
20260108,10,10.3,9.8,10.05,2840,2854
20260109,10.1,10.1,9.71,9.78,933,919
20260112,9.7,9.91,9.55,9.77,663,649
20260113,9.78,9.8,9.42,9.53,555,532
20260114,9.45,10,9.45,9.87,689,679
20260115,9.83,9.89,9.72,9.75,366,358
20260116,9.84,9.84,9.68,9.8,368,359
20260119,9.7,10.35,9.7,10.15,1024,1034
20260120,10.2,10.3,10.05,10.1,825,839
20260121,10.1,10.15,10,10.05,377,379
20260122,10.05,11.05,10.05,11.05,2841,3053
20260123,12.1,12.15,11.8,12.15,4135,5016
20260126,13.35,13.35,13.35,13.35,3286,4386
20260127,14.65,14.65,14.5,14.65,15203,22265
20260128,15.5,15.55,13.45,13.9,10790,15655
20260129,13.5,13.5,12.6,12.7,3532,4520
20260130,12.5,12.5,12,12.5,1537,1875
20260202,12.2,12.2,11.8,11.85,898,1073
20260203,12.15,12.85,12.1,12.85,1167,1449
20260204,12.95,13.55,12.95,13.45,1124,1490
20260205,13.1,13.35,12.8,12.85,692,899
20260206,12.65,12.65,12.15,12.4,600,746
20260209,12.9,12.9,12.15,12.15,591,724
20260210,12.35,12.35,11.9,12,531,639
20260211,12,12,10.8,10.8,1888,2094
20260223,10.95,11.3,10.7,11.15,1836,2011
20260224,11.15,11.5,10.8,11.3,1229,1379
20260225,11.65,12.4,11.55,12.4,1411,1731
20260226,13,13.6,12.5,13.6,6165,8160
20260302,13.35,14.4,12.35,14.3,7487,10392
20260303,14.3,14.3,13,13.1,4109,5527
20260304,12.85,13,12.05,12.4,1702,2128
20260305,13,13.2,12.5,12.75,1360,1747
20260306,12.55,12.8,12.3,12.7,602,756
20260309,12,12.1,11.5,12.05,887,1046
20260310,12.55,12.55,11.85,11.85,712,857
20260311,11.75,12.35,11.75,12.15,611,744
20260312,12.2,12.2,11.75,11.85,876,1039
20260313,11.7,13,11.5,13,1912,2410
20260316,13.05,14.2,12.9,13.75,3377,4581
20260317,14.2,14.2,13.15,13.3,1605,2141
20260318,13.35,13.5,12.85,13,1371,1788
20260319,12.55,13,12.55,12.7,953,1216
20260320,12.8,13.95,12.75,13.95,4005,5485
20260323,13.9,14.5,13.25,13.8,4760,6656
20260324,14.15,14.2,12.95,13.05,2257,3041
20260325,13.5,13.5,12.9,13.35,1614,2135
20260326,13.5,13.5,12.8,12.8,1682,2195
20260327,12.95,13.4,12.35,13.15,1517,1968
20260330,13.15,13.15,12.4,12.5,1079,1356
20260331,12.5,12.5,12,12,751,912
20260401,12.2,12.45,12.05,12.25,480,588
20260402,12.2,12.35,11.9,12.25,680,822
20260407,12.05,12.3,11.8,11.8,727,865
20260408,11.8,12.2,11.75,12.15,678,817
20260409,12.4,12.4,11.9,12.1,375,453
20260410,12.1,12.2,11.9,12,404,484
20260413,11.9,12.25,11.85,12.1,735,887
20260414,12.15,12.15,11.85,11.95,760,909
20260415,11.95,12.2,11.85,11.9,697,835
20260416,11.95,12.15,11.9,12,735,885
20260417,12.05,12.1,11.9,12,806,966
20260420,12,12.9,11.85,12.8,2169,2666
20260421,12.8,14,12.8,13.05,3270,4349
20260422,13.05,13.05,12.35,12.5,1094,1373
20260423,12.45,12.45,11.75,11.9,1208,1451
20260424,11.9,12,11.8,11.85,520,619
20260427,11.8,11.85,11.15,11.5,541,623
20260428,11.5,11.75,11.5,11.7,295,345
20260429,11.9,11.9,11.6,11.75,199,233
20260430,11.75,11.75,11.3,11.3,701,802
20260504,11.3,11.65,11.3,11.3,446,508
20260505,11.3,11.55,11.2,11.45,467,533
20260506,11.5,11.5,11,11.2,780,875
20260507,11.05,11.45,11,11.4,1232,1375
20260508,11.5,11.5,11,11.1,537,597
20260511,11.05,11.1,10.85,11,924,1011
20260512,11,11.2,10.75,10.85,536,582
20260513,10.85,11.15,10.55,10.6,845,903
20260514,10.8,10.8,10.4,10.6,705,745
20260515,10.55,10.75,10.25,10.25,493,515
20260518,10.25,10.3,10.1,10.2,339,345
20260519,10.2,10.25,10,10.05,536,543
20260520,10.05,10.55,10.05,10.4,598,617
20260521,10.5,10.7,10.3,10.5,511,535
20260522,10.5,10.95,10.5,10.85,557,597
20260525,11.3,11.3,10.65,10.75,676,732
20260526,10.65,10.75,10.35,10.35,617,645
20260527,10.55,10.55,10.1,10.35,798,816
20260528,10.35,10.55,10.15,10.15,672,692
20260529,10.15,11.15,10.1,11.15,1898,2071
20260601,11.55,12.25,11.55,12.25,3636,4372
20260602,12.4,12.4,11.3,12,3312,3922
20260603,12.1,12.2,11.6,11.95,1639,1957
20260604,12,12,11.7,11.8,944,1114
20260605,11.8,11.8,11.3,11.45,907,1042
20260608,10.9,11.25,10.6,11.05,623,677
20260609,11.05,11.2,11,11.1,673,745
20260610,11.1,11.35,10.8,10.8,845,935
20260611,10.65,10.8,10.35,10.6,753,791
20260612,10.7,10.9,10.65,10.7,526,564
20260615,10.7,11.1,10.7,11.05,590,647
20260616,11.1,11.1,10.7,10.7,450,485
20260617,10.55,11.75,10.55,11.6,2691,3109
20260618,10.9,11.2,10.8,10.95,1502,1650
20260622,11.1,11.25,10.85,11.15,808,894
20260623,11.2,11.2,10.8,10.9,683,749
20260624,10.8,11.5,10.8,11.05,1345,1499
20260625,11.1,11.3,11,11,469,520
20260626,10.95,11.05,10.7,10.7,904,981
20260629,10.9,10.95,10.4,10.5,794,843
20260630,10.65,10.85,10.45,10.8,511,545
20260701,10.9,10.9,10.6,10.65,344,369
20260702,10.75,10.8,10.6,10.75,651,694
20260703,10.75,11.2,10.7,11.1,895,982
20260706,11.15,11.3,10.85,10.9,706,780
20260707,11.05,11.15,10.6,10.65,690,739
20260708,10.7,10.7,10.35,10.4,595,622
20260709,10.5,10.6,10.35,10.4,231,242
20260713,10.5,10.65,10.25,10.25,585,605
20260714,10.2,10.25,9.92,10.05,860,864
20260715,10.15,10.2,10.05,10.2,353,357
20260716,10.2,10.4,10,10.05,464,468
20260717,10.05,10.05,9.75,9.76,776,765
20260720,9.76,10,9.61,9.84,457,448
20260721,9.99,10.1,9.9,10,227,227
20260722,9.96,10.05,9.93,9.98,345,344
20260723,9.99,10,9.8,9.82,338,333
20260724,9.76,9.97,9.7,9.73,229,224
20260727,9.9,9.9,9.51,9.79,261,251
20260728,9.53,9.67,9.4,9.4,273,259
20260729,9.65,9.65,8.88,9.46,468,428
20260730,9.12,9.56,9.12,9.2,168,156
20260731,9.27,9.65,9.27,9.48,198,188
20260803,9.48,9.59,9.33,9.5,126,120
20260804,9.55,9.61,9.35,9.5,190,181
20260805,9.59,9.67,9.12,9.5,451,428
20260806,9.4,9.45,9.24,9.45,328,306
20260807,9.26,9.6,9.26,9.54,177,169
20260810,9.54,9.64,9.43,9.53,172,164
20260811,9.46,9.58,9.4,9.42,96,91
20260812,9.35,9.58,9.35,9.5,227,216
20260813,9.5,9.58,9.4,9.5,212,201
20260814,9.49,9.56,9.35,9.51,331,312
20260817,9.5,9.6,9.43,9.45,56,54
20260818,9.4,9.48,9.36,9.36,182,170
20260819,9.65,9.65,9.32,9.41,161,151
20260820,9.55,9.88,9.41,9.79,842,812
20260821,9.62,9.7,9.48,9.67,224,214
20260824,9.66,10.6,9.66,10.3,1788,1850
20260825,9.95,9.97,9.66,9.89,911,894
20260826,9.84,9.98,9.81,9.88,302,298
20260827,9.97,10.15,9.93,10.1,644,647
20260828,10.1,10.1,9.82,10,300,299
20260831,9.96,9.96,9.8,9.83,225,222
20260901,9.95,9.95,9.8,9.94,271,267
20260902,9.94,9.95,9.85,9.92,140,138
20260903,9.89,9.95,9.73,9.73,113,111
20260904,9.85,9.85,9.65,9.74,226,220
20260907,9.71,9.79,9.66,9.69,184,179
20260908,9.79,9.79,9.65,9.65,132,128
20260909,9.6,9.78,9.6,9.74,263,255
20260910,9.74,9.75,9.62,9.65,112,109
20260911,9.6,9.6,9.48,9.48,268,255
20260914,9.5,9.59,9.35,9.5,139,131
20260915,9.5,9.5,9.3,9.3,115,108
20260916,9.31,9.54,9.26,9.3,175,164
20260917,9.3,9.73,9.3,9.35,223,210
20260918,9.44,9.55,9.35,9.36,173,163
