# date,open,high,low,close,lot,wan
20250814,36.55,36.55,34,34.6,326,1152
20250815,34.6,35,33.85,33.85,123,421
20250818,34,34.55,33.9,34.45,73,250
20250819,34.45,35.05,34.45,35.05,49,171
20250820,35.35,35.35,34.5,35,75,262
20250821,35,35.25,34.9,35.1,26,90
20250822,35.4,35.4,34.8,34.8,26,93
20250825,34.85,35,34.6,35,43,151
20250826,34.7,34.7,34.45,34.45,51,176
20250827,34.3,35.1,34.3,34.45,42,144
20250828,34.95,34.95,34.1,34.1,51,176
20250829,34.1,34.7,34,34.3,37,125
20250901,34.75,34.75,33.8,34,46,157
20250902,34.55,34.55,33.4,33.6,27,91
20250903,34,34,33,33.25,56,186
20250904,33.3,33.3,32.9,33.15,39,130
20250905,33.5,33.55,33.15,33.3,24,80
20250908,33.2,33.95,33.2,33.95,67,225
20250909,34.05,35.2,33.8,35.2,112,389
20250910,35.7,35.7,34.5,34.5,123,430
20250911,34.45,34.5,33.25,33.35,66,222
20250912,33.8,33.8,32.8,33.2,46,153
20250915,33.05,33.05,32.85,32.9,18,60
20250916,32.95,32.95,32.85,32.9,22,74
20250917,32.9,32.9,32.6,32.65,34,110
20250918,32.7,33,32.7,32.75,27,89
20250919,32.75,33.15,32.75,33.1,26,87
20250922,33.3,33.65,33.3,33.65,49,164
20250923,33.65,33.65,33.45,33.45,22,75
20250924,33.45,33.6,33.3,33.35,22,73
20250925,33,33.2,32.95,32.95,24,79
20250926,33,33,32.05,32.45,25,82
20250930,32.15,32.5,32,32.1,16,52
20251001,32.15,33.7,32.15,33.7,106,353
20251002,32.75,34.35,32.75,34.15,93,316
20251003,34.15,34.4,33.4,33.4,28,93
20251007,33.4,33.75,33.35,33.75,15,50
20251008,33.75,33.9,33.2,33.35,21,71
20251009,33.8,34.1,33.45,34,22,75
20251013,33.05,34.9,33,33.8,23,78
20251014,34,37.15,34,37.15,197,721
20251015,37.25,39,36.15,36.5,128,478
20251016,36.1,36.8,36.1,36.8,25,93
20251017,36.8,36.8,36.1,36.7,22,81
20251020,35.55,37.05,35.5,36.4,33,119
20251021,35.5,36.3,35.5,36,24,87
20251022,35.95,36.35,35.5,36.2,22,79
20251023,35.55,36.25,35.2,36.25,13,47
20251027,36,36.4,36,36.35,13,48
20251028,36.35,39,36.35,38.5,71,268
20251029,39.7,39.7,38.05,39,60,232
20251030,39,39,37.45,37.55,29,112
20251031,36.35,38.35,36.35,38.35,4,15
20251103,37.25,37.4,37.25,37.4,3,12
20251104,37.3,38,37.3,37.4,11,42
20251105,36.1,37.3,36.1,36.95,31,113
20251106,36.25,37.3,36.25,37.1,18,67
20251107,36.5,37.1,36.5,36.9,7,26
20251110,36.6,36.9,36.6,36.9,4,15
20251111,36.5,36.75,36.25,36.25,28,102
20251112,36.25,36.8,36.2,36.4,22,81
20251113,36.7,37.8,36.7,37,30,112
20251114,37.1,37.25,36.5,36.5,20,73
20251117,36.9,38.45,36.9,37.1,36,134
20251118,38.25,38.25,36.7,36.8,7,26
20251119,36.75,37.2,36.75,37.15,22,81
20251120,38.2,38.2,37,37.2,9,34
20251121,36.8,37.7,36.8,37.2,8,31
20251124,37.25,37.5,37.15,37.2,14,53
20251125,37.2,37.2,36.9,37.2,18,67
20251126,37.2,37.5,36.85,37.25,12,45
20251127,37.2,37.25,36.7,36.9,22,81
20251128,37.2,37.2,36.6,36.6,30,111
20251201,37.25,37.25,36.75,36.75,11,41
20251202,36.8,36.95,36.65,36.85,14,51
20251203,36.4,36.85,36.35,36.65,48,175
20251204,36.65,36.9,36.55,36.55,14,51
20251205,36.65,36.65,35,35.2,80,285
20251208,35.2,35.85,34.6,34.65,39,138
20251209,34.65,34.65,33.1,33.55,106,355
20251210,33.55,33.8,32.2,32.35,106,348
20251211,32.35,32.4,31.5,31.6,103,329
20251212,31.6,32.25,31.05,31.55,118,372
20251215,31.4,31.45,30.4,30.5,137,420
20251216,30.4,30.4,30.05,30.15,89,269
20251217,30.3,30.75,30.25,30.3,43,131
20251218,30.15,30.5,30.15,30.2,18,55
20251219,30.6,31.5,30.05,30.25,45,137
20251222,30.25,30.65,30,30.3,64,194
20251223,30.05,30.55,29.95,30.45,40,122
20251224,30.6,30.65,30,30.1,52,158
20251226,30.45,30.5,30,30,48,144
20251229,30.35,30.4,30.05,30.3,24,73
20251230,30.2,30.35,29.95,30.35,19,58
20251231,30.35,30.4,30.1,30.35,22,68
20260102,30.35,30.8,30.3,30.6,21,63
20260105,30.6,30.7,30.5,30.65,21,65
20260106,30.65,30.65,30.05,30.2,24,74
20260107,30.55,31.2,30.35,30.55,48,148
20260108,30.85,31.4,30.65,31.05,47,147
20260109,31.7,31.75,31,31.7,30,95
20260112,31.85,32.1,31.4,31.65,45,143
20260113,32.2,32.45,32.1,32.15,28,90
20260114,33.05,33.1,32.55,32.6,40,131
20260115,33.05,33.45,33.05,33.25,34,111
20260116,33.65,33.85,33.25,33.5,50,169
20260119,33.2,33.2,32.8,32.8,25,84
20260120,32.6,33.6,32.05,32.6,45,148
20260121,32.3,32.35,32,32.3,35,113
20260122,32.5,32.75,32,32,54,175
20260123,32.1,32.45,32.1,32.45,35,113
20260126,32.45,32.45,32.25,32.3,16,52
20260127,32.4,32.6,32.3,32.55,16,52
20260128,32.5,32.6,32,32.4,26,84
20260129,32.35,32.35,31.9,32.05,11,37
20260130,32.1,32.45,32,32.25,23,75
20260202,32.1,32.5,31.9,31.9,35,112
20260203,32,32,30.55,30.85,75,232
20260204,31,31.3,30.95,31.3,19,61
20260205,31.3,31.3,31,31,41,128
20260206,30.5,31.3,30.5,30.6,25,78
20260209,30.65,31.2,30.6,30.6,14,44
20260210,30.5,30.85,30.45,30.85,16,49
20260211,30.9,30.95,30,30.6,63,192
20260223,30.75,31.25,30.75,31.25,48,149
20260224,31.25,31.45,30.6,30.65,43,132
20260225,30.95,30.95,30.4,30.8,47,144
20260226,30.6,31,30.45,30.8,44,135
20260302,30.8,30.8,30,30.1,98,297
20260303,30.15,30.45,29.8,29.9,71,214
20260304,29.9,29.9,29,29.3,58,169
20260305,29.5,29.9,29.2,29.75,53,156
20260306,29.5,29.7,29.5,29.6,11,33
20260309,28.95,29.3,28.3,28.3,61,177
20260310,28.75,28.75,27.7,28.3,41,116
20260311,28.5,28.5,28,28.35,15,43
20260312,27.25,28.25,27.25,27.8,48,134
20260313,27.85,28.25,27.85,28.05,51,143
20260316,28.4,28.7,27.75,28.45,42,118
20260317,28.5,28.9,28.5,28.55,18,53
20260318,28.55,29.5,28.55,29.3,26,76
20260319,28.9,28.9,28.8,28.85,9,27
20260320,28.6,28.65,28.15,28.55,26,75
20260323,28.55,28.55,27.9,28.1,40,111
20260324,28.4,28.45,28.05,28.1,35,99
20260325,28.5,28.5,28.2,28.4,19,54
20260326,28.65,28.65,28.45,28.45,5,14
20260327,28.05,28.3,27.7,28.3,23,65
20260330,27.45,28.5,27.45,28.25,22,62
20260331,28.25,28.55,28.2,28.25,81,230
20260401,28.85,29.1,28.55,28.95,39,114
20260402,28.5,28.85,28.5,28.85,22,63
20260407,28.85,28.85,28.3,28.45,33,94
20260408,28.7,29.7,28.7,29.55,53,156
20260409,29.45,29.45,29,29.2,13,39
20260410,29.55,30.45,29.25,30.15,85,254
20260413,30.5,30.5,30,30.45,75,227
20260414,30.2,30.7,30,30.45,134,409
20260415,28.8,28.9,28.35,28.75,92,263
20260416,28.5,28.7,28.1,28.5,43,123
20260417,28.6,28.6,28.1,28.35,30,84
20260420,28.35,28.35,27.8,28.3,36,102
20260421,28.35,28.85,28.25,28.7,51,146
20260422,28.5,28.85,28.35,28.75,28,80
20260423,28.4,28.4,28.2,28.2,18,51
20260424,28.2,28.3,27.55,28.05,29,82
20260427,28,28,27.6,27.6,50,138
20260428,27.75,27.8,27.5,27.5,16,44
20260429,27.7,28.2,27.65,28.2,21,57
20260430,28.25,28.25,27.85,27.85,17,49
20260504,27.9,28,27.5,27.6,66,183
20260505,27.5,27.85,27.45,27.45,50,138
20260506,27.5,27.55,27.4,27.45,57,158
20260507,27.35,27.55,27.3,27.4,41,113
20260508,27.35,27.8,27.35,27.7,87,239
20260511,27.5,27.8,27.35,27.65,54,149
20260512,27.95,27.95,27.35,27.35,28,78
20260513,27.45,27.45,26.7,27.3,66,180
20260514,27.3,27.3,26.65,26.95,76,206
20260515,26.95,26.95,26.25,26.45,79,210
20260518,26.75,26.75,26,26.1,74,194
20260519,26,26.3,25.8,26.1,28,73
20260520,26.1,26.1,25.3,25.3,91,232
20260521,25.5,25.5,24.65,25.1,71,180
20260522,25,25.1,24.8,25.1,43,108
20260525,24.95,25.25,24.7,25.1,69,171
20260526,25.1,25.2,24.7,25,43,107
20260527,25,25.2,24.55,25,102,253
20260528,24.9,25,24.5,24.85,49,122
20260529,24.9,25,24.75,24.9,38,95
20260601,24.6,25.2,24.5,25.1,103,256
20260602,25.05,25.05,24.85,25,19,48
20260603,25,25.85,24.95,25.75,109,278
20260604,25.2,26.05,25.15,26.05,55,142
20260605,25.55,26.2,25.5,25.95,25,66
20260608,25.2,25.5,24.15,25.5,62,156
20260609,25.5,27.7,25.5,27.15,109,294
20260610,26.65,27.15,26.65,27.1,20,54
20260611,26.65,27,26.2,27,29,77
20260612,26.7,27.2,26.7,27.2,17,46
20260615,27.2,27.5,27,27.2,33,91
20260616,27.2,27.2,26.45,26.95,34,91
20260617,26.35,27.35,26.25,27.3,34,92
20260618,27.3,27.5,26.7,27.4,52,141
20260622,26.8,27.4,26.65,26.95,35,95
20260623,27.4,27.4,26.75,27.3,35,95
20260624,27.25,27.3,27,27,15,41
20260625,27.1,27.3,26.75,27.3,15,41
20260626,26.25,27.4,26.25,27.3,29,77
20260629,27.25,27.25,27.15,27.2,7,19
20260630,26.9,27.2,26.85,26.85,10,28
20260701,26.7,27.3,26.7,27.1,11,30
20260702,27.1,27.6,26.5,27.4,32,87
20260703,27.1,27.7,27.1,27.45,11,31
20260706,28.1,28.1,27.55,27.95,11,31
20260707,27,27.75,27,27.15,31,84
20260708,27.6,27.6,26.7,27.2,35,94
20260709,27.25,27.3,26.7,27.3,7,19
20260713,26.95,27.15,26.65,27.15,18,50
20260714,27.15,27.15,26.6,26.85,13,34
20260715,26.85,27.25,26.5,27.25,26,70
20260716,27.25,28.1,26.95,27.3,16,43
20260717,27.3,27.3,27.3,27.3,11,29
20260720,27.5,27.55,26.8,27.45,19,51
20260721,26.8,27,26.5,26.8,38,102
20260722,26.55,27.3,26.55,27.2,8,22
20260723,27,27,26.4,26.8,25,67
20260724,27.2,27.2,26.45,26.65,12,32
20260727,26.65,27.35,26.6,27.3,13,34
20260728,26.35,26.8,26,26.5,41,106
20260729,27.45,27.45,26.2,27.2,25,66
20260730,27.15,27.15,26.5,27.1,3,8
20260731,27.1,27.2,26.5,27.2,24,64
20260803,26.55,27.15,26.55,27.15,9,23
20260804,26.9,27.35,26.65,27,43,115
20260805,26.95,27.2,26.8,26.85,22,59
20260806,26.75,27.1,26.75,27.1,14,39
20260807,27.4,27.4,27,27.3,20,54
20260810,27.2,27.2,27.1,27.15,35,95
20260811,27.2,27.2,26.9,27.15,40,109
20260812,26.85,27.15,26.85,27.1,32,87
20260813,27.55,27.55,25.95,25.95,88,231
20260814,25.95,26.15,25,25.2,211,538
20260817,25.45,25.55,24.9,25.4,71,179
20260818,25.05,25.35,24.95,25.35,5,13
20260819,25.4,25.85,25.2,25.55,28,71
20260820,25.75,26.1,25.75,26.1,12,31
20260821,26.8,26.8,25.5,26.5,4,11
20260824,26.5,26.5,26.5,26.5,3,8
20260825,26.5,26.5,25.3,26,7,18
20260826,26.1,26.8,26.1,26.6,9,24
20260827,26.6,26.6,26.35,26.6,5,12
20260828,26.8,26.8,26.3,26.6,22,59
20260831,26.25,26.45,25.7,26.2,29,76
20260901,26.2,26.3,25.8,26.1,7,19
20260902,26.5,26.5,26,26.25,10,27
20260903,26.5,27,26.25,26.25,18,48
20260904,26.5,26.65,26.1,26.4,12,32
20260907,26.8,26.8,26,26.35,21,55
20260908,25.8,26.1,25.8,26,32,83
20260909,25.8,26.3,25.8,26.3,46,120
20260910,26.3,26.35,25.7,26.05,74,192
20260911,26.5,27.4,26,26.05,14,37
20260914,26.05,26.05,25.8,26.05,30,78
20260915,26.1,26.5,25.8,26.25,19,48
20260916,26.5,26.5,25.85,25.9,14,37
20260917,26.25,26.25,25.85,26.05,22,56
20260918,25.85,26.4,25.85,26.25,12,31
20260921,26.3,26.3,25.9,26.1,10,26
