# date,open,high,low,close,lot,wan
20250814,164.5,165,162,164,3140,51342
20250815,165,166,163.5,165.5,2747,45328
20250818,165,168.5,164.5,167.5,4650,77633
20250819,169,172.5,167,167,9093,154187
20250820,168,168,162,166.5,7700,127460
20250821,165.5,167,164,164,3580,59143
20250822,165,166.5,163.5,164,2731,45083
20250825,166,167,164.5,167,3206,53301
20250826,166.5,167.5,165.5,167.5,2879,48052
20250827,168,169,167,168,5530,92903
20250828,166,167.5,164.5,167,5010,83255
20250829,168,172,166.5,171.5,13104,222635
20250901,173.5,174.5,164.5,165,11691,196994
20250902,166,166.5,158.5,162,8078,130761
20250903,162,165,160.5,165,3980,64721
20250904,165,168.5,164.5,166.5,6694,111634
20250905,169.5,172.5,165,165.5,11599,194819
20250908,167,167,163,164,4537,74597
20250909,165,166,163.5,163.5,3956,64962
20250910,164,164.5,163.5,164,2676,43858
20250911,165,165.5,161.5,161.5,4868,79289
20250912,162.5,164.5,162.5,163.5,3036,49627
20250915,163,163.5,160.5,161.5,4898,79092
20250916,162.5,162.5,160,161.5,2664,42886
20250917,162,162,159.5,159.5,4010,64258
20250918,160,161,159.5,160,2466,39479
20250919,160.5,160.5,158.5,159,3491,55620
20250922,161.5,163,160,160,3446,55474
20250923,161,161.5,159,159,3111,49640
20250924,160,162,159,159.5,4325,69347
20250925,160.5,161,158,158,3058,48645
20250926,158,158.5,153.5,153.5,6475,100302
20250930,154,156.5,153,155.5,2531,39217
20251001,156,156.5,154,155.5,2207,34339
20251002,156,156.5,153.5,153.5,2449,37833
20251003,153.5,155.5,153,155,1712,26522
20251007,156.5,159.5,155,159,4777,75479
20251008,158.5,159.5,157,159.5,1741,27610
20251009,160,161,155,155,5180,81394
20251013,150.5,155.5,148,155.5,3958,60489
20251014,156.5,159.5,154.5,155,3951,62087
20251015,155,156.5,154,156.5,2825,43943
20251016,158,159.5,156.5,158.5,2762,43734
20251017,158,159.5,157,157,1616,25518
20251020,158.5,159,154,154,3104,48110
20251021,154.5,155,153.5,154,2718,41934
20251022,154,154.5,153,153.5,2344,36026
20251023,153.5,153.5,150,151.5,4276,64658
20251027,153,154.5,150.5,152,5031,76330
20251028,153,154,148,149.5,6792,101662
20251029,149.5,150.5,148,148,5023,74724
20251030,149.5,152,148,151,6038,90999
20251031,151.5,158,150.5,153,25483,396358
20251103,156,161,154,157.5,18591,294434
20251104,158.5,159.5,153,153,7224,111987
20251105,151.5,152.5,149,151.5,4341,65517
20251106,153,153,150.5,151,1965,29730
20251107,149.5,149.5,145,145,8370,122592
20251110,145.5,146,142.5,144.5,3071,44258
20251111,145,146.5,144,144,2513,36444
20251112,144.5,145.5,143.5,143.5,1861,26809
20251113,146,151,146,150,6078,90451
20251114,148,149.5,146,146,3310,48713
20251117,146.5,147.5,144,145,1975,28751
20251118,146.5,148.5,144,147,6021,88242
20251119,149.5,151,145,150,11415,169554
20251120,153.5,155.5,149.5,151,13237,201087
20251121,148.5,151.5,148,151.5,8584,128653
20251124,150,151.5,149,151.5,6555,98436
20251125,151.5,152,148,149,4767,71082
20251126,149.5,150.5,148.5,150,3122,46730
20251127,150.5,153.5,150,150.5,4797,72776
20251128,151.5,152,149.5,149.5,1948,29244
20251201,149.5,150,147,147,2220,32862
20251202,147.5,149,147,147,1498,22118
20251203,148.5,148.5,146.5,147.5,1834,27059
20251204,148.5,149.5,147.5,147.5,1241,18416
20251205,148,148.5,147,147.5,1097,16189
20251208,148,150,148,148.5,1259,18722
20251209,149.5,150.5,148.5,150,2571,38514
20251210,150.5,153.5,150,150.5,4080,61948
20251211,152,152,148.5,149.5,2170,32533
20251212,150.5,153.5,150,152.5,4405,67075
20251215,151.5,154,148.5,148.5,7641,115694
20251216,148.5,150,144.5,146.5,3644,53486
20251217,147.5,148,146,146.5,2473,36342
20251218,146.5,146.5,144.5,144.5,1904,27662
20251219,146,151,145,151,4282,63886
20251222,152,153,150.5,152,2834,43022
20251223,152,152,150,151,1195,18031
20251224,151.5,151.5,149.5,149.5,1183,17792
20251226,150.5,151,149.5,150.5,1094,16455
20251229,151.5,151.5,150,150.5,1352,20379
20251230,149.5,151.5,149,151,1155,17377
20251231,151,151,149.5,149.5,1556,23332
20260102,150,150.5,148,148.5,2120,31548
20260105,148.5,148.5,146,147,2330,34267
20260106,147.5,149,146.5,147,1819,26822
20260107,147,147.5,145,146,3032,44277
20260108,146,146.5,144.5,145,2790,40469
20260109,146.5,148,145,146.5,2656,38897
20260112,147.5,148,145,146,3367,49266
20260113,147.5,150,146,147,4228,62496
20260114,148.5,158.5,148.5,157,27327,425307
20260115,156,156,150.5,151,11639,177386
20260116,154.5,160,152.5,160,22229,349282
20260119,160.5,166,156.5,160.5,25154,406905
20260120,160.5,176.5,158,176.5,46776,799247
20260121,177,187.5,175,177.5,91704,1650638
20260122,182,189,178,184,53759,989681
20260123,185.5,188.5,179,184,24170,442335
20260126,183,186.5,179,181,13620,247472
20260127,182,182,176,177,11026,196220
20260128,177,187.5,173.5,185.5,27637,501507
20260129,185.5,186.5,177.5,178,14724,265643
20260130,177,179.5,168.5,168.5,14177,242986
20260202,165.5,167,161,163.5,8637,141332
20260203,167.5,170.5,164.5,169,7703,129083
20260204,167,172.5,166.5,170.5,5950,101161
20260205,168,170.5,163.5,164.5,5811,96385
20260206,163,163.5,157,158.5,7106,113145
20260209,162.5,163.5,159.5,163,5442,87835
20260210,163.5,167,163,163,5938,97629
20260211,164,165,162,163.5,4158,68073
20260223,165,172,165,168,7716,130063
20260224,169.5,170,166.5,168,5150,86657
20260225,169,173.5,168.5,170.5,12302,210769
20260226,171.5,178,168,175.5,16103,281464
20260302,171,175,170,171.5,8395,144397
20260303,172,173.5,165,165.5,8129,136508
20260304,161.5,163,155,155,8640,136138
20260305,160,161.5,156.5,160,4353,69314
20260306,159,164,157,160,4891,78814
20260309,152,153,148,151.5,6403,96316
20260310,154.5,154.5,149.5,151,5195,79020
20260311,153,158,153,156.5,4252,66161
20260312,156,159.5,155,157.5,3417,53743
20260313,154.5,158.5,154,158,2484,39065
20260316,158,159.5,156,158.5,2400,37926
20260317,160.5,164.5,160,162,3615,58625
20260318,164,164.5,161,162,3495,56863
20260319,161.5,161.5,158.5,159.5,2439,38939
20260320,161,161,156,157.5,3218,50734
20260323,155,160.5,152.5,154,3779,58975
20260324,157.5,158,153,156.5,2167,33771
20260325,158.5,160.5,157.5,158.5,2185,34708
20260326,155.5,158,153.5,153.5,4522,70241
20260327,152,152,149.5,152,4086,61592
20260330,149,149.5,148,149,2962,44065
20260331,148,149.5,142.5,143,8045,116616
20260401,146.5,148.5,143.5,145,5931,86374
20260402,147,148,143.5,144,2855,41398
20260407,145.5,145.5,143.5,144.5,1979,28627
20260408,147,149.5,147,148,3546,52651
20260409,149.5,150,147.5,150,2238,33339
20260410,150.5,151,149.5,150.5,2022,30372
20260413,150.5,152,147.5,151.5,2882,43179
20260414,153,153,150,151.5,3173,47953
20260415,153,155,150.5,150.5,4361,66525
20260416,151,155,150.5,155,4730,72395
20260417,156,156,152,153,5866,90223
20260420,154,156.5,152,153.5,7113,109559
20260421,154.5,155.5,154,155.5,4069,63038
20260422,155.5,156,154,155.5,3925,60897
20260423,157.5,158,149,151.5,7888,120633
20260424,153,153.5,149,149.5,5563,83728
20260427,152,153,149,150,5091,76447
20260428,151,151,148.5,149,3547,52885
20260429,149,149,147,148.5,3861,57112
20260430,149,151.5,147.5,148.5,4297,64273
20260504,150.5,158.5,150.5,155.5,15342,239027
20260505,156,156,152.5,154,5442,83588
20260506,157,158,154,155.5,10727,167326
20260507,157,158,155.5,156.5,5841,91673
20260508,157,163.5,157,158,17757,282866
20260511,159.5,159.5,156,158.5,7010,110994
20260512,159.5,159.5,156,157,4903,77078
20260513,157,157,154.5,155.5,4179,64965
20260514,156.5,157,153,153,4842,74688
20260515,154,155.5,150,150,6052,91721
20260518,149,149,146.5,148.5,3927,58165
20260519,149,152,149,150,4397,66037
20260520,150,150.5,147.5,148.5,4376,65041
20260521,150,154.5,150,154.5,5712,87360
20260522,155,157,153.5,156.5,6295,98299
20260525,158,160,155.5,160,12479,197738
20260526,166,172,164,165,33963,568511
20260527,168.5,175.5,166.5,169,30848,525050
20260528,170,177,165,165.5,30885,527323
20260529,168.5,169.5,165,166.5,12796,212597
20260601,167.5,171,166.5,168.5,9845,166183
20260602,169.5,170,165,168,8755,146395
20260603,171,184.5,169,184.5,45938,824548
20260604,190,201,186.5,187,79393,1538340
20260605,187,187.5,169,170.5,40328,699661
20260608,155,169.5,155,169.5,18490,302232
20260609,171,171,167,169.5,10947,185329
20260610,168,171.5,164.5,164.5,9464,158678
20260611,164,167,160.5,164,6775,110977
20260612,169.5,170,167,167,6605,111296
20260615,170,171.5,169.5,170,6263,106833
20260616,171.5,171.5,168,168.5,3931,66559
20260617,171,172.5,168,172,10715,182999
20260618,173,176.5,171,176.5,17875,312890
20260622,181,181,176,181,17056,305258
20260623,183.5,184.5,178.5,182,18461,334526
20260624,183,185,179,185,21240,388545
20260625,185.5,185.5,182,185,13725,252647
20260626,183.5,183.5,175.5,175.5,12764,228281
20260629,176.5,180.5,175,175.5,6747,119604
20260630,178,178,176,177,4856,85979
20260701,179,180.5,176.5,177,4231,75350
20260702,177,178.5,176.5,176.5,3769,66791
20260703,176.5,178,175.5,176.5,2745,48611
20260706,178,182,177.5,178.5,7138,128463
20260707,180.5,181,175,175,5855,103862
20260708,177,177,171.5,171.5,5678,98058
20260709,167,169,166.5,168.5,3188,53527
20260713,170,170,166.5,168,2378,40011
20260714,168,168,159,164,4762,77449
20260715,163.5,171.5,162.5,171,5292,88778
20260716,170.5,170.5,167,167,2792,46876
20260717,165,166,158.5,158.5,5266,84910
20260720,160.5,162,154,157.5,4312,68302
20260721,160,164,160,162.5,3233,52486
20260722,164.5,167,162.5,162.5,3559,58701
20260723,164.5,164.5,160,160,3350,53985
20260724,159.5,161,157.5,158,2724,43217
20260727,159,159,155.5,158.5,2308,36179
20260728,155,156,152,152.5,4410,67628
20260729,153,154,145.5,149.5,5755,85176
20260730,147.5,151.5,146,147,2756,40888
20260731,154,156.5,153.5,153.5,4378,67644
20260803,153,158.5,152.5,155.5,2537,39614
20260804,154,160,154,159,2774,43777
20260805,161.5,163,160.5,161,2417,39090
20260806,161.5,162.5,158.5,160.5,1746,27895
20260807,160.5,161.5,157,157.5,1523,24214
20260810,159.5,160.5,158.5,159.5,1539,24589
20260811,159.5,160.5,157.5,160.5,1760,28043
20260812,161.5,168,161,165.5,7262,120310
20260813,168.5,177,166.5,171,15450,268819
20260814,172.5,174,168.5,170,4155,70764
20260817,169.5,172.5,167,171,3455,59035
20260818,170,171.5,166,167,2631,44116
20260819,164.5,166,163,164,2254,37090
20260820,165,166.5,163,166,2144,35416
20260821,166,168,165.5,166,1962,32659
20260824,167,167.5,164,164,1509,24919
20260825,163.5,165.5,162,165.5,1813,29667
20260826,165,166.5,164.5,166,1417,23477
20260827,166.5,172.5,166.5,170.5,6144,104606
20260828,173,173,168,168,2783,47160
20260831,167.5,168,163,164,3495,57386
20260901,164,170.5,164,166,3415,57091
20260902,166.5,168,164.5,165,1754,29065
20260903,166,166,162.5,162.5,2235,36616
20260904,164.5,166,162.5,165.5,1475,24255
20260907,167,169.5,165,167,2317,38715
20260908,167.5,167.5,164.5,165,1320,21855
20260909,164.5,167.5,164.5,167,1788,29790
20260910,166,166.5,164.5,165.5,946,15632
20260911,164,166.5,163.5,165,1438,23695
20260914,164,165.5,163.5,163.5,1281,21018
20260915,163.5,164.5,162,162,1255,20425
20260916,162.5,164,162.5,162.5,1473,23990
20260917,163.5,165.5,163.5,165,1750,28861
20260918,166.5,167.5,165,167,2737,45542
20260921,167,168,166,166.5,2036,34009
