# date,open,high,low,close,lot,wan
20250814,30.3,30.3,29.5,29.55,157,468
20250815,29.55,30.05,29.3,29.85,230,684
20250818,30.1,30.5,29.65,29.9,198,596
20250819,29.8,30.4,29.5,30.1,202,607
20250820,30.05,30.05,29.3,29.55,147,434
20250821,28.95,30,28.55,30,143,425
20250822,29.9,29.9,29.6,29.8,50,149
20250825,30.1,30.25,29.8,30,198,593
20250826,30,31.2,29.75,31,580,1775
20250827,31.2,31.2,30.4,30.8,331,1017
20250828,30.45,31.7,30.45,31,464,1450
20250829,31.35,32,30.8,31.5,866,2724
20250901,32,33.5,31.6,32.7,2422,7940
20250902,35.45,35.95,32,32.2,8299,28617
20250903,31.85,33.2,31.4,32.6,1161,3758
20250904,32.8,33,32,32.2,557,1803
20250905,32.3,32.3,31.3,32.3,677,2144
20250908,32.35,32.65,31.95,32.05,361,1164
20250909,31.95,31.95,31.3,31.7,372,1176
20250910,31.7,31.7,31,31.7,376,1177
20250911,31.65,31.7,30.9,31.7,342,1070
20250912,31.6,31.6,31.05,31.6,272,853
20250915,31.6,31.8,31.35,31.6,325,1025
20250916,31.6,31.6,30.7,30.7,547,1697
20250917,30.4,30.7,30.15,30.4,295,894
20250918,30.35,30.55,29.9,30.3,678,2041
20250919,29.9,30.2,29.65,29.65,723,2161
20250922,29.75,29.8,29.5,29.75,330,979
20250923,29.75,29.8,29,29,656,1922
20250924,29.1,29.15,28.6,28.8,584,1680
20250925,29,29.35,28.7,28.75,692,1996
20250926,29,29,28.35,28.6,210,599
20250930,28.7,28.7,28.2,28.6,245,697
20251001,28.7,28.75,28.4,28.6,167,478
20251002,28.6,28.7,28.2,28.25,157,444
20251003,28.25,28.3,28.1,28.15,194,547
20251007,28.15,28.65,28.15,28.4,245,695
20251008,28.7,28.7,28.25,28.3,165,469
20251009,28.95,28.95,28.4,28.45,184,524
20251013,27,28.05,27,27.95,327,901
20251014,28.6,28.6,27.5,27.55,269,752
20251015,27.55,27.9,27.5,27.5,384,1063
20251016,27.6,28.15,27.6,28.15,253,704
20251017,28.15,28.35,27.9,28,164,462
20251020,28.05,28.25,27.8,28.25,114,319
20251021,28.4,28.4,28,28.2,180,506
20251022,27.85,28.25,27.55,28.1,227,637
20251023,28,28.25,28,28.1,133,375
20251027,28.1,28.5,27.8,28.1,320,896
20251028,28.15,28.15,27.5,27.55,246,683
20251029,27.65,27.95,27.5,27.9,224,620
20251030,27.95,28,27.7,27.75,176,489
20251031,28.05,28.05,27.45,27.6,184,507
20251103,27.5,27.6,27.15,27.15,221,605
20251104,27.75,28.7,27.55,27.7,474,1333
20251105,27.7,27.7,27.05,27.2,189,515
20251106,27.4,27.85,27.35,27.6,502,1383
20251107,27.55,27.9,27.15,27.8,273,750
20251110,28,28.55,27.7,28.45,412,1164
20251111,28.35,28.65,28,28.3,213,605
20251112,28,29.1,28,29,395,1138
20251113,29,29,28.2,28.3,273,777
20251114,28.2,28.6,28.1,28.55,132,375
20251117,28.7,29.1,28.45,28.65,340,980
20251118,28.55,28.55,27.5,27.5,308,860
20251119,27.4,27.55,26.75,26.85,367,991
20251120,27.4,27.7,27.05,27.7,202,551
20251121,27.5,27.6,27,27.05,242,659
20251124,27.45,27.85,26.9,27.05,216,587
20251125,27.25,27.6,27.1,27.55,82,223
20251126,27.65,28.2,27.65,28,282,790
20251127,27.85,28,27.4,27.55,165,455
20251128,27.4,27.85,27.4,27.8,94,260
20251201,27.55,27.7,27.3,27.6,89,244
20251202,27.6,28.05,27.6,28,192,535
20251203,28.2,28.25,27.9,28,92,258
20251204,28.3,28.65,28.25,28.6,241,685
20251205,28.5,28.6,27.8,28.05,165,464
20251208,28.2,28.25,27.9,27.95,71,198
20251209,27.8,28.2,27.5,28.2,154,427
20251210,29.9,30.65,29.35,29.35,1345,4007
20251211,29.95,29.95,28.5,28.8,545,1582
20251212,28.9,29.5,28.5,28.65,347,1006
20251215,28.2,28.8,28.05,28.75,256,727
20251216,28.6,28.7,27.85,28.05,271,768
20251217,28.3,28.35,27.85,27.9,154,432
20251218,27.8,28.05,27.6,27.9,203,563
20251219,27.95,28.2,27.9,27.9,176,493
20251222,28.4,28.5,27.95,28,355,996
20251223,27.95,28,27.75,28,240,667
20251224,27.8,28,27.55,27.55,214,592
20251226,27.6,27.8,27.35,27.8,172,475
20251229,28.05,28.05,27.75,27.9,108,300
20251230,27.7,27.9,27.3,27.65,248,682
20251231,27.65,27.65,27.35,27.4,176,483
20260102,27.45,27.65,27.25,27.3,233,638
20260105,27.45,27.45,26.5,26.75,621,1664
20260106,26.85,26.9,26.6,26.8,226,604
20260107,26.5,27,26.5,26.85,207,556
20260108,27,27.2,26.85,27,148,400
20260109,27.25,27.25,26.65,27,196,525
20260112,26.8,27.2,26.8,27,318,860
20260113,27.05,27.15,26.65,26.95,290,781
20260114,27.05,27.75,27,27.65,559,1534
20260115,27.65,27.65,27.2,27.35,277,757
20260116,27.75,28.4,27.55,28.1,654,1836
20260119,28.95,29.9,28.9,29,1169,3428
20260120,29,29.35,28.75,28.85,379,1099
20260121,28.65,28.85,28.45,28.55,418,1196
20260122,28.8,28.9,28.5,28.5,385,1103
20260123,28.5,28.7,28.05,28.1,388,1099
20260126,28.15,28.15,27.75,27.9,380,1060
20260127,28.15,28.15,27.2,27.45,476,1308
20260128,27.65,27.7,27.1,27.3,306,834
20260129,27.1,27.2,26.85,27.1,400,1080
20260130,26.95,26.95,26.5,26.55,620,1651
20260202,26.55,26.55,25.6,26,525,1359
20260203,26.4,26.4,25.8,26.1,305,797
20260204,26.15,26.8,26.1,26.8,290,764
20260205,26.75,27,26.5,26.65,282,754
20260206,26.5,26.5,25.8,26.05,203,529
20260209,26.95,26.95,25.95,26.1,231,606
20260210,26.35,26.35,25.85,26,194,503
20260211,26,26.15,25.9,26.15,180,467
20260223,26.15,26.75,26.15,26.75,227,603
20260224,26.7,27,26.2,26.65,280,742
20260225,26.75,27,26.15,27,340,897
20260226,27,27,26.3,26.45,386,1023
20260302,27.15,27.2,26.45,26.95,715,1925
20260303,26.8,26.9,25.9,26.15,431,1131
20260304,26.05,26.05,24.6,24.95,557,1400
20260305,25.35,25.6,25,25.55,219,554
20260306,25,25.8,25,25.8,174,444
20260309,24.65,24.8,24.3,24.6,558,1369
20260310,24.8,25.15,24.5,24.7,239,592
20260311,24.85,25.8,24.85,25.4,286,728
20260312,25.45,25.45,24.8,25,235,589
20260313,24.95,25.15,24.6,24.85,215,536
20260316,24.85,25.2,24.75,25.2,217,542
20260317,25.25,25.65,25.25,25.35,162,412
20260318,25.65,25.65,25.15,25.3,224,567
20260319,25.25,25.25,24.65,24.65,259,644
20260320,24.55,24.95,24.4,24.95,241,594
20260323,24.7,24.75,23.9,24,485,1169
20260324,24.9,24.9,23.8,24,200,481
20260325,24.2,24.4,24.05,24.25,105,255
20260326,24.2,24.4,24.1,24.3,122,296
20260327,24,24.35,23.8,24.3,168,403
20260330,24,24.3,23.8,24,116,280
20260331,23.8,24,23.55,23.6,285,678
20260401,23.75,24.15,23.7,23.85,162,385
20260402,23.8,23.8,23.55,23.6,134,318
20260407,24.2,24.2,23.45,23.7,146,344
20260408,23.7,24.1,23.7,24,167,400
20260409,24,24,23.6,23.8,120,285
20260410,23.75,23.8,23.05,23.1,375,875
20260413,23.1,23.1,22.65,22.7,434,989
20260414,23,23.1,22.7,22.75,383,875
20260415,23.9,23.9,22.75,23,562,1302
20260416,23.1,23.4,23.1,23.2,244,566
20260417,23.15,23.35,22.9,23.15,346,798
20260420,23.2,23.45,23.05,23.15,290,672
20260421,23.15,23.35,23,23.15,182,421
20260422,23.45,24,23.05,23.2,527,1227
20260423,23.2,23.3,22.4,23.2,512,1167
20260424,23.2,23.2,22.45,22.55,274,618
20260427,22.3,22.3,21.3,22.25,571,1239
20260428,22.25,22.25,21.8,21.95,214,469
20260429,21.95,22.05,21.8,21.9,146,319
20260430,21.9,21.9,21.7,21.9,221,482
20260504,21.8,22.1,21.75,21.75,276,603
20260505,21.5,22,21.45,22,273,597
20260506,22.25,22.25,21.8,21.95,420,926
20260507,22.1,22.1,21.7,22,572,1251
20260508,22,22.2,21.85,21.95,334,737
20260511,23.15,24.1,23.15,24.1,1295,3111
20260512,24.1,24.1,22.75,23,1461,3397
20260513,23,23,22.1,22.6,630,1415
20260514,22.65,22.75,22.1,22.15,347,772
20260515,22.5,22.95,22.25,22.6,562,1271
20260518,22.85,22.85,22,22.1,240,533
20260519,22.1,22.35,21.9,21.9,344,761
20260520,21.9,22.05,21.8,22,215,471
20260521,22.05,22.25,22.05,22.15,242,535
20260522,22.15,22.85,22,22.65,469,1052
20260525,23.15,23.15,22.6,22.9,471,1078
20260526,22.9,23.55,22.75,22.75,466,1075
20260527,23,23,21.85,21.95,1064,2361
20260528,22.25,22.45,21.6,21.95,591,1301
20260529,21.85,22.15,21.15,21.8,2331,5017
20260601,21.8,22.2,21.5,22.1,1313,2874
20260602,22.25,22.25,21.7,22,624,1365
20260603,22.35,23,21.9,23,1106,2497
20260604,23.5,25.3,23.1,25.3,3446,8339
20260605,27.8,27.8,25.15,26.3,7962,21353
20260608,23.75,24.45,23.7,23.85,1964,4693
20260609,24.3,24.75,23.6,23.85,1318,3151
20260610,23.25,23.8,23.1,23.35,956,2248
20260611,23.4,23.4,22.5,22.9,540,1244
20260612,23.45,23.65,23.3,23.35,459,1076
20260615,23.9,23.9,23.5,23.6,554,1314
20260616,23.8,23.8,23.4,23.4,384,904
20260617,23.45,25.7,23.3,25.7,3383,8591
20260618,25.75,27.2,25.3,25.9,3323,8607
20260622,26.25,27.75,26,27.4,2538,6907
20260623,27.4,27.4,26.3,26.8,1329,3547
20260624,26.8,27.5,26.4,27,1279,3447
20260625,27.35,29.7,27.15,29.7,4500,13228
20260626,30,32,29.9,30.5,8162,25237
20260629,30.85,33.55,30.35,31.45,5499,17724
20260630,31.75,32.5,31,32.25,4290,13669
20260701,32.55,35.45,32.55,35.45,6036,21264
20260702,37,38.95,37,38.95,7490,28684
20260703,39,42.8,38.05,42,13281,53874
20260706,45.05,45.05,41.45,42.75,10900,47145
20260707,41.6,41.6,38.5,38.75,3269,12912
20260708,39.3,41.5,38.05,41.5,2438,9769
20260709,41.65,42.8,39.8,40.15,1947,7954
20260713,41.65,41.65,39.25,41.15,1586,6442
20260714,41.65,41.65,38.7,41,1954,7813
20260715,40.8,42,40.25,41.1,1318,5442
20260716,41.9,45.1,41.55,44.85,4042,17636
20260717,42,43.65,40.4,40.95,2602,10819
20260720,41.1,44.15,39,44,2616,10990
20260721,42.5,45,42.5,42.55,2817,12259
20260722,42,42.95,38.3,38.3,8120,32232
20260723,37.25,37.55,34.5,34.5,6010,21203
20260724,34.5,35.55,33.65,33.95,4353,14968
20260727,33.45,33.8,32.1,32.45,2639,8599
20260728,31,31.4,29.9,29.95,2651,8055
20260729,29.1,30.1,27.3,28.3,3392,9571
20260730,28.2,28.3,27.25,27.4,2182,6048
20260731,27.8,30.1,27.8,28.8,538,1549
20260803,28,29.5,28,29.5,321,919
20260804,30,30,27.35,28.1,657,1837
20260805,29.25,30.9,29.05,30.9,540,1634
20260806,31.35,32.25,31.35,31.95,514,1637
20260807,33,33,30.4,30.4,367,1133
20260810,30.4,33.15,30.4,31.2,2432,7717
20260811,31.5,31.7,29.6,31.2,2044,6248
20260812,31.2,32.3,30.6,31.25,867,2708
20260813,31.8,31.8,30.5,30.5,886,2735
20260814,31,33.55,29.85,33.55,2850,9271
20260817,35.7,36.9,33.25,34.25,9537,33460
20260818,33.15,34.7,31.95,31.95,3413,11218
20260819,31.85,32.5,31,31.4,1887,5962
20260820,31.8,34.5,31.8,34.5,5075,17269
20260821,35,35.3,32.9,33.55,5405,18320
20260824,33.4,34.65,33.2,33.35,1732,5859
20260825,33.25,33.6,32.55,33.25,1298,4305
20260826,34.3,36.3,33.85,36.3,4333,15304
20260827,36.3,39.5,35.3,35.4,7603,28072
20260828,37.15,38.45,34.6,34.7,6523,23506
20260831,34.25,34.35,33.1,33.4,1848,6243
20260901,33.5,33.7,32.65,32.95,1383,4578
20260902,32.95,33.1,32,32,1036,3356
20260903,32.05,32.4,31,31,1384,4341
20260904,31.3,31.5,30,30.8,1319,4020
20260907,31.05,31.3,30.5,30.55,753,2321
20260908,30.25,30.55,30,30,797,2401
20260909,30.15,30.75,30.15,30.7,578,1762
20260910,30.6,30.6,29.7,29.75,848,2530
20260911,29.8,31.6,29.25,30.9,1772,5442
20260914,30.45,30.85,29.8,29.85,880,2645
20260915,29.65,29.8,29.15,29.15,517,1522
20260916,29.15,29.45,29,29.25,382,1115
20260917,29.35,29.6,29.3,29.3,549,1614
20260918,29.7,30.6,28.65,30.6,902,2677
20260921,30.6,30.65,30.1,30.15,414,1255
