# date,open,high,low,close,lot,wan
20250814,11.95,12,11.9,11.95,73,87
20250815,11.95,12,11.9,11.95,21,24
20250818,11.95,12.05,11.9,12,189,226
20250819,12,12.1,11.9,12.05,157,189
20250820,12.05,12.1,11.9,12.1,44,53
20250821,12.1,12.25,12.1,12.25,85,103
20250822,12.25,12.25,12,12,138,166
20250825,12,12,11.95,12,62,75
20250826,12,12,11.9,12,27,32
20250827,11.95,12.05,11.95,12,52,62
20250828,12,12.1,11.95,12,40,48
20250829,12.05,12.1,12,12.05,70,85
20250901,12,12,11.9,12,45,54
20250902,12,12.1,11.95,11.95,47,56
20250903,11.9,12.1,11.9,12.05,30,36
20250904,11.95,12.05,11.95,12,75,90
20250905,12.05,12.1,12,12.1,43,51
20250908,12.1,12.2,12.1,12.2,113,138
20250909,12.2,12.2,12.15,12.2,60,73
20250910,12.1,12.15,12,12.15,80,96
20250911,12.15,12.15,11.75,11.85,148,176
20250912,11.85,11.85,11.8,11.8,95,112
20250915,11.75,11.8,11.75,11.8,44,51
20250916,11.75,11.8,11.7,11.75,51,60
20250917,11.8,11.8,11.75,11.75,42,49
20250918,11.75,11.75,11.75,11.75,28,33
20250919,11.75,11.75,11.65,11.75,72,85
20250922,11.75,11.75,11.65,11.7,121,142
20250923,11.7,11.7,11.5,11.55,132,153
20250924,11.5,11.5,11.2,11.25,332,376
20250925,11.25,11.45,11.25,11.45,176,200
20250926,11.35,11.35,11.2,11.25,58,65
20250930,11.3,11.45,11.25,11.45,25,28
20251001,11.3,11.55,11.25,11.55,44,50
20251002,11.4,11.55,11.4,11.55,41,47
20251003,11.45,11.6,11.45,11.55,25,29
20251007,11.6,11.7,11.6,11.7,107,124
20251008,11.5,11.85,11.3,11.75,62,72
20251009,11.65,11.9,11.55,11.8,114,134
20251013,11.6,11.9,11.2,11.85,173,202
20251014,11.75,12.05,11.75,12,191,227
20251015,11.75,12.1,11.75,11.9,97,116
20251016,11.95,12,11.85,12,65,78
20251017,11.9,12.1,11.9,12.1,63,76
20251020,12.05,12.2,12,12.05,102,122
20251021,12.1,12.1,11.9,11.9,45,53
20251022,11.9,12,11.9,12,64,76
20251023,11.9,11.95,11.85,11.95,15,18
20251027,11.95,12,11.95,11.95,32,38
20251028,11.95,12.05,11.8,11.85,74,88
20251029,11.85,11.95,11.85,11.95,21,25
20251030,11.95,11.95,11.8,11.8,24,29
20251031,11.8,11.8,11.6,11.65,71,83
20251103,11.65,11.65,11.45,11.6,50,57
20251104,11.55,11.55,11.45,11.55,33,38
20251105,11.45,11.55,11.35,11.55,57,66
20251106,11.6,11.7,11.5,11.5,178,207
20251107,11.5,11.55,11.4,11.5,85,97
20251110,11.45,11.5,11.35,11.4,33,37
20251111,11.35,11.65,11.3,11.6,177,204
20251112,11.7,11.75,11.6,11.65,41,48
20251113,11.7,11.8,11.55,11.8,107,125
20251114,11.6,11.75,11.55,11.75,32,37
20251117,11.9,11.9,11.6,11.7,32,37
20251118,11.5,11.6,11.35,11.45,102,117
20251119,11.55,11.55,11.45,11.5,17,19
20251120,11.7,11.8,11.45,11.6,75,86
20251121,11.4,11.6,11.4,11.45,34,39
20251124,11.45,11.65,11.45,11.5,11,13
20251125,11.5,11.65,11.4,11.65,33,38
20251126,11.6,11.7,11.6,11.7,12,13
20251127,11.7,11.75,11.6,11.75,31,36
20251128,11.65,11.7,11.65,11.7,29,33
20251201,11.7,11.75,11.7,11.75,18,21
20251202,11.6,11.75,11.6,11.7,146,170
20251203,11.7,11.75,11.6,11.7,59,69
20251204,11.6,11.7,11.55,11.7,47,54
20251205,11.7,11.75,11.7,11.75,117,137
20251208,11.9,11.9,11.75,11.9,73,87
20251209,11.85,11.85,11.8,11.8,23,27
20251210,11.8,11.9,11.8,11.85,45,53
20251211,11.9,11.95,11.8,11.95,47,56
20251212,11.9,11.95,11.9,11.9,23,28
20251215,11.75,11.8,11.55,11.8,29,34
20251216,11.65,11.9,11.6,11.9,69,81
20251217,11.8,11.95,11.75,11.85,154,182
20251218,11.85,11.85,11.75,11.8,22,25
20251219,11.9,12,11.9,11.95,22,26
20251222,11.95,11.95,11.95,11.95,13,15
20251223,11.95,11.95,11.85,11.9,36,43
20251224,11.9,11.9,11.85,11.85,20,23
20251226,11.85,11.95,11.85,11.9,81,97
20251229,11.95,12.2,11.9,12.05,147,178
20251230,12.15,12.2,12.05,12.1,120,146
20251231,12.3,12.3,12.1,12.2,60,73
20260102,12.25,12.25,12,12.05,36,44
20260105,12.05,12.1,11.85,11.9,57,68
20260106,12.1,12.1,12,12,58,70
20260107,11.95,12.1,11.8,12.1,34,40
20260108,12.1,12.1,12,12.05,78,94
20260109,12.05,12.05,11.95,11.95,16,19
20260112,11.9,11.95,11.8,11.8,79,94
20260113,11.95,11.95,11.75,11.95,42,50
20260114,11.95,12.15,11.95,12.15,70,84
20260115,12.2,12.2,11.95,12.1,37,45
20260116,12.2,12.75,12.15,12.55,591,737
20260119,12.55,13.15,12.55,12.8,564,727
20260120,13,13,12.7,12.7,182,234
20260121,12.7,12.7,12.55,12.7,111,141
20260122,13,13,12.35,12.55,261,327
20260123,12.7,12.7,12.3,12.35,172,213
20260126,12.3,12.4,12.2,12.4,157,193
20260127,12.45,12.6,12.35,12.35,65,80
20260128,12.35,12.5,12.25,12.4,84,104
20260129,12.3,12.4,12.25,12.4,41,51
20260130,12.3,12.4,12.25,12.3,36,45
20260202,12.3,12.3,12.1,12.1,96,117
20260203,12.1,12.3,12.05,12.05,78,95
20260204,12,12.2,12,12.15,80,96
20260205,12.1,12.25,12.05,12.25,107,130
20260206,12.25,12.25,12.15,12.2,81,99
20260209,12.25,12.3,12,12,224,270
20260210,12,12.5,12,12.4,183,224
20260211,12.5,12.5,12.25,12.45,184,228
20260223,12.5,12.7,12.4,12.55,265,333
20260224,12.6,12.85,12.5,12.6,120,152
20260225,12.6,12.6,12.35,12.45,100,124
20260226,12.5,12.5,12.35,12.4,47,58
20260302,12.6,12.6,12.25,12.45,49,61
20260303,12.35,12.4,11.75,12,333,400
20260304,11.95,11.95,11.6,11.65,177,208
20260305,11.8,11.9,11.6,11.85,154,182
20260306,11.9,12.05,11.9,12.05,75,90
20260309,11.4,11.85,11.4,11.5,80,93
20260310,11.45,11.6,11.45,11.5,71,82
20260311,11.85,11.85,11.65,11.65,59,69
20260312,11.8,11.8,11.65,11.65,65,76
20260313,12.05,12.3,12.05,12.2,321,390
20260316,12.4,13,12.4,12.85,390,495
20260317,12.9,12.95,12.8,12.8,248,319
20260318,12.95,12.95,12.8,12.85,192,247
20260319,12.9,13,12.8,12.95,171,220
20260320,12.9,13,12.8,12.9,160,207
20260323,12.9,12.9,12.5,12.6,173,218
20260324,12.65,12.65,12.45,12.45,147,185
20260325,12.5,12.65,12.5,12.65,151,189
20260326,12.7,12.8,12.65,12.7,102,130
20260327,12.6,12.8,12.6,12.8,38,49
20260330,12.6,12.75,12.5,12.6,52,66
20260331,12.5,12.65,12.5,12.65,84,106
20260401,13,13.5,12.85,13.25,470,620
20260402,13.3,13.3,12.95,13.05,97,126
20260407,13.2,13.25,13.1,13.1,114,151
20260408,13.15,13.25,13.05,13.2,98,130
20260409,13.3,13.4,13.1,13.1,88,117
20260410,13.25,13.45,13.2,13.2,230,306
20260413,13.2,13.45,13.2,13.3,160,212
20260414,13.45,13.45,13.2,13.25,237,315
20260415,13.3,13.35,13.2,13.3,100,133
20260416,13.3,13.3,12.85,13.05,218,286
20260417,13.05,13.2,12.95,13.1,188,245
20260420,13.1,13.3,13.05,13.2,151,198
20260421,13.2,13.4,13,13.35,180,238
20260422,13.35,13.4,13.2,13.4,225,300
20260423,13.5,13.55,13.25,13.3,325,436
20260424,13.55,13.55,12.95,13,186,244
20260427,13.05,13.05,12.5,12.9,262,336
20260428,12.9,12.95,12.7,12.95,240,308
20260429,13,13.2,12.9,13.1,254,331
20260430,13.25,13.25,12.9,12.95,133,173
20260504,12.95,12.95,12.75,12.9,208,266
20260505,12.75,12.95,12.5,12.95,294,373
20260506,13.15,13.25,12.9,13,188,246
20260507,12.95,13.15,12.85,13,144,186
20260508,13.05,13.05,12.75,13,212,273
20260511,13.05,13.05,12.75,12.9,243,314
20260512,12.75,12.8,12.45,12.6,278,350
20260513,12.6,12.7,12.55,12.7,156,197
20260514,12.7,12.7,12.5,12.55,111,139
20260515,12.6,12.65,12.5,12.55,124,156
20260518,12.35,12.55,12.25,12.35,143,177
20260519,12.35,12.45,12.25,12.3,103,126
20260520,12.3,12.3,12.25,12.3,91,112
20260521,12.5,12.6,12.45,12.55,105,132
20260522,12.55,12.55,12.35,12.35,148,184
20260525,12.3,12.35,12.05,12.2,448,544
20260526,12.2,12.4,12.1,12.2,311,379
20260527,12.25,12.3,12,12.05,395,477
20260528,12.15,12.3,12.1,12.3,88,107
20260529,12.2,12.3,12.1,12.1,216,263
20260601,12.15,12.45,12.15,12.4,212,262
20260602,12.4,12.45,12.2,12.4,280,344
20260603,12.3,12.7,12.3,12.65,217,272
20260604,12.8,13.2,12.7,12.95,430,555
20260605,13.15,13.25,12.8,13.15,605,788
20260608,12.8,12.95,12.65,12.9,295,378
20260609,13.05,13.05,12.8,12.9,128,165
20260610,12.7,12.95,12.7,12.85,201,258
20260611,12.75,12.95,12.7,12.95,225,287
20260612,13,13,12.8,13,278,359
20260615,13,13.05,12.85,12.95,173,224
20260616,12.9,12.95,12.75,12.95,187,241
20260617,12.9,13,12.75,12.95,192,247
20260618,12.95,12.95,12.8,12.9,85,110
20260622,12.9,12.9,12.8,12.9,82,105
20260623,12.9,12.9,12.7,12.9,237,304
20260624,12.8,12.9,12.8,12.9,94,121
20260625,12.9,12.95,12.8,12.8,341,439
20260626,12.8,12.85,12.7,12.75,244,312
20260629,12.75,13,12.75,12.85,228,294
20260630,13,13,12.8,12.9,269,346
20260701,12.95,13,12.85,12.9,130,167
20260702,12.75,12.95,12.75,12.9,97,125
20260703,12.9,13.15,12.9,13.1,317,413
20260706,13.2,13.35,13.05,13.15,285,374
20260707,13.15,13.15,13.05,13.15,204,267
20260708,13,13.1,13,13.05,84,109
20260709,13.25,13.3,12.95,13,272,356
20260713,13.05,13.2,12.95,13.05,217,283
20260714,13.1,13.1,12.8,13,145,187
20260715,13,13.1,12.95,13.1,91,118
20260716,13.2,13.25,13.05,13.1,132,172
20260717,12.9,13,12.85,12.9,198,255
20260720,13,13.05,12.85,13,100,129
20260721,13,13.05,12.95,12.95,158,205
20260722,12.95,13.1,12.95,13.05,163,212
20260723,13,13.05,12.95,13,79,103
20260724,12.95,13,12.9,13,96,125
20260727,13.05,13.1,12.95,13.1,74,96
20260728,13,13.05,12.8,12.85,190,245
20260729,13,13,12.65,12.9,302,386
20260730,12.9,12.9,12.8,12.85,138,177
20260731,12.95,13,12.8,12.9,381,490
20260803,12.75,13,12.75,13,152,195
20260804,12.85,12.95,12.75,12.9,99,127
20260805,12.95,12.95,12.8,12.85,87,111
20260806,12.9,12.9,12.7,12.85,99,127
20260807,12.85,13,12.85,12.95,105,136
20260810,12.85,13.05,12.8,13,100,129
20260811,12.85,13.05,12.8,13.05,100,128
20260812,13.05,13.05,12.95,12.95,105,137
20260813,13,13.05,12.85,13.05,124,161
20260814,12.9,13.1,12.9,12.95,130,169
20260817,13,13,12.95,12.95,70,91
20260818,12.95,13,12.9,13,131,169
20260819,12.9,13,12.9,13,112,145
20260820,13,13.05,12.95,13.05,138,179
20260821,13.05,13.1,13,13.05,140,182
20260824,13.1,13.2,13.05,13.15,232,304
20260825,13.15,13.25,13.15,13.15,223,295
20260826,13.15,13.25,13.15,13.15,257,339
20260827,13.35,13.45,13.25,13.3,328,436
20260828,13.35,13.7,13.35,13.7,1230,1658
20260831,12.7,12.8,11.95,12.1,926,1131
20260901,12,12.15,11.95,11.95,303,365
20260902,12,12.25,11.75,11.75,246,294
20260903,11.8,12.05,11.8,11.9,82,97
20260904,11.8,12.2,11.75,12.05,176,211
20260907,12.05,12.3,11.85,11.85,283,341
20260908,12.15,12.15,11.75,11.8,206,244
20260909,11.8,11.9,11.8,11.85,20,24
20260910,11.85,11.85,11.7,11.7,75,88
20260911,11.7,11.8,11.6,11.65,74,86
20260914,11.65,11.75,11.5,11.55,87,101
20260915,11.55,11.6,11.5,11.55,44,51
20260916,11.6,11.75,11.5,11.6,104,121
20260917,11.5,11.8,11.5,11.75,74,86
20260918,11.75,11.85,11.65,11.8,201,236
20260921,11.8,11.8,11.65,11.75,50,59
20260922,11.75,11.75,11.7,11.75,89,105
