# date,open,high,low,close,lot,wan
20250814,30.25,30.25,29.7,29.75,56,169
20250815,29.65,29.65,29.1,29.65,71,208
20250818,29.65,29.9,29.3,29.7,41,123
20250819,29.7,30.4,29.6,29.6,56,169
20250820,29.65,30.6,29.6,30.1,211,639
20250821,30.2,30.5,30,30,59,179
20250822,30,30,29.8,29.9,28,83
20250825,29.85,30,29.7,29.7,59,176
20250826,29.65,30.2,29.65,30.15,39,118
20250827,30.15,30.6,29.8,30,73,219
20250828,30.1,30.4,30,30,74,224
20250829,29.95,30,29.9,29.95,32,94
20250901,29.95,30,29.2,29.45,66,196
20250902,29.45,30.4,29.45,30.05,129,390
20250903,30.1,30.4,30,30.15,80,240
20250904,30.5,30.8,30.35,30.7,205,628
20250905,30.7,33.75,30.7,32.85,1188,3889
20250908,32.9,32.9,32,32.05,363,1175
20250909,33.5,35,33.1,33.8,1142,3905
20250910,33.65,34.3,32.5,34.3,396,1323
20250911,35.7,35.8,33.05,33.4,564,1923
20250912,34.2,34.2,33.1,33.75,262,886
20250915,33.75,34,33.3,33.3,135,452
20250916,33.1,33.65,33.1,33.4,90,300
20250917,34,34.05,32.9,32.9,137,457
20250918,33,33.3,32.7,33.15,90,298
20250919,33.2,33.35,32.45,33.15,106,349
20250922,32.95,32.95,32.3,32.3,141,457
20250923,32.3,32.75,32,32.15,93,302
20250924,32.15,32.15,31.55,31.65,109,349
20250925,31.8,32.4,31.75,32,57,182
20250926,32.15,32.15,31,31.05,102,320
20250930,31.1,32.05,31.1,31.85,56,178
20251001,32.35,32.6,31.85,31.9,61,195
20251002,32,32,31.7,31.7,44,139
20251003,31.65,31.7,31.1,31.3,46,145
20251007,31.45,32,31.45,31.9,73,231
20251008,31.8,31.8,31.2,31.5,50,157
20251009,31.85,33,31.8,32,139,448
20251013,30.4,31.85,30.4,31.5,62,194
20251014,31.5,31.95,31.4,31.5,53,166
20251015,31.5,31.5,31.15,31.2,62,195
20251016,32.15,32.15,31.4,31.4,35,111
20251017,31.35,31.4,31.05,31.2,59,185
20251020,31.75,32,31.2,31.35,29,91
20251021,31.35,31.5,31.15,31.15,68,214
20251022,31.2,31.35,31,31.35,54,169
20251023,31.15,31.15,30.55,30.75,72,222
20251027,31.15,31.15,30.55,30.95,40,124
20251028,30.8,30.8,30.15,30.35,42,129
20251029,30.35,30.85,30.35,30.45,40,123
20251030,31,31,30.05,30.25,49,148
20251031,30.7,30.7,29.75,30.15,89,267
20251103,30.3,33.15,30.25,33.15,909,2975
20251104,33.2,34,31.55,31.55,766,2521
20251105,31.55,34.7,31.5,34.7,965,3306
20251106,36,37.75,35.1,36.95,3254,11814
20251107,36.6,36.6,35.45,36.55,758,2732
20251110,36.05,36.15,33.25,33.6,492,1690
20251111,33.8,33.95,33.05,33.1,249,829
20251112,32.85,33.5,32.45,33.5,149,492
20251113,33.9,34.9,33.1,33.1,211,709
20251114,33,34,32.65,32.8,216,721
20251117,32.75,33.3,32.4,33.1,93,305
20251118,32.9,33.05,31.55,31.8,94,302
20251119,31.75,32.25,31.15,31.2,149,468
20251120,32,32,31.3,31.3,47,147
20251121,30.95,31.55,30.3,30.95,92,285
20251124,30.75,31.9,30.75,31.5,79,246
20251125,32,32.6,31.35,31.75,77,246
20251126,31.85,32.1,31.5,31.95,95,304
20251127,31.9,31.95,31.15,31.2,77,241
20251128,31.25,31.9,31.1,31.5,72,228
20251201,31.5,31.8,31.35,31.4,60,190
20251202,31.7,31.8,31.15,31.7,79,249
20251203,31.7,32,31.55,32,70,222
20251204,32.1,32.1,31.55,31.85,38,122
20251205,31.85,31.85,31.4,31.5,47,147
20251208,31.35,31.55,30.6,31.25,80,248
20251209,33.05,33.8,31.75,32.1,512,1683
20251210,32.8,32.8,31.1,31.5,147,466
20251211,31.7,32.45,31.5,32.25,176,563
20251212,32.5,32.8,32.2,32.4,125,406
20251215,32.3,32.6,32.05,32.5,81,263
20251216,32.5,32.5,31.9,32.35,92,295
20251217,32.35,32.9,31.85,32.55,159,515
20251218,32.55,32.85,32.35,32.55,88,287
20251219,32.75,32.95,32.6,32.65,81,266
20251222,32.8,32.95,32.2,32.9,133,434
20251223,32.9,33,32.6,32.9,69,226
20251224,33,33.1,32.55,32.55,54,178
20251226,32.35,32.45,31.85,32.15,73,233
20251229,32.15,32.25,31.7,31.95,55,175
20251230,31.95,32.55,31.5,32.5,111,356
20251231,33,33.2,32.45,32.45,110,360
20260102,32.55,33,32.45,32.5,92,302
20260105,32.95,35.5,32.95,34.55,937,3201
20260106,34.1,34.4,33.6,33.8,369,1252
20260107,34,34.6,33.9,34.4,244,836
20260108,33.85,33.85,32,32,503,1647
20260109,31.7,32.05,31.35,31.7,163,515
20260112,31.8,32.25,31.6,32,81,258
20260113,32,32.35,31.2,31.45,165,519
20260114,31.3,32.35,31.3,32.05,122,392
20260115,32.05,32.3,31.8,32.25,105,337
20260116,32.3,32.6,32,32.35,221,715
20260119,32.7,33.8,32.7,33.4,413,1380
20260120,33.5,33.5,32.9,33.1,125,412
20260121,33,33,32.3,32.35,141,460
20260122,32.4,33.25,32,32.85,179,584
20260123,33.2,33.2,32.05,32.05,140,453
20260126,32.05,32.15,31.9,32,83,266
20260127,32,32.5,32,32.1,93,301
20260128,32.1,32.1,31.8,32.05,135,432
20260129,31.7,31.8,31.35,31.4,178,560
20260130,31.45,31.5,30.95,31.35,129,402
20260202,31.65,31.65,30.3,30.65,134,412
20260203,30.65,31.75,30.5,30.6,82,253
20260204,30.4,31.1,30.4,30.9,87,270
20260205,30.9,31,30.7,30.7,49,151
20260206,30.3,30.5,29.95,30,84,253
20260209,30.2,30.95,30.2,30.55,60,182
20260210,30.65,30.8,30.5,30.75,56,173
20260211,30.65,31.15,30.5,30.8,119,367
20260223,30.8,31.6,30.7,31.2,113,352
20260224,31.2,31.35,30.75,30.75,106,327
20260225,30.55,30.85,30.35,30.85,105,321
20260226,30.85,31.2,30.8,30.9,84,260
20260302,30.9,30.9,30.2,30.6,70,215
20260303,30.5,30.6,29.8,30.5,115,346
20260304,30.1,30.1,29.15,29.5,134,399
20260305,29.6,30,29.6,29.85,52,156
20260306,29.9,30.3,29.9,30.3,75,225
20260309,29.45,30.4,29.3,29.5,97,285
20260310,30,30,29.6,29.85,59,176
20260311,30.05,31,30,30.9,103,313
20260312,30.3,30.35,30,30.3,79,239
20260313,29.9,30.9,29.75,30.55,81,246
20260316,30.55,31.2,30.25,30.9,124,379
20260317,31.3,31.5,30.4,30.85,93,289
20260318,31.1,31.9,31.1,31.2,161,507
20260319,31.85,31.85,30.85,31,58,182
20260320,30.9,31.05,30.65,30.75,72,223
20260323,30.15,30.35,30,30.05,72,217
20260324,30.15,30.2,29.8,29.9,65,195
20260325,31.45,31.45,29.9,30.25,19,59
20260326,30.35,30.55,29.6,29.8,89,266
20260327,29.8,30.05,29.8,30,34,102
20260330,29.7,29.95,29.6,29.7,84,250
20260331,29.45,29.85,29,29.25,89,262
20260401,30.55,30.55,29.2,29.7,62,184
20260402,29.6,29.65,29.25,29.3,59,173
20260407,29.2,29.5,29.2,29.2,42,123
20260408,29.25,29.75,29,29.4,78,228
20260409,30.2,31.05,29.95,30.8,180,551
20260410,30.8,30.8,30.35,30.5,75,228
20260413,30.5,31.4,30.5,30.75,114,354
20260414,30.8,31.5,30.5,30.9,193,599
20260415,31,31.1,30.8,30.95,115,355
20260416,31.2,31.5,30.95,31.35,177,551
20260417,31.5,31.5,31,31.25,114,356
20260420,31.3,31.5,31.1,31.2,120,377
20260421,31.2,31.2,30.85,31.05,134,416
20260422,31.5,31.6,31,31.5,191,598
20260423,31.5,31.5,30.55,30.9,177,548
20260424,30.9,31.3,30.65,30.9,63,196
20260427,30.3,31,30.1,30.3,87,264
20260428,33.3,33.3,32.3,33.3,768,2552
20260429,32.15,33.05,31.5,32.5,991,3197
20260430,32.95,33,32.2,32.5,205,666
20260504,32.9,33.75,32.55,32.85,359,1190
20260505,32.85,33.1,32.45,33,155,510
20260506,33,33.85,32.65,33.7,528,1764
20260507,34,34.2,33.6,33.9,394,1338
20260508,34.8,35.95,33,33.85,978,3343
20260511,34.15,34.2,33.55,33.85,258,875
20260512,34.95,34.95,33.5,33.9,281,954
20260513,33.95,34.35,33.25,33.65,342,1152
20260514,33.9,34.75,33.9,34.7,511,1759
20260515,35,35.55,34.4,34.4,648,2274
20260518,34.1,35.5,33.9,34.65,291,1008
20260519,34.7,36.25,34.3,34.55,402,1415
20260520,34.6,38,34.3,38,2431,9126
20260521,38.05,39.9,37.6,39.85,2003,7747
20260522,40,40.35,38,38.85,1290,5039
20260525,39.4,39.7,38.2,38.85,597,2320
20260526,38.85,39.1,38.1,38.65,460,1772
20260527,38.9,39.6,38.35,38.65,597,2329
20260528,39.35,41.8,38.3,40.6,1411,5636
20260529,40.7,41,38.75,38.75,1104,4359
20260601,39.35,40.2,38.75,39.85,657,2605
20260602,39.5,39.55,37.7,38.3,581,2229
20260603,38.9,39.2,37.8,38.25,315,1209
20260604,38.4,38.9,38.05,38.3,231,889
20260605,38.35,41,38,39.9,1040,4151
20260608,36.35,38.05,36.2,37.8,481,1781
20260609,39.4,40,38.1,38.5,371,1443
20260610,38.1,39.2,38.1,38.25,342,1319
20260611,38.2,38.65,37.4,38.1,301,1141
20260612,38.1,39.2,38.1,38.5,297,1144
20260615,39.05,39.15,38.25,38.7,235,907
20260616,39,39,37.65,38.15,331,1258
20260617,38,38.3,37.65,37.85,131,498
20260618,37.9,38.35,37.75,38.2,181,689
20260622,38.7,38.85,37.8,38.15,225,858
20260623,38.15,38.15,36.4,36.7,359,1336
20260624,36.4,37,36.35,36.85,144,528
20260625,37,37.6,36.7,36.95,135,503
20260626,36.95,36.95,35.6,35.7,232,842
20260629,36,36.35,35.1,35.4,151,534
20260630,35.55,36,35.55,36,81,290
20260701,35.9,36.35,35.8,35.8,86,310
20260702,35.75,36.1,35.65,35.85,107,384
20260703,36.15,37.6,36.15,37.5,171,636
20260706,37.55,38.2,37.4,37.5,129,486
20260707,37.5,38.5,37.3,37.75,215,814
20260708,37,37.75,35.75,36.4,337,1221
20260709,36.4,38.1,36.3,36.85,280,1044
20260713,37.55,38.4,35.75,36.05,375,1369
20260714,36.35,36.35,34,34.5,258,899
20260715,35.55,35.55,34.2,34.6,147,508
20260716,34.75,34.75,34,34,116,398
20260717,33.5,33.9,32.8,32.95,193,641
20260720,33.25,34.15,32.35,33.65,106,350
20260721,33.65,34.5,33.65,34.3,99,340
20260722,34.5,34.6,33.55,33.7,105,355
20260723,33.85,33.85,33,33.5,115,384
20260724,33.2,33.2,32.7,33.1,130,429
20260727,33.15,33.65,33.15,33.55,130,435
20260728,33.55,33.55,32.05,32.05,164,530
20260729,33.2,33.2,31.05,31.65,194,614
20260730,31.95,32.3,30.4,31.45,181,570
20260731,32.3,32.65,32,32.55,57,186
20260803,32.6,32.7,31.9,32.05,91,295
20260804,31.5,32.2,31.25,32.05,83,265
20260805,32.2,32.8,32,32.6,105,340
20260806,32.4,33.65,32.15,33.55,189,619
20260807,33.55,33.8,33.2,33.45,75,252
20260810,33.65,33.65,32.4,33.1,193,638
20260811,33.65,33.65,31.8,32.1,172,553
20260812,31.75,32.7,31,32.1,238,761
20260813,32.15,32.4,31.9,32.05,105,337
20260814,32.7,32.7,31.5,31.85,107,342
20260817,32.25,32.25,31.4,31.5,128,403
20260818,31.4,31.5,30.95,31.5,101,314
20260819,31.1,31.2,30.9,31.1,89,275
20260820,31.35,31.45,31.05,31.3,45,140
20260821,31.4,31.7,31.25,31.7,114,360
20260824,33,33,31.75,31.85,171,550
20260825,31.6,31.65,31.3,31.6,50,158
20260826,32,32,31.65,31.8,40,126
20260827,31.65,32.25,31.65,31.95,65,210
20260828,32.3,32.4,31.8,32.2,82,264
20260831,32,32.1,31.15,31.2,193,606
20260901,31.2,31.3,31,31.1,125,390
20260902,31.2,31.2,31,31.1,90,279
20260903,31.6,31.6,30.8,31.4,66,206
20260904,31.2,31.2,30.5,30.95,87,266
20260907,31.35,31.35,30.6,30.8,45,140
20260908,31,31,30.6,30.95,61,189
20260909,31.95,31.95,30.6,31.1,83,259
20260910,30.85,31.1,30.65,30.7,87,269
20260911,30.75,30.95,30.35,30.65,55,168
20260914,30.4,30.4,30,30.3,172,516
20260915,30.8,30.8,29.9,29.95,81,244
20260916,30.05,30.2,29.95,30.1,79,237
20260917,30.25,30.7,30.1,30.65,53,160
20260918,31.25,31.25,30.4,30.55,96,295
20260921,30.85,30.85,30,30.5,79,241
20260922,30.7,31,30.4,30.75,144,440
