# date,open,high,low,close,lot,wan
20250814,66,67.6,64.7,64.9,13755,90962
20250815,64.6,66.3,63.6,66.2,8044,52475
20250818,66.2,66.8,65.5,66.1,5296,35095
20250819,67,67.2,64.1,64.4,4848,31580
20250820,64,64.7,62.3,63,4147,26262
20250821,63.5,64.8,63.3,63.3,2200,14041
20250822,63.3,63.7,61.7,62,2376,14849
20250825,63.1,65.4,63.1,64.4,5335,34374
20250826,66,67,65.4,66.8,13224,87749
20250827,67.5,67.5,66.1,66.3,6425,42846
20250828,66.3,72.9,65.8,72.9,13107,92730
20250829,76.6,77.1,69,69,36802,267433
20250901,69,71,66.1,66.9,11100,75651
20250902,68.7,69.8,66,69.8,10206,69593
20250903,70.8,72,69.2,70.1,14906,105206
20250904,71,71,67.4,67.4,6813,46876
20250905,67.7,68.5,67.2,67.5,2975,20155
20250908,67.5,69.8,66.6,69.3,4468,30467
20250909,69.9,70.6,69,69.1,5717,39876
20250910,69.9,70.4,69.1,69.1,4957,34566
20250911,70.5,71,66.5,67,6123,41970
20250912,67.8,69.3,67,67.2,2903,19696
20250915,68.4,68.8,67.1,67.6,3692,25088
20250916,68.2,69.3,67.7,68.2,3971,27154
20250917,68.4,68.7,66.5,66.8,3255,21868
20250918,67.6,67.8,65.7,65.8,3011,19981
20250919,66.6,67.2,65.7,66.4,2177,14448
20250922,66.5,67.4,65.9,66.1,1970,13111
20250923,66.5,66.8,65.2,65.3,2708,17791
20250924,65.5,65.9,64.2,64.4,2005,12986
20250925,64.7,66.3,64.4,64.4,2733,17823
20250926,64,64.4,61.9,62,3598,22563
20250930,62.1,63.5,61.4,63.2,2303,14327
20251001,63.3,63.7,62.1,62.2,1491,9355
20251002,62.5,62.9,61.4,61.5,1429,8835
20251003,61.6,61.8,61,61.4,1507,9240
20251007,62.3,63.7,62.2,63.4,2169,13683
20251008,62.7,62.7,61.7,62.5,1344,8372
20251009,62.4,62.9,61.5,61.6,1355,8378
20251013,56.9,60.7,56.9,60.5,1973,11692
20251014,61.5,62.3,59.7,59.7,2007,12211
20251015,60,60.1,59,59.1,1793,10626
20251016,59.3,60.1,58.5,59.3,1160,6881
20251017,59.1,59.4,58.3,58.4,1490,8762
20251020,58.8,59.3,58,58.8,1233,7231
20251021,59.6,61.4,59.5,60.7,2094,12696
20251022,61,61.8,60.4,61.4,1355,8308
20251023,61.1,61.1,60.4,60.9,537,3262
20251027,61.8,63,61.4,62.4,1934,12055
20251028,62.9,63.2,61.6,61.6,1450,9043
20251029,62.3,62.5,61.6,62,1051,6516
20251030,62,62.6,60.9,61.4,1729,10667
20251031,62,62,59.5,59.5,1683,10116
20251103,59,60.3,58.6,59.1,953,5658
20251104,59.6,59.6,57.6,57.7,1377,8029
20251105,57.1,57.7,56,57.1,1278,7287
20251106,57.7,58.3,57,58.2,943,5440
20251107,57.8,57.8,56.9,57.5,935,5361
20251110,58.5,60.8,58.3,60,3806,22735
20251111,60,61.2,59.7,59.8,3040,18340
20251112,60,60.3,59.1,59.3,1150,6841
20251113,59.4,60.1,57.8,59.4,1745,10337
20251114,58.7,59.8,58.5,58.5,962,5683
20251117,58.9,59.2,57.3,57.5,1299,7536
20251118,57.3,57.8,56,56,1301,7366
20251119,56,56.6,55.5,56,1323,7417
20251120,57,57.7,56.7,57.5,724,4152
20251121,56.9,57,55.4,55.6,1098,6150
20251124,56.2,56.7,55.4,55.6,631,3522
20251125,56.9,57.5,56.6,57.1,844,4810
20251126,56.9,59.7,56.9,59.5,1743,10239
20251127,60.7,60.9,58.4,58.4,1306,7743
20251128,58.4,58.6,57.5,57.7,655,3789
20251201,58,58.5,56.7,56.8,746,4274
20251202,56.8,57.5,56.8,57.3,517,2958
20251203,57.6,58.1,57.4,57.7,526,3038
20251204,59.4,60.8,58.3,58.3,3541,21079
20251205,60.5,62.7,58.5,58.5,8187,49367
20251208,59,59.6,58.3,59.6,2116,12512
20251209,65.2,65.2,59.3,59.8,5517,33820
20251210,60,60,58.3,58.3,1580,9276
20251211,58.7,59.6,58.4,58.5,947,5578
20251212,58.7,60.3,58.5,59.7,1587,9468
20251215,59.1,59.7,58.6,58.7,928,5473
20251216,58.8,59.2,57.3,58.3,1067,6199
20251217,58.7,59.6,58.5,58.9,1193,7045
20251218,58.4,58.8,57.6,57.7,993,5752
20251219,58,58.5,57.5,58,652,3775
20251222,58.2,58.8,58.2,58.5,724,4233
20251223,58.6,59.3,58.1,58.2,1006,5903
20251224,59,59.3,57.6,57.7,1256,7313
20251226,58,58,56.8,57.2,1151,6582
20251229,57.2,57.9,56.8,56.8,1037,5937
20251230,56.6,56.6,56,56.4,1154,6488
20251231,56.7,56.9,55.8,55.8,1172,6568
20260102,56,57.1,56,56.4,984,5565
20260105,56.8,57.4,56.3,56.7,2192,12457
20260106,56.9,58,56.6,56.8,3660,20956
20260107,57.2,57.4,55.8,55.9,2784,15679
20260108,56.2,56.2,54.4,54.8,2707,14888
20260109,54.6,54.6,53.6,54,2808,15182
20260112,54.3,54.7,54.1,54.2,1357,7365
20260113,54.8,54.8,53.6,54.1,1720,9297
20260114,54.5,58.7,54.5,58.1,5090,29000
20260115,59,59.4,57.1,59.4,5052,29586
20260116,60.1,65.2,59.7,64.7,14911,94310
20260119,64.7,65.2,62.6,63.7,8366,53267
20260120,63,64.2,62.2,63.5,5001,31565
20260121,62.5,63.9,62.1,62.1,2750,17243
20260122,63.2,64.7,62.7,63.3,3299,21003
20260123,64,65,62.5,64.4,5540,35337
20260126,65,66.7,63.8,65.3,13100,85764
20260127,65.3,65.5,64,64.7,3388,21872
20260128,64.7,65.4,63.7,65.1,3805,24567
20260129,66.8,67.8,62,62.5,8661,55783
20260130,62.5,63,60,61.8,3627,22235
20260202,60.9,61.6,58.5,58.9,2620,15614
20260203,60.3,60.3,59.1,59.8,1481,8847
20260204,59.8,62.8,59.5,62.2,3534,21797
20260205,61.6,62.1,59.6,59.7,1744,10544
20260206,59,60.7,57.3,59.9,2181,12862
20260209,61.5,63.8,61.3,62.5,4407,27677
20260210,62.6,62.8,61,61,1653,10184
20260211,61,61,60.3,61,1063,6457
20260223,61.3,63.3,59.2,62.6,3508,21728
20260224,63.2,63.9,62.4,62.7,2238,14121
20260225,63.4,63.5,61,61.2,1723,10616
20260226,61.2,62.3,61,61.1,1620,9963
20260302,60,62.9,59.4,61.7,2636,16225
20260303,62.1,62.1,58.6,58.8,2914,17372
20260304,56.7,57.9,55,55,3349,18740
20260305,56.1,57.2,55.6,56.3,1377,7762
20260306,56.3,56.5,55.3,55.7,1026,5728
20260309,51.8,52.8,50.9,52,2219,11480
20260310,53.5,53.7,52.4,52.8,972,5154
20260311,52.9,53.8,52.9,53.3,1363,7281
20260312,53,53.2,51.7,52,2156,11272
20260313,51.2,52.8,50.8,52.5,1790,9298
20260316,53.6,53.8,51.9,52.6,3003,15773
20260317,53.1,53.1,52.1,52.5,2550,13363
20260318,53,53.5,51.4,53,5295,27731
20260319,52.5,52.5,51.1,51.2,2353,12114
20260320,51.4,51.8,50.2,50.7,2087,10623
20260323,49.9,52,49.1,51.8,1693,8650
20260324,52.5,52.9,50.9,51.1,1240,6415
20260325,52.2,52.4,51.2,51.5,1341,6944
20260326,51.6,52,50.8,51.1,991,5084
20260327,50.8,51.3,50.3,51,888,4513
20260330,50,50.7,49.7,49.9,1263,6309
20260331,49.8,50.5,48.9,49.2,1336,6613
20260401,50.2,50.5,49,49.45,1198,5935
20260402,49.85,49.85,47.9,47.95,2131,10300
20260407,49,49,47.1,47.2,1398,6671
20260408,47.25,48.9,47.25,48.9,1076,5204
20260409,49,49,48,48.15,806,3892
20260410,48.35,48.85,47.85,48.55,923,4455
20260413,48.6,49.7,48.45,49.65,1257,6171
20260414,50.7,51.4,50,51.2,1799,9145
20260415,52,52.9,50.6,51,2896,14934
20260416,51.7,51.8,50.8,50.8,986,5043
20260417,51,51.5,50.4,51.3,847,4322
20260420,51.3,52.5,51,51.3,1668,8644
20260421,51.5,51.6,50.8,51.1,1073,5469
20260422,51.1,52.5,50.9,51.8,2169,11252
20260423,52,52,48.35,49.5,2723,13584
20260424,49.7,51.2,49.7,50.7,1781,8988
20260427,50.5,50.5,49.1,49.35,1421,7022
20260428,49.5,50.8,49,50.5,1249,6280
20260429,50.5,52.8,50.5,51.5,2525,13104
20260430,51.6,53.3,51.5,51.5,2814,14779
20260504,52.5,56.6,51.8,55,7206,40017
20260505,56,57.3,55.4,56.5,5071,28591
20260506,57,57.1,54.3,54.6,3066,17012
20260507,55.5,56.1,55.3,55.5,2251,12546
20260508,55.6,55.7,52.8,53.7,2555,13869
20260511,54,56.2,53.7,55.3,2053,11383
20260512,54.8,54.8,52.1,53.5,3386,18006
20260513,52.4,52.5,50.8,51.2,2903,14907
20260514,51.3,52.2,51.2,51.3,1299,6700
20260515,52,53.3,51.1,51.4,2809,14647
20260518,51,51,48.1,48.15,6392,31255
20260519,48.15,50.4,47.9,50,3143,15443
20260520,49.95,49.95,48.65,49.1,1949,9548
20260521,49.55,50.6,48.9,50.2,2295,11446
20260522,50.5,52.2,50,51.6,2231,11436
20260525,52.3,52.8,50.9,52.3,3739,19411
20260526,52.5,52.9,50.2,51,2929,14958
20260527,51,51.1,49.3,49.7,3089,15427
20260528,51,53.7,50.3,51.3,6853,35605
20260529,52,53.7,51.4,52.8,11271,59323
20260601,53.5,55.6,52.7,53.9,6311,34184
20260602,54.4,54.4,51.3,52.5,3679,19272
20260603,52.7,52.8,51.7,52,2388,12470
20260604,52.3,52.3,50.8,51,2249,11509
20260605,50.8,51.8,50.1,50.5,2337,11847
20260608,46.55,49,46.55,48.65,2624,12561
20260609,48.8,50.1,48.4,49.5,1371,6774
20260610,49.4,51,49.15,49.2,2142,10696
20260611,49.4,49.8,47.8,48.55,1779,8651
20260612,49.2,49.85,48.95,49,1194,5896
20260615,49.85,50.5,49.5,49.95,1101,5517
20260616,50,50.3,48.65,48.9,1312,6444
20260617,48.6,49.35,48.5,48.75,1120,5464
20260618,48.75,49.2,48.4,48.7,1342,6529
20260622,49,52.2,48.45,51.6,4328,21656
20260623,51.3,51.3,48.7,49,2953,14597
20260624,48.7,49.2,48.35,48.65,1749,8509
20260625,48.8,49.25,48.05,48.05,1660,8025
20260626,48.1,48.15,47,47.1,2178,10315
20260629,47.6,48.2,47.1,47.6,879,4194
20260630,47.6,48.1,47.5,47.7,829,3959
20260701,48.15,48.7,47.75,47.8,1165,5600
20260702,48.25,51.4,47.5,50.9,9250,46524
20260703,50.5,53.5,50.5,52.2,8191,43019
20260706,52.4,53.9,52.2,53.1,4806,25579
20260707,54.5,54.7,50.8,51.2,3589,18710
20260708,50.5,51.3,49.4,50,2144,10703
20260709,50.5,55,50.3,55,13866,75876
20260713,55.4,57.2,54,56.1,13300,74621
20260714,55.4,56.7,52.2,53.2,5643,30481
20260715,53.3,55,52,53.2,4023,21407
20260716,52.9,53.5,51.9,52.8,2052,10780
20260717,52,52.4,49.1,49.45,2941,14807
20260720,49.55,50.6,47.65,49.3,2496,12209
20260721,49.45,50.7,49.25,50.5,1121,5603
20260722,51.6,53.6,51.4,52.3,2753,14457
20260723,52,53.2,51.3,51.6,1493,7751
20260724,51.1,52,50.7,50.9,1189,6092
20260727,51.1,51.1,49.1,49.75,1379,6862
20260728,49.25,49.25,47.2,47.65,2565,12292
20260729,48,48.4,44.8,45.8,4010,18448
20260730,45.5,46.5,44.9,45,1674,7613
20260731,46.5,47.4,46.3,46.65,1249,5831
20260803,46.25,49.5,46,48.75,1710,8230
20260804,48,51,47.9,50.2,1563,7732
20260805,51,52.2,50.1,51.6,2402,12349
20260806,51.1,52.3,50.5,51,1613,8300
20260807,51,53.4,51,51.4,2684,14069
20260810,51.7,52.5,51.3,51.6,1522,7898
20260811,52,52,50.8,51.2,1038,5309
20260812,51.2,52.8,51.2,52,2100,10957
20260813,52.9,53.1,51,51.1,1261,6526
20260814,51.2,51.4,50.5,51,1471,7493
20260817,51,52.8,51,51.4,1535,7965
20260818,51.3,51.4,50.1,50.4,1226,6204
20260819,50,51.1,49.5,50.2,884,4438
20260820,50.5,51.5,50.1,50.3,1015,5146
20260821,50.3,50.3,49.1,49.25,1278,6324
20260824,49.3,49.75,48.8,49.1,673,3314
20260825,49.5,49.6,48.85,49.6,541,2662
20260826,49.6,50.4,49.45,50.1,697,3480
20260827,50.1,52.1,50.1,51.1,1254,6447
20260828,51.9,51.9,50.1,50.3,1057,5342
20260831,50,50.1,49.4,49.6,862,4281
20260901,50,50.3,49.3,49.35,1076,5350
20260902,49.15,49.75,49,49.55,664,3284
20260903,50,51.4,49.2,49.2,2258,11397
20260904,50.2,50.2,48.8,49.8,1176,5814
20260907,50,50,48.6,48.95,1747,8527
20260908,48.9,48.9,47.85,47.9,1643,7904
20260909,47.9,48.3,47.6,48,651,3122
20260910,48,48.4,47.5,47.8,1027,4923
20260911,47.3,48.15,47.2,47.35,824,3928
20260914,47.15,47.4,46.7,46.85,740,3475
20260915,46.85,47.05,46,46,1447,6705
20260916,46.1,46.5,46,46.25,1698,7847
20260917,46.2,46.8,46.2,46.65,879,4088
20260918,46.7,46.9,46.2,46.35,1031,4785
20260921,46.5,46.9,46.3,46.75,482,2250
20260922,47.1,47.1,46.25,46.35,948,4402
20260923,46.3,46.55,46.2,46.3,476,2208
