# date,open,high,low,close,lot,wan
20250814,28.2,28.85,27.55,27.55,24,67
20250815,27.55,28.3,27.55,27.75,18,49
20250818,28.15,28.15,27.3,27.3,6,17
20250819,28.05,28.05,27.3,27.3,11,31
20250820,27.5,27.5,27.25,27.25,4,11
20250821,27,27,26.8,26.8,3,8
20250822,27.2,27.5,26.7,26.7,21,56
20250825,26.8,26.8,26.8,26.8,2,6
20250826,26.8,27.65,26.8,26.9,4,11
20250827,26.65,26.65,26.65,26.65,2,4
20250828,26.25,27.35,26.25,27.35,7,18
20250829,27.65,27.65,27.2,27.2,6,15
20250901,27,27,26.85,26.85,3,8
20250902,26.85,26.85,26.85,26.85,1,4
20250903,26.75,26.8,26.75,26.8,10,26
20250904,26.8,26.8,26.8,26.8,5,14
20250905,26.65,26.8,26.65,26.8,5,13
20250908,26.6,26.8,26.55,26.55,8,22
20250909,26.55,26.65,26.55,26.6,5,12
20250910,27,27,26.65,26.65,10,26
20250911,26.9,26.9,26.65,26.65,5,12
20250912,26.65,26.7,26.65,26.7,3,8
20250915,26.7,26.7,26.7,26.7,7,19
20250916,26.7,26.7,26.7,26.7,5,14
20250917,26.7,26.7,26.65,26.7,4,11
20250918,26.7,26.75,26.7,26.7,7,17
20250919,26.7,26.7,26.7,26.7,1,3
20250922,26.7,26.7,26.7,26.7,5,14
20250923,26.7,29.3,26.7,26.7,5,14
20250924,26.7,26.7,26.7,26.7,3,8
20250926,26,26.2,26,26.2,2,5
20250930,26.2,26.2,26.2,26.2,1,3
20251001,26.2,26.2,26.2,26.2,3,7
20251002,26.2,27,26.2,26.2,5,13
20251003,27,27,26.2,26.2,2,5
20251007,26.2,27.5,26.2,26.2,6,16
20251008,26.6,26.6,26.2,26.2,5,13
20251013,27,27,26.2,26.2,6,16
20251014,24.05,26.5,24.05,25.85,4,10
20251015,26.5,27,25.85,25.9,14,37
20251016,27,27,25.9,25.9,9,23
20251017,25.9,26,25.9,26,7,18
20251020,25.85,25.85,25.85,25.85,2,4
20251021,25.85,27,25.85,25.85,7,18
20251022,25.85,25.85,25.85,25.85,2,6
20251023,25.85,25.85,25.55,25.55,5,12
20251027,25.75,27,25.55,25.55,4,11
20251028,25.55,25.55,25.55,25.55,2,4
20251030,25.6,26.5,25.55,25.55,3,8
20251031,27.45,27.5,25.95,25.95,3,9
20251103,25.8,27,25.8,26.3,5,12
20251105,26,27.5,25.6,26.3,11,29
20251107,25.6,27.2,25.6,25.7,12,32
20251110,25.65,25.65,25.6,25.6,9,23
20251112,26.5,27.5,25.65,25.65,12,33
20251114,24.9,27.1,24.9,26.2,14,37
20251117,25.3,27.1,24.75,25.6,9,24
20251118,25.3,25.3,25.3,25.3,1,3
20251120,25.3,27.15,25.3,25.4,5,13
20251121,24.6,24.6,24.6,24.6,1,2
20251124,23.8,24.6,23.8,24,5,12
20251125,23.2,26.4,23.2,23.9,20,51
20251126,23.1,26.25,23.1,24.3,21,54
20251127,26.6,26.7,24.9,25.35,16,43
20251128,26,26.75,25.6,26.75,6,16
20251201,27.2,27.5,26.45,26.95,6,15
20251203,27,28,27,27.15,10,26
20251204,27.4,27.4,27.05,27.05,5,15
20251205,27.05,28.3,26.15,27.15,14,40
20251211,26.25,28,25.45,27.25,9,25
20251212,27.7,27.7,27.7,27.7,2,4
20251215,26.75,26.85,26.75,26.85,5,13
20251216,26,26,25.3,25.3,2,5
20251218,24.65,24.65,23.9,23.9,2,5
20251219,24.2,26.25,23.4,26.25,18,45
20251222,25.4,25.6,24.6,25.6,5,13
20251223,24.8,27.2,24.8,25.7,28,74
20251226,24.85,27.6,24.85,26.35,19,50
20251229,25.5,27.2,25.5,26.3,3,9
20251230,25.4,27.25,25.4,26.45,9,25
20251231,25.6,27.5,24.85,25.4,10,27
20260102,26.25,27.55,26.25,26.35,9,24
20260105,25.5,26.05,25.5,26,4,10
20260106,25.55,27,25.55,26.15,10,27
20260107,26.25,26.25,26.25,26.25,1,4
20260108,26.05,27.2,25.1,25.85,13,33
20260109,25.5,27.5,25.5,26.3,7,19
20260113,26.4,27.2,26.4,26.4,18,48
20260114,25.8,27.2,25.8,26.4,17,46
20260115,26.45,26.55,26.45,26.45,13,35
20260116,25.9,26.4,25.9,26.4,26,69
20260119,26,26.55,26,26.35,33,86
20260120,25.95,26.5,25.9,25.9,7,18
20260121,25.5,27,25.5,26.1,13,34
20260122,26.7,27.2,26.1,26.35,7,19
20260126,26.15,27,26.1,26.35,15,39
20260129,27,27.2,26.3,26.3,5,14
20260130,25.75,27.2,25.75,26.3,8,22
20260202,26.2,26.9,26.15,26.15,8,22
20260203,25.85,25.85,25.85,25.85,3,7
20260204,25.2,27.2,25.2,26.1,19,49
20260205,25.8,26.25,25.8,26.25,11,28
20260206,25.85,27.2,25.85,26.15,23,61
20260209,26.85,26.85,25.95,26.2,7,18
20260210,26.8,26.8,26,26.5,17,44
20260211,26.8,27,25.5,25.5,36,93
20260223,25,25.55,25,25.2,5,12
20260224,25.4,26.75,25.4,25.45,15,40
20260225,25.5,25.5,23,23.8,102,257
20260226,23.3,23.5,23.15,23.15,10,23
20260302,22.95,23,22.95,23,13,30
20260303,23,23,22.95,23,6,14
20260304,23,23,20.7,21.7,7,16
20260305,21.5,21.7,19.55,19.55,46,96
20260306,19.5,19.5,17.75,17.8,34,62
20260309,16.7,17.5,16.5,17.5,13,23
20260310,17.5,19.15,17.5,19.15,28,50
20260311,18,18.15,18,18,13,24
20260312,18,18,17.5,17.5,8,14
20260313,17.6,17.8,17.6,17.65,16,28
20260316,17.2,17.7,17.2,17.5,10,18
20260317,17.5,17.6,16.25,17.6,112,196
20260318,17.45,17.5,17,17.2,11,19
20260319,16.85,17,16.8,17,9,16
20260320,17,17,16.7,16.85,11,19
20260323,16.85,16.85,16.2,16.2,10,17
20260324,16.2,16.2,15,15,24,38
20260325,14.55,15,13.7,14.2,42,61
20260326,14,14,12.8,13.2,68,89
20260327,13.05,13.3,12.9,13.3,85,111
20260330,13.3,13.3,13,13.2,81,105
20260331,13,13,12.9,12.9,10,13
20260401,12.9,12.9,12.55,12.65,89,113
20260402,12.65,12.8,12.65,12.65,24,30
20260407,12.5,12.7,12.5,12.65,89,113
20260408,12.65,12.7,12.65,12.65,8,10
20260409,12.7,12.75,12.65,12.75,23,29
20260410,12.75,12.75,12.65,12.65,25,31
20260415,12.65,13.75,12.65,12.65,14,17
20260416,12.15,12.65,12.15,12.6,49,62
20260417,12.5,12.8,12.5,12.8,57,72
20260420,12.65,12.8,12.6,12.8,3,4
20260421,12.5,12.8,12.3,12.8,40,50
20260422,12.9,12.9,12.9,12.9,1,2
20260423,12.9,12.9,12.9,12.9,1,2
20260424,13.3,13.3,13.3,13.3,1,1
20260428,14.25,14.25,14.25,14.25,1,2
20260429,14.55,14.55,14.2,14.2,2,3
20260430,13.35,13.35,13.35,13.35,1,2
20260505,13.35,13.35,13.35,13.35,2,2
20260506,12.15,12.95,12.15,12.95,24,29
20260507,12.35,12.5,11.7,12.2,100,119
20260508,11.1,12.2,11.1,12.2,3,4
20260511,11.35,12.2,11.1,11.65,42,47
20260512,12,12.4,12,12.15,11,14
20260513,11.15,12.2,10.95,12.2,99,111
20260515,12.6,12.6,12,12.4,11,13
20260518,12.4,12.4,12.4,12.4,2,2
20260519,12.4,12.4,12.4,12.4,2,2
20260522,11.55,12,11.55,12,3,4
20260525,12,12,11.2,11.8,29,34
20260526,11.9,11.9,11.75,11.75,5,6
20260527,11.75,11.8,11.15,11.8,20,23
20260528,11.8,11.8,11.75,11.8,3,4
20260529,11.9,11.9,11.6,11.8,7,8
20260601,11.15,11.7,11.15,11.7,4,5
20260602,11.35,11.7,11,11.7,14,16
20260603,10.95,11.8,10.95,11.8,11,13
20260604,11.3,11.7,11.3,11.7,24,27
20260605,12,12,12,12,2,3
20260608,11.35,11.85,11.15,11.15,5,5
20260609,11.9,11.9,11.6,11.6,11,13
20260611,11.85,11.85,11.6,11.8,9,11
20260612,11.35,11.7,11.35,11.7,5,5
20260615,11.8,11.8,11.7,11.7,3,4
20260616,12,12,12,12,6,7
20260617,11.8,11.8,11.8,11.8,3,3
20260622,11.2,11.5,11.2,11.4,13,15
20260623,11.25,11.8,11.1,11.8,11,12
20260624,11.8,11.85,11.8,11.85,2,3
20260625,11.8,11.8,11.7,11.7,3,4
20260626,11.1,11.1,11.1,11.1,7,7
20260630,11.1,11.2,11.1,11.2,2,2
20260706,10.2,10.7,10.2,10.7,12,13
20260707,10.8,10.8,10.5,10.5,12,12
20260708,10.6,10.6,10.05,10.05,14,15
20260709,10,10,10,10,3,3
20260713,10.05,10.05,10,10,3,3
20260714,10,10.6,10,10.6,7,7
20260715,11,11,11,11,4,5
20260716,10.05,10.25,10,10.25,12,12
20260720,10.15,10.15,9.8,9.8,14,14
20260722,10,10,10,10,8,8
20260723,10.15,10.15,9.37,9.37,2,2
20260724,10,10,9.99,10,12,12
20260727,9.9,10,9.9,10,7,7
20260728,9.9,10,9.82,9.82,7,7
20260729,10,10,9.55,10,15,15
20260730,10.2,10.2,10.2,10.2,1,1
20260813,9.2,9.2,9.2,9.2,2,2
20260817,9.2,9.2,9.2,9.2,1,1
20260818,9.16,9.16,9.16,9.16,1,1
20260824,9,9,8.96,8.96,3,3
20260907,9,9.2,9,9,42,38
20260908,8.1,8.45,8.1,8.23,34,28
20260909,8.15,8.2,8.1,8.1,22,18
20260910,8.3,8.8,8.3,8.8,18,16
20260911,8.81,8.85,8.8,8.85,20,17
