# date,open,high,low,close,lot,wan
20250814,51.3,51.5,50.6,50.6,296,1511
20250815,50.6,50.9,49.9,50,482,2416
20250818,50,50.5,49.3,49.5,619,3069
20250819,49.5,49.5,48.15,48.65,719,3505
20250820,48.95,48.95,48,48.2,444,2135
20250821,47.85,48.7,47.85,48.45,308,1492
20250822,48.3,48.85,48.15,48.4,209,1014
20250825,48.8,50.2,48.8,49.5,363,1799
20250826,49.6,49.6,49.05,49.4,155,763
20250827,49.2,50.2,49.2,49.95,271,1350
20250828,49.9,50.5,49.8,49.85,225,1126
20250829,50.4,50.4,49.3,49.3,189,936
20250901,49.3,49.6,48.55,48.75,250,1222
20250902,48.8,49.55,48.5,49,186,910
20250903,48.9,50.7,48.9,49.55,311,1548
20250904,50.2,50.5,49.9,50,326,1631
20250905,50.3,50.3,49.7,50.2,276,1381
20250908,50.6,50.9,49.65,49.85,213,1063
20250909,49.9,49.9,48.85,49.05,398,1956
20250910,49.1,49.6,49.1,49.25,275,1355
20250911,50.4,50.4,48.4,48.4,647,3176
20250912,49.1,49.4,48.7,48.9,296,1445
20250915,48.9,49.8,48.85,49.6,274,1350
20250916,49.8,50,49.4,49.75,259,1285
20250917,49.9,50.4,49.3,49.3,429,2135
20250918,49.45,50.1,49.45,49.5,322,1599
20250919,49.5,49.95,49.35,49.9,217,1080
20250922,50,50.5,49.75,50,395,1981
20250923,50,50,49.35,49.4,363,1800
20250924,49.8,49.85,49.15,49.2,160,792
20250925,49.75,49.75,49.2,49.3,249,1232
20250926,49.2,49.2,48.1,48.25,540,2613
20250930,48.4,48.6,48,48.3,190,915
20251001,48.3,48.5,48.05,48.2,262,1263
20251002,48.2,48.4,47.5,47.9,530,2536
20251003,47.7,47.8,47.1,47.1,438,2070
20251007,46.9,47.5,46.75,47,433,2037
20251008,47,47,46.55,46.8,284,1330
20251009,46.9,47,46.1,46.25,639,2962
20251013,45.75,46,44.6,45.85,382,1733
20251014,46.4,46.95,45.8,46,485,2245
20251015,46,46.45,45.45,45.6,272,1244
20251016,46,46.9,46,46.65,264,1228
20251017,46.3,47.2,46.3,46.75,220,1030
20251020,46.8,46.8,46.3,46.5,161,749
20251021,47.15,49,46.9,48.4,659,3163
20251022,48.55,49.6,48.55,48.7,487,2385
20251023,48.4,48.55,48,48.1,149,720
20251027,48.15,48.5,47.75,47.95,164,789
20251028,48.05,48.45,47.5,47.85,257,1231
20251029,47.9,48.25,47.5,47.7,192,915
20251030,48.3,48.65,47.5,47.75,164,785
20251031,48,48,47.35,47.55,119,565
20251103,47.55,47.55,46.1,46.1,493,2309
20251104,46.5,46.5,44.85,44.95,647,2936
20251105,45,45.3,43.8,45,289,1287
20251106,45.1,45.15,44,44.65,412,1831
20251107,44.5,44.5,42.55,43.55,701,3027
20251110,43.5,43.55,42.8,43.05,329,1416
20251111,42.6,43.15,42.6,42.9,354,1517
20251112,42.9,43.55,42.9,43.45,315,1367
20251113,43.8,44.5,43.6,44.15,226,999
20251114,43.95,44.45,43.8,44.05,276,1216
20251117,44.65,44.65,43.45,43.5,253,1107
20251118,43.3,43.3,42.1,42.1,396,1681
20251119,42.15,42.2,40.75,41.05,492,2041
20251120,41.2,41.9,40.95,41.1,437,1801
20251121,41.35,41.35,40.5,40.85,493,2011
20251124,41,41.15,40.8,40.8,331,1356
20251125,40.8,41.15,40.35,40.5,289,1173
20251126,40.5,41.35,40.5,41.3,217,890
20251127,41.5,41.8,41,41.2,186,762
20251128,41.35,41.55,40.85,41.35,201,828
20251201,41.45,42.95,41.45,42.1,457,1932
20251202,42.1,42.5,41.9,42.1,246,1038
20251203,42.2,42.5,41.85,41.85,237,998
20251204,41.85,42.1,41.6,41.75,145,604
20251205,41.75,41.9,41.3,41.9,259,1073
20251208,41.85,41.85,41.1,41.2,239,988
20251209,41.3,41.3,40.2,40.45,374,1512
20251210,40.45,40.6,40.05,40.1,276,1109
20251211,40.15,40.5,40,40.3,223,895
20251212,40.4,40.8,40.3,40.6,165,669
20251215,40.6,40.8,40.25,40.3,335,1356
20251216,40.3,40.3,39.55,40.15,481,1920
20251217,40.15,40.9,40.15,40.45,223,903
20251218,40.55,40.55,39.9,40.05,189,757
20251219,40.05,40.65,40.05,40.65,188,759
20251222,41.9,44.65,41.9,44.65,1475,6433
20251223,44.1,46.3,44.05,45.8,1658,7552
20251224,46.3,47.5,45.15,46.45,1105,5111
20251226,47.7,48.95,47.2,47.7,1333,6393
20251229,48,48.65,47.75,48.05,1026,4940
20251230,48.05,48.7,47.25,48.55,765,3676
20251231,48.8,49.1,48.3,49,908,4422
20260102,49,49.15,47.5,47.75,853,4091
20260105,47.8,47.8,47.45,47.75,607,2886
20260106,47.8,48.35,47.6,47.95,565,2708
20260107,48.05,48.35,47.9,48.3,447,2152
20260108,48.1,48.55,47.35,48.4,567,2739
20260109,47.4,47.85,46.65,47.7,1272,6028
20260112,47.7,47.7,46.1,46.35,766,3563
20260113,46.35,46.75,45.8,46.7,429,1985
20260114,46.8,47.3,46.7,47.2,335,1575
20260115,47.2,48.35,46.95,48,535,2559
20260116,48.35,50.9,47.35,48.8,1617,7921
20260119,48.8,48.85,47.95,48,634,3056
20260120,48.1,48.1,47.55,47.85,487,2324
20260121,47.95,48.15,47.5,47.55,526,2509
20260122,47.65,48.95,47.65,48.25,589,2847
20260123,48.7,49.05,48.15,48.25,566,2743
20260126,48.55,49.3,48.55,49,620,3043
20260127,49.25,49.5,47.95,47.95,649,3166
20260128,48.2,48.4,46.6,46.8,811,3824
20260129,47,47,46.1,46.8,396,1840
20260130,46.4,46.4,45.2,46,408,1868
20260202,46,46,45.15,45.55,255,1160
20260203,46.2,46.2,45.45,45.75,375,1715
20260204,45.35,46.25,45.3,45.45,380,1735
20260205,45.45,45.8,45.4,45.6,295,1345
20260206,45.3,45.3,44.3,44.8,279,1246
20260209,45.25,45.25,44.55,44.9,332,1484
20260210,45.45,47.05,45.45,46.7,576,2672
20260211,46.7,46.75,45.4,45.75,548,2500
20260223,45.75,46.75,45.75,46.25,390,1810
20260224,46.25,46.5,44.8,44.9,623,2821
20260225,44.9,44.9,43.55,43.85,736,3246
20260226,44.25,44.25,43.6,43.7,468,2051
20260302,43.2,43.95,43.15,43.45,601,2621
20260303,44.55,45.3,44.1,44.85,733,3263
20260304,44.85,44.85,42.9,42.9,1018,4407
20260305,43.85,43.9,42.4,43.15,477,2051
20260306,41.95,43.25,41.9,43,338,1437
20260309,41.8,42.05,40.4,40.6,736,3013
20260310,41.4,41.8,40.9,41.3,289,1194
20260311,41.8,42.35,41.55,42.1,367,1545
20260312,41.7,41.75,41.1,41.3,224,927
20260313,41.3,41.3,40.65,40.7,361,1475
20260316,40.55,41.3,40.5,41,250,1023
20260317,41,41.3,40.7,40.85,363,1485
20260318,40.85,41.05,40.6,40.85,399,1629
20260319,40.85,40.85,40.3,40.35,487,1971
20260320,40.35,41,40.1,40.25,477,1931
20260323,39.95,40.75,39.35,40,575,2307
20260324,40.55,40.55,39.7,40.05,280,1118
20260325,40.7,40.7,39.9,40.35,466,1869
20260326,40.35,41.4,40.2,40.2,343,1394
20260327,40.1,40.4,39.7,40.2,289,1156
20260330,44.2,44.2,44.2,44.2,1147,5071
20260331,46.2,46.6,41.4,41.8,4399,19472
20260401,42.2,42.25,41,42.1,1198,4984
20260402,41.9,42.15,41,41.6,883,3657
20260407,41.9,41.9,41,41.2,501,2070
20260408,41.35,41.75,41.1,41.5,549,2277
20260409,41.5,42.5,41,42.05,915,3800
20260410,42.1,42.55,41.7,42.15,607,2550
20260413,42.2,42.8,42.1,42.25,616,2612
20260414,42.7,43.4,42.3,43.2,791,3406
20260415,43.15,43.5,42,42.45,667,2849
20260416,42.5,43.25,42.4,42.8,422,1808
20260417,43.2,43.75,42.65,42.8,748,3239
20260420,42.8,43,41.65,41.75,718,3041
20260421,41.75,42.05,41.55,41.85,474,1985
20260422,42.25,44.95,42.25,43.9,1849,8102
20260423,43.9,43.9,41.5,42,1121,4740
20260424,41.8,42,41.1,41.45,360,1494
20260427,41.45,41.45,40.55,40.8,601,2455
20260428,40.8,41,40.55,40.65,500,2040
20260429,40.65,41.55,40.45,41.4,659,2717
20260430,41.6,41.6,41.15,41.45,341,1410
20260504,41.45,41.7,41.15,41.35,539,2231
20260505,41.35,41.65,40.85,41.25,742,3056
20260506,41.4,42.4,40.45,42.05,1132,4652
20260507,42.4,43.75,41.65,43.55,1870,8045
20260508,43.8,44.05,43,43.9,1018,4431
20260511,44,44,43.2,43.8,692,3014
20260512,43.9,44.2,43.05,44,775,3396
20260513,44.1,44.8,43.9,44.2,1097,4875
20260514,44.4,46.6,44.4,45.4,1579,7221
20260515,45.65,46.3,44.5,44.75,867,3926
20260518,44.8,45.8,44.5,45.15,498,2252
20260519,45.25,46.3,45.2,45.3,626,2863
20260520,45.3,45.4,44.65,45,480,2159
20260521,45.3,45.75,44.6,45.7,774,3504
20260522,45.7,46.1,45.1,46.05,729,3327
20260525,46.05,46.35,45.45,46,808,3708
20260526,50.6,50.6,50.6,50.6,1593,8060
20260527,55.6,55.6,55.6,55.6,1389,7725
20260528,61.1,61.1,61.1,61.1,4816,29423
20260529,67.2,67.2,64,66.7,14824,98615
20260601,65.6,72.5,60.7,69.9,7980,53742
20260602,70,70,64.9,69.8,4931,33539
20260603,69,69.8,67.1,67.8,1598,10889
20260604,67.9,67.9,65.6,66.3,1773,11791
20260605,66,66,63.4,65.3,905,5874
20260608,58.8,61.6,58.8,60.5,1423,8501
20260609,63.3,64.5,60.5,62,1863,11534
20260610,60.7,62,57.8,58,1154,6850
20260611,57.5,60,57,60,568,3319
20260612,61.7,61.7,60,60.1,703,4271
20260615,61,64.6,61,64,1155,7288
20260616,65.7,65.9,63.6,65.8,1394,9083
20260617,61.8,63.7,59.9,61.6,2671,16467
20260618,63.1,67.7,61,67.7,6708,43876
20260622,69.4,71,65.2,66.2,6624,44748
20260623,66,71.4,65.3,69.7,6548,45504
20260624,69,69,64.7,64.8,4522,30009
20260625,65.1,66.2,63.5,64.7,1699,11014
20260626,65,66.6,63.5,64.4,1801,11670
20260629,64.3,65.1,61.5,62.6,1621,10274
20260630,62.6,62.9,61.5,62.1,834,5176
20260701,63,63.6,61.3,62.9,1019,6360
20260702,62.9,64.5,62.3,64.1,675,4286
20260703,63.8,70.5,63.5,70.5,4158,28912
20260706,69.8,73.3,69,71,5252,37287
20260707,70.2,72.9,69.8,70.5,3325,23738
20260708,70.5,70.9,68.8,69,3369,23532
20260709,68.5,70.2,66.6,67.7,2633,17997
20260713,68.5,69.5,63.8,64.3,2252,14803
20260714,65.3,66.3,63.1,64.5,2043,13211
20260715,65.5,65.5,61.3,62.5,1358,8498
20260716,62.5,66.5,61.8,65.1,948,6103
20260717,64.5,67.5,61,61,2526,16124
20260720,62.1,62.8,58.5,59,1685,10178
20260721,59.3,60.5,58.3,60.5,1304,7743
20260722,60.5,63,60.4,62.8,915,5662
20260723,63,63.4,60.1,61,713,4349
20260724,60.6,63,59.7,61.9,1040,6351
20260727,62,62,60.6,62,520,3191
20260728,60.5,60.5,57.6,57.9,1375,8076
20260729,58.3,58.4,53.3,54.7,2759,15267
20260730,55.5,55.5,51.9,52.9,1025,5467
20260731,55,57.4,53.7,54.4,1154,6404
20260803,53.8,56.5,52.7,55,1103,6039
20260804,53.9,57.4,53.7,57.1,756,4228
20260805,57.1,58.5,56.4,56.4,715,4089
20260806,56.4,57.6,56,57.6,618,3519
20260807,58.1,60.1,56.7,58.8,1077,6296
20260810,58.8,58.8,55,56.5,1876,10505
20260811,56,62.1,55.9,62.1,4034,24810
20260812,63.4,65.5,61.7,65.3,3114,19808
20260813,65.3,65.3,62.6,63,1585,10088
20260814,63.8,65.2,63.1,63.5,1282,8227
20260817,64.9,64.9,61.7,62,686,4306
20260818,62,62.7,60.9,62,756,4655
20260819,61.3,62.1,60.5,61,731,4484
20260820,61.3,63.7,61.3,63.5,813,5081
20260821,63.4,65.8,63.1,63.5,1460,9417
20260824,63.5,64,62,63,1279,8003
20260825,63,65.9,62.7,65.1,2014,13016
20260826,65.6,67.3,64,66,3215,21215
20260907,88.8,88.8,79,79.5,1529,12544
20260908,79.1,79.1,75.5,77.1,1230,9473
20260909,76.4,78.8,75.2,78.2,1062,8157
20260910,78.2,80.5,75.8,78.2,712,5563
20260911,77.1,78.5,75.9,76,603,4612
20260914,75.4,75.4,73.6,74.8,399,2971
20260915,74.5,75.6,74,74,419,3126
20260916,74.8,74.8,72.9,73.7,533,3915
20260917,74,77.4,74,76.2,696,5309
20260918,76.4,76.4,73.8,73.8,402,3004
20260921,73.8,74,73,73.5,290,2132
20260922,73.5,73.6,72.1,72.4,603,4382
