# date,open,high,low,close,lot,wan
20250814,22.8,23.1,22.8,23.05,80,184
20250815,23,23.1,22.7,22.95,152,349
20250818,22.95,23.1,22.85,22.95,74,171
20250819,22.85,22.85,22.65,22.75,142,323
20250820,22.75,22.75,22.55,22.65,105,238
20250821,22.65,22.7,22.5,22.6,123,278
20250822,22.65,22.8,22.65,22.75,67,152
20250825,22.8,23.05,22.8,23.05,60,137
20250826,23.05,23.3,22.8,23.05,107,247
20250827,22.85,23.1,22.85,22.95,51,118
20250828,22.9,23.2,22.85,22.9,132,304
20250829,22.9,22.95,22.75,22.8,131,299
20250901,22.9,23.2,22.8,23.2,36,83
20250902,23.3,25.15,23.3,24.8,720,1761
20250903,24.8,25,24.35,24.45,267,659
20250904,24.6,24.7,24.1,24.1,113,275
20250905,24.1,24.35,23.95,24.25,85,206
20250908,24.25,24.7,24.25,24.7,101,248
20250909,24.9,24.9,24.4,24.45,80,196
20250910,24.5,24.8,24.5,24.65,131,324
20250911,24.55,24.6,24,24.4,87,211
20250912,24.1,24.4,24.05,24.05,63,153
20250915,24.25,24.25,23.3,23.55,121,286
20250916,23.6,23.9,23.5,23.7,42,98
20250917,23.65,23.75,23.4,23.5,67,157
20250918,23.55,23.75,23.55,23.6,46,109
20250919,23.75,23.75,23.5,23.5,56,132
20250922,23.55,23.6,23.4,23.6,29,69
20250923,23.5,23.65,23.45,23.55,31,74
20250924,23.7,23.7,23.4,23.5,65,153
20250925,23.35,23.45,23.25,23.4,96,223
20250926,23.6,23.6,22.9,23.1,103,238
20250930,23,23.15,23,23.05,78,179
20251001,23.1,23.1,22.8,23,70,159
20251002,23,23.2,22.85,22.9,53,121
20251003,22.85,23,22.8,22.9,68,155
20251007,23.4,23.4,22.85,23,51,117
20251008,22.8,23,22.8,23,70,161
20251009,23,23.15,22.8,22.95,62,143
20251013,22.65,22.9,22.55,22.9,57,130
20251014,23.1,23.1,22.35,22.55,87,198
20251015,22.8,22.8,22.35,22.55,39,88
20251016,22.65,22.95,22.55,22.75,64,145
20251017,22.75,22.8,22.65,22.8,55,125
20251020,22.8,22.9,22.45,22.75,77,174
20251021,22.75,23.45,22.75,22.9,166,385
20251022,23.05,23.05,22.85,22.9,90,206
20251023,23.15,23.4,22.95,23.1,60,139
20251027,23.4,23.4,22.9,23,68,156
20251028,23.2,23.2,23,23.05,58,133
20251029,23.05,23.15,22.8,22.95,75,173
20251030,22.95,22.95,22.7,22.7,70,160
20251031,22.6,22.8,22.35,22.6,74,167
20251103,22.5,22.55,22.3,22.35,32,71
20251104,22.35,22.35,22.05,22.1,82,183
20251105,22,22.1,21.8,22,85,186
20251106,22.2,22.4,22,22.2,32,70
20251107,22.2,22.3,21.95,22,74,164
20251110,22,22.1,21.85,22,57,125
20251111,22,22,21.05,21.45,290,624
20251112,21.6,21.85,21.45,21.7,213,459
20251113,22,22,21.7,21.85,117,256
20251114,21.85,21.9,21.7,21.8,50,109
20251117,21.9,22.1,21.45,21.45,144,311
20251118,21.8,21.8,21.2,21.3,91,196
20251119,21.25,21.4,21.05,21.15,96,204
20251120,21.2,21.6,21.2,21.5,41,89
20251121,21.35,21.5,21.2,21.35,89,189
20251124,21.5,21.5,21.15,21.3,46,97
20251125,21.25,21.25,20.6,21.1,285,593
20251126,21.2,21.3,21.1,21.3,70,149
20251127,21.25,21.35,21,21.2,90,190
20251128,21.1,21.35,21.1,21.35,167,353
20251201,21.35,21.4,21.25,21.4,51,108
20251202,21.3,21.45,21.25,21.3,77,165
20251203,21.3,21.5,21.3,21.5,47,101
20251204,21.5,21.55,21.45,21.5,68,145
20251205,21.5,21.65,21.5,21.6,48,103
20251208,21.5,22,21.5,21.75,42,91
20251209,21.8,21.85,21.6,21.8,69,151
20251210,22,22,21.75,21.95,87,191
20251211,22,22,21.75,21.9,57,126
20251212,21.95,22,21.7,21.8,63,137
20251215,21.75,21.9,21.7,21.8,27,60
20251216,21.7,21.8,21.55,21.65,69,149
20251217,21.7,21.85,21.7,21.7,61,133
20251218,21.7,21.85,21.7,21.75,57,123
20251219,21.75,21.9,21.6,21.9,81,178
20251222,21.9,22,21.9,22,63,139
20251223,22,22.35,22,22.25,80,178
20251224,22.25,22.25,22,22.1,63,139
20251226,22.15,22.55,22.15,22.5,101,227
20251229,22.35,22.95,22.35,22.75,87,198
20251230,22.85,22.85,22.35,22.6,73,165
20251231,22.4,22.55,22.3,22.55,53,120
20260102,22.3,22.55,22.25,22.3,114,255
20260105,22.45,22.5,22.1,22.4,100,224
20260106,22.5,22.5,22,22.15,146,324
20260107,22.35,22.5,22.2,22.45,112,251
20260108,22.5,22.65,22.4,22.4,57,127
20260109,23.5,24.6,23.5,23.6,1199,2882
20260112,23.5,23.8,23.2,23.2,313,733
20260113,23.2,23.35,22.8,23.25,133,306
20260114,23.25,23.6,23.15,23.4,158,370
20260115,23.3,23.55,23.1,23.45,221,517
20260116,23.5,25.75,23.5,25.75,1809,4529
20260119,26.7,27.2,25.75,26.8,2467,6552
20260120,26.75,26.75,25.9,26,626,1633
20260121,26,26,25.3,25.8,367,941
20260122,26,26.1,25.35,25.5,283,722
20260123,25.55,25.55,24.8,24.95,277,691
20260126,24.95,24.95,24.45,24.45,304,748
20260127,24.6,24.85,24.3,24.3,318,780
20260128,24.6,24.85,24.1,24.2,191,466
20260129,24.45,24.45,23.75,23.95,147,353
20260130,23.75,23.75,23.4,23.75,127,300
20260202,23.75,23.75,23.2,23.3,122,284
20260203,23.6,23.8,23.3,23.45,131,308
20260204,23.65,23.75,23.45,23.6,67,159
20260205,23.55,23.55,23.35,23.55,28,65
20260206,23.3,23.4,22.7,23.1,122,281
20260209,23.35,23.35,22.9,23.1,108,249
20260210,23.25,23.25,23,23.15,67,156
20260211,22.8,22.8,22.05,22.65,417,930
20260223,22.7,23.05,22.6,22.75,144,328
20260224,23,23,22.7,22.8,134,305
20260225,22.8,23,22.6,22.65,122,277
20260226,22.6,22.95,22.5,22.75,92,209
20260302,22.6,22.6,22.2,22.5,96,214
20260303,22.3,22.75,22.15,22.15,157,350
20260304,21.85,21.85,21.05,21.25,335,714
20260305,21.4,22.65,21.4,21.8,123,267
20260306,21.45,21.8,21.2,21.55,75,162
20260309,21,21.2,20.65,21,239,498
20260310,21.05,21.55,21.05,21.5,137,293
20260311,21.55,22.5,21.55,22.05,113,250
20260312,22.4,22.4,21.6,22.1,110,243
20260313,22.4,22.4,22.15,22.15,78,174
20260316,22.35,22.55,22.2,22.35,152,341
20260317,22.8,22.8,22.2,22.35,87,196
20260318,22.6,23,22.4,22.6,120,273
20260319,22.7,22.8,22.45,22.45,98,222
20260320,22.75,22.9,22.4,22.6,92,207
20260323,22,22.7,22,22.7,116,259
20260324,22.8,22.85,22.4,22.45,131,296
20260325,22.7,22.9,22.45,22.5,127,287
20260326,22.5,22.75,22.45,22.55,105,237
20260327,22.5,22.7,22.45,22.7,80,180
20260330,22.65,22.65,22.35,22.5,36,82
20260331,22.55,22.55,22.25,22.3,103,230
20260401,22.6,22.7,22.4,22.55,58,132
20260402,22.55,22.85,22.55,22.55,107,243
20260407,22.9,22.95,22.45,22.8,52,119
20260408,22.65,22.9,22.1,22.7,115,259
20260409,22.8,22.8,22.4,22.6,84,188
20260410,22.45,23.9,22.45,23.6,460,1081
20260413,24,25.4,24,25.1,877,2192
20260414,25.2,25.2,24.65,25.15,336,842
20260415,25.45,25.75,25.2,25.35,438,1114
20260416,25.35,25.55,25.2,25.3,214,542
20260417,25.3,25.7,25.3,25.35,213,543
20260420,25.3,25.6,25.2,25.45,196,499
20260421,25.75,27.95,25,27.95,1262,3438
20260422,29.65,30.65,27.45,29.6,3144,9226
20260423,29.45,29.6,27.4,29.6,1508,4329
20260424,29.9,30.5,27.8,27.8,948,2743
20260427,28.2,28.2,27,27.85,403,1114
20260428,27.85,29,27.7,29,429,1221
20260429,28.95,29,28.35,28.45,305,877
20260430,28.25,28.6,28,28.5,258,730
20260504,28.5,31,28.5,30.2,1657,5023
20260505,30.4,30.6,29.15,29.55,639,1904
20260506,29.95,29.95,28.8,29.05,381,1112
20260507,29.05,29.9,29.05,29.45,440,1302
20260508,29.15,29.95,28.6,28.9,284,828
20260511,28.95,29.2,28.25,28.8,403,1155
20260512,28.85,29.4,28.1,28.9,619,1777
20260513,28.5,29.15,28.5,28.6,246,705
20260514,28.6,29.15,28.2,28.35,348,989
20260515,28.8,29.05,28.35,28.65,235,674
20260518,28.95,28.95,28.15,28.35,183,522
20260519,28.6,28.75,27.4,27.5,353,985
20260520,28.1,28.8,27.7,28,213,598
20260521,28.35,28.5,28.05,28.45,219,619
20260522,28.95,29.2,28.65,29.05,280,810
20260525,29.5,31.95,29.05,31.95,2241,7009
20260526,35.1,35.1,35.1,35.1,1871,6567
20260527,37.5,37.5,37.5,37.5,1410,5286
20260528,41.25,41.25,41.25,41.25,1659,6841
20260529,45.35,45.35,43.85,45.35,13595,61565
20260601,46.5,49.8,45.1,49.8,3710,17782
20260602,50,50,46.95,48.4,2113,10178
20260603,47.95,48.6,46,46.3,1363,6434
20260604,45.7,45.7,44.7,45.05,749,3390
20260605,40.6,44.7,40.6,43.8,549,2332
20260608,39.45,39.45,39.45,39.45,336,1325
20260609,41.5,42,39.45,41.6,766,3159
20260610,40.45,40.55,37.45,38,865,3318
20260611,37.5,38,37.1,38,315,1182
20260612,38,40.6,38,39.65,468,1830
20260615,40,42.6,40,42.6,463,1932
20260616,43.6,43.6,41.75,43.25,341,1451
20260617,42.1,42.1,40.3,41.9,410,1701
20260618,41.3,46.05,41.3,46.05,4204,18770
20260622,46.05,46.75,43,43.3,3678,16271
20260623,42.45,45,41.7,44.85,2144,9355
20260624,43.9,44.15,40.8,41.4,1492,6302
20260625,41.1,45,41.1,41.6,912,3830
20260626,41.35,41.35,37.45,37.45,1539,5949
20260629,37.4,38.85,36.2,37.35,896,3370
20260630,38.4,38.8,37.05,37.4,665,2509
20260701,38,38.2,36.85,38,609,2286
20260702,38.3,38.85,37.1,37.55,493,1867
20260703,37.8,41.25,37.15,39.5,1464,5790
20260706,39.15,39.15,37.2,37.5,1032,3897
20260707,37.75,37.75,33.75,34.25,1873,6577
20260708,34.3,34.3,33.3,33.75,742,2510
20260709,33.75,34,32.5,32.9,884,2938
20260713,33.4,34.9,32.2,32.4,839,2793
20260714,33,33.2,29.2,31.1,3557,10852
20260715,31.65,32,31.05,31.65,730,2290
20260716,31.65,32.5,31.3,31.75,408,1304
20260717,31,31.5,30,30.3,540,1649
20260720,30.7,30.7,28.7,28.85,990,2896
20260721,29.1,29.65,28.9,29.25,474,1389
20260722,30,30.15,29.35,29.55,379,1128
20260723,29,29.65,28.85,29.2,283,824
20260724,29.1,29.3,28.45,28.6,384,1104
20260727,28.55,28.8,28,28.6,352,999
20260728,27.7,27.95,27.1,27.3,596,1631
20260729,28.35,28.35,25.95,26.65,879,2329
20260730,26.85,26.9,25.75,25.9,630,1652
20260731,27.1,27.45,26.3,26.6,1133,3009
20260803,26.7,27.45,26.6,27.15,641,1734
20260804,27.7,28,27,27.9,384,1060
20260805,28.65,28.9,28.15,28.4,467,1330
20260806,28.4,28.6,28,28.6,282,797
20260807,28.75,28.9,27.85,27.9,210,592
20260810,28.35,29.05,27.75,28.6,240,685
20260811,28.3,28.95,28.15,28.5,206,589
20260812,28.65,29.25,28.65,28.9,319,925
20260813,29,30.3,28.8,30.1,523,1553
20260814,30.1,30.1,29.3,29.45,383,1137
20260817,29.6,29.8,29.1,29.6,240,709
20260818,29.5,29.55,28.75,29.05,265,768
20260819,29.05,29.15,28.6,28.6,281,811
20260820,28.95,29.2,28.4,29.2,195,561
20260821,28.85,29.3,28.75,29.1,162,471
20260824,29.1,29.2,28.65,28.65,109,314
20260825,28.65,28.65,28.1,28.35,171,484
20260826,28.35,29.35,28.35,29.25,200,578
20260827,29.3,29.4,28.95,29.05,149,434
20260828,29.15,29.75,29.05,29.1,173,505
20260831,29.1,29.1,28.4,28.7,153,439
20260901,28.6,29.3,28.6,29.2,180,524
20260902,29.05,29.15,28.8,28.9,70,203
20260903,29,29.2,28.6,28.7,225,649
20260904,28.8,29.55,28.65,29.45,268,781
20260907,29.45,29.45,29.05,29.25,145,424
20260908,29.25,29.45,28.75,28.95,160,463
20260909,28.9,29.25,28.9,29,87,251
20260910,28.9,29.9,28.5,29.7,251,732
20260911,28.95,28.95,28.05,28.2,509,1445
20260914,28.15,29.1,27.9,28.95,215,620
20260915,29.2,29.2,28.6,28.8,105,304
20260916,28.9,30.15,28.8,29.5,590,1742
20260917,29.5,31,29.5,30.35,466,1417
20260918,30.55,30.9,29.9,30.65,296,898
20260921,30.55,31.85,30.55,31.3,353,1104
20260922,31.7,31.7,30.6,30.6,299,928
20260923,30.6,31.35,30.6,30.9,289,897
