# date,open,high,low,close,lot,wan
20250814,22.65,22.85,22.6,22.65,46,104
20250815,22.65,22.65,22.45,22.65,106,239
20250818,22.65,22.85,22.4,22.65,116,262
20250819,22.7,22.7,22.4,22.4,63,142
20250820,22.35,22.4,22.2,22.35,103,229
20250821,22.35,22.35,21.9,22.05,112,247
20250822,22.05,22.05,21.5,21.8,264,577
20250825,21.8,21.8,21.25,21.4,213,457
20250826,21.4,21.4,20.85,20.85,247,521
20250827,20.85,21.15,20.55,20.95,196,409
20250828,20.9,21.9,20.85,21.8,146,314
20250829,21.85,21.9,21.4,21.5,112,242
20250901,22,22,21.45,21.45,175,380
20250902,21.35,21.5,21,21.5,84,178
20250903,21.5,21.75,21.45,21.5,89,192
20250904,21.75,22.05,21.75,22.05,74,162
20250905,22.1,23.6,22.1,22.9,438,1011
20250908,22.9,23.2,22.5,22.5,495,1134
20250909,22.55,23.45,22.5,22.85,220,508
20250910,23,23.3,23,23.25,234,543
20250911,23,23.45,22.95,23.1,227,527
20250912,23.2,23.85,23.1,23.7,131,309
20250915,23.7,25.65,23.7,25.25,345,863
20250916,27.2,27.2,25.95,26.95,618,1632
20250917,26.85,27.45,26.7,27.25,331,898
20250918,27.45,27.45,26.15,26.35,195,521
20250919,26.5,27,26.25,26.7,143,381
20250922,26.7,26.8,26.2,26.45,82,218
20250923,26.5,27.15,26.5,26.65,80,214
20250924,26.5,26.5,25.8,26.25,84,220
20250925,26.95,28.5,26.6,28.25,412,1132
20250926,28.25,28.6,27.45,28,334,938
20250930,28.5,29,28,28.8,313,899
20251002,31.65,31.65,31.65,31.65,1219,3858
20251003,34.8,34.8,34.8,34.8,3915,13624
20251007,35,37.15,33.9,34.1,10157,35756
20251008,33.6,33.6,31.9,31.9,2655,8567
20251009,32.7,32.9,31.9,31.95,1393,4499
20251013,31.7,31.95,31.7,31.9,1192,3789
20251014,31.85,31.95,31.8,31.8,1076,3425
20251015,31.85,32,31.85,31.9,438,1398
20251016,31.9,31.9,31.85,31.85,1060,3377
20251017,31.85,32,31.85,31.9,1203,3837
20251020,31.95,33.5,31.95,32.3,1832,5948
20251021,32.3,32.35,32.1,32.1,945,3040
20251022,32.1,33.1,32.1,32.7,807,2625
20251023,32.55,33.4,32.4,32.85,848,2794
20251027,32.9,34.1,32.85,33.65,932,3113
20251028,34,34,32.55,33.2,751,2494
20251029,33.55,33.9,33,33,462,1539
20251030,33.15,33.3,32.3,32.5,520,1696
20251031,32.45,32.8,32.45,32.5,202,658
20251103,32.55,32.55,30.5,30.5,984,3072
20251104,30.2,31.25,30,30.75,376,1147
20251105,30.35,31.2,30.3,31.05,122,375
20251106,31.15,31.4,30.35,30.4,186,571
20251107,30.4,30.6,29.8,30.45,200,603
20251110,30.2,30.5,30.15,30.2,115,349
20251111,29.85,30.75,29.85,30.2,148,447
20251112,30.25,30.45,30,30.2,175,528
20251113,30.3,31,30.1,30.1,120,365
20251114,30.1,33,29.9,32.1,1094,3503
20251117,32.1,33.8,32.1,32.65,855,2821
20251118,32.5,32.5,29.4,29.4,1042,3125
20251119,29.3,29.85,29.05,29.6,148,434
20251120,30,30,29.1,29.4,106,312
20251121,29.35,29.35,28.8,28.95,58,168
20251124,29.8,29.8,29.25,29.7,124,367
20251125,30,30.5,30,30.3,106,321
20251126,31.4,31.4,29.8,29.8,119,362
20251127,30.3,31.15,30.3,30.5,105,322
20251128,30.25,30.35,30,30.15,70,211
20251201,30.65,30.65,29.9,30.2,74,223
20251202,30.2,30.3,30.1,30.2,47,142
20251203,30.2,30.4,30.05,30.3,101,305
20251204,30.4,31.4,30.4,31.2,114,354
20251205,30.9,31.2,30.9,31,21,65
20251208,31.2,31.65,31,31.4,122,383
20251209,31.35,32,31.35,31.65,97,309
20251210,31.95,32.25,31.6,31.8,197,628
20251211,31.2,31.8,31.2,31.55,67,212
20251212,31.5,31.8,31.5,31.75,69,218
20251215,31.75,32.15,31.55,32,90,287
20251216,32,32,31.85,31.85,154,491
20251217,31.95,32.15,31.85,31.85,145,463
20251218,31.75,32.6,31.75,31.9,236,759
20251219,32,32.45,31.9,31.9,93,297
20251222,32.1,32.3,31.75,32,568,1819
20251223,32,32,31.8,31.9,61,195
20251224,31.9,32,31.85,31.85,48,153
20251226,31.9,32.05,31.7,31.85,110,351
20251229,31.85,32.1,31.85,32,149,477
20251230,32.4,32.5,32,32.25,136,439
20251231,32.3,32.3,31.9,31.95,77,247
20260102,31.95,32.2,31.85,32,116,371
20260105,32.05,32.05,31.45,31.6,121,384
20260106,31.6,31.75,31.4,31.75,86,272
20260107,31.65,31.65,30.95,31,275,856
20260108,31,31.2,30.7,30.7,80,246
20260109,30.25,30.55,30.15,30.2,117,355
20260112,29.65,30.25,29.65,30.2,145,435
20260113,30.15,30.5,30,30.3,123,373
20260114,30.3,30.5,30.25,30.35,83,252
20260115,30.7,30.7,29.7,30.1,84,253
20260116,30.1,30.4,30.1,30.15,80,242
20260119,30.15,30.15,29.8,30.15,165,496
20260120,30.15,30.2,30,30.05,63,190
20260121,29.85,30.15,29.85,29.95,52,156
20260122,29.95,30.2,29.95,30,52,156
20260123,30,30.2,29.95,30,59,177
20260126,30,32.1,29.95,31.95,184,573
20260127,31.95,32,31.05,31.85,139,440
20260128,31.95,32,31.55,31.55,251,797
20260129,31.35,31.55,31.05,31.05,73,228
20260130,31.3,31.3,30.65,30.85,81,250
20260202,30.25,31.1,30.25,30.35,75,228
20260203,30.35,30.75,30.35,30.65,34,104
20260204,30.65,32.4,30.65,32,208,657
20260205,31.4,32.4,31.4,32.15,118,375
20260206,32.1,32.1,31.15,31.15,96,303
20260209,31.15,31.8,31.15,31.8,69,218
20260210,31.8,31.9,31.4,31.8,67,212
20260211,31.65,31.9,30.95,31.8,169,530
20260223,32.45,32.45,31.5,31.55,162,513
20260224,31.6,31.6,31.35,31.5,116,365
20260225,31.1,31.5,31.1,31.2,61,191
20260226,31.35,31.8,31.1,31.5,88,276
20260302,31.45,31.45,30.5,30.85,157,483
20260303,30.85,32.2,30.5,31.15,246,765
20260304,30.9,31,30.35,30.35,84,256
20260305,30.6,30.9,30.5,30.5,51,156
20260306,30.7,30.75,30.7,30.75,13,40
20260309,30.45,30.45,30.05,30.15,127,383
20260310,30.5,30.6,30.2,30.45,51,155
20260311,30.15,30.95,30.15,30.55,137,419
20260312,30.45,30.95,30.45,30.75,78,240
20260313,30.7,31.15,30.3,31,50,154
20260316,31,31.1,30.5,30.6,91,279
20260317,30.65,30.95,30.65,30.8,77,237
20260318,31.95,31.95,31.1,31.25,152,478
20260319,31.4,32.2,31.4,31.85,368,1178
20260320,32.1,32.35,31.8,31.9,263,842
20260323,31.8,31.9,31.1,31.1,137,431
20260324,31.8,32.05,31.3,31.7,185,585
20260325,31.75,32,31.75,31.85,84,268
20260326,31.95,32.95,31.55,31.9,174,555
20260327,31.9,31.9,31.4,31.6,59,186
20260330,31.35,31.5,31,31.3,43,134
20260331,31.3,31.9,31.2,31.2,44,139
20260401,31.75,31.75,31.4,31.6,66,208
20260402,31.6,31.6,31.3,31.3,14,44
20260407,31.3,31.8,31.3,31.6,58,182
20260408,31.95,31.95,31.5,31.75,30,95
20260409,31.2,31.9,31.1,31.7,93,294
20260410,31.7,33,31.55,32,438,1406
20260413,32,34.1,32,33.05,732,2411
20260414,33.3,34.45,33.2,33.45,822,2766
20260415,34.1,34.1,33.1,33.25,420,1407
20260416,33.55,33.75,33.1,33.2,270,901
20260417,33.4,33.5,32.65,32.8,461,1525
20260420,33,35,32.8,35,656,2245
20260421,38.5,38.5,37.15,38.5,1786,6849
20260422,40.6,42.35,39.4,42.35,2716,11322
20260423,43.45,44.8,38.15,38.8,3096,12644
20260424,40.1,41,36.15,37.3,1276,4919
20260427,38.3,38.5,37.05,37.85,779,2932
20260428,38,38.65,37.15,38.45,521,1971
20260429,37.85,38.4,37.8,38,219,833
20260430,37.8,39,37.6,37.65,249,953
20260504,38.3,38.3,37.5,38,195,738
20260505,38,38.3,37.2,37.65,271,1019
20260506,37.5,38.5,37.2,38.05,331,1247
20260507,38.05,38.3,37.7,38.2,250,949
20260508,38.3,38.9,37.35,37.5,326,1233
20260511,37.6,40.35,37.6,39.95,468,1843
20260512,40.45,40.45,38.6,39.1,260,1017
20260513,39.1,40,38.8,40,230,907
20260514,40.1,40.55,39.15,39.8,273,1088
20260515,39.8,40,39.4,39.4,352,1396
20260518,39.2,39.2,37.8,38.3,206,789
20260519,39.8,39.8,37.65,37.85,264,1006
20260520,37.4,38.45,37.4,37.95,163,620
20260521,38.95,41.6,38.65,39.6,562,2242
20260522,40.2,42.3,39.85,42.1,646,2665
20260525,43.2,46,43,45.75,806,3588
20260526,45.5,50,45.3,50,1116,5378
20260527,52.5,54.5,50.2,52.2,1796,9411
20260528,52.2,53.6,51.2,52.3,1005,5276
20260529,53.4,53.4,50.5,52.1,562,2921
20260601,52.3,53.5,51.1,53,392,2067
20260602,54.8,56.6,52.3,54.8,620,3379
20260603,55.1,55.6,51.6,51.8,696,3706
20260604,52.1,52.7,50,51,448,2289
20260605,50.2,50.9,48.5,48.65,567,2797
20260608,43.8,44.45,43.8,43.8,716,3139
20260609,43.85,44.95,43.4,43.9,356,1576
20260610,44.05,44.05,41.4,41.45,403,1720
20260611,42.5,42.5,39.8,42.25,319,1314
20260612,42.55,43.5,42.35,42.35,149,639
20260615,43,44.9,43,43.4,271,1180
20260616,43.4,43.6,41.5,42.2,199,847
20260617,41.8,42.95,41.15,42.7,142,599
20260618,42.7,42.8,41,41.9,303,1260
20260622,42.05,43.15,41.5,42.05,288,1209
20260623,41.2,41.6,40.5,40.6,243,993
20260624,40.1,40.55,39,39.95,368,1455
20260625,40.3,40.75,39.85,40.2,124,500
20260626,39.1,39.6,38.2,39,258,1005
20260629,39.05,40.3,39.05,39.9,104,414
20260630,39.5,40,39.5,40,74,295
20260701,40.05,40.65,39.6,40.1,87,348
20260702,40.05,42.35,40.05,42.2,188,772
20260703,42.2,45.2,41.5,43.2,347,1522
20260706,42.7,42.9,41.35,41.7,217,911
20260707,42,42,40.3,40.5,107,438
20260708,40.5,41.7,39.65,40.25,112,449
20260709,40.25,41.4,39.6,40.3,67,269
20260713,39.95,40,39,39.4,165,650
20260714,39,39,37,38.4,151,573
20260715,38.55,39.2,38.5,39,32,124
20260716,39,39.05,38.4,38.9,30,116
20260717,37.1,39.5,36.65,38.35,306,1145
20260720,38.3,41.5,37,37.05,148,564
20260721,37.05,38,36.8,37.25,55,205
20260722,37.5,38,37.1,37.1,65,242
20260723,37.8,37.8,35.6,36.75,121,444
20260724,36.8,37.8,36.45,37.8,30,110
20260727,36.95,37.35,36.7,36.9,39,144
20260728,37.05,37.05,34.55,35.5,88,311
20260729,35.65,35.65,32.5,33.25,251,837
20260730,32.5,34.9,32.25,32.25,147,480
20260731,32.95,33.95,32.95,33.55,48,161
20260803,33.55,34.15,33.5,33.6,19,64
20260804,33.6,34,33.1,33.65,32,108
20260805,33.9,35.2,33.9,34,41,140
20260806,34,34,33.5,33.75,34,115
20260807,32.65,33.95,32.6,33.95,26,87
20260810,33.25,34,33.1,33.8,45,151
20260811,33.8,34.05,33.4,33.7,27,91
20260812,33.4,34,33.35,33.9,15,51
20260813,33.9,34.5,33.8,34.15,58,197
20260814,33.9,34.25,33.55,34.15,57,193
20260817,33.6,33.95,33.4,33.95,32,108
20260818,33.9,33.9,33,33.3,63,209
20260819,33.3,33.35,33,33.2,33,109
20260820,33.5,33.5,33,33.05,40,133
20260821,33.05,33.5,33,33.45,12,40
20260824,33.5,34.2,33.4,33.45,26,88
20260825,33.4,33.4,32.6,33.25,129,423
20260826,33.2,33.85,32.95,33.4,39,131
20260827,33.5,33.8,33.3,33.8,34,114
20260828,33.5,33.8,33.5,33.65,12,40
20260831,33.1,33.2,33,33.2,27,89
20260901,33.25,33.35,33.1,33.1,37,123
20260902,33.1,33.2,32.9,33.15,35,116
20260903,33.1,33.1,32.9,33,38,125
20260904,32.9,33,32.8,32.8,32,105
20260907,32.55,33.3,32.55,32.65,50,164
20260908,32.65,33.1,32.55,32.6,25,82
20260909,32.5,32.65,32.5,32.55,38,124
20260910,32.6,32.6,32,32.1,57,183
20260911,32.15,32.15,31.6,32,44,140
20260914,32,32,31.8,32,31,99
20260915,33.1,33.1,31.95,32.45,17,55
20260916,32.45,32.45,32.05,32.35,15,48
20260917,32.35,32.6,32,32.6,34,109
20260918,32.2,32.5,32,32.3,45,145
20260921,32,32.4,32,32.4,30,97
20260922,32.1,32.3,32.1,32.3,6,19
20260923,32.3,32.5,32.1,32.5,50,161
