# date,open,high,low,close,lot,wan
20250814,36.5,36.9,35.85,35.85,192,698
20250815,36.6,36.8,35.65,36,163,587
20250818,36.1,37.2,36.05,37,210,770
20250819,37.2,37.2,35.5,35.7,264,952
20250820,36.1,37.85,35.6,36.75,354,1294
20250821,37.35,38.35,36.6,36.6,225,840
20250822,36.65,36.9,35.75,35.75,163,588
20250825,35.95,37.05,35.95,36.5,151,551
20250826,36.3,37.5,36.3,37.05,128,475
20250827,37.75,38.85,37.1,37.1,264,1001
20250828,37.05,37.7,36.4,36.4,141,520
20250829,37.15,40,37.1,40,737,2919
20250901,40.6,43.7,40.6,42,3575,15136
20250902,42.1,42.3,38.5,38.6,1248,4953
20250903,38.95,40.2,37.5,38.05,604,2320
20250904,38.5,39,38.1,38.1,301,1158
20250905,38.2,38.55,37.8,37.95,184,700
20250908,37.95,39,37.35,38.2,230,875
20250909,38.3,38.65,37.65,38.3,188,716
20250910,38.75,39.6,37.95,38.85,377,1467
20250911,38.75,38.8,37.1,37.1,373,1409
20250912,37.3,37.5,36.8,37,193,718
20250915,37.05,38.45,36.85,37.4,222,833
20250916,37.35,38.2,37.35,38.2,159,601
20250917,38.2,38.2,37.45,37.45,101,381
20250918,37.5,38.5,37.5,38,144,549
20250919,38.45,38.8,38.1,38.5,141,543
20250922,38.9,38.9,37.85,38,147,562
20250923,38.45,38.65,37.1,37.1,206,772
20250924,37.15,38.25,37.05,38,210,791
20250925,38.05,38.55,37.35,37.35,96,363
20250926,37.95,37.95,37,37.2,113,420
20250930,37.2,38,37.1,37.65,55,207
20251001,37.65,37.75,37.2,37.2,64,239
20251002,37.25,37.8,37.2,37.55,55,206
20251003,37.55,39.4,37.55,38.9,388,1509
20251007,39.35,39.35,38.1,38.1,147,567
20251008,38.3,41.9,37.75,39.5,1760,7144
20251009,39.7,40.25,38.95,39.4,452,1797
20251013,38.05,38.7,37.7,38.3,100,383
20251014,37.8,38.3,35.8,35.9,625,2285
20251015,36.05,37.25,36.05,36.4,190,697
20251016,36.5,37.4,36.5,36.95,119,439
20251017,36.95,36.95,36.3,36.35,64,233
20251020,37.3,37.3,36.1,36.2,96,350
20251021,36.3,37,36.2,36.5,99,362
20251022,37.1,39.05,37.1,37.55,368,1402
20251023,37.55,37.55,36.6,36.65,81,299
20251027,37.05,37.6,36,36.1,180,655
20251028,36.45,36.45,35.55,35.55,212,760
20251029,35.8,35.85,34.9,34.9,158,557
20251030,34.9,35.7,34.65,35.4,159,559
20251031,35.35,35.35,34.5,34.55,159,553
20251103,34.55,35,34.4,34.8,80,278
20251104,34.55,34.55,33.7,33.95,149,506
20251105,33.95,33.95,32.55,33.95,124,413
20251106,33.95,33.95,33.35,33.35,68,228
20251107,33.05,33.4,32.6,32.6,94,309
20251110,32.35,33.35,32.15,32.95,75,245
20251111,34.4,36.2,34.4,35.6,437,1555
20251112,37.6,37.6,35.7,36.5,260,947
20251113,36.45,37.95,36.4,37.3,252,936
20251114,37.35,37.9,36.8,36.85,137,510
20251117,36.55,37.1,36.45,36.45,60,220
20251118,36.3,36.95,35.2,35.4,69,249
20251119,35.65,35.95,34.85,34.9,69,242
20251120,35.05,35.95,35.05,35.9,85,302
20251121,34.95,36.2,34.95,35.95,140,501
20251124,36.05,36.4,35.55,35.55,29,104
20251125,35.4,36.3,35.25,35.6,19,68
20251126,36,36.3,35.6,35.8,16,57
20251127,36,36.8,35.9,36.65,96,348
20251128,36.85,36.9,36.5,36.55,61,224
20251201,36.5,36.9,36.3,36.45,60,219
20251202,36.85,37.3,36.4,36.4,52,191
20251203,36.4,37.4,36.4,37.3,76,282
20251204,37.65,37.95,37.1,37.1,76,285
20251205,37.1,37.25,36.85,36.85,45,166
20251208,36.85,37.7,36.8,37.55,40,149
20251209,37.8,37.85,37.35,37.8,67,252
20251210,36.75,37.7,36.65,36.95,76,280
20251211,36.9,37.3,36.55,37,71,261
20251212,37.4,38.45,37.2,37.2,91,343
20251215,37,37.8,37,37.2,17,63
20251216,37.85,37.85,36.75,37.2,104,387
20251217,37.2,37.5,36.9,36.9,40,149
20251218,36.9,36.95,36.45,36.95,100,367
20251219,37,37,36.7,36.75,25,92
20251222,36.75,37.3,36.65,37,13,48
20251223,36.8,37.2,36.8,36.8,31,114
20251224,36.75,37.05,36.6,36.95,27,99
20251226,37.05,37.7,37,37.55,103,385
20251229,37.6,41.25,37.35,40.85,1013,4033
20251230,44.8,44.9,43.25,44.9,1328,5938
20251231,48.7,48.7,42.8,43.15,4072,18548
20260102,43.7,45.2,43.2,43.2,742,3266
20260105,43.1,43.1,40.2,40.4,745,3081
20260106,40.5,40.9,39.2,39.4,364,1452
20260107,39.7,40.3,39.15,39.5,165,655
20260108,39.6,40.35,38.95,39.15,201,792
20260109,39.6,39.6,38.05,39.6,138,535
20260112,39.9,40,39.25,39.7,161,639
20260113,40.05,40.3,39.35,39.35,140,554
20260114,39.95,43.05,39.95,41.6,622,2587
20260115,41.6,41.6,40.65,41,219,896
20260116,41.4,41.4,40.1,40.1,141,570
20260119,40.5,41.2,40,40.55,134,544
20260120,40.6,40.6,39.6,40.1,131,525
20260121,39.8,39.8,39.1,39.15,111,436
20260122,39.15,39.5,38.8,38.85,113,441
20260123,38.85,39.4,38.25,39.4,122,471
20260126,39.6,40.15,39.6,39.8,159,635
20260127,40,40.5,39,39.45,101,402
20260128,39.9,40.75,39.45,40,162,648
20260129,40.4,40.4,38.75,38.9,128,502
20260130,38.9,38.9,37.5,37.7,140,531
20260202,38.5,40.45,37.7,39.5,386,1510
20260203,39.9,40.85,38.5,40.75,244,971
20260204,41,42.3,40.7,41.4,497,2064
20260205,41.6,43.15,41.5,41.8,664,2805
20260206,41.75,42.5,40,41.25,398,1620
20260209,41.25,41.7,40.4,40.75,220,899
20260210,40.95,41.3,40.35,41.05,169,691
20260211,41.05,41.05,39.8,39.95,178,714
20260223,40,41.85,40,41.4,366,1501
20260224,41.25,41.7,41,41,191,787
20260225,41,41.75,40.05,41.75,405,1646
20260226,41.45,41.8,41,41.3,202,837
20260302,40.15,41.8,40.15,41.35,186,771
20260303,41.35,41.7,40.1,40.5,177,719
20260304,40.4,40.4,38.95,39.35,208,824
20260305,40.15,40.6,40.05,40.2,80,322
20260306,40.2,40.8,40.1,40.55,111,450
20260309,39.2,39.2,37,39.2,243,927
20260310,39,41.15,39,40.35,280,1126
20260311,40.35,41.55,40.35,41.1,287,1178
20260312,41.15,41.25,40.05,40.15,141,571
20260313,40.05,40.45,39.5,40.2,79,317
20260316,41.2,41.2,40.5,40.9,174,710
20260317,41.6,41.7,41.05,41.3,165,683
20260318,41.35,41.35,40.8,41.15,228,939
20260319,41.05,41.75,40.45,40.45,226,930
20260320,41,44.4,40.9,43.6,1278,5500
20260323,41.85,44.45,41.3,42.8,855,3707
20260324,43,43.65,41.75,42,341,1449
20260325,42,43.85,41.5,42.85,351,1513
20260326,43.2,44.5,42.3,42.7,241,1042
20260327,43,43.05,41.9,42.2,209,884
20260330,42.2,43.25,40.8,42.8,269,1131
20260331,42.5,42.8,40.1,40.1,270,1108
20260401,41,42.05,41,41.4,151,628
20260402,41.05,42,41.05,41.1,75,311
20260407,41.5,41.7,40.8,40.9,113,465
20260408,41.4,42.65,41.4,42.1,182,770
20260409,42.9,44.7,42.25,44.6,758,3324
20260410,44.7,45.05,43.25,43.5,500,2192
20260413,43.5,47.85,43.5,47.85,1564,7382
20260414,52.1,52.5,48,49.8,3444,17408
20260415,49.8,50.4,48.2,48.2,1044,5132
20260416,49.7,53,49.55,53,2414,12650
20260417,56,58.3,52.5,52.5,6418,35879
20260420,52.6,54.5,51.4,52.6,2126,11244
20260421,53.2,53.2,50,50.1,1193,6060
20260422,54.2,55.1,54.2,55.1,1455,8000
20260423,60.6,60.6,56,60.6,5486,32403
20260424,65.8,66.6,60.8,66.6,6517,42886
20260427,71.2,71.7,62.4,65.9,7033,47499
20260428,64.9,72.4,64.6,65.1,6756,46669
20260429,63.5,68.5,62.3,66.2,3077,20211
20260430,68.2,72.8,68.2,72.8,5174,37325
20260504,77,80,75.4,77,8789,68290
20260505,75.5,84.7,75.2,84.7,5440,45113
20260506,93.1,93.1,87,93.1,5711,52469
20260507,89.5,101,89.5,96.2,7536,72384
20260508,96.4,99.9,90.1,98.2,7053,67718
20260511,93.1,94.6,92.5,94.1,995,9315
20260512,92,93,86,90.5,1466,13058
20260513,90.1,94.8,88,93.2,882,8063
20260514,94.6,94.8,90.2,90.2,857,7822
20260515,92.7,92.7,85,85,931,8070
20260518,84.9,90.8,80.5,89.6,695,5966
20260519,89.1,91,85,87,509,4476
20260520,87.2,90.8,87,88.7,411,3647
20260521,90.4,97.5,89.2,97.5,1234,11602
20260522,97.5,101.5,96.1,98.1,1183,11712
20260525,97,107,93.8,96,5201,52049
20260526,97,101.5,89.6,100.5,4413,41880
20260527,100.5,105,91.4,91.6,4054,39553
20260528,92.3,94.4,86.2,87.3,2422,21767
20260529,88.8,90.8,83.7,85.5,1991,17227
20260601,86.2,87.5,77.8,80,4320,35312
20260602,78.6,79.7,75,76.4,2474,18974
20260603,77.3,79.5,76.5,78.1,1519,11849
20260604,76.9,79.5,76.3,77,981,7607
20260605,77.1,78,73.7,76,828,6243
20260608,68.4,77.1,68.4,75.2,1514,10844
20260609,77.3,78,73.7,75.5,957,7225
20260610,74.2,79.7,71.2,71.2,1407,10696
20260611,72,77,71.6,74.9,1159,8649
20260612,77.5,78.5,73.7,73.7,785,5918
20260615,74,77.4,73.7,75.1,673,5063
20260616,75.4,77.9,74,74.3,666,5065
20260617,73.9,76.2,73.3,75.9,374,2802
20260618,77.4,79.4,76.4,77,969,7536
20260622,77.5,84.7,77.5,84.7,1597,13239
20260623,89.6,89.6,78.6,82,2545,21400
20260624,79.5,82.3,78.9,81.1,778,6247
20260625,82,82.5,78.9,81.2,716,5777
20260626,79.3,82.1,76.6,78,1066,8433
20260629,78.1,85.8,78.1,79,2498,20817
20260630,79.8,82.2,79.8,82,891,7249
20260701,82.2,83.5,78.1,78.2,831,6649
20260702,78.9,80.8,76.7,79.1,468,3700
20260703,78,79.2,74,78.3,591,4581
20260706,79.8,80,76.6,76.6,528,4132
20260707,76.6,76.6,71.7,72,727,5359
20260708,72.2,72.9,68.8,70,884,6211
20260709,70.1,72.7,69.9,71,554,3959
20260713,71.3,71.5,66.6,67,884,6029
20260714,66.9,66.9,60.3,65,901,5698
20260715,65.1,67,65.1,65.9,413,2725
20260716,63.8,65.1,63.1,63.2,311,1990
20260717,63.1,63.1,59.1,59.5,621,3757
20260720,59.1,59.4,53.6,56.4,1181,6624
20260721,59.9,59.9,56.1,56.3,397,2269
20260722,56.6,58.4,56.6,56.6,384,2198
20260723,56.6,57.7,55.7,56.1,316,1784
20260724,55.2,56.1,53.5,53.6,285,1550
20260727,53.6,54.9,52.5,54.4,261,1396
20260728,53.1,53.2,50,50,526,2701
20260729,50.2,50.4,45.2,48,823,3869
20260730,47.9,48,45,45.5,492,2281
20260731,50,50,50,50,153,765
20260803,55,55,55,55,86,473
20260804,60.5,60.5,60.5,60.5,177,1071
20260805,64.7,66.3,61.2,62.5,1422,8971
20260806,62.5,63.5,60.5,61.9,373,2306
20260807,62.7,63.1,60.1,60.4,415,2545
20260810,61.3,64.7,61.2,62.6,273,1719
20260811,65.3,66.8,63.1,63.8,447,2894
20260812,65.4,68.1,64,65.6,500,3315
20260813,65.5,70.8,65.5,65.9,518,3487
20260814,66,66.4,64.3,65.1,227,1487
20260817,65.5,65.5,64,64,122,784
20260818,64,64.4,62,62,191,1194
20260819,61.6,63.6,60.3,62,122,761
20260820,61.5,63.8,61.5,62.2,157,980
20260821,62.9,63,61.6,62.8,87,544
20260824,64.1,64.5,62,62,119,748
20260825,63,63.8,61.4,63.2,112,699
20260826,63.6,66.3,63.6,66,226,1471
20260827,66.2,66.5,64.9,65.3,173,1136
20260828,66.2,66.8,65,66,174,1144
20260831,66,67.3,63.4,64,274,1772
20260901,64.7,66.9,64.6,66.4,360,2377
20260902,66.5,73,65,73,730,5165
20260903,74.2,75,67.2,70,2042,14371
20260904,70.1,70.8,67.5,68.8,609,4204
20260907,68.8,70.7,68.1,68.5,324,2238
20260908,67.5,67.6,65.4,65.4,494,3259
20260909,65.4,66.3,63.8,64.3,324,2101
20260910,65,65,63.3,63.3,141,900
20260911,63.3,63.5,61.9,62.4,200,1249
20260914,61.5,62.4,61.2,61.8,98,606
20260915,61.5,63,61.4,61.7,94,583
20260916,62,63.3,62,63.3,99,622
20260917,68.8,68.8,64.4,64.4,305,2014
20260918,66,67.5,64.8,65.7,247,1627
20260921,65.9,69.3,65.8,68.5,228,1533
20260922,70.1,75.3,69.5,74.6,2789,20577
20260923,77,81.5,76.7,78.5,6312,50426
