# date,open,high,low,close,lot,wan
20250814,38.05,38.35,38.05,38.1,48,182
20250815,38.3,38.4,38.05,38.3,85,326
20250818,38.35,38.35,37.8,37.9,34,128
20250819,37.95,37.95,37.5,37.9,119,448
20250820,37.8,37.8,37.4,37.55,98,367
20250821,37.85,37.95,37.6,37.7,28,106
20250822,37.6,37.8,37.4,37.5,89,333
20250825,37.55,37.8,37.45,37.55,65,244
20250826,37.45,37.65,37.4,37.45,19,72
20250827,37.4,37.55,37.25,37.3,96,357
20250828,37.3,37.5,37.2,37.25,53,199
20250829,37.3,37.5,37.25,37.25,104,390
20250901,37.5,37.5,36.9,37,113,420
20250902,36.9,36.95,36.45,36.7,142,522
20250903,36.85,36.85,36.5,36.8,52,191
20250904,36.85,37.2,36.85,37.15,23,85
20250905,37.3,37.3,37,37.2,23,85
20250908,37.2,37.2,36.95,37.2,10,37
20250909,37.2,37.2,36.8,36.95,19,69
20250910,36.95,37.15,36.8,37,27,100
20250911,36.9,37.2,36.8,36.85,35,129
20250912,37.15,37.15,36.85,36.95,38,140
20250915,37.65,38.75,37.25,37.65,33,124
20250916,37.5,37.9,37.35,37.35,32,121
20250917,37.25,37.45,37,37,29,107
20250918,37.4,37.4,37,37.15,61,226
20250919,37.15,37.15,36.95,37,42,156
20250922,37,37.3,37,37.15,10,38
20250923,37.05,37.7,37.05,37.1,30,110
20250924,37.5,37.5,37.1,37.4,41,154
20250925,37.2,37.5,37.2,37.3,21,77
20250926,37.6,37.7,36.9,37.2,136,505
20250930,37.3,37.6,37.15,37.25,24,90
20251001,37.45,37.45,37.1,37.35,37,139
20251002,37.15,37.15,36.7,36.9,287,1058
20251003,36.95,37.05,36.9,37,126,464
20251007,37.1,37.25,37,37,106,393
20251008,37,37.4,36.8,36.85,106,392
20251009,36.85,36.9,36.7,36.8,112,410
20251013,36.9,36.9,36.45,36.5,118,432
20251014,36.4,36.65,35.7,36.15,178,646
20251015,36.05,36.1,35.75,35.8,176,630
20251016,35.8,36.25,35.75,36.05,66,237
20251017,36.2,36.25,35.8,36,53,191
20251020,35.8,35.8,35.4,35.5,166,590
20251021,35.4,35.65,35.4,35.45,96,342
20251022,35.65,35.8,35.5,35.8,127,452
20251023,35.5,35.8,35.5,35.6,45,161
20251027,35.75,36,35.55,35.8,72,259
20251028,36.2,36.2,35.55,35.55,75,269
20251029,35.5,35.75,35.5,35.5,102,363
20251030,35.5,35.55,35.3,35.5,72,256
20251031,35.55,35.55,35.35,35.35,96,342
20251103,35.3,35.3,34.6,34.7,191,669
20251104,34.9,34.9,34.5,34.55,63,219
20251105,34.15,34.55,34.15,34.35,60,206
20251106,34.5,34.6,34.3,34.5,55,190
20251107,34.3,34.4,34.15,34.4,88,300
20251110,34.2,34.3,34.05,34.05,103,351
20251111,34,34.05,33.75,33.85,162,549
20251112,34.1,34.1,33.9,34.05,38,128
20251113,34.2,34.2,33.9,34.05,48,163
20251114,34.2,34.2,33.85,33.95,22,75
20251117,34,34.1,33.8,34.05,90,307
20251118,34.1,34.1,33.7,33.75,71,238
20251119,34,34,33.75,33.85,49,167
20251120,33.9,34.05,33.9,34.05,17,58
20251121,34.2,34.2,33.85,34.15,17,58
20251124,34.3,34.3,33.95,34.1,44,149
20251125,34.05,34.25,34,34.1,24,81
20251126,34.15,34.3,34.1,34.3,21,70
20251127,34.15,34.2,34.1,34.1,48,165
20251128,34.1,34.7,34.1,34.5,52,179
20251201,34.5,34.5,34.1,34.2,41,141
20251202,34.2,34.5,34,34.3,76,260
20251203,34.45,34.45,34.2,34.3,59,203
20251204,34.7,34.7,34.2,34.3,21,72
20251205,34.5,34.5,34.25,34.5,38,131
20251208,34.5,34.6,34.2,34.25,48,165
20251209,34.55,34.55,34.25,34.25,7,25
20251210,34.45,34.45,34.15,34.3,89,305
20251211,34.3,34.5,34.2,34.3,28,97
20251212,34.3,34.4,34.1,34.3,46,159
20251215,34.15,34.3,34,34.15,28,96
20251216,34,34.45,33.9,34.1,58,197
20251217,34.1,34.5,34,34.05,59,201
20251218,34.35,34.7,34.15,34.15,26,89
20251219,34.1,34.3,34,34.05,59,201
20251222,34.5,34.5,34.2,34.25,25,85
20251223,34.25,34.45,34.15,34.15,18,63
20251224,34.5,34.5,34.15,34.15,13,46
20251226,34.5,34.5,34.05,34.15,49,168
20251229,34.15,34.4,34.05,34.15,31,107
20251230,34.2,34.5,34.15,34.3,29,100
20251231,34.5,34.5,34.15,34.3,67,230
20260102,34.45,34.45,34.2,34.2,65,222
20260105,34.4,34.4,34.15,34.15,14,48
20260106,34.1,34.35,34.05,34.1,59,201
20260107,34.3,34.3,34.05,34.1,51,175
20260108,34.35,34.35,34,34,40,137
20260109,34.3,34.3,33.9,34.15,41,140
20260112,34,34.15,33.85,33.9,85,288
20260113,34.1,34.2,33.95,34,25,86
20260114,34.25,34.25,34,34.05,41,141
20260115,34.05,34.35,34.05,34.05,26,90
20260116,34.05,34.1,34,34,48,163
20260119,33.8,34.2,33.75,33.9,186,630
20260120,33.9,33.95,33.8,33.8,132,446
20260121,33.8,33.9,33.7,33.75,127,430
20260122,33.75,33.95,33.6,33.7,99,334
20260123,33.65,33.85,33.65,33.7,34,116
20260126,34.3,34.3,33.85,33.85,34,117
20260127,33.9,34.2,33.8,33.95,62,210
20260128,34.15,34.5,33.95,34.4,140,481
20260129,34.4,34.7,34.25,34.65,138,476
20260130,34.6,34.6,34.05,34.4,76,262
20260202,33.9,33.9,32.6,33.35,244,814
20260203,33.35,33.7,33.3,33.35,106,356
20260204,33.4,33.75,33.4,33.55,16,54
20260205,33.8,33.85,33.4,33.65,24,81
20260206,33.3,33.8,33.3,33.35,30,99
20260209,33.65,33.65,33.4,33.45,36,120
20260210,33.65,33.8,33.45,33.8,20,67
20260211,33.7,34.3,33.65,34.15,46,158
20260223,34.45,34.8,34.45,34.75,96,331
20260224,34.75,34.8,34.5,34.7,54,188
20260225,34.75,34.75,34.5,34.75,54,186
20260226,34.7,34.7,34.6,34.7,52,179
20260302,34.7,34.7,34.55,34.7,36,126
20260303,34.35,34.7,34.35,34.65,34,119
20260304,34.15,34.15,33.8,33.8,70,237
20260305,33.8,34.2,33.75,33.75,113,382
20260306,33.35,33.65,33.35,33.6,21,72
20260309,32.6,33.2,32,32.05,139,452
20260310,32.3,32.8,32.3,32.75,74,242
20260311,32.9,33.15,32.8,32.8,19,64
20260312,32.4,32.65,32.4,32.55,47,153
20260313,32.05,32.4,32.05,32.25,50,160
20260316,32.65,32.85,32.1,32.15,37,121
20260317,32.1,32.6,32.1,32.3,21,69
20260318,32.85,32.85,32.4,32.8,17,56
20260319,32.25,32.35,32.2,32.3,36,117
20260320,32.15,32.35,32.1,32.1,55,178
20260323,31.5,31.8,31.35,31.75,41,129
20260324,31.7,32,31.7,32,10,32
20260325,32.35,32.45,32.3,32.4,38,123
20260326,32.75,32.75,32.4,32.6,7,23
20260327,32.6,32.7,32.6,32.6,8,27
20260330,31.65,32.15,31.65,31.85,28,87
20260331,31.5,31.9,31.5,31.6,29,93
20260401,31.5,32,31.5,31.6,138,437
20260402,31.6,31.7,31.45,31.5,113,356
20260407,31.7,31.7,31.45,31.45,102,323
20260408,31.8,32.1,31.45,32,61,193
20260409,32,32.1,31.8,32,25,81
20260410,32.35,32.35,31.9,32.15,62,199
20260413,32,32.3,31.6,31.8,84,268
20260414,32.35,32.35,31.8,32.1,95,306
20260415,31.85,32.2,31.85,32.2,68,218
20260416,32.1,32.4,32,32.25,66,214
20260417,32.4,32.55,32.05,32.3,45,147
20260420,32.4,32.65,32.2,32.35,56,182
20260421,32.6,32.6,32.15,32.25,45,146
20260422,32.6,32.6,32.25,32.35,56,183
20260423,32.3,32.3,31.8,32,111,355
20260424,31.8,32.1,31.8,32.1,24,77
20260427,32,32.05,31.7,31.85,83,263
20260428,32.15,32.2,31.8,32,51,163
20260429,32.3,32.3,32,32.15,56,180
20260430,31.9,31.95,31.85,31.85,30,97
20260504,31.85,31.85,31.75,31.8,60,191
20260505,31.85,31.85,31.6,31.7,34,109
20260506,31.85,32.05,31.75,31.95,80,255
20260507,31.85,32.25,31.75,31.95,178,568
20260508,32.25,32.25,31.85,32,72,231
20260511,31.75,31.95,31.7,31.85,66,211
20260512,31.75,31.85,31.6,31.65,130,412
20260513,31.5,31.8,31.5,31.65,29,90
20260514,31.55,31.65,31.15,31.15,95,300
20260515,31.15,31.45,31,31,98,306
20260518,31,31,30.5,30.55,160,492
20260519,30.55,30.85,30.55,30.55,27,82
20260520,30.55,30.85,30.45,30.85,33,100
20260521,30.55,30.95,30.55,30.8,43,131
20260522,30.7,31,30.6,30.8,64,196
20260525,30.7,31.25,30.7,30.7,78,240
20260526,31,31.25,30.8,30.8,45,140
20260527,30.95,31.25,30.8,31,121,376
20260528,31.15,31.4,31,31.2,48,149
20260529,31.5,31.6,31.3,31.5,73,229
20260601,31.85,32.8,31.8,32.15,55,178
20260602,32.2,32.8,32.2,32.7,73,236
20260603,32.7,33.9,32.7,33.9,126,425
20260604,33.9,33.9,33.2,33.4,60,200
20260605,33.25,33.3,32.9,32.95,44,146
20260608,31.2,32.25,31.2,31.75,70,222
20260609,31.55,31.8,31.5,31.75,66,210
20260610,31.6,32,31.45,31.55,108,342
20260611,31.55,31.75,31.2,31.75,76,240
20260612,31.75,31.9,31.6,31.75,49,155
20260615,32.15,32.15,31.7,31.9,58,186
20260616,31.95,32.15,31.9,32,37,119
20260617,31.8,32,31.75,31.9,77,247
20260618,31.9,32.45,31.7,31.9,50,161
20260622,31.85,31.95,31.7,31.8,58,183
20260623,31.8,31.95,31.75,31.75,35,112
20260624,31.75,31.85,31.7,31.85,21,67
20260625,31.85,32,31.8,31.9,16,50
20260626,31.5,31.8,31.3,31.4,73,232
20260629,31.6,31.9,31.6,31.65,65,207
20260630,32,32.1,31.6,32.1,47,152
20260701,32.2,32.2,31.85,32.2,37,117
20260702,32.05,32.05,31.75,31.75,50,158
20260703,31.8,32.3,31.6,32.25,132,425
20260706,32.4,32.4,32,32,23,73
20260707,32.15,32.4,32.05,32.2,69,223
20260708,32,32.1,31.85,31.85,37,118
20260709,31.9,32.2,31.85,32.1,26,82
20260713,32.1,32.1,31.9,32,50,160
20260714,32,32.15,31.7,32.15,108,346
20260715,31.95,32.45,31.95,32.4,169,545
20260716,31.55,31.55,30.9,31.35,89,277
20260717,31.4,31.4,30.9,31.4,98,305
20260720,31.45,31.45,30.8,31.1,84,263
20260721,31,31.25,31,31.15,24,74
20260722,31.05,31.15,31,31,42,131
20260723,31.15,31.15,30.95,31.1,22,69
20260724,31.1,31.1,30.8,31.1,79,245
20260727,31.1,31.15,30.9,31.05,31,97
20260728,31.05,31.15,30.8,31.15,58,180
20260729,31.2,31.45,30.8,31.3,151,471
20260730,31.25,31.25,30.9,30.95,49,152
20260731,31.55,31.55,31.1,31.35,13,41
20260803,31.05,31.45,31,31.3,37,116
20260804,30.85,31.1,30.85,30.95,83,257
20260805,30.95,31.15,30.9,31.05,22,69
20260806,30.8,31.15,30.8,31.15,16,50
20260807,31.3,31.35,30.8,30.95,48,149
20260810,30.7,30.85,30.65,30.85,115,354
20260811,31,31,30.75,30.95,16,50
20260812,31,31,30.6,30.8,62,190
20260813,30.8,30.9,30.6,30.8,64,197
20260814,30.8,30.9,30.5,30.75,199,614
20260817,30.65,30.75,30.6,30.7,19,59
20260818,30.65,30.65,30.5,30.65,38,115
20260819,30.65,30.7,30.45,30.55,63,194
20260820,30.6,30.8,30.6,30.7,29,88
20260821,30.65,30.8,30.6,30.8,14,44
20260824,30.8,30.85,30.7,30.8,32,97
20260825,30.65,30.85,30.6,30.8,16,49
20260826,30.8,31,30.6,30.95,27,84
20260827,30.85,30.9,30.65,30.65,12,37
20260828,30.75,30.9,30.45,30.65,84,258
20260831,30.65,30.8,30.55,30.6,45,136
20260901,30.55,30.85,30.55,30.8,38,117
20260902,30.55,30.75,30.55,30.75,20,61
20260903,30.7,30.8,30.55,30.55,17,53
20260904,30.65,30.75,30.6,30.6,69,211
20260907,30.8,30.85,30.6,30.85,69,212
20260908,30.8,30.8,30.65,30.65,24,73
20260909,30.65,30.7,30.5,30.6,62,190
20260910,30.5,31.45,30.45,31.1,181,562
20260911,31.1,31.4,30.9,31.1,127,395
20260914,31,31,30.9,31,75,233
20260915,30.75,31,30.75,30.9,35,108
20260916,30.85,31.15,30.85,30.95,62,194
20260917,30.9,31.05,30.9,30.95,55,172
20260918,31.05,31.4,31,31.2,77,239
20260921,31.05,31.55,31.05,31.2,95,296
20260922,31.45,31.45,31.05,31.1,93,290
20260923,31.25,31.3,31.05,31.15,58,181
20260924,31.15,31.3,31.15,31.15,35,108
