# date,open,high,low,close,lot,wan
20250814,29.9,29.9,29.55,29.75,11,33
20250815,29.35,29.9,29.2,29.9,22,65
20250818,29.9,30.05,29.2,29.7,85,253
20250819,29.75,29.8,29.25,29.35,50,148
20250820,29.4,30.5,29.1,29.35,125,373
20250821,29.05,29.5,29.05,29.2,55,161
20250822,29.05,29.25,29.05,29.05,36,105
20250825,29.5,29.55,29,29.15,31,92
20250826,29.05,29.3,29,29,23,68
20250827,28.95,29.35,28.85,29,34,97
20250828,29.35,29.55,29.25,29.25,55,162
20250829,29.25,29.5,29.1,29.15,24,70
20250901,29.5,29.5,29,29.1,25,73
20250902,29.1,29.15,28.7,29.05,25,72
20250903,29.05,29.15,28.8,29,16,47
20250904,29.4,29.4,28.8,29.1,17,49
20250905,29.1,29.2,28.75,29,32,93
20250908,29,29.1,28.5,28.8,28,81
20250909,28.5,29.05,28.5,28.65,44,127
20250910,28.65,29,28.5,28.7,16,46
20250911,28.7,28.7,28.05,28.4,46,131
20250912,28.45,28.6,28.3,28.5,15,43
20250915,28.35,28.5,28.25,28.45,22,63
20250916,28.6,28.6,28.2,28.2,28,79
20250917,28.2,28.3,28.2,28.2,16,44
20250918,28.2,28.3,28.05,28.1,39,110
20250919,28.1,28.1,27.35,27.8,37,103
20250922,27.4,27.5,27.2,27.35,37,102
20250923,27.45,27.45,26.75,27,100,271
20250924,26.75,27,26.5,26.8,60,160
20250925,26.85,27.15,26.75,26.9,54,145
20250926,26.75,26.8,26.25,26.4,44,115
20250930,26.5,26.5,26.05,26.4,31,82
20251001,26.4,28,26.4,28,61,166
20251002,27.95,28.05,26.9,26.9,74,203
20251003,27.1,27.7,26.9,27.2,43,117
20251007,27,27.25,26.9,27.1,21,57
20251008,27.1,27.1,26.6,26.85,23,62
20251009,26.7,26.7,26.4,26.7,20,53
20251013,26.5,26.75,25.85,26.45,41,107
20251014,26.4,26.85,26,26.2,42,111
20251015,26.2,26.35,25.85,25.9,33,85
20251016,26,26.25,25.7,26,29,74
20251017,26.1,26.1,25.85,26.05,15,39
20251020,26.05,26.05,25.4,26,62,159
20251021,26,26,25.6,25.85,35,89
20251022,25.85,26.75,25.85,25.9,23,60
20251023,25.9,26.1,25.75,25.9,45,117
20251027,27.45,27.45,26.25,26.35,34,90
20251028,26.35,26.35,25.95,26.15,51,133
20251029,26.15,27,26.1,26.7,80,214
20251030,26.9,26.9,26.3,26.55,27,72
20251031,26.8,27,26.1,26.75,85,227
20251103,27,27,26.3,26.7,52,140
20251104,27,27,26,26.4,18,48
20251105,26.75,26.8,25.15,25.85,46,119
20251106,26.25,26.25,25.75,26,29,75
20251107,25.3,25.9,25.3,25.9,16,41
20251110,25.7,25.7,25.2,25.4,34,86
20251111,25.9,25.9,25.15,25.45,25,63
20251112,25.7,25.7,25.1,25.2,59,149
20251113,25.3,26.7,25.3,26.7,98,257
20251114,26.2,26.9,26.15,26.2,60,158
20251117,27,27,25.8,25.85,63,165
20251118,25.3,25.6,25,25.15,34,86
20251119,26.9,27.65,26.7,27.65,909,2505
20251120,28.2,28.7,26.2,26.2,1171,3257
20251121,26.3,26.3,25.3,25.35,203,520
20251124,25.35,26.05,25.2,25.85,134,343
20251125,26.3,26.95,26.1,26.1,110,291
20251126,26.6,26.6,26.1,26.35,48,126
20251127,26.25,26.25,25.9,26.2,44,114
20251128,26.05,26.25,25.8,25.9,33,85
20251201,25.85,26,25.8,25.85,20,53
20251202,26,26.05,25.7,25.7,32,84
20251203,25.7,26,25.7,25.85,21,55
20251204,25.9,26,25.7,25.85,41,106
20251205,25.85,25.95,25.75,25.9,15,39
20251208,26.15,26.25,26.1,26.25,30,78
20251209,26.25,26.25,26.1,26.1,2,5
20251210,25.8,26,25.75,25.75,28,72
20251211,25.75,26,25.6,25.75,35,89
20251212,25.6,25.9,25.6,25.7,34,88
20251215,25.7,26,25.7,25.95,17,44
20251216,25.3,25.85,25.25,25.5,66,168
20251217,25.75,25.75,25.35,25.35,15,39
20251218,25.75,25.85,25.4,25.55,25,65
20251219,25.55,26.25,25.55,26,52,136
20251222,25.8,26.35,25.75,25.95,25,65
20251223,26.15,27.65,26.1,27,162,439
20251224,27.55,27.8,27.1,27.15,163,449
20251226,27.2,27.4,26.5,26.95,87,235
20251229,27.2,27.2,26.8,27,37,101
20251230,27.15,27.55,26.8,26.8,168,457
20251231,26.8,26.85,26.6,26.6,22,59
20260102,26.85,27.55,26.75,27.2,96,263
20260105,27.6,29.9,27.35,29.9,518,1512
20260106,30.3,32.4,29.7,31,1674,5134
20260107,31.5,31.5,29.6,30.3,377,1148
20260108,30.3,30.3,29.05,29.1,211,619
20260109,29.1,29.1,27.6,28.15,104,294
20260112,28.1,28.35,27.85,28.3,139,390
20260113,28.3,28.35,27.7,27.7,96,269
20260114,28.25,30.45,28.2,30.45,426,1285
20260115,30.5,30.8,29.2,29.65,479,1436
20260116,30,30,29.1,29.15,122,359
20260119,29.5,30.5,29.5,29.95,205,616
20260120,30.4,30.8,29.95,30.2,168,508
20260121,30.2,30.2,28.8,29,148,432
20260122,29.1,29.5,28.8,28.8,67,196
20260123,29,29,28.6,28.8,63,180
20260126,28.8,28.9,28.7,28.7,45,129
20260127,28.8,28.95,28.4,28.55,60,171
20260128,28.7,29.95,28.7,29.15,65,189
20260129,29.65,30.25,28.5,28.5,122,356
20260130,28.5,28.5,27.5,27.8,40,112
20260202,27.35,28,27,27,61,167
20260203,27.65,27.65,26.7,27.1,53,144
20260204,26.8,27.7,26.8,27.6,67,183
20260205,27.25,27.25,26.8,26.8,81,220
20260206,26.9,26.9,26.05,26.4,62,164
20260209,26.5,27,26.5,27,22,60
20260210,26.8,27.45,26.5,27.2,28,76
20260211,27.2,27.35,26.8,26.95,39,106
20260223,26.95,28.4,26.85,28.35,110,308
20260224,27.5,28.45,27.5,27.9,59,166
20260225,27.95,28.35,27.85,28,44,124
20260226,28.25,28.45,27.7,28.25,50,140
20260302,29.3,31,28.6,30.3,288,865
20260303,30.9,30.9,28.5,29.4,208,619
20260304,29.4,29.4,27.8,27.8,70,198
20260305,29,29,28,28.2,39,112
20260306,29.95,29.95,28,28.3,50,143
20260309,27.05,27.2,26.5,26.75,97,261
20260310,27.05,27.05,26.45,26.95,28,76
20260311,27.1,27.8,26.9,27.1,98,268
20260312,27.35,27.45,26.85,26.85,76,207
20260313,25.9,29.5,25.9,29.5,446,1288
20260316,31,32.45,31,32.45,828,2663
20260317,32.6,34.8,30.55,30.55,1740,5702
20260318,31.1,33,30,32.25,846,2688
20260319,32.25,35.45,31.85,35.45,1611,5581
20260320,35.65,36.85,33,33.1,1621,5683
20260323,32.55,32.7,31.25,32,431,1371
20260324,32.2,32.85,30.95,31.4,265,841
20260325,31.75,32.1,31.05,31.3,149,467
20260326,31.85,31.85,30.6,30.6,141,439
20260327,30.25,32.1,30,31.4,143,442
20260330,31.4,33.5,31.25,33.05,465,1522
20260331,32.6,32.6,30.1,30.25,268,830
20260401,30.75,30.95,29.7,29.7,198,597
20260402,29.7,29.75,28.9,28.9,196,574
20260407,29.2,29.35,28.35,28.45,78,225
20260408,29.95,30,29,29.65,156,463
20260409,29.9,30.8,29.65,30.25,310,937
20260410,30.3,31.6,30.25,31.3,279,866
20260413,31.2,32.65,30.9,31.5,335,1071
20260414,31.55,31.55,30,30.6,358,1092
20260415,30.45,30.6,30.25,30.6,103,312
20260416,30.5,31.3,30.5,30.9,100,306
20260417,31.15,31.7,30.6,31,176,549
20260420,31.8,31.8,31.05,31.15,269,847
20260421,31.6,34.25,31.6,34.25,765,2586
20260422,34.5,35.7,32.75,32.85,1550,5299
20260423,33.65,33.65,30.8,31.35,484,1553
20260424,31.5,32.75,31.2,31.9,288,920
20260427,33.05,33.05,30.4,31.25,263,819
20260428,31.25,31.5,30.85,31.4,77,241
20260429,31.75,32.95,31.45,32.4,304,983
20260430,32.5,32.5,31,31,154,483
20260504,31,31.1,30.5,30.5,140,429
20260505,30.6,30.9,30.6,30.75,93,287
20260506,31,31.2,30.55,30.75,124,381
20260507,30.75,33.8,30.75,31.7,1264,4198
20260508,31.6,31.9,30.95,31.45,237,744
20260511,32.75,33.25,32.45,32.8,317,1039
20260512,33.65,33.65,32.6,32.7,274,907
20260513,32.3,33.1,31.5,31.6,174,553
20260514,32.2,32.2,31.15,31.45,126,398
20260515,31.95,32.05,30.85,31,163,513
20260518,30.9,30.95,30.45,30.75,101,310
20260519,30.55,31.3,30.2,30.4,111,338
20260520,30.4,30.7,29.85,30.15,104,315
20260521,30.95,31.4,30.55,31,130,402
20260522,31.3,31.4,31,31.1,122,380
20260525,31.2,31.65,30.85,31.4,132,411
20260526,31.3,31.85,30.85,30.85,145,454
20260527,31.2,31.4,30.8,31,138,430
20260528,31,31.5,30.65,30.8,106,330
20260529,31,33.8,31,32.3,598,1967
20260601,32.45,33.1,32,32.3,200,650
20260602,32.3,32.5,31.85,32.45,163,527
20260603,33.05,34.6,32.65,34.1,473,1596
20260604,34.9,34.9,33.2,33.2,346,1175
20260605,33.2,33.55,31.9,33.55,175,573
20260608,30.7,32,30.65,31.75,91,287
20260609,31.6,32.2,31.1,31.15,236,744
20260610,31.1,31.65,30.75,30.95,126,390
20260611,31,32.9,30.7,31.95,414,1333
20260612,32.25,32.75,32,32.35,120,389
20260615,32.85,33.8,32.6,33.65,179,598
20260616,33.95,34.4,33.55,33.8,269,911
20260617,34,34.4,33.7,34.05,198,674
20260618,34.05,37.45,34.05,37.45,767,2822
20260622,41.15,41.15,41.15,41.15,261,1072
20260623,45.25,45.25,37.05,37.05,2710,10969
20260624,36.85,36.9,35.6,36,562,2031
20260625,36.1,36.45,35.05,35.05,250,885
20260626,34.9,36.2,34.6,34.6,311,1089
20260629,34.6,35.8,34.6,35.2,223,788
20260630,35.35,35.55,34.65,34.75,177,619
20260701,34,34.15,33,33.35,122,406
20260702,33,33.95,32.8,33.65,116,389
20260703,34,35.95,34,35.1,214,753
20260706,35.65,36.6,35.1,36,366,1318
20260707,35.55,35.55,34.05,34.2,227,786
20260708,33.2,34.1,31.8,32.55,392,1286
20260709,33,33.4,31.6,31.6,218,708
20260713,31.6,31.6,30.05,30.2,240,736
20260714,30.8,30.8,28.9,29.4,221,651
20260715,29.9,30.5,29.65,30.2,102,307
20260716,30.45,30.8,29.95,29.95,78,235
20260717,29.8,29.95,29.1,29.1,91,269
20260720,29.75,29.9,28.7,29,98,288
20260721,29.65,30.45,29.6,29.85,71,212
20260722,30.15,30.35,29.9,29.9,52,155
20260723,29.75,29.8,29.4,29.45,28,83
20260724,29.45,29.7,29.3,29.5,43,127
20260727,29.95,29.95,29.15,29.8,34,100
20260728,29.2,29.4,28.65,29,52,152
20260729,29.5,29.5,28.3,28.9,200,577
20260730,29.75,29.85,28.75,28.75,103,302
20260731,29.85,30,29.5,29.9,43,128
20260803,29.95,30.25,29.55,29.9,40,120
20260804,29.5,30.2,29.35,29.85,63,188
20260805,30,30.2,29.6,29.6,31,94
20260806,29.8,30.1,29.4,30.1,60,179
20260807,29.9,30,29.6,30,8,23
20260810,30.45,31.2,30.45,30.9,46,143
20260811,30.9,31.6,30.5,30.6,48,147
20260812,31,31.2,30.8,30.9,51,159
20260813,31.3,31.35,30.8,31.1,22,67
20260814,30.35,30.7,30.25,30.7,12,36
20260817,31,31.1,30.6,31.1,47,144
20260818,30.9,30.95,30.7,30.7,31,96
20260819,30.55,30.55,30.1,30.35,26,79
20260820,30.35,30.8,30.35,30.8,20,62
20260821,31.4,31.75,30.5,31.15,77,239
20260824,30.9,31.35,30.65,31.35,15,47
20260825,31,31.3,30.8,31.2,16,50
20260826,31.1,31.55,31,31.5,35,110
20260827,31.6,32.7,31.2,31.9,75,240
20260828,32.25,32.25,31.75,31.75,17,53
20260831,31.8,31.8,31,31.3,20,63
20260901,31.6,31.65,31.15,31.6,17,54
20260902,31.3,31.65,31.1,31.45,12,39
20260903,31.6,31.7,31,31.35,43,136
20260904,31.9,32,31.5,32,40,128
20260907,32.55,32.55,31.5,32.1,55,178
20260908,32.1,32.35,31.85,32.3,22,72
20260909,32.4,33.65,32.35,32.95,86,287
20260910,32.6,33.2,32.6,33.1,20,67
20260911,32.6,33.45,32.3,32.9,48,158
20260914,32.8,33,32.4,33,23,77
20260915,32.5,33.25,32.5,32.65,51,167
20260916,32.15,33.45,32.15,33.15,56,185
20260917,33.35,34.55,33.15,33.6,115,388
20260918,33.55,34.6,33.55,34,45,154
