# date,open,high,low,close,lot,wan
20250814,75.6,75.7,75.4,75.4,14,108
20250815,75.4,75.4,75.1,75.2,62,467
20250818,75.1,75.1,74.8,75,42,312
20250819,75,75.2,74.9,75.2,16,122
20250820,75.3,75.8,75.2,75.3,18,134
20250821,75.3,75.8,75.3,75.3,24,182
20250822,75.3,75.5,74.9,75.1,23,170
20250825,75.2,75.3,75.2,75.3,2,17
20250826,75.3,75.8,75.3,75.4,10,76
20250827,75.4,75.5,75.4,75.4,15,113
20250828,75.3,75.8,75.3,75.3,11,82
20250829,75.1,75.4,75,75.1,15,113
20250901,75.2,75.3,74.8,74.8,27,203
20250902,75.3,75.3,75.3,75.3,1,8
20250903,75.2,75.2,75.2,75.2,2,15
20250904,75.5,75.5,75.1,75.2,5,38
20250905,74.9,75.1,74.9,75,32,242
20250908,75,75,74.9,75,10,79
20250909,75.2,75.3,75,75.1,13,99
20250910,75.1,75.3,74.9,75.3,64,482
20250911,75,75.3,75,75.2,14,106
20250912,75.4,75.6,75.3,75.3,19,145
20250915,75.5,75.7,75.4,75.7,22,169
20250916,75.7,75.7,75.5,75.5,12,94
20250917,75.7,75.7,75.5,75.5,8,59
20250918,75.8,75.8,75.5,75.6,17,130
20250919,75.6,75.7,75.6,75.6,29,220
20250922,76,76.1,75.6,75.7,13,100
20250923,75.5,75.9,75.1,75.4,19,143
20250924,75.4,75.7,75.4,75.6,11,85
20250925,75.6,75.6,75.5,75.5,10,78
20250926,75.5,75.5,75.2,75.3,29,217
20250930,75.6,75.6,75.2,75.4,14,102
20251001,75.4,75.4,75.2,75.4,12,89
20251002,75.6,75.6,75.4,75.4,22,164
20251003,75.4,75.4,75.3,75.3,22,164
20251007,75.3,75.4,75.3,75.4,12,91
20251008,75.4,75.4,75.2,75.2,12,91
20251009,75.2,75.3,75.2,75.2,23,175
20251013,75.8,75.8,74.6,75,34,259
20251014,75.1,75.2,74.9,75,36,271
20251015,75,75.1,74.9,74.9,27,199
20251016,74.9,75.1,74.9,75.1,20,147
20251017,75.1,75.3,75.1,75.1,6,46
20251020,75.4,75.4,75.2,75.4,16,121
20251021,75.4,75.4,75.2,75.2,12,93
20251022,75.4,75.6,75.4,75.6,18,136
20251023,75.6,75.7,75.3,75.3,9,70
20251027,75.4,75.6,75.4,75.6,22,167
20251028,75.2,75.3,75,75.2,19,145
20251029,75.6,75.6,75.2,75.2,6,45
20251030,75.5,75.5,75.3,75.4,9,67
20251031,75,75,74.9,75,6,48
20251103,75,75,75,75,8,61
20251104,75,75.1,75,75.1,10,78
20251105,75.1,75.1,74.7,75,24,178
20251106,75.5,75.5,75.4,75.4,6,48
20251110,74.9,75.8,74.9,75,14,106
20251111,75.2,75.5,75,75.1,35,261
20251112,75.2,75.5,75.2,75.2,10,72
20251113,75.5,75.5,75.5,75.5,1,11
20251114,75.5,75.5,75.1,75.2,12,87
20251117,75.3,75.3,75.1,75.2,11,81
20251118,75,75.9,75,75.3,36,272
20251119,75.8,75.8,75.3,75.3,8,61
20251120,75.5,75.8,75.4,75.8,7,55
20251121,75.5,75.7,75,75.7,47,354
20251124,75.3,75.9,75.2,75.8,19,142
20251125,75.8,75.8,75.2,75.8,12,92
20251126,75.9,76,75.3,75.9,19,146
20251127,75.4,76,75.4,76,18,137
20251128,75.7,76,75.5,75.8,15,117
20251201,75.8,76,75.4,75.8,25,190
20251202,76,76.2,75.8,76,24,185
20251203,76.1,76.3,76.1,76.3,7,52
20251204,76.1,76.1,76,76.1,16,123
20251205,76.1,76.9,76.1,76.7,16,124
20251208,76.5,76.6,76.4,76.5,12,95
20251209,76.2,76.2,75.9,76,7,53
20251210,76,76.1,75.9,76.1,5,40
20251212,76.6,76.8,76.1,76.3,7,50
20251215,76.3,76.3,75.7,76.1,18,138
20251216,75.3,76.4,75.3,75.7,41,312
20251217,75.9,76,75.6,75.7,8,62
20251218,76.2,76.7,75.9,76.3,39,300
20251219,76.5,76.8,76,76,19,148
20251222,76,76.3,76,76.3,4,28
20251223,76.1,76.1,75.8,75.9,14,110
20251224,76.2,76.2,75.6,75.7,11,84
20251226,75.8,75.9,75.8,75.8,12,94
20251229,75.7,75.9,75.7,75.9,19,144
20251230,75.7,76.3,75.6,76.3,5,38
20251231,76.3,76.5,76.3,76.5,6,42
20260102,75.9,76.3,75.9,76.2,6,48
20260105,75.8,75.9,75.8,75.8,4,34
20260106,75.9,75.9,75.7,75.8,30,228
20260107,75.8,76,75.8,76,7,51
20260108,76,76,75.8,75.8,6,44
20260109,75.8,76,75.7,75.8,31,235
20260112,75.9,76,75.9,76,11,81
20260113,76.3,76.3,75.9,76,8,58
20260114,76.3,76.3,76,76.1,25,193
20260115,76.1,76.3,76,76.3,4,32
20260116,76,76.3,76,76.3,56,428
20260119,76.3,76.3,76,76,15,118
20260120,76,76,75.8,75.9,7,55
20260121,76,76,75.9,76,18,138
20260122,76.5,76.5,76,76,19,148
20260123,76,76,75.8,75.9,7,55
20260126,75.9,75.9,75.9,75.9,10,77
20260127,76,76,75.9,75.9,13,100
20260128,76,76,75.7,75.8,47,353
20260129,75.8,76,75.8,76,25,190
20260130,75.8,76.1,75.7,76.1,11,85
20260202,75.8,75.8,75.5,75.7,31,237
20260203,75.7,76.1,75.7,76.1,6,46
20260204,76.5,76.6,75.6,75.7,23,176
20260205,75.7,75.8,75.7,75.8,11,85
20260206,75.8,75.8,75.7,75.8,4,32
20260209,75.8,75.9,75.7,75.8,16,123
20260210,76.2,76.3,75.8,76.2,11,85
20260211,76.7,77.2,76.3,76.5,50,387
20260223,77.4,77.4,77,77.4,62,482
20260224,77.4,77.7,76.8,77.2,25,192
20260225,77.4,77.5,76.8,77.4,31,236
20260226,77.4,77.8,77,77.8,27,212
20260302,77.8,77.8,76.8,77.5,15,113
20260303,77.1,77.8,77,77.5,20,152
20260304,77.1,77.1,76.2,76.2,34,258
20260305,76.2,76.8,75.9,76.1,24,180
20260306,76,76.7,76,76.7,14,105
20260309,74.6,76.4,74.6,75,76,568
20260310,75.3,75.9,75.3,75.6,31,238
20260311,76.5,76.6,76.3,76.3,7,55
20260312,75.8,76.3,75.5,75.6,26,198
20260313,75.4,75.5,75.2,75.2,44,329
20260316,75.6,76.8,75.5,75.5,24,179
20260317,75.3,76,75.3,76,7,55
20260318,76.4,76.4,75.8,75.8,11,85
20260319,75.3,76.1,75.3,75.5,23,174
20260320,75.3,75.7,75.3,75.4,16,120
20260323,75,75.4,75,75.3,30,228
20260324,75.3,75.5,75.3,75.5,2,18
20260325,76,76,75.4,75.7,28,212
20260326,76,76,75.6,75.6,19,145
20260327,75.6,75.6,75.4,75.5,6,45
20260330,75.3,75.3,75.1,75.2,17,125
20260331,75,75.6,75,75,19,146
20260401,75.1,75.5,75,75,47,354
20260402,75,75.3,75,75,19,140
20260407,75.6,75.6,75,75,19,146
20260408,75.1,75.6,75,75.1,43,327
20260409,75.3,75.8,75.1,75.3,17,131
20260410,75.3,75.5,75.2,75.5,37,275
20260413,76.1,76.1,75.4,75.5,24,185
20260414,75.6,75.8,75.4,75.8,50,382
20260415,76,76,75.6,75.8,49,375
20260416,76,76.4,76,76.4,43,330
20260417,76.7,76.7,76.1,76.5,26,199
20260420,76.9,76.9,76.3,76.7,19,146
20260421,76.9,76.9,76.6,76.8,18,139
20260422,77,77.1,76.7,76.9,26,197
20260423,76.3,76.3,75.6,76,25,190
20260424,76.2,76.5,76.1,76.4,10,75
20260427,76.1,76.5,75.6,75.8,53,401
20260428,75.8,76,75.8,76,14,106
20260429,76,76.2,75.8,75.8,9,69
20260430,75.5,76.5,75.5,75.6,15,110
20260504,75.5,76.2,75.4,75.5,11,86
20260505,75.5,76,75.5,76,14,107
20260506,76,76.2,75.6,76.2,40,306
20260507,75.7,76.3,75.7,76,21,156
20260508,76.4,76.6,76.1,76.6,42,319
20260511,76.5,76.5,76,76.1,9,70
20260512,76.2,76.2,75.8,76,26,198
20260513,76.2,76.6,75.9,76.2,34,262
20260514,77,78.5,77,77.2,120,932
20260515,77.8,77.8,76.6,76.8,16,125
20260518,76.7,77.1,76.6,76.6,16,125
20260519,76.7,77.1,76.4,76.9,67,515
20260520,76.9,76.9,76.5,76.8,21,165
20260521,77.1,77.2,76.8,77,102,784
20260522,76.7,77,76.7,76.7,22,168
20260525,77,77.5,76.5,77,28,213
20260526,77,77.2,76.5,77,38,294
20260527,77,77,76.6,76.9,46,355
20260528,77.2,77.2,76.6,77,56,434
20260529,77.5,78.9,76.7,77.7,94,732
20260601,77.8,78.6,77.1,77.8,66,510
20260602,77.7,78.4,77.5,78,27,207
20260603,78.2,78.2,77.7,78,29,226
20260604,78.5,79.8,78.5,79.2,106,843
20260605,79.9,79.9,78.9,79.1,70,558
20260608,77.1,78.7,77.1,78,48,375
20260609,78,78.5,77.9,78.2,131,1023
20260610,77.6,78.6,77.6,78.2,37,290
20260611,77.3,77.8,77.2,77.3,96,740
20260612,77.3,78,77.3,78,19,148
20260615,78.5,78.5,77.8,78.5,34,266
20260616,79,79,78.4,78.9,20,154
20260617,78.8,78.9,78.2,78.7,30,231
20260618,78.6,79,78.1,78.4,48,380
20260622,78.5,79,78.1,78.1,30,234
20260623,78.8,79.3,78.1,79.2,36,288
20260624,79,79.2,78.6,78.9,28,224
20260625,79,79.5,78.8,78.8,20,161
20260626,78.5,78.7,78,78.4,70,550
20260629,78.4,78.5,78,78.2,20,160
20260630,77.9,78.6,77.9,78.2,15,117
20260701,78.7,78.7,78,78.5,34,270
20260702,78.5,78.5,78,78.1,28,222
20260703,78,78.4,78,78.4,30,237
20260706,78.2,78.5,78.2,78.3,31,245
20260707,78.2,78.4,78.2,78.3,28,220
20260708,78.7,78.7,78.3,78.3,22,172
20260709,78.3,78.8,78.2,78.8,30,236
20260713,78.5,78.8,78.4,78.7,25,193
20260714,78.8,79.8,78.4,79.2,80,627
20260715,79.4,79.5,78.6,79.5,46,365
20260716,79.5,79.5,78.8,79.5,23,181
20260717,78.9,80.5,78.9,80.5,227,1814
20260720,81.1,81.1,79.9,80.2,149,1198
20260721,76.5,76.5,75.7,76.1,93,705
20260722,75.9,76.1,75.5,75.5,56,427
20260723,75.4,75.5,75.3,75.4,39,291
20260724,75.3,76,75.3,76,43,329
20260727,76,76.8,76,76.7,41,315
20260728,76.5,77.4,76.4,77.4,40,309
20260729,77.5,78.9,77.3,78.4,97,760
20260730,79.1,79.1,77.1,77.8,58,454
20260731,78.1,78.1,77.5,78.1,13,102
20260803,77.4,77.5,76.7,77.2,33,252
20260804,76.8,77,76.3,76.9,42,325
20260805,76.6,77,76.5,77,12,93
20260806,76.4,77,76.4,77,18,141
20260807,76.9,77.3,76.9,77.3,16,126
20260810,76.8,77.5,76.8,77.3,33,251
20260811,77.1,78.2,77,77.4,25,191
20260812,77.4,78,77.1,77.5,26,205
20260813,77.6,78.3,77.5,78,36,279
20260814,78.2,78.2,77.2,77.5,18,142
20260817,77.5,77.9,77.5,77.6,11,87
20260818,77.6,77.7,76.9,77.2,43,333
20260819,77.1,77.4,76.8,76.8,48,367
20260820,77,77.6,77,77.5,16,124
20260821,77.6,77.9,77.2,77.8,8,63
20260824,77.8,78.2,77.7,77.8,8,62
20260825,78.2,78.2,77.5,77.5,12,91
20260826,77.5,78.2,77.4,78.2,29,227
20260827,77.8,78.6,76.1,77.7,92,712
20260828,77.7,77.7,77.6,77.6,8,62
20260831,76.9,77.5,76.9,77.5,34,265
20260901,76.6,77.6,76.6,77,26,197
20260902,76.7,77,76.7,77,14,111
20260903,76.7,77,76.7,76.9,13,96
20260904,77.2,77.4,77,77.4,14,108
20260907,78.2,78.2,77,77.8,29,223
20260908,78,78.1,77,77.5,50,383
20260909,77.2,77.9,77.2,77.2,25,194
20260910,77.1,77.4,77.1,77.3,17,133
20260911,77,77,76.8,76.9,21,159
20260914,76.7,76.7,76.4,76.6,18,134
20260915,76.5,76.8,76.5,76.5,19,144
20260916,76.6,76.8,76.4,76.8,32,243
20260917,76.6,77.8,76.6,76.9,18,140
20260918,78.1,78.1,76.8,76.9,18,141
20260921,76.8,77.7,76.6,76.7,24,186
20260922,76.7,76.9,76.6,76.9,16,125
