# date,open,high,low,close,lot,wan
20250814,31.7,32.15,31.7,32.15,191,610
20250815,32.15,32.15,31.85,31.95,107,342
20250818,31.9,32.15,31.9,31.95,105,337
20250819,31.85,32.15,31.85,32.1,224,717
20250820,32.05,32.05,31.85,31.9,102,326
20250821,32.15,32.15,31.9,32.1,117,375
20250822,32,32.2,32,32.15,198,637
20250825,32.3,32.5,32.2,32.35,170,550
20250826,32.35,32.45,32.15,32.35,108,349
20250827,32.3,32.55,32.2,32.45,219,711
20250828,32.4,32.6,32.25,32.45,264,856
20250829,32.45,32.55,32.3,32.45,219,711
20250901,32.6,32.65,32.35,32.55,266,866
20250902,31.2,31.4,30.5,31.3,211,657
20250903,31.3,31.65,31.3,31.55,658,2068
20250904,31.6,31.6,31.3,31.55,180,568
20250905,31.55,31.55,31.35,31.45,79,249
20250908,31.45,31.45,31.2,31.2,139,434
20250909,31.2,31.35,31,31.3,269,836
20250910,31.2,31.3,31.05,31.15,92,288
20250911,31.15,31.15,30.55,30.6,362,1114
20250912,30.6,30.75,30.5,30.6,154,472
20250915,30.6,30.95,30.55,30.7,161,493
20250916,30.7,30.9,30.6,30.6,109,335
20250917,30.65,30.65,30.55,30.6,225,688
20250918,30.6,30.7,30.45,30.5,318,971
20250919,30.5,30.7,30.5,30.6,83,255
20250922,30.6,30.75,30.6,30.65,107,327
20250923,30.7,30.7,30.5,30.55,156,476
20250924,30.6,30.8,30.6,30.7,122,375
20250925,30.85,30.95,30.8,30.9,191,588
20250926,30.9,30.95,30.55,30.6,73,225
20250930,30.6,30.65,30.5,30.55,69,212
20251001,30.5,30.75,30.5,30.75,127,391
20251002,30.7,30.85,30.65,30.85,100,308
20251003,30.95,30.95,30.55,30.6,81,248
20251007,30.6,30.6,30.2,30.2,313,950
20251008,30.2,30.45,30.05,30.35,211,637
20251009,30.3,30.35,30.1,30.3,165,498
20251013,30.95,30.95,30.05,30.85,440,1347
20251014,30.85,31.95,30.85,31.5,791,2501
20251015,31.55,32,31.55,32,458,1457
20251016,32,32,31.65,31.95,420,1335
20251017,31.9,32.2,31.9,32.05,380,1218
20251020,32,32.15,31.55,31.85,238,756
20251021,31.85,31.85,31.6,31.65,131,415
20251022,31.65,31.85,31.65,31.75,86,272
20251023,31.7,31.7,31.5,31.55,135,426
20251027,31.55,31.55,31.25,31.25,285,894
20251028,31.25,31.4,31.2,31.25,183,573
20251029,31.25,31.25,31,31.1,226,702
20251030,31.1,31.15,31,31.15,198,615
20251031,31.25,32.6,31.1,32.15,833,2669
20251103,32.15,32.3,31.8,32.25,539,1731
20251104,32.25,32.45,32.05,32.1,454,1464
20251105,32.15,32.15,31.8,32,142,452
20251106,31.95,32.1,31.65,31.85,155,494
20251107,31.9,32.25,31.8,32,251,806
20251110,32,32.05,31.85,31.95,210,671
20251111,31.3,31.75,31.3,31.5,322,1017
20251112,31.25,31.4,31.2,31.25,317,993
20251113,31.25,31.25,31,31.05,469,1457
20251114,31,31.1,30.55,30.9,208,644
20251117,30.9,30.9,30.3,30.55,595,1813
20251118,30.4,30.45,30,30.05,416,1256
20251119,30.15,30.4,30.1,30.35,276,837
20251120,30.4,30.7,30.35,30.45,262,800
20251121,30.45,30.65,30.35,30.5,122,372
20251124,30.5,30.8,30.35,30.8,184,564
20251125,30.75,30.9,30.6,30.65,106,327
20251126,30.7,31.45,30.7,31.25,368,1147
20251127,31.2,31.3,31.1,31.15,117,366
20251128,31.15,31.25,31,31.1,98,304
20251201,31,31.2,30.95,30.95,105,326
20251202,30.95,31.2,30.85,31.15,156,483
20251203,31,31.25,31,31.05,98,304
20251204,31.05,31.15,30.95,31,90,279
20251205,31,31,30.45,30.75,425,1301
20251208,30.5,30.7,30.5,30.65,145,444
20251209,30.6,30.7,30.55,30.7,73,224
20251210,30.5,30.75,30.1,30.45,298,906
20251211,30.65,30.65,30.45,30.5,609,1858
20251212,30.7,30.8,30.6,30.7,88,271
20251215,30.45,30.85,30.45,30.8,118,361
20251216,30.65,30.7,30.45,30.55,188,573
20251217,30.7,30.75,30.45,30.45,78,237
20251218,30.45,30.65,30.4,30.5,109,333
20251219,30.5,30.55,30.4,30.5,112,341
20251222,30.6,30.75,30.45,30.6,113,346
20251223,30.5,30.6,30.45,30.5,64,195
20251224,30.55,30.55,30.35,30.45,80,245
20251226,30.5,30.55,30.3,30.4,88,269
20251229,30.55,30.55,30.4,30.45,114,348
20251230,30.5,30.6,30.35,30.55,99,303
20251231,30.55,30.6,30.35,30.5,115,350
20260102,30.5,30.55,30.45,30.5,85,259
20260105,30.5,30.5,30.05,30.2,297,898
20260106,30.05,30.4,30.05,30.2,181,547
20260107,30.25,30.3,30.1,30.25,213,644
20260108,30.25,30.4,30.2,30.35,147,446
20260109,30.4,30.7,30.4,30.55,196,598
20260112,30.55,30.75,30.5,30.6,137,421
20260113,30.6,30.8,30.45,30.5,152,465
20260114,30.8,30.9,30.7,30.85,210,646
20260115,30.95,31.15,30.75,30.85,227,700
20260116,31.1,31.15,30.8,31,289,894
20260119,30.9,31,30.8,30.9,364,1123
20260120,31,31,30.8,30.8,157,486
20260121,30.8,30.9,30.55,30.9,316,971
20260122,30.95,31.05,30.75,30.95,189,582
20260123,31,31.15,30.75,31.1,296,918
20260126,31.05,31.15,30.9,31,190,589
20260127,30.95,31.35,30.95,31.15,414,1290
20260128,31.45,31.5,31.25,31.3,309,968
20260129,31.3,31.55,31.15,31.2,289,903
20260130,31.3,31.3,30.75,31.05,183,565
20260202,30.95,30.95,30.55,30.85,271,833
20260203,30.9,31.05,30.7,30.7,131,405
20260204,30.7,30.85,30.7,30.75,131,403
20260205,30.9,30.9,30.7,30.75,94,288
20260206,30.75,30.75,30.5,30.6,232,709
20260209,30.6,30.75,30.55,30.65,159,487
20260210,30.65,30.65,30.5,30.65,219,670
20260211,30.65,30.65,30.4,30.55,219,669
20260223,30.65,31.05,30.65,30.9,267,823
20260224,31.05,31.05,30.75,30.85,235,724
20260225,30.8,30.9,30.65,30.7,264,811
20260226,30.7,30.85,30.55,30.75,182,560
20260302,30.5,30.75,30.4,30.65,172,526
20260303,30.5,30.65,30.4,30.4,261,796
20260304,30.4,30.4,29.8,30.3,632,1904
20260305,30.4,30.75,30.3,30.75,216,657
20260306,30.75,30.8,30.5,30.8,166,508
20260309,30.2,30.6,30.05,30.6,437,1326
20260310,30.35,30.75,30.35,30.55,341,1044
20260311,30.7,31.45,30.7,31.1,401,1247
20260312,30.95,31.25,30.8,30.9,275,850
20260313,30.7,30.95,30.7,30.85,175,538
20260316,30.75,31.1,30.75,30.9,250,774
20260317,31,31.25,30.85,31.2,383,1188
20260318,31.35,31.35,30.8,31.05,428,1323
20260319,30.75,30.95,30.65,30.7,268,824
20260320,30.7,31.1,30.7,31,220,680
20260323,30.7,31,30.6,30.95,217,671
20260324,31,31.25,30.8,31.25,572,1776
20260325,31.4,31.4,31.05,31.3,242,755
20260326,31.3,31.3,30.8,30.85,293,908
20260327,30.85,31.05,30.8,31,101,313
20260330,31,31.05,30.8,31,92,285
20260331,30.8,31,30.65,30.7,153,472
20260401,30.85,31.7,30.7,31.5,970,3047
20260402,31.6,31.6,31.2,31.3,352,1104
20260407,31.45,31.75,31.2,31.75,477,1502
20260408,31.85,31.85,31.5,31.65,369,1167
20260409,31.65,31.65,31.45,31.45,177,558
20260410,31.45,31.7,31.45,31.6,265,836
20260413,31.7,31.75,31.5,31.7,224,708
20260414,31.95,31.95,31.6,31.75,335,1062
20260415,31.9,32,31.55,32,525,1674
20260416,31.9,32.15,31.85,32.1,502,1606
20260417,32.05,32.25,31.9,32.15,509,1634
20260420,32.15,32.2,31.95,32.2,313,1005
20260421,32.1,32.15,31.8,31.9,392,1252
20260422,32.15,32.35,31.85,32.3,618,1991
20260423,32.35,32.35,31.55,31.85,447,1422
20260424,31.85,31.85,31.6,31.65,211,667
20260427,31.65,32,31.2,31.9,351,1112
20260428,31.8,31.9,31.75,31.75,101,323
20260429,31.85,31.95,31.7,31.85,115,367
20260430,31.85,32,31.45,31.5,267,845
20260504,31.5,31.55,31.25,31.45,264,830
20260505,31.35,31.6,31.35,31.5,116,364
20260506,31.4,31.4,30.9,30.9,569,1766
20260507,31,31,30.65,30.75,377,1161
20260508,30.7,30.9,30.55,30.65,314,964
20260511,30.65,30.75,30.45,30.55,490,1498
20260512,30.55,30.95,30.45,30.95,593,1821
20260513,30.85,30.85,29.8,30.8,481,1466
20260514,30.55,30.8,30.55,30.65,259,794
20260515,30.65,30.7,30.5,30.6,263,806
20260518,30.6,30.6,30.4,30.6,285,870
20260519,30.45,31,30.45,30.55,345,1060
20260520,30.6,30.7,30.4,30.65,328,1002
20260521,30.65,30.85,30.55,30.8,340,1046
20260522,30.8,30.85,30.55,30.75,285,875
20260525,30.75,30.75,30.4,30.5,561,1713
20260526,30.5,30.6,30.4,30.5,360,1098
20260527,30.5,30.65,30.35,30.6,324,988
20260528,30.55,30.85,30.55,30.7,435,1335
20260529,30.75,30.85,30.6,30.7,542,1668
20260601,30.65,31,30.5,31,681,2096
20260602,31.1,31.3,30.85,31.3,563,1752
20260603,31.3,31.3,30.8,30.9,478,1481
20260604,30.9,31.4,30.85,31.35,586,1825
20260605,31.45,31.55,31.25,31.45,446,1401
20260608,31.15,31.4,30.95,31.35,388,1208
20260609,31.2,31.7,31.2,31.25,487,1528
20260610,31.25,31.45,31.25,31.3,200,625
20260611,31.35,31.4,30.95,31.1,228,712
20260612,31.4,31.65,31,31.5,424,1332
20260615,31.45,31.75,31.4,31.45,364,1149
20260616,31.45,31.65,31.3,31.65,236,744
20260617,31.6,31.85,31.6,31.85,243,770
20260618,31.9,31.95,31.65,31.9,389,1239
20260622,31.95,32.15,31.65,32.1,592,1894
20260623,32.1,32.1,31.75,31.85,239,763
20260624,31.9,32.3,31.75,32.3,677,2175
20260625,32.3,32.6,32.15,32.35,291,943
20260626,32.35,32.5,32,32,320,1030
20260629,32.15,32.9,32.15,32.7,587,1911
20260630,32.9,32.95,32.5,32.65,421,1374
20260701,32.9,32.9,32.5,32.8,279,911
20260702,32.8,33.1,32.7,32.9,275,906
20260703,33.1,33.9,33.1,33.6,575,1930
20260706,33.8,34.55,33.65,33.8,935,3178
20260707,34.1,34.1,33.3,33.65,678,2282
20260708,33.95,34.1,33.15,33.3,402,1344
20260709,33.45,33.45,32.9,33.1,210,694
20260713,33,33.25,32.85,32.95,326,1076
20260714,33.2,33.2,32.4,32.75,310,1013
20260715,32.95,32.95,32.65,32.85,202,661
20260716,32.85,32.85,32.45,32.5,829,2701
20260717,32.4,32.5,32,32.25,467,1504
20260720,32.45,32.6,32.1,32.35,451,1458
20260721,32.35,32.95,32.35,32.7,387,1267
20260722,32.9,32.9,32.6,32.85,733,2403
20260723,32.85,32.9,32.4,32.55,869,2830
20260724,31.25,31.45,30.75,31.4,775,2415
20260727,31.4,31.75,31.1,31.55,279,876
20260728,31.55,31.95,31,31.85,509,1610
20260729,31.95,32.1,31.25,31.95,596,1892
20260730,32,32.25,31.7,31.7,337,1078
20260731,32,32,31.45,31.7,395,1249
20260803,31.7,31.75,31.35,31.7,270,852
20260804,31.4,31.8,31.3,31.75,246,776
20260805,31.5,31.75,31.45,31.7,359,1132
20260806,31.6,31.7,31.4,31.7,141,446
20260807,31.7,31.8,31.6,31.8,121,383
20260810,31.8,32,31.65,31.9,216,688
20260811,31.7,32,31.5,31.55,184,583
20260812,31.5,31.85,31.5,31.7,163,515
20260813,31.7,31.9,31.5,31.85,164,521
20260814,31.85,31.85,31.55,31.75,391,1238
20260817,31.8,31.8,31.5,31.65,90,285
20260818,31.65,31.8,31.55,31.65,139,440
20260819,31.75,32,31.55,32,353,1124
20260820,32.15,32.5,32.1,32.5,357,1152
20260821,32.5,32.5,32.3,32.5,181,587
20260824,32.75,32.75,32,32.55,182,588
20260825,32.45,32.5,32.3,32.45,212,689
20260826,32.5,32.55,32.3,32.5,426,1380
20260827,30.65,31.4,30.5,30.75,343,1053
20260828,30.75,30.95,30.6,30.75,289,890
20260831,30.7,30.8,30.6,30.65,147,453
20260901,30.6,30.8,30.6,30.6,284,869
20260902,30.6,30.7,30.55,30.65,105,320
20260903,30.65,30.65,30.5,30.6,153,467
20260904,30.6,30.7,30.45,30.6,118,360
20260907,30.65,31.3,30.35,31.15,584,1805
20260908,31,31.2,30.85,31.1,165,513
20260909,31.1,31.15,30.9,31.1,168,522
20260910,31.1,31.3,30.9,31.15,97,302
20260911,30.9,31.2,30.9,31.2,135,420
20260914,30.95,31.2,30.9,31.15,157,487
20260915,30.9,31.3,30.9,31.3,164,511
20260916,31.3,31.45,31.05,31.3,441,1378
20260917,31.1,31.5,31.1,31.5,139,435
20260918,31.4,32.8,31.3,32.8,215,686
20260921,32.1,32.1,31.5,32,355,1129
20260922,31.65,32.05,31.65,32,166,529
