# date,open,high,low,close,lot,wan
20250814,154,157,154,154,363,5636
20250815,155,156.5,153,155,385,5981
20250818,155,155,147,149.5,1195,17913
20250819,148.5,149.5,147.5,148.5,301,4479
20250820,149.5,151,146.5,147.5,391,5802
20250821,148.5,150,147,147.5,367,5423
20250822,147.5,148,145,145,389,5672
20250825,146,149.5,146,147.5,329,4861
20250826,147,150.5,145.5,150.5,475,7043
20250827,149.5,150.5,147,148,375,5571
20250828,147.5,148.5,145.5,146,313,4586
20250829,146.5,147,143.5,144,477,6905
20250901,146,148,141.5,142.5,521,7504
20250902,144,147.5,143,144,441,6416
20250903,144,144,141,141.5,486,6903
20250904,143,143,140.5,141.5,394,5599
20250905,143,143,139,139.5,466,6528
20250908,140.5,144.5,140.5,144.5,520,7461
20250909,145,145.5,141,142,509,7284
20250910,142.5,143,139.5,142.5,601,8490
20250911,141.5,142.5,138,139,563,7873
20250912,139,141,138.5,140,531,7405
20250915,140,143.5,138,139,735,10308
20250916,139.5,145,138,144.5,944,13532
20250917,146.5,156,144,153.5,2255,34269
20250918,155,158.5,153,155,1481,23091
20250919,156.5,165,156,160,1916,30975
20250922,162.5,176,161.5,171,2607,44737
20250923,170,177,166.5,167,1541,26246
20250924,167.5,174,167.5,170,1124,19136
20250925,171,175,167,172,1355,23171
20250926,172,173,167.5,170,980,16672
20250930,171,175,170,174,1111,19231
20251001,174,176.5,172,176.5,1347,23533
20251002,177,187,175.5,183,1987,36154
20251003,183,184.5,177.5,179,1043,18710
20251007,177.5,184,173,183,1188,21213
20251008,181,184,179,183,688,12500
20251009,185,185.5,176,179,1525,27235
20251013,171,174.5,170,171,1153,19799
20251014,174,175,163.5,165.5,1544,25900
20251015,165.5,167.5,161.5,166.5,945,15610
20251016,165.5,167,158.5,161.5,1262,20414
20251017,162,162,157.5,158.5,1247,19786
20251020,160.5,162.5,159,160,363,5841
20251021,162.5,163,153,153.5,1248,19340
20251022,153.5,156,153,153,407,6268
20251023,153,154.5,152,153,324,4970
20251027,156,158.5,151.5,153,652,10047
20251028,155,155,149.5,150.5,557,8411
20251029,153,153,149.5,150.5,373,5614
20251030,150,157,150,154.5,655,10052
20251031,156,161.5,156,160,1361,21730
20251103,162.5,162.5,154,158,1147,18077
20251104,158,158,154,154.5,617,9567
20251105,153.5,155,152.5,154.5,382,5878
20251106,155,158,153,157.5,350,5453
20251107,155.5,158.5,154,156.5,399,6226
20251110,157,157.5,153,154.5,300,4629
20251111,154,156.5,153,154,427,6599
20251112,155.5,156.5,150,150.5,657,10011
20251113,152,153.5,148.5,149.5,634,9517
20251114,149,152.5,146.5,148.5,517,7783
20251117,149,151.5,147.5,150,254,3799
20251118,149.5,149.5,144,145.5,523,7661
20251119,147.5,147.5,143,144.5,342,4962
20251120,147,150,145.5,148,289,4276
20251121,147.5,150,145.5,149.5,378,5624
20251124,152.5,162.5,152.5,162,2164,34529
20251125,161.5,162,158,159,866,13832
20251126,160.5,168,159.5,167,1551,25489
20251127,168,168.5,162.5,163,645,10580
20251128,164,164,159.5,162,801,12937
20251201,162,163.5,160,163,315,5118
20251202,163.5,163.5,161,162,267,4329
20251203,163,163,157,157,684,10857
20251204,157.5,158,154,154.5,493,7633
20251205,154.5,156,153.5,155.5,212,3289
20251208,156,156,152,155.5,861,13223
20251209,157.5,160.5,154.5,160.5,893,14133
20251210,158.5,165,158.5,163,696,11344
20251211,163,163,157.5,160,469,7502
20251212,160.5,163,158,158,263,4197
20251215,157.5,159.5,155.5,155.5,295,4620
20251216,154,154.5,149.5,150.5,750,11368
20251217,151.5,152,146,146,682,10127
20251218,147.5,148,144,145,506,7364
20251219,146,147.5,145.5,145.5,254,3720
20251222,146.5,148,145.5,145.5,493,7210
20251223,146.5,147,144.5,145.5,313,4562
20251224,145,146.5,143.5,144,431,6222
20251226,144,145,144,145,216,3123
20251229,145.5,151.5,145.5,151.5,799,11913
20251230,152.5,152.5,149,149.5,413,6196
20251231,150,153,150,151,555,8417
20260102,152.5,152.5,148,148.5,487,7261
20260105,149.5,149.5,146,147.5,487,7172
20260106,146.5,149,143.5,144.5,840,12225
20260107,145,149,143.5,146.5,944,13891
20260108,146,151,146,149,764,11406
20260109,150,153,146.5,151,1155,17292
20260112,153,154.5,148,149.5,1912,28882
20260113,152,158,151,152.5,1370,21112
20260114,154,156.5,152.5,155,666,10296
20260115,156.5,156.5,153,156,431,6670
20260116,157,161,157,160.5,1334,21241
20260119,159.5,162.5,152.5,153,1162,18302
20260120,153,154,150,150.5,631,9539
20260121,149,150,147,148,605,8960
20260122,148,150.5,147.5,149.5,386,5760
20260123,149.5,149.5,146.5,147.5,391,5787
20260126,148.5,151,145.5,150.5,541,8047
20260127,151.5,153.5,149.5,151,564,8548
20260128,152,152,145.5,146.5,1386,20400
20260129,146,146,143,144.5,851,12270
20260130,144,148.5,142.5,148,739,10780
20260202,147,148,144.5,145.5,641,9395
20260203,147,148.5,144.5,146,279,4074
20260204,146,148,144,145.5,317,4607
20260205,145.5,145.5,139.5,140.5,823,11664
20260206,138,140.5,136,140,395,5446
20260209,140.5,141.5,137,137.5,428,5937
20260210,138.5,139,136,139,1044,14346
20260211,139.5,139.5,137,138,380,5254
20260223,139.5,141,139,140,332,4649
20260224,140,141,138.5,139,325,4535
20260225,139.5,140,138,140,255,3538
20260226,140,140,136,136,742,10176
20260302,136,136,131.5,133,518,6909
20260303,133,133,128,129.5,592,7704
20260304,126,127.5,122,123,726,9021
20260305,125.5,135,125.5,135,769,10251
20260306,135.5,144.5,133.5,142.5,1960,27517
20260309,134,141,133,137,1034,14171
20260310,139,141,127,128.5,1696,22401
20260311,130,133.5,127.5,132.5,524,6863
20260312,130.5,132,128,129,552,7137
20260313,127,131,127,129.5,389,5045
20260316,130,134,129,131,428,5633
20260317,132,133.5,129.5,132,531,6985
20260318,133.5,134.5,130,130,313,4118
20260319,132.5,132.5,125.5,126,557,7127
20260320,125,127,122.5,123,685,8501
20260323,119,126,119,125.5,480,5950
20260324,126,127.5,123.5,124.5,325,4061
20260325,127,127,124.5,126.5,146,1840
20260326,124.5,128,124.5,126.5,249,3140
20260327,124,125,121.5,124.5,472,5807
20260330,120,123.5,120,122.5,268,3259
20260331,122.5,122.5,119,121,288,3471
20260401,124,131,122,130.5,593,7572
20260402,130.5,131,122.5,123,397,5003
20260407,124,125.5,120.5,122,390,4761
20260408,124.5,128,124.5,125,561,7046
20260409,126.5,126.5,121,121.5,579,7075
20260410,122,123.5,120,121,590,7163
20260413,121.5,121.5,116.5,118,756,8915
20260414,119,119.5,116,118,515,6061
20260415,118.5,118.5,116,116,446,5215
20260416,117,121,117,120,657,7856
20260417,121.5,121.5,118,118.5,499,5940
20260420,118.5,119.5,115,116,759,8796
20260421,117.5,118.5,116,117.5,702,8223
20260422,120,120,115,116.5,616,7148
20260423,116.5,116.5,108.5,112,1017,11419
20260424,111.5,113,110,111,590,6585
20260427,111.5,122,110,122,1424,16891
20260428,125.5,134,122,134,3288,42242
20260429,135,139.5,128,128.5,2395,32046
20260430,127.5,130.5,121.5,122,931,11618
20260504,123,126,121,124,582,7192
20260505,124,129,122.5,125.5,789,9928
20260506,126.5,127.5,122.5,123,491,6070
20260507,123,130.5,123,130,826,10596
20260508,128.5,128.5,123,125,462,5794
20260511,126,126,123,124,576,7138
20260512,124,125,119,120,820,9896
20260513,116.5,118,114.5,117.5,839,9754
20260514,117.5,118,114.5,116.5,529,6145
20260515,118.5,121.5,115.5,118.5,783,9257
20260518,118,125.5,116.5,124.5,1005,12302
20260519,122,126,122,125,535,6637
20260520,124.5,125.5,123,125,491,6090
20260521,126,127,122,122,422,5197
20260522,121,121.5,118,118.5,521,6227
20260525,118.5,119.5,116,119,529,6234
20260526,118.5,119.5,117.5,119,319,3770
20260527,119,119,115,116.5,644,7516
20260528,116.5,116.5,114.5,116,403,4653
20260529,116,119.5,113.5,119.5,939,10939
20260601,120.5,123,116,118.5,1155,13678
20260602,118,122,117,118,611,7274
20260603,120,120.5,115.5,116,959,11285
20260604,115,115,111,111.5,966,10870
20260605,111.5,111.5,108.5,110.5,528,5801
20260608,102.5,110,102,108.5,1155,12128
20260609,107,108.5,105,108,727,7756
20260610,108.5,117,107.5,112,1183,13392
20260611,113.5,114.5,110,113,614,6912
20260612,115.5,117.5,114.5,116,890,10350
20260615,117,119,116,117.5,509,5960
20260616,118,118.5,116.5,117.5,626,7356
20260617,118,119.5,117,118,585,6942
20260618,118,119.5,117.5,119.5,807,9592
20260622,119.5,119.5,115,116,693,8075
20260623,116,116,113,114,312,3549
20260624,114,117.5,110.5,117.5,670,7645
20260625,118,120,116.5,119,775,9186
20260626,117.5,119.5,116,118.5,640,7554
20260629,119.5,129.5,119.5,129.5,1607,20525
20260630,129.5,134.5,123,125.5,867,11092
20260701,128,135,127,132,1348,17717
20260702,129.5,130,127,128,492,6319
20260703,131,135,127.5,131.5,879,11594
20260706,133.5,133.5,129,131.5,625,8240
20260707,133,134.5,127.5,129,519,6795
20260708,128.5,132,127.5,132,271,3526
20260709,133.5,133.5,131,131.5,292,3874
20260713,132.5,132.5,127,128,343,4402
20260714,130.5,130.5,127,128.5,470,6029
20260715,131,131.5,128,131,284,3688
20260716,132,132,128,129,308,3975
20260717,128,132.5,126,126,604,7766
20260720,130,136.5,125.5,135,1448,19172
20260721,132.5,142.5,132.5,141.5,1557,21718
20260722,138.5,142.5,136,136.5,1407,19430
20260723,134.5,139,129.5,131.5,556,7346
20260724,129.5,136.5,129.5,136.5,696,9306
20260727,135.5,137.5,132,133.5,280,3767
20260728,131.5,132.5,129,130.5,384,5018
20260729,132.5,135,127.5,134.5,1116,14586
20260730,137,137,127.5,127.5,531,6966
20260731,128,132,123,123,957,12130
20260803,123.5,131,120,130,705,9031
20260804,123,124.5,120,122.5,973,11845
20260805,123,134.5,121,134.5,1571,20324
20260806,136,147.5,134.5,142.5,2720,38772
20260807,140.5,141.5,135,137,991,13608
20260810,137,141,134,139.5,2135,29246
20260811,139.5,146,137,145,1310,18791
20260812,148,148,138.5,139,1489,21342
20260813,139.5,141.5,134.5,140.5,1010,13927
20260814,142.5,142.5,134,136,972,13260
20260817,134,134,130.5,131.5,911,11995
20260818,131.5,131.5,126.5,129,447,5738
20260819,127.5,131.5,126.5,129,292,3787
20260820,131.5,133.5,129.5,130.5,520,6822
20260821,131.5,132,128,131.5,491,6401
20260824,132,132.5,127,127,282,3620
20260825,128,128.5,125.5,126.5,239,3033
20260826,126.5,128.5,126,128.5,182,2321
20260827,128,129.5,127,128,129,1650
20260828,128.5,128.5,125.5,125.5,465,5888
20260831,125.5,129,125.5,126,256,3243
20260901,127,128.5,123.5,124,607,7587
20260902,124,127.5,122.5,126,590,7396
20260903,126.5,126.5,121.5,122,649,8006
20260904,124,125.5,123,125.5,137,1707
20260907,127.5,127.5,125,126,166,2090
20260908,125.5,126.5,125,126.5,104,1305
20260909,127.5,133.5,126,126,723,9291
20260910,126.5,127.5,125,125,137,1726
20260911,123.5,130.5,123.5,128.5,373,4778
20260914,130,130,124,124,650,8195
20260915,125,126.5,123.5,125,274,3426
20260916,126,127,124,125.5,467,5856
20260917,126.5,129,125.5,129,652,8282
20260918,128.5,129,124.5,125.5,769,9683
20260921,126,126,123,123,392,4853
