# date,open,high,low,close,lot,wan
20250814,27.2,28.2,27.2,28,110,304
20250815,28,28,27.7,28,74,207
20250818,28.35,28.6,27.8,27.85,72,202
20250819,27.85,27.85,27.55,27.55,61,168
20250820,27.5,27.6,27.45,27.55,52,143
20250821,27.6,27.95,27.55,27.7,48,134
20250822,27.6,27.85,27.5,27.55,57,159
20250825,27.7,28,27.6,27.8,45,124
20250826,27.75,28.35,27.75,28,30,84
20250827,28,28.05,27.35,27.6,155,431
20250828,27.7,28,27.5,27.75,128,352
20250829,28,28.4,27.95,28.05,67,188
20250901,28,28.2,27.65,27.65,80,222
20250902,28.1,28.1,27.6,27.85,40,111
20250903,28.1,28.35,27.7,28,131,369
20250904,28.4,28.5,27.9,28.1,81,228
20250905,27.8,28.15,27.8,28.15,69,193
20250908,27.75,28.05,27.75,27.95,71,198
20250909,27.75,27.9,27.55,27.7,58,160
20250910,27.6,27.8,27.4,27.5,101,278
20250911,27.5,27.5,26,26,409,1076
20250912,26.05,26.2,25.9,25.95,134,350
20250915,25.9,25.9,25.6,25.7,58,148
20250916,25.6,25.75,25.4,25.65,141,362
20250917,25.65,25.7,25.5,25.65,84,214
20250918,25.7,25.85,25.55,25.55,111,286
20250919,25.55,25.6,25.45,25.55,128,328
20250922,25.6,25.6,25.45,25.55,84,216
20250923,25.55,25.55,25.3,25.45,110,280
20250924,25.5,25.6,25.45,25.55,110,281
20250925,25.6,26.4,25.6,25.85,129,334
20250926,25.85,26.4,25.8,26,105,273
20250930,26,26,25.75,25.85,76,196
20251001,25.95,26.1,25.65,25.7,185,477
20251002,25.9,25.9,25.55,25.55,62,159
20251003,25.65,25.65,25.6,25.65,41,104
20251007,25.65,25.9,25.5,25.7,63,162
20251008,25.85,25.85,25.6,25.8,24,63
20251009,26.6,26.6,25.8,25.85,42,110
20251013,25.6,25.9,25.35,25.55,72,184
20251014,25.55,25.65,25.3,25.35,158,402
20251015,25.3,25.55,25.25,25.3,66,167
20251016,25.6,25.8,25.3,25.45,89,228
20251017,25.6,25.7,25.4,25.6,75,193
20251020,25.55,25.6,25.25,25.45,62,157
20251021,25.6,25.65,25.45,25.45,40,101
20251022,25.45,27.95,25.45,27.15,852,2331
20251023,27.5,27.95,26.45,26.5,528,1430
20251027,26.5,26.5,26.05,26.2,184,483
20251028,26.45,26.75,26,26,115,303
20251029,26,26,25.7,25.85,62,160
20251030,25.8,25.8,25.55,25.6,51,131
20251031,25.75,25.8,25.55,25.8,41,104
20251103,25.65,26.4,25.35,25.5,72,184
20251104,25.5,25.5,25.25,25.25,51,128
20251105,25.2,25.25,24.8,25.05,79,197
20251106,25.2,25.25,24.9,25.05,44,109
20251107,25.05,25.05,24.9,25,32,79
20251110,25.05,25.2,24.9,24.95,47,119
20251111,24.8,25,24.45,24.7,119,294
20251112,24.55,24.9,24.5,24.9,88,218
20251113,24.85,25,24.5,24.95,102,253
20251114,25,25.6,25,25.2,162,410
20251117,25.15,25.15,24.9,24.9,55,137
20251118,24.65,24.65,24.25,24.45,120,293
20251119,24.45,24.5,24.25,24.3,39,95
20251120,24.3,24.4,24.2,24.4,31,76
20251121,24.4,24.4,24.2,24.35,38,92
20251124,24.5,24.5,24.4,24.5,40,97
20251125,24.5,24.5,24.35,24.5,34,83
20251126,24.5,25,24.4,24.9,52,129
20251127,24.7,24.85,24.6,24.8,18,44
20251128,25,25,24.8,24.9,91,227
20251201,25.4,25.45,24.9,25,58,147
20251202,25.1,25.1,25,25,58,144
20251203,24.9,25.05,24.85,25,25,63
20251204,25.2,25.35,25.1,25.2,63,158
20251205,24.95,25.05,24.95,24.95,86,215
20251208,25.1,25.1,24.95,24.95,32,79
20251209,24.75,25.1,24.75,24.95,29,73
20251210,24.85,25,24.6,24.9,24,60
20251211,25,25.1,24.8,24.9,31,78
20251212,24.85,24.95,24.7,24.85,27,67
20251215,24.95,25.4,24.8,25.35,97,245
20251216,25.05,25.25,24.8,25.05,65,163
20251217,25.05,25.1,24.85,24.85,39,96
20251218,24.7,24.9,24.7,24.9,10,25
20251219,24.9,25,24.75,24.85,50,123
20251222,24.85,25,24.8,24.85,39,98
20251223,24.8,24.85,24.75,24.75,26,64
20251224,25.15,25.15,24.6,24.6,44,109
20251226,24.45,24.7,24.45,24.65,47,114
20251229,25.05,25.1,24.5,24.6,113,277
20251230,24.5,24.6,24.4,24.6,50,122
20251231,24.6,24.6,24.45,24.5,45,111
20260102,24.5,24.55,24.45,24.55,45,111
20260105,24.6,25.4,24.5,24.8,154,384
20260106,24.9,25.25,24.2,24.65,154,380
20260107,24.7,25,24.7,24.95,80,197
20260108,24.95,25,24.8,24.95,61,151
20260109,25.1,25.1,24.8,24.95,63,159
20260112,25.05,25.05,24.95,24.95,76,191
20260113,24.95,24.95,24.75,24.75,62,154
20260114,25,25.2,24.5,25.1,89,221
20260115,25.3,25.3,24.9,25,63,159
20260116,25,25.3,25,25,131,329
20260119,25.6,26.2,25.1,25.9,358,923
20260120,25.75,26.25,25.75,25.95,190,493
20260121,26.3,26.3,25.9,26.2,110,286
20260122,26.3,26.3,25.85,25.9,94,244
20260123,25.9,26,25.55,25.85,79,203
20260126,26,26.8,25.9,26.8,168,443
20260127,26.95,27.95,26.95,27.5,434,1196
20260128,27.5,27.85,27,27.15,260,710
20260129,27.2,27.3,26.7,26.75,90,242
20260130,26.45,26.5,26.25,26.4,51,135
20260202,26.4,26.7,26.3,26.4,64,169
20260203,26.25,26.35,26.1,26.1,42,109
20260204,26.1,26.4,26.1,26.4,19,51
20260205,26.4,26.4,26.1,26.1,30,79
20260206,26.1,26.1,25.75,25.75,78,201
20260209,25.65,25.7,25.6,25.6,60,154
20260210,25.6,25.95,25.45,25.75,47,120
20260211,26.3,27.25,25.8,26.9,175,467
20260223,27.8,27.8,27,27.5,169,463
20260224,27.45,27.6,27,27.05,102,279
20260225,27.05,27.5,27,27.4,58,158
20260226,27.5,27.5,27.05,27.1,76,206
20260302,27.2,27.5,27.05,27.1,85,231
20260303,27.65,27.65,27.1,27.25,112,305
20260304,27.25,27.25,26.5,26.55,150,401
20260305,26.15,26.8,26,26.8,32,85
20260306,26.8,26.95,26.6,26.9,78,211
20260309,27.95,29.55,27.5,29.55,1994,5816
20260310,29.55,29.65,28.35,29.5,766,2231
20260311,31.65,31.7,30,30,596,1824
20260312,29.6,30.3,29.1,29.45,278,821
20260313,29,29.15,28.6,28.6,190,549
20260316,29,29.4,28.7,29.2,124,362
20260317,29.2,30.1,29.2,29.9,344,1025
20260318,30.5,30.5,29.55,30,140,419
20260319,30.05,30.05,29.1,29.15,221,650
20260320,29.15,29.2,28.8,29.05,124,360
20260323,28.55,29,28.3,28.7,136,390
20260324,28.85,29.55,28.85,29.4,170,498
20260325,29.4,29.65,29.2,29.5,108,317
20260326,29.45,29.75,29.4,29.4,126,373
20260327,29.4,29.6,29.35,29.45,55,161
20260330,29.5,29.5,28.8,28.8,118,344
20260331,28.8,28.95,28.3,28.65,136,391
20260401,28.95,28.95,28.65,28.7,89,257
20260402,28.5,28.65,28.35,28.4,104,297
20260407,28.3,28.35,27.6,27.65,154,430
20260408,27.8,28.05,27.7,27.75,79,219
20260409,27.65,28.35,27.5,27.6,102,283
20260410,27.6,28.2,27.6,27.6,47,131
20260413,27.4,28.2,27.4,28.1,160,446
20260414,28.4,29.5,28.4,29.5,159,463
20260415,29.4,30.1,29.3,29.85,211,625
20260416,30.25,30.25,29.5,29.7,107,318
20260417,29.7,29.7,29.25,29.35,63,184
20260420,29.05,29.05,28.7,28.7,112,324
20260421,28.7,28.95,28.6,28.65,57,163
20260422,28.65,28.65,28.1,28.15,103,291
20260423,28.15,28.15,27.5,27.9,234,650
20260424,27.65,28,27.55,27.9,80,222
20260427,27.65,27.7,27.5,27.55,78,214
20260428,27.9,28.55,27.8,28.3,68,189
20260429,28.3,28.35,27.9,28.3,106,298
20260430,28.3,28.45,28.15,28.25,94,267
20260504,28.6,28.6,27.7,27.7,118,329
20260505,27.6,29.25,27.6,29.15,184,532
20260506,32.05,32.05,32.05,32.05,416,1333
20260507,35.25,35.25,35.25,35.25,270,951
20260508,38.75,38.75,38.75,38.75,1200,4651
20260511,39.5,39.55,36.6,37.55,1726,6546
20260512,38.65,38.9,34.15,34.5,1487,5363
20260513,34.95,37.95,34.5,37.95,830,3057
20260514,39.4,40.85,36.25,37,2961,11400
20260515,37,37.75,35.5,35.85,763,2777
20260518,36,37.75,35.3,37.15,670,2483
20260519,36.75,38.7,36.65,37.1,547,2047
20260520,37.2,39.25,36.75,38.75,759,2889
20260521,38.9,39.4,37.65,37.75,876,3369
20260522,37.85,38.85,37.55,37.95,443,1692
20260525,38.25,40.5,37.95,40.2,1073,4179
20260526,39.8,40,39,39.6,455,1792
20260527,39.95,40.55,39.15,39.7,544,2169
20260528,39.75,40.6,39.7,39.95,488,1956
20260529,40.45,40.45,38.95,39.05,584,2298
20260601,38.85,39.4,38,38.75,505,1951
20260602,38.75,39,38.25,38.9,228,880
20260603,39,39.3,38.2,38.55,376,1460
20260604,38.6,40.7,38.55,40.7,831,3314
20260605,41.6,44.75,41.6,42.3,3849,16824
20260608,39.8,41.05,39.1,40.3,858,3433
20260609,40.35,40.8,39.4,40.3,583,2340
20260610,40.25,41.2,39.2,39.5,628,2500
20260611,37,37.5,35.55,35.55,2490,8959
20260612,35.45,35.75,34.3,34.7,805,2808
20260615,35.4,35.8,35.15,35.35,369,1308
20260616,35.65,35.65,34.35,34.7,374,1300
20260617,34.7,35.3,34.45,35.3,177,620
20260618,35.5,35.85,35.05,35.5,309,1100
20260622,35.75,36,35,35.8,443,1568
20260623,35.85,37.95,35.85,37.5,604,2243
20260624,37.6,38.45,37.1,38.3,574,2166
20260625,38.45,39.1,37.4,37.4,606,2319
20260626,37.4,37.45,35.9,36.25,301,1111
20260629,36.5,37.35,36.35,37.05,228,843
20260630,37.6,37.65,36.7,37.1,214,793
20260701,37.2,37.25,36.5,36.8,184,675
20260702,36.6,37,36.5,36.75,113,414
20260703,36.95,37.95,36.7,37.7,217,815
20260706,37.9,41.45,37.8,40.7,2090,8519
20260707,40.45,41.45,38.9,39.55,1118,4499
20260708,40.6,40.6,39.3,39.65,335,1326
20260709,39.7,39.7,38,38.15,352,1350
20260713,37.6,37.95,37.15,37.9,302,1134
20260714,38,38,37.1,37.35,322,1204
20260715,37.4,37.65,36.85,37.6,103,383
20260716,37.2,37.6,36.95,37.05,184,684
20260717,36.75,36.75,35,35.15,412,1463
20260720,35.55,35.55,34.55,34.8,230,805
20260721,34.75,35.4,34.75,35.05,132,463
20260722,35.3,35.3,34.8,34.9,143,498
20260723,34.7,35.2,34.4,34.5,135,468
20260724,35.3,35.3,34.25,34.75,93,320
20260727,34.75,34.8,33.95,34,133,457
20260728,33.9,33.9,32,32.7,275,905
20260729,33.85,33.85,31.9,32.5,254,822
20260730,33.15,33.15,31,32.2,219,702
20260731,32.5,32.9,32.1,32.6,214,691
20260803,32.2,32.55,31.7,32.1,257,823
20260804,31.6,32.15,31.6,32.15,76,241
20260805,32.2,32.6,32,32.35,178,576
20260806,32.4,32.7,32.25,32.5,105,340
20260807,34.5,35.75,34.5,35.75,727,2569
20260810,36,37.15,35.8,36.6,713,2586
20260811,36.6,36.6,35.8,36.1,219,791
20260812,36,36.35,35.2,35.45,248,883
20260813,35.35,35.35,34.6,35.1,211,736
20260814,35.15,35.2,34.55,35.05,138,482
20260817,35.1,35.25,34.85,35,120,419
20260818,35.25,35.25,34.5,34.65,86,298
20260819,34.2,34.7,34.2,34.5,56,194
20260820,35.05,35.6,34.9,35.4,317,1120
20260821,35.4,36.45,35.4,36.3,194,695
20260824,36.3,36.3,35.65,36.2,103,370
20260825,35.75,35.95,35.65,35.8,49,175
20260826,35.75,36.05,35.75,35.95,59,210
20260827,35.95,35.95,35.6,35.75,75,267
20260828,35.6,35.65,35.15,35.5,75,264
20260831,35.35,35.95,35.15,35.9,76,269
20260901,35.95,35.95,35.55,35.8,66,236
20260902,35.85,36.35,35.6,36.2,138,498
20260903,36.3,36.4,35.65,35.9,94,338
20260904,35.9,36.2,35.4,35.75,99,354
20260907,35.75,35.75,35,35,114,401
20260908,35.95,35.95,34.8,35,68,236
20260909,34.9,35,34.4,34.6,189,653
20260910,34.45,34.75,34.3,34.75,28,98
20260911,34,34.15,33.15,33.7,154,516
20260914,33.3,33.5,32.95,33.5,51,171
20260915,33.25,33.5,33.05,33.5,31,102
20260916,33.95,33.95,33.3,33.65,34,116
20260917,33.7,34.2,33.65,33.8,56,190
20260918,33.8,34.1,33.5,34.1,53,181
20260921,33.8,34.2,33.8,33.9,30,101
