# date,open,high,low,close,lot,wan
20250814,93.4,93.5,92.4,92.9,374,3474
20250815,92.5,92.9,90.5,90.9,989,9035
20250818,90,90.6,89.6,90,590,5319
20250819,90,90.2,88,88.7,1373,12211
20250820,88.7,91.5,87.5,87.6,1316,11665
20250821,88.4,89.5,88,88.8,598,5302
20250822,90,91.1,89,90.8,546,4932
20250825,92,92,90.9,91,716,6537
20250826,91,92.6,91,92.3,457,4200
20250827,92.5,92.8,91.8,92.1,449,4137
20250828,92.5,92.5,91.3,91.4,309,2835
20250829,91.5,91.5,89.3,89.6,977,8792
20250901,89.6,91.3,88.7,89,516,4610
20250902,89.8,90.4,88,89.2,729,6490
20250903,89.7,90.3,89.4,90.1,283,2545
20250904,91,91,89.7,89.7,378,3408
20250905,90.1,90.1,87.7,89.2,900,7960
20250908,89.2,90.6,88.1,88.2,659,5878
20250909,89.9,89.9,87.7,88.5,438,3873
20250910,88.6,89.1,88.1,88.5,379,3353
20250911,88.1,89.2,88,88.3,701,6188
20250912,90,91.5,89.1,91.5,1172,10623
20250915,91.8,91.8,89,89.4,606,5448
20250916,89.1,92.5,89.1,91.1,822,7513
20250917,91.1,92.3,90.4,91.2,350,3207
20250918,92.1,95.3,91.3,92.5,1805,16935
20250919,92.7,93.8,91.9,92.2,649,6023
20250922,93.2,93.2,91,91.1,549,5036
20250923,92,94.6,91.6,94,1201,11242
20250924,94.1,95.7,93.5,94.6,901,8525
20250925,95,97.4,94.6,96.2,1005,9677
20250926,96.2,99.5,95.7,98.2,2128,20883
20250930,99,103.5,99,101.5,2223,22558
20251001,102,104,100,102.5,1341,13706
20251002,103,107,102.5,103.5,1863,19522
20251003,104.5,106,103,105,987,10331
20251007,104.5,110.5,104,110.5,1490,16063
20251008,108.5,111,108,109.5,936,10224
20251009,109,110,107.5,109,800,8693
20251013,99.7,103.5,99,100.5,2392,24071
20251014,102,104,93,93.5,3068,29563
20251015,95.4,96.5,93.6,95,922,8745
20251016,95.2,96.5,95.2,95.9,347,3327
20251017,95.1,96.8,94.8,96.3,268,2567
20251020,96.4,96.8,93.3,94.1,512,4841
20251021,94.9,95.2,93.3,93.6,386,3627
20251022,94,94.6,93.4,94,165,1553
20251023,94.8,94.8,92.3,92.4,449,4175
20251027,93.6,93.7,91.4,91.9,325,2993
20251028,91.9,92,89.8,90.1,725,6564
20251029,90,90.2,88,89.4,1132,10064
20251030,90,91.1,89.5,89.7,463,4167
20251031,90.7,91.7,90,90,508,4605
20251103,90.1,91,88.7,89,676,6072
20251104,89,89,87.6,87.7,812,7158
20251105,86,86.3,84.4,85.1,1006,8573
20251106,85.8,85.8,84,85.1,523,4438
20251107,85.3,85.4,82.4,83.5,637,5320
20251110,84.8,85.3,83.2,83.2,246,2065
20251111,83.9,83.9,82,82.3,712,5872
20251112,83,83.3,82,82.5,426,3520
20251113,79,79.3,74.3,74.5,3609,27195
20251114,74.6,75.4,72.8,74.4,1329,9885
20251117,75.1,78,74.3,76.9,988,7574
20251118,77.9,78.9,75.7,76,791,6122
20251119,77.1,77.1,75.4,76.2,444,3376
20251120,77,78,76.2,76.5,259,1995
20251121,75.6,77.9,75.6,77.8,309,2384
20251124,78.5,79,77.5,79,284,2223
20251125,80.6,81.5,79.4,81.4,490,3942
20251126,82,83.1,81.3,81.5,432,3543
20251127,81.5,82.7,81,82.3,319,2608
20251128,82.1,82.7,80.9,81.1,210,1710
20251201,82,82.5,79.6,80.5,338,2727
20251202,80.5,80.5,79,79,210,1674
20251203,80,80,78.4,78.8,177,1402
20251204,80,80.3,79,79.6,145,1160
20251205,79.8,79.8,78.5,78.9,114,904
20251208,78.9,78.9,77,77.4,182,1414
20251209,77,77,75.6,76.4,478,3637
20251210,78.4,78.4,76.1,76.4,303,2329
20251211,76.4,76.9,75.2,75.9,244,1855
20251212,76,76.7,74.6,74.6,395,2974
20251215,74,74.6,74,74.6,176,1310
20251216,74,75.7,73.8,74.2,266,1987
20251217,74.9,76.1,74.5,74.5,422,3163
20251218,74.2,77,73.8,75.3,455,3433
20251219,76.5,76.9,75.1,75.2,244,1845
20251222,75.8,75.8,74.4,75,223,1666
20251223,75.5,75.7,75,75,251,1892
20251224,76,76,74.8,74.8,156,1172
20251226,74.5,74.5,73.1,73.4,477,3513
20251229,73.6,74.4,73.4,73.7,159,1172
20251230,73.7,74.1,72.6,73.7,240,1760
20251231,73.7,74,72.6,72.6,267,1955
20260102,72.8,74.5,72.8,73,261,1922
20260105,73.5,73.6,71.5,72,501,3612
20260106,72.1,73.2,71.8,71.9,240,1738
20260107,75.4,77.1,74.4,76.7,909,6885
20260108,77,77.1,75.3,75.5,311,2367
20260109,76.3,76.6,74.7,75.6,232,1757
20260112,76.5,76.9,75.3,76.9,242,1848
20260113,77.5,79.4,76.6,79.1,553,4345
20260114,80,83,79.5,79.5,615,4977
20260115,78.9,80.4,78.9,79.8,189,1501
20260116,80.4,80.4,78.8,79.3,250,1989
20260119,79.8,81.8,79.5,81.8,355,2867
20260120,81.1,81.2,80,80.2,279,2247
20260121,80.1,80.5,79,79.2,208,1658
20260122,79.7,79.9,78.8,79.8,176,1400
20260123,80.3,81,79.6,80.6,210,1685
20260126,81,81.5,80.2,80.5,242,1951
20260127,81.1,81.1,79.5,79.6,240,1923
20260128,85,87.5,81.9,82.3,1213,10228
20260129,83.2,83.2,80.3,81.2,375,3038
20260130,80.4,80.4,78.5,78.5,285,2259
20260202,77.3,77.6,76.5,76.5,201,1545
20260203,77.6,77.6,75.6,76.1,174,1327
20260204,75.8,76.5,74.7,75.2,290,2186
20260205,74.8,76,74.8,75.1,162,1220
20260206,74.4,74.4,72.8,73.6,321,2362
20260209,74.8,74.9,72.6,72.6,300,2198
20260210,71.2,72.5,71.2,72.2,190,1367
20260211,72,72,71.1,71.6,274,1959
20260223,72,75.6,71.5,75.5,407,2992
20260224,74.8,74.8,74,74.1,261,1940
20260225,74.6,74.7,73.2,74.1,282,2087
20260226,74.6,75.8,73.3,74.6,282,2110
20260302,72,73.1,71.5,72.6,354,2561
20260303,72,73.1,71.5,72,345,2491
20260304,71,71.1,67.4,67.6,1330,9123
20260305,69.5,70.4,68.2,70.3,350,2438
20260306,70.1,70.3,68.8,70.1,120,837
20260309,65,67.3,65,66,533,3516
20260310,68,68.5,66.5,67.5,250,1689
20260311,67.6,68.6,67.4,67.6,178,1211
20260312,67.3,67.3,66.1,66.4,212,1406
20260313,66,66.2,65.3,65.7,222,1464
20260316,66.9,66.9,65.2,65.4,175,1147
20260317,65.6,66.1,65.3,65.8,347,2277
20260318,67,67,66,66.2,156,1037
20260319,65.6,65.8,64.6,64.9,292,1903
20260320,65.4,65.4,64.2,64.2,233,1511
20260323,64.2,65.5,62.9,64,293,1889
20260324,64.8,65.2,63.1,65.2,221,1423
20260325,65.7,66.8,65.3,65.3,210,1383
20260326,65.3,66,65,65,150,981
20260327,64.7,65.3,64.5,65.2,200,1298
20260330,64,64.6,63.5,63.7,192,1227
20260331,63.5,64.9,62,62.5,261,1646
20260401,62.7,62.7,58.7,59.4,1316,7883
20260402,59.2,60.7,59,60.7,531,3174
20260407,61.7,61.7,59.8,60,203,1222
20260408,60.7,61.6,60.6,61.1,209,1275
20260409,61.3,61.3,59,59.3,312,1868
20260410,60,60.3,59.3,60,153,914
20260413,60.1,61.2,59.5,60.7,248,1494
20260414,61,63.9,61,63.8,463,2909
20260415,64.4,64.4,62.6,63.4,371,2346
20260416,63.3,64.9,63.3,64.9,130,833
20260417,64.9,65.4,63.2,63.4,337,2169
20260420,64.2,64.3,63.3,64.2,231,1474
20260421,63.2,64.6,63.2,64.5,162,1033
20260422,64.5,65.1,64,64.1,170,1097
20260423,64.7,65,62.1,63.5,356,2264
20260424,63.5,63.8,61,61,318,1976
20260427,61.5,61.9,60.2,61.4,245,1491
20260428,61.5,62.2,59.5,60.6,520,3177
20260429,57.8,58.5,57,58.3,448,2583
20260430,58,58.3,57.2,57.5,267,1538
20260504,57.5,58,55.4,55.9,415,2348
20260505,55.9,57.5,55.5,56.2,400,2244
20260506,56.9,58.5,56.2,58.1,449,2577
20260507,57.5,57.6,56.6,57.6,277,1582
20260508,57.2,58.2,56.8,56.8,265,1514
20260511,56.7,56.7,55.6,56,312,1747
20260512,56,56,52.8,54.2,709,3833
20260513,53.6,54.5,53.3,54.4,179,960
20260514,53.6,54,51.3,51.5,745,3894
20260515,54.8,56.6,53.5,56,2137,11967
20260518,54.8,60.1,53.6,60,1418,8180
20260519,58.5,60,56.5,60,759,4424
20260520,58.3,62,57.9,59.3,556,3294
20260521,58.6,59.7,58.2,59.5,320,1883
20260522,58.7,59,58.2,58.2,294,1721
20260525,58.7,58.7,55.1,55.1,490,2759
20260526,55.1,55.2,53.6,53.6,310,1681
20260527,53.8,54.2,53,53.3,284,1513
20260528,53.4,53.5,52.1,52.2,372,1956
20260529,52.8,53.1,52.2,52.6,252,1328
20260601,53.6,55,52.8,54.8,397,2152
20260602,54.9,55,53.3,54.5,256,1380
20260603,54.5,54.5,53.5,54.3,145,784
20260604,53.7,55,53.6,54.9,207,1130
20260605,55.7,56,54.7,55.1,207,1145
20260608,51.5,60.6,51.5,60.6,1636,9536
20260609,58.3,61.5,56.5,60.8,988,5906
20260610,58.6,59.8,56.2,56.9,570,3316
20260611,56.9,56.9,55.8,56.7,248,1398
20260612,56.3,57.5,55.8,56.4,346,1951
20260615,56.6,56.6,55.1,56,206,1148
20260616,56,56.2,54.2,54.3,321,1761
20260617,54,54.9,53.7,53.9,402,2180
20260618,53.9,53.9,53.4,53.5,298,1598
20260622,54.5,54.5,52.7,53,324,1726
20260623,53.3,53.7,52.7,52.9,277,1464
20260624,52.9,54.3,52.5,53.3,285,1528
20260625,53.2,54.3,52.4,53.4,243,1296
20260626,53.2,53.6,52.1,52.6,287,1517
20260629,52.8,55.7,52.8,55.5,392,2123
20260630,54.4,55.5,53.6,53.7,288,1554
20260701,54.3,54.3,52.5,53.5,301,1600
20260702,53.1,53.8,53.1,53.8,124,667
20260703,53.5,55.2,53.5,54.3,293,1598
20260706,54.3,55.9,54.3,54.4,248,1365
20260707,55.3,55.3,53.7,53.8,188,1020
20260708,54.3,55.2,53.1,53.5,188,1010
20260709,53.6,56.4,52.7,56,432,2371
20260713,54.4,55.1,53.8,53.8,319,1734
20260714,53.8,53.8,51.4,52,353,1839
20260715,53.1,53.5,52.1,53.1,143,757
20260716,53.1,53.1,52,52.4,101,531
20260717,51.5,52,51.1,51.2,375,1929
20260720,51.5,51.6,49,50.3,299,1504
20260721,50.3,51.4,50.3,50.8,86,437
20260722,50.8,51,50,50,162,818
20260723,50.5,50.5,49.85,50.4,109,549
20260724,50.4,50.5,49.9,49.95,106,531
20260727,49.5,50.4,49.5,50.3,90,449
20260728,49.3,50,49,49.2,189,933
20260729,49.7,50.4,48.1,49.1,413,2025
20260730,49.05,49.85,48.3,48.5,114,560
20260731,48.5,49.85,48.5,49.4,161,789
20260803,49.45,50.7,49.35,49.5,143,717
20260804,49.5,50.4,49.1,50.4,135,670
20260805,50.9,51,49.5,50,152,764
20260806,49.9,50,49.3,49.65,93,462
20260807,49.65,50.4,49.35,49.8,137,683
20260810,50.4,52.2,49.85,51.8,279,1421
20260811,50.8,51.7,50.7,51.2,106,540
20260812,51.4,52.2,51.2,51.6,143,739
20260813,51.5,52,50.7,51,76,387
20260814,50.1,50.4,49.55,49.55,134,666
20260817,48.95,50,48.95,49.8,78,388
20260818,49.4,50.5,49.4,49.55,170,845
20260819,49.4,50.2,49.4,49.55,164,816
20260820,49.55,50.1,49.35,49.6,124,615
20260821,49.6,50.4,49.1,50.4,117,582
20260824,51,51,49.7,49.9,64,321
20260825,49.2,49.35,48.7,48.85,124,606
20260826,49.15,49.85,49.15,49.55,81,400
20260827,50.3,50.3,49.05,49.6,82,408
20260828,50.1,50.1,48.75,48.8,173,851
20260831,48.8,48.8,47.55,47.75,377,1808
20260901,47.5,47.9,47,47.1,265,1253
20260902,46.55,46.95,46.1,46.15,293,1362
20260903,45.8,45.85,44.3,44.3,546,2453
20260904,44.9,47.65,44.55,47.05,231,1066
20260907,47.5,47.5,45.85,45.9,165,769
20260908,46.6,46.8,45.7,46.3,170,788
20260909,44.85,45.4,44.4,44.7,369,1648
20260910,44.7,44.7,42.75,42.75,325,1413
20260911,42.55,43.3,42.25,43.3,219,937
20260914,42.5,43.75,42.3,43.55,87,375
20260915,43.4,43.55,42.75,43.05,75,325
20260916,43.05,43.4,42.7,42.75,93,399
20260917,42.85,43.75,42.8,43.75,133,576
20260918,43.75,44.65,43.4,43.55,247,1083
20260921,44.1,44.2,43.75,43.85,127,558
20260922,43.65,43.65,42.6,42.85,216,928
20260923,42.85,43.45,42.85,43,71,306
