# date,open,high,low,close,lot,wan
20250814,16.9,17.3,16.7,17.25,744,1271
20250815,17.3,17.45,17.1,17.45,726,1259
20250818,17.45,17.65,17.35,17.65,574,1005
20250819,17.55,17.65,17.35,17.55,463,813
20250820,17.75,17.8,17.45,17.75,714,1261
20250821,18,18.5,17.8,18.1,1321,2399
20250822,18,18.1,17.8,17.95,629,1128
20250825,18.1,18.2,17.85,17.95,564,1014
20250826,17.9,18.2,17.8,17.85,340,608
20250827,17.8,18.4,17.8,18.35,746,1359
20250828,18.2,18.4,17.95,18.1,761,1380
20250829,18.2,18.3,17.75,17.8,683,1219
20250901,17.85,18.05,17.7,17.7,317,566
20250902,17.7,18.05,17.7,17.85,329,586
20250903,18.05,18.4,18,18.05,596,1085
20250904,18.1,18.25,18,18.1,330,597
20250905,18.3,18.35,17.95,18.2,404,730
20250908,18.15,18.35,18.15,18.2,339,618
20250909,18.2,18.2,17.85,17.9,415,747
20250910,18.5,19.35,18.5,18.85,4340,8260
20250911,18.85,19.05,18.6,19,1061,1998
20250912,19,19.3,18.85,19.3,1279,2447
20250915,19.25,19.35,18.8,19,1201,2286
20250916,19.05,19.15,18.85,18.95,531,1008
20250917,19,19.05,18.65,18.7,556,1043
20250918,18.9,18.95,18.75,18.9,818,1543
20250919,18.8,18.85,18.35,18.4,1134,2097
20250922,18.6,18.9,18.35,18.75,660,1229
20250923,18.7,19.1,18.45,18.6,1379,2590
20250924,18.6,19.15,18.6,19.05,1520,2879
20250925,19.15,19.5,19.05,19.25,1301,2505
20250926,19.2,19.2,18.7,18.9,682,1285
20250930,19.1,19.1,18.75,18.95,484,916
20251001,18.95,19.7,18.8,19.7,1505,2917
20251002,19.75,19.75,19.4,19.6,1127,2206
20251003,19.75,20.55,19.7,20.15,2781,5594
20251007,20.25,20.3,19.8,19.95,1191,2378
20251008,19.7,20.2,19.7,20.05,660,1321
20251009,20,20.5,19.9,20.1,984,1993
20251013,19.1,19.4,18.8,19.05,2069,3941
20251014,19.05,19.35,18.45,18.5,1586,2993
20251015,18.5,18.6,18.1,18.1,1196,2186
20251016,18.2,18.35,17.9,18.2,989,1790
20251017,18.4,18.4,18.05,18.2,404,736
20251020,18.15,18.2,17.9,18.1,494,892
20251021,18.15,18.45,18.15,18.15,691,1264
20251022,18.2,18.55,18.15,18.45,543,999
20251023,18.45,18.7,18.4,18.45,694,1286
20251027,18.55,18.65,18.3,18.35,557,1027
20251028,18.55,18.55,18.05,18.05,574,1041
20251029,18.1,18.1,17.75,17.85,934,1668
20251030,17.8,17.85,17.55,17.6,743,1312
20251031,17.55,17.7,17.55,17.55,522,920
20251103,17.6,17.75,17.35,17.4,542,948
20251104,17.3,17.5,17.3,17.35,438,761
20251105,17.35,17.35,17,17.05,664,1136
20251106,17.25,17.35,17.1,17.35,402,693
20251107,17.3,17.3,16.95,17,676,1152
20251110,17.2,17.45,17.05,17.3,445,767
20251111,17.25,17.5,17.25,17.45,605,1053
20251112,17.45,17.8,17.45,17.75,765,1351
20251113,17.7,17.9,17.55,17.65,844,1497
20251114,17.55,17.95,17.55,17.65,893,1589
20251117,17.55,17.7,17.25,17.25,758,1318
20251118,17.2,17.2,16.95,17,588,1001
20251119,17.2,17.25,16.9,17,293,499
20251120,17.1,17.25,17,17.05,397,677
20251121,17,17.1,16.85,16.95,557,943
20251124,17.2,17.2,17,17.2,332,569
20251125,17.25,17.4,17.25,17.35,271,468
20251126,17.35,17.85,17.35,17.6,702,1243
20251127,17.5,17.65,17.4,17.55,256,448
20251128,17.45,17.75,17.45,17.65,339,597
20251201,17.7,17.95,17.65,17.7,414,737
20251202,17.7,17.8,17.6,17.7,171,302
20251203,17.7,17.85,17.7,17.75,250,445
20251204,17.75,17.85,17.7,17.8,335,594
20251205,17.7,17.8,17.3,17.3,791,1386
20251208,17.35,17.4,17.25,17.3,211,366
20251209,17.4,17.6,17.4,17.55,319,558
20251210,17.55,17.55,17.15,17.25,554,955
20251211,17.35,17.35,17.1,17.2,318,546
20251212,17.35,17.35,17.05,17.05,619,1062
20251215,17.1,17.45,16.95,17.25,381,657
20251216,17.1,17.3,17.05,17.1,635,1087
20251217,17.2,17.6,17.2,17.45,1058,1848
20251218,17.4,17.65,17.4,17.5,471,826
20251219,17.4,17.65,17.4,17.4,351,613
20251222,17.5,17.6,17.45,17.6,260,456
20251223,17.6,17.75,17.45,17.45,527,926
20251224,17.45,17.6,17.2,17.2,415,718
20251226,17.25,17.25,17.1,17.15,227,389
20251229,17.2,17.3,17.15,17.25,437,752
20251230,17.25,17.25,16.7,16.9,1773,2987
20251231,16.9,17,16.75,16.75,595,1004
20260102,16.75,17.25,16.7,17.15,871,1486
20260105,17.4,17.4,17.05,17.1,972,1668
20260106,18.8,18.8,18.8,18.8,879,1652
20260107,20.65,20.65,20.65,20.65,1084,2239
20260108,22.7,22.7,22.7,22.7,2166,4917
20260109,24,24.55,22.7,23.4,18358,43474
20260112,23.15,24.2,23.15,23.65,6260,14766
20260113,23.95,25.1,23.3,24.15,9716,23593
20260114,23.95,24.25,23.55,24.25,1951,4671
20260115,24.55,25.55,24.55,25.55,3403,8577
20260116,26.4,26.65,26,26.25,2521,6634
20260119,26.75,27.1,26.75,27.1,2614,7030
20260120,27.3,28.5,27.3,28.25,3477,9743
20260121,28.7,29.1,26.5,26.55,4286,11914
20260122,28.4,28.4,25.6,25.8,3616,9568
20260123,25.5,25.5,24.15,25.5,2791,6946
20260126,26.3,27.9,26.3,27.15,2423,6544
20260127,27,28,26.55,27.5,2454,6713
20260128,26.5,27.45,25.5,25.5,6374,16633
20260129,25.5,25.75,24.35,24.65,4747,11804
20260130,24.7,25.1,24.35,24.65,2256,5556
20260202,25,25.25,23.3,23.6,3707,8938
20260203,24.1,24.3,23.3,24.2,1713,4073
20260204,24.4,24.45,23.85,24.2,1211,2923
20260205,24.15,24.2,23.4,23.5,1717,4076
20260206,23.8,23.8,23,23.4,1379,3219
20260209,24.05,24.05,22.9,22.9,1666,3870
20260210,21.85,22.25,21.5,21.95,2644,5775
20260211,21.8,22,21.1,21.65,2080,4467
20260223,22,22.45,21.65,21.9,2020,4445
20260224,21.9,22.2,21.45,21.5,1371,2969
20260225,21.55,22.05,21.45,21.95,1118,2425
20260226,22.1,22.1,21.3,21.4,1734,3725
20260302,21.4,21.9,21.2,21.7,1249,2684
20260303,21.7,21.7,20.9,21,1764,3733
20260304,20.8,20.8,19.95,20.05,2214,4473
20260305,20.4,20.6,20.2,20.3,1244,2536
20260306,20.4,21.9,20.1,21.65,2150,4582
20260309,20.6,21,20.4,20.6,1709,3531
20260310,21.2,21.2,20.6,21.15,1069,2237
20260311,21,21.8,21,21.5,854,1839
20260312,21.2,21.4,20.55,20.7,1669,3476
20260313,20.6,20.8,20.3,20.75,885,1816
20260316,21,21.7,20.75,21.65,1259,2689
20260317,21.8,22.8,21.55,22.5,2360,5243
20260318,22.8,22.85,22,22.4,1284,2878
20260319,22.2,22.9,22.1,22.15,1929,4340
20260320,22.1,22.2,21.1,21.25,1557,3362
20260323,20.4,21.05,20.25,20.8,761,1580
20260324,21.4,21.4,20.7,20.8,512,1070
20260325,21.4,21.4,20.75,21,606,1269
20260326,21.3,21.3,20.7,20.8,755,1574
20260327,20.8,21.35,20.65,21.25,623,1312
20260330,20.8,21.35,20.8,21.15,446,939
20260331,21.15,21.2,20.6,20.7,732,1524
20260401,21.1,22,21.1,21.7,1301,2818
20260402,22,22.8,21.9,22.65,3276,7354
20260407,22.1,22.1,21.3,21.85,2259,4898
20260408,21.85,21.95,21.55,21.85,1454,3159
20260409,21.85,21.9,21.1,21.1,1310,2791
20260410,21.1,21.3,20.85,21.15,841,1767
20260413,21.15,21.35,21.1,21.15,648,1374
20260414,21.3,21.6,21.25,21.25,697,1488
20260415,21.25,21.45,21.05,21.2,959,2034
20260416,21.3,21.65,21.25,21.6,994,2131
20260417,21.7,21.9,21.25,21.9,1108,2382
20260420,21.9,21.9,21.45,21.45,899,1938
20260421,21.4,21.55,21,21,1668,3539
20260422,21.15,21.45,20.95,21.4,786,1667
20260423,21.4,21.4,20.3,20.55,1541,3184
20260424,20.55,20.75,20.2,20.35,851,1736
20260427,20.35,20.55,20.1,20.35,730,1482
20260428,20.6,20.6,20.2,20.6,682,1391
20260429,20.8,20.8,20.45,20.7,342,707
20260430,20.6,20.75,20.25,20.3,614,1255
20260504,20.2,20.3,20,20.15,926,1865
20260505,20.2,20.7,20.2,20.45,518,1055
20260506,20.55,20.55,20.35,20.35,739,1509
20260507,20,20.05,19.55,19.95,1640,3251
20260508,20.3,20.3,19.8,19.8,775,1544
20260511,19.75,19.8,19.2,19.25,1594,3097
20260512,19.25,19.3,18.9,19,1029,1960
20260513,19,19.45,18.9,19.25,970,1861
20260514,19.1,19.2,18.95,19.15,656,1252
20260515,19.2,19.25,18.95,19.1,567,1082
20260518,19,19.45,18.85,19.15,610,1171
20260519,19.15,19.35,18.95,19.1,424,810
20260520,19,19.15,18.95,19.1,452,860
20260521,19.1,19.5,19.1,19.35,549,1058
20260522,19.25,19.4,19.1,19.35,746,1439
20260525,19.35,19.4,18.9,19.05,1295,2468
20260526,19.15,19.15,18.9,19.05,588,1118
20260527,19.05,19.15,18.85,19,563,1066
20260528,19,19.3,18.95,19.2,1045,2003
20260529,19.35,19.8,19.25,19.75,1127,2215
20260601,19.75,19.85,19.5,19.7,811,1597
20260602,19.85,20.05,19.5,20.05,720,1427
20260603,20.1,20.4,19.95,20.25,1144,2306
20260604,20.25,20.7,20.15,20.4,794,1626
20260605,20.5,20.55,20.05,20.1,804,1625
20260608,19.4,20.4,19.2,20.25,739,1471
20260609,20.25,21.4,20.25,20.75,1630,3382
20260610,20.25,20.3,19.75,20,1573,3147
20260611,20.3,20.3,19.3,19.6,983,1919
20260612,20.15,20.15,19.6,19.9,949,1877
20260615,20.1,20.3,19.95,20.1,654,1313
20260616,20.25,20.3,20,20.05,454,914
20260617,20,21.2,20,21.2,1462,3015
20260618,21.3,21.35,20.55,20.55,1400,2928
20260622,20.65,20.9,20.2,20.4,826,1691
20260623,20.5,20.5,20.1,20.25,643,1305
20260624,20.1,20.5,20.1,20.2,844,1709
20260625,20.3,20.85,20.25,20.55,1116,2294
20260626,20.35,20.45,19.9,20,791,1589
20260629,20.35,20.85,20.3,20.5,1120,2298
20260630,20.8,21.1,20.25,20.65,810,1668
20260701,20.45,21,20.35,20.8,792,1630
20260702,20.6,20.9,20.2,20.3,806,1649
20260703,20.2,21.1,20.2,20.85,1466,3049
20260706,21.05,21.35,20.85,21.05,896,1890
20260707,21.15,21.35,20.6,20.8,1172,2458
20260708,20.85,21.2,20.7,20.9,655,1370
20260709,20.9,20.95,20.5,20.55,613,1265
20260713,20.8,20.9,19.9,20,887,1786
20260714,20.2,20.2,19.6,19.9,768,1520
20260715,19.85,20.9,19.85,20.85,1154,2358
20260716,20.85,21.05,20.35,20.65,604,1246
20260717,20.4,20.6,19.85,19.85,823,1648
20260720,20.3,20.3,19.7,19.95,810,1611
20260721,20.15,20.25,19.9,20.05,438,877
20260722,20.05,20.05,19.75,19.75,574,1143
20260723,19.8,19.9,19.7,19.8,544,1077
20260724,19.8,19.85,19.4,19.65,690,1351
20260727,19.7,19.7,19.45,19.6,314,614
20260728,19.75,19.75,19.1,19.25,571,1099
20260729,19.65,19.85,19.1,19.45,1373,2674
20260730,19.75,19.8,19,19.1,612,1185
20260731,19.5,19.75,19.3,19.4,471,917
20260803,19.25,19.5,18.85,19.05,585,1114
20260804,18.8,19.1,18.7,19,925,1741
20260805,19.05,19.45,19.05,19.4,440,845
20260806,18.95,18.95,18.3,18.65,1655,3063
20260807,18.75,18.9,18.55,18.9,677,1271
20260810,18.7,18.85,18.35,18.8,661,1227
20260811,18.8,19,18.6,18.95,366,688
20260812,18.8,19.15,18.8,18.85,306,580
20260813,19.05,19.05,18.75,18.85,179,337
20260814,18.85,18.85,18.45,18.45,583,1083
20260817,18.35,19.05,18.35,19,667,1253
20260818,18.75,19,18.55,18.8,373,700
20260819,18.8,19,18.55,18.95,388,728
20260820,18.95,19.5,18.95,19.45,706,1360
20260821,19.45,19.55,19.15,19.45,562,1087
20260824,19.45,19.45,19.05,19.2,225,431
20260825,19.1,19.1,18.95,18.95,237,450
20260826,18.95,19.1,18.9,19.05,276,525
20260827,18.95,19.2,18.95,19.05,185,353
20260828,19.05,19.2,19.05,19.1,156,299
20260831,18.95,19.35,18.9,19,317,605
20260901,19,19.3,18.95,19,365,698
20260902,19,19.1,18.8,19,402,762
20260903,18.95,19.2,18.9,18.9,415,791
20260904,19,19.15,18.9,19.1,347,660
20260907,19.4,19.65,19.1,19.4,557,1078
20260908,19.3,19.5,19.15,19.15,318,613
20260909,19.05,19.3,19,19.15,258,494
20260910,18.95,19,18.55,18.6,817,1527
20260911,18.5,18.5,18.15,18.3,849,1552
20260914,18.15,18.15,18,18,525,950
20260915,18.05,18.1,17.9,18.1,314,566
20260916,18.15,18.25,18.1,18.15,275,499
20260917,18.2,19.85,18.2,19.6,2196,4240
20260918,19.4,19.4,18.8,19,1331,2530
