# date,open,high,low,close,lot,wan
20250814,19.85,21,19.4,20.3,14164,28678
20250815,20.4,21.45,19.75,21.15,10220,21203
20250818,21.2,22.25,21,21.95,7559,16501
20250819,21.95,22.2,20.25,20.45,6102,12775
20250820,20.15,20.25,19.35,19.65,2712,5347
20250821,19.9,20.05,19.5,19.6,1949,3847
20250822,19.7,19.75,19,19.2,1540,2975
20250825,19.6,19.6,19.1,19.2,1084,2084
20250826,19.4,21.1,19.1,21.1,10597,21758
20250827,21,21.35,20.2,20.3,6842,14180
20250828,20.2,21.1,20.1,20.35,2727,5632
20250829,20.95,20.95,20.25,20.25,2289,4709
20250901,20.45,20.55,19.9,19.9,1561,3139
20250902,20.1,20.2,19,19.4,1674,3251
20250903,19.5,20.3,19.25,20.05,1710,3412
20250904,20,20.6,19.6,19.65,1776,3551
20250905,19.75,19.85,19.25,19.4,1156,2247
20250908,19.45,19.65,19.15,19.25,844,1628
20250909,19.35,20,19.35,19.6,1593,3143
20250910,19.7,20.3,19.35,20.2,2101,4194
20250911,20.65,20.7,19.4,19.4,2416,4849
20250912,19.65,20,19.4,20,1170,2301
20250915,20.1,20.15,19.55,19.8,1198,2376
20250916,20.1,20.2,19.4,19.45,1319,2608
20250917,19.45,20.1,19.4,19.5,2165,4274
20250918,19.55,20.1,19.2,19.6,2433,4798
20250919,19.6,19.7,19.3,19.3,1351,2629
20250922,19.45,19.5,19.1,19.45,829,1602
20250923,19.6,19.6,19.05,19.1,902,1729
20250924,19.25,19.3,18.7,18.9,974,1839
20250925,19.25,20.25,19.25,19.6,3382,6712
20250926,19.85,19.95,19.3,19.3,1826,3593
20250930,19.35,19.7,19.3,19.4,647,1258
20251001,19.65,19.7,19.1,19.2,1151,2229
20251002,19.2,19.25,18.85,18.85,792,1509
20251003,18.85,18.95,18.7,18.75,515,969
20251007,18.75,20.2,18.7,20.05,2424,4739
20251008,19.55,19.65,19.3,19.5,1320,2569
20251009,19.7,20.25,19.45,20,3359,6718
20251013,20.6,21.3,19.8,20.8,10423,21297
20251014,20.25,20.3,18.85,18.85,4419,8709
20251015,19.05,19.15,18.85,18.85,1080,2048
20251016,18.9,19.3,18.9,19.05,732,1400
20251017,19.05,19.2,18.9,19.05,612,1167
20251020,19.25,19.25,18.8,18.8,591,1116
20251021,19.05,19.25,18.85,19,739,1412
20251022,19.1,19.55,19.05,19.4,1055,2038
20251023,19.5,19.5,19.1,19.2,556,1068
20251027,19.3,19.5,19.1,19.2,666,1284
20251028,19.2,19.35,18.9,19,683,1296
20251029,19.05,19.35,18.8,18.8,774,1475
20251030,18.8,18.9,18.25,18.35,1268,2332
20251031,18.35,18.75,18.3,18.35,597,1107
20251103,18.45,18.75,18.2,18.7,446,827
20251104,18.7,18.75,17.9,17.9,690,1253
20251105,17.6,18,17.45,17.85,440,782
20251106,17.9,18.3,17.85,18.15,473,854
20251107,18.15,18.25,17.8,17.8,233,417
20251110,17.9,17.95,17.55,17.8,269,477
20251111,17.95,18.85,17.95,18.5,1052,1936
20251112,18.85,20.25,18.8,19.75,5395,10597
20251113,19.8,20.7,19.7,20,4856,9819
20251114,19.55,20.5,19.1,19.1,1900,3722
20251117,19.35,19.35,18.2,18.2,1070,1996
20251118,18.15,18.15,17.45,17.55,1035,1836
20251119,17.6,17.6,17.3,17.4,508,887
20251120,17.7,18.2,17.7,17.95,561,1010
20251121,17.75,18.05,17.1,17.15,653,1137
20251124,17.4,17.6,17.25,17.25,271,473
20251125,17.45,17.7,17.3,17.35,356,622
20251126,17.55,18.05,17.5,17.9,811,1451
20251127,18.05,18.3,17.75,18.05,382,686
20251128,18.05,18.3,17.9,18.05,407,738
20251201,18.1,18.15,17.8,17.85,378,677
20251202,18,18.15,17.85,17.9,362,651
20251203,18.15,18.15,17.9,17.9,494,891
20251204,17.95,18.1,17.8,17.95,321,574
20251205,18,18,17.8,17.85,165,294
20251208,17.85,18,17.7,17.75,183,326
20251209,17.85,18,17.7,17.9,346,617
20251210,17.85,17.9,17.45,17.65,541,956
20251211,17.65,17.7,17.3,17.45,314,549
20251212,17.45,17.65,17.3,17.6,388,678
20251215,17.45,17.9,17.4,17.8,397,703
20251216,17.8,17.9,17.25,17.35,472,824
20251217,17.4,17.55,17.25,17.25,311,541
20251218,17.3,17.35,17.15,17.3,261,451
20251219,17.35,17.5,17.3,17.4,190,330
20251222,17.45,17.95,17.45,17.8,637,1136
20251223,18,18.05,17.75,17.8,216,385
20251224,17.9,17.9,17.5,17.5,310,545
20251226,17.55,17.6,17.4,17.45,218,381
20251229,17.5,18.9,17.5,18.55,4605,8532
20251230,18.25,18.25,17.8,17.85,1704,3061
20251231,17.8,17.95,17.45,17.45,1010,1777
20260102,17.75,18.1,17.65,18,1103,1976
20260105,18.15,18.2,17.55,17.65,764,1354
20260106,17.55,18.2,17.55,18.2,1020,1832
20260107,18.1,19.8,18.1,19.35,4690,8993
20260108,19.3,19.3,18.45,18.5,1937,3633
20260109,18.5,19.45,18.5,18.75,1317,2488
20260112,19.05,19.8,19,19.3,3083,6015
20260113,19.65,19.65,18.95,19.2,1614,3100
20260114,19.35,20.35,19.2,20,4986,9964
20260115,20.55,20.95,20.15,20.7,5059,10431
20260116,21.75,22.75,21.65,22.75,9589,21715
20260119,25,25,24.65,25,4109,10271
20260120,26.5,27.5,26.4,27.5,16334,44457
20260121,29.8,29.8,28,28.4,34416,99213
20260122,28.65,29.45,26.2,26.3,15841,43668
20260123,26.55,26.55,24.65,25.25,7887,19947
20260126,27.5,27.75,27,27.75,5074,14049
20260127,30,30,26.1,26.7,15087,42075
20260128,26.45,26.5,25.8,25.95,4222,10984
20260129,25.8,25.8,24.2,24.35,4629,11480
20260130,25.05,25.15,23.75,24.7,4159,10219
20260202,24.35,26.5,23.75,24,5775,14460
20260203,24.55,26.4,24.55,26.4,10481,27111
20260204,25.75,27.4,25.4,25.9,9268,24375
20260205,25.05,25.35,24.65,24.9,3132,7818
20260206,25,25,23.1,23.5,3219,7595
20260209,24,24.05,22.85,22.9,2107,4892
20260210,23.25,23.3,22.65,23.2,1465,3360
20260211,23.15,24.4,23.1,23.5,4064,9698
20260223,23.9,25,23.8,24.65,2894,7122
20260224,24.65,25.15,24.4,24.75,2385,5895
20260225,25,25,24.1,24.25,2539,6213
20260226,24.35,26.65,24.05,25.65,7785,19890
20260302,24.5,27.5,24.2,27.1,10351,27509
20260303,29.2,29.8,27.3,27.35,27267,78644
20260304,27.05,27.75,24.75,25.45,5933,15246
20260305,26.3,27.15,25.15,25.5,3813,9957
20260306,25,25.7,24.65,25.4,2154,5416
20260309,23.25,23.85,22.9,23.7,2568,5978
20260310,24.3,24.55,23.6,23.7,1988,4772
20260311,24,25.25,23.8,25,2313,5727
20260312,25,25.7,24.5,25.15,3609,9077
20260313,24.5,27,24.45,26,5508,14329
20260316,26.5,26.5,25.05,25.2,3064,7817
20260317,25.7,27.7,25.4,26.9,13006,35575
20260318,27.25,29.55,26.95,29.55,25880,75880
20260319,32.5,32.5,32.5,32.5,7818,25408
20260320,35.75,35.75,32.2,32.45,42656,144365
20260323,30,30.7,29.25,29.25,8300,24481
20260324,29.45,30,26.95,27.45,8538,24096
20260325,28,28.45,27.6,27.9,4205,11785
20260326,28.1,28.95,27.35,27.45,3805,10726
20260327,26.9,28.4,26.9,28.4,3105,8658
20260330,27.3,27.9,26.65,26.7,2369,6400
20260331,26.4,27.35,25.45,25.65,3029,7951
20260401,26.6,26.95,26,26.05,1834,4846
20260402,26.3,26.65,24.9,25.1,2116,5406
20260407,25.5,25.65,24.55,24.7,1862,4634
20260408,25.5,26.55,25.25,26.35,3020,7890
20260409,26.35,26.85,25.95,26,2964,7808
20260410,26.15,26.6,25.45,25.55,1801,4634
20260413,25,27.15,24.85,26.65,4086,10748
20260414,27,27,26.15,26.5,3484,9261
20260415,26.7,28.35,26.15,27.3,5696,15608
20260416,27.5,28.15,26.85,27.1,3548,9697
20260417,26.9,27.7,26.7,27.2,3716,10150
20260420,27.95,29.55,27.85,28,7797,22325
20260421,28.45,28.55,27.35,27.4,3304,9198
20260422,27.95,29.45,27.8,29,7982,23129
20260423,29.2,29.2,26.1,26.7,5919,16241
20260424,26.7,26.75,25.25,25.65,2296,5958
20260427,25.85,26,24.5,25.2,2116,5302
20260428,25.2,26.95,25,26.4,1834,4747
20260429,26.05,27.2,25.5,26.45,2085,5498
20260430,26.4,26.65,25.6,25.7,1409,3648
20260504,26.2,28.25,25.7,28.25,4405,12272
20260505,29.95,31.05,28.7,31.05,16143,48978
20260506,34.15,34.15,32.9,34.15,19149,64993
20260507,37.3,37.4,33.25,34.5,39198,136790
20260508,34.75,37.25,33.65,36,23649,84433
20260511,36.25,39.6,35.2,39.6,12763,49133
20260512,43.45,43.55,40,40.4,34259,145604
20260513,38.8,39.9,37.9,39,4833,18676
20260514,40.2,41.45,39,39.25,3397,13608
20260515,40,40.2,38.45,38.6,2680,10512
20260518,38.6,38.6,36.55,37.6,3027,11208
20260519,38.45,40,38.3,38.3,1921,7509
20260520,39.7,39.7,38.45,38.45,1836,7169
20260521,39.05,39.95,39.05,39.2,1993,7864
20260522,38.95,41.55,38.85,41.5,4047,16454
20260525,42.5,45.65,42.5,45.65,5416,24144
20260526,46.9,50,44.6,49.3,6372,29833
20260527,47.05,48.5,44.4,44.4,13176,60260
20260528,44.45,44.9,40.55,41.75,12396,52750
20260529,43.3,44.2,41.2,43.55,8473,36043
20260601,43.55,47.9,42.65,47.9,13634,64263
20260602,49.9,52.6,49.9,52.6,7762,40529
20260603,57.8,57.8,49.85,56.2,44368,244559
20260604,56.5,61.8,56.3,58.5,36365,214206
20260605,57.9,61.2,56.5,59.6,25659,151585
20260608,53.7,55.7,53.7,53.7,8664,46867
20260609,53,59,51,56.3,24587,139077
20260610,55.9,59,50.7,50.7,25168,137780
20260611,50.7,50.8,47.1,48.3,10070,49183
20260612,50.7,51.4,47.8,47.9,7510,37040
20260615,49.1,51.9,49.1,51.5,6672,33890
20260616,52.1,52.1,49.1,49.5,6467,32550
20260617,48.7,52,48.1,51.7,7601,38532
20260618,51.9,52.3,51,51.4,5665,29209
20260622,51.7,56.5,51.5,56.5,16414,90701
20260623,57.5,57.8,53,53.9,15074,83096
20260624,53.5,56.9,53,54.3,9866,54267
20260625,54.3,55.1,51.8,51.9,5403,28570
20260626,51,51.4,47.2,47.85,6023,29449
20260629,47.85,51,47.3,50.3,3832,18869
20260630,51.9,55.3,51.8,54.2,12141,65676
20260701,55.5,57.5,53.5,55.2,17326,96451
20260702,55,57.9,54.6,55.4,12995,73049
20260703,55.4,55.8,53.8,53.9,4126,22396
20260706,55,55,52,52,4179,22216
20260707,51.6,52.8,48.25,48.8,5254,26257
20260708,49.15,49.9,48.7,49.55,2698,13291
20260709,49.85,50,48.55,48.6,2063,10130
20260713,49.1,50.8,47.5,47.65,2269,11104
20260714,47.55,47.95,42.9,46.2,3891,17485
20260715,46.7,47.2,45.2,45.35,2342,10710
20260716,45,45,43.5,43.6,1885,8282
20260717,41.3,41.8,39.45,39.95,2846,11542
20260720,40.45,40.5,36.25,38.05,2256,8624
20260721,38.9,39.45,38.65,39,1085,4224
20260722,39.6,40.9,39.6,40,1358,5469
20260723,40.35,40.45,38,38.75,999,3888
20260724,38,38.75,36.9,36.9,1224,4578
20260727,36.9,37.4,35.5,36.9,995,3616
20260728,35.6,35.7,33.25,33.65,1755,6061
20260729,33.65,34.15,30.3,31.85,2874,9039
20260730,31.35,32.3,29.3,29.8,2501,7692
20260731,31.9,32.3,31.4,32.2,1469,4681
20260803,31.6,34.35,31.5,34.3,1519,5070
20260804,33.6,37.7,33.35,37.7,3011,10958
20260805,39.55,40.65,38.2,39.35,5375,21141
20260806,39.1,40.15,37.75,38.45,1821,7046
20260807,38.4,38.85,37.2,37.3,1217,4617
20260810,37.55,41,37.55,41,3206,12863
20260811,42.2,43.95,41.1,41.95,7889,33429
20260812,40.7,41.45,40.25,40.7,2194,8938
20260813,40.4,41.2,39.35,40.35,2530,10141
20260814,40.3,40.5,39.45,40.15,1750,6988
20260817,40.15,40.4,39.05,39.35,1021,4018
20260818,39.45,39.65,38,38,1224,4724
20260819,37.2,38.55,37,37.6,1042,3949
20260820,38.1,39.45,37.85,37.95,1266,4883
20260821,37.95,38.4,37.25,38.35,668,2529
20260824,38.35,39.1,37.7,37.7,692,2638
20260825,37.7,38,36.65,37.7,677,2516
20260826,37.7,40.75,37.7,40.1,2961,11769
20260827,39.7,40.1,39.2,39.25,1325,5244
20260828,39.85,40.6,39.45,39.7,1278,5096
20260831,39.25,39.5,38.4,39,920,3581
20260901,39.05,39.75,38.8,38.9,825,3226
20260902,38.75,39.05,38.45,38.5,581,2244
20260903,38.5,39.7,37.1,37.1,1153,4409
20260904,37.95,38.25,36.7,37.75,1121,4207
20260907,37.75,38.25,37.5,37.9,844,3203
20260908,37.9,39.85,37.65,38.1,1634,6329
20260909,38.3,39.5,38.25,39,1942,7566
20260910,38.1,38.55,37.85,38.05,798,3035
20260911,37.25,38,37.25,37.45,623,2337
20260914,37.4,38.1,36.25,37,925,3427
20260915,36.9,37.15,36,36,779,2838
20260916,36.45,37.4,36.45,37.3,907,3369
20260917,37.15,38.5,37.15,37.3,858,3243
20260918,38,39.1,37.5,38.6,2482,9542
20260921,38.6,39.9,38.2,39,1670,6533
20260922,39.4,40.9,38.85,40.6,3770,15182
20260923,41.4,41.9,39.75,41.25,6807,27974
