# date,open,high,low,close,lot,wan
20250814,12.15,12.3,12.05,12.05,2022,2459
20250815,12.1,12.2,11.85,12.15,2579,3097
20250818,12.15,12.5,12.15,12.25,2391,2941
20250819,12.25,12.25,12,12.05,1754,2125
20250820,12.1,12.1,11.65,11.75,2789,3297
20250821,11.75,12,11.7,11.95,2007,2390
20250822,11.9,12,11.7,11.75,2128,2507
20250825,11.9,12,11.75,11.8,2084,2472
20250826,11.8,12.15,11.7,12.15,9246,11197
20250827,12.15,12.85,12.1,12.25,5145,6409
20250828,12.3,12.3,12.15,12.2,1169,1429
20250829,12.2,12.3,12.05,12.15,1236,1501
20250901,12.3,12.4,12.05,12.15,1098,1340
20250902,12.15,12.25,11.85,11.9,1660,1984
20250903,11.9,12.05,11.85,11.9,965,1150
20250904,11.95,12.35,11.9,12.35,2000,2439
20250905,12.45,12.45,12.15,12.3,1025,1258
20250908,12.3,12.55,12.2,12.5,2047,2546
20250909,12.6,12.7,12.25,12.35,1374,1703
20250910,12.6,12.7,12.5,12.6,2382,3001
20250911,12.6,12.7,12.3,12.45,2477,3086
20250912,12.55,12.55,12.2,12.3,1168,1443
20250915,12.35,12.45,12.25,12.35,695,857
20250916,12.4,12.4,12.2,12.25,804,986
20250917,12.35,12.55,12.2,12.3,1391,1720
20250918,12.4,12.45,12.2,12.25,956,1176
20250919,12.25,12.3,12.1,12.2,1459,1780
20250922,12.3,12.55,12.3,12.5,1460,1815
20250923,12.35,12.5,12.1,12.2,2152,2630
20250924,12.2,12.25,12.05,12.1,1131,1372
20250925,12.2,12.55,12.15,12.35,1760,2181
20250926,12.35,12.35,12,12,1598,1934
20250930,12.15,12.15,11.9,12,894,1072
20251001,12.05,12.05,11.9,11.95,722,863
20251002,11.95,12,11.75,11.8,1413,1673
20251003,11.9,11.9,11.6,11.65,1674,1954
20251007,11.65,11.7,11.45,11.55,1938,2245
20251008,11.6,11.6,11.5,11.55,777,897
20251009,11.6,11.8,11.6,11.65,1280,1496
20251013,11.45,11.65,11.25,11.5,1485,1697
20251014,11.6,11.8,11.6,11.65,905,1057
20251015,11.7,11.9,11.65,11.75,1319,1554
20251016,11.85,12,11.8,11.95,1048,1248
20251017,11.95,12.55,11.95,12.3,2997,3688
20251020,12.45,12.65,12.3,12.45,1938,2420
20251021,12.55,12.55,12.25,12.25,926,1146
20251022,12.25,12.4,12.25,12.35,765,943
20251023,12.4,13.5,12.35,13.25,8884,11648
20251027,13.35,13.5,12.95,13.05,3870,5082
20251028,13.05,13.1,12.55,12.75,2349,2995
20251029,12.8,12.85,12.55,12.7,2013,2566
20251030,12.7,12.9,12.6,12.75,1975,2512
20251031,12.85,12.85,12.5,12.5,1335,1682
20251103,12.6,12.65,12.2,12.3,1422,1755
20251104,12.3,12.35,11.7,11.9,2704,3237
20251105,11.8,11.8,11.6,11.75,1258,1471
20251106,11.9,12.1,11.8,12.1,1079,1291
20251107,12.1,12.35,12.1,12.3,1124,1374
20251110,12.25,12.25,11.9,11.9,969,1160
20251111,11.95,12.1,11.9,12.05,1092,1311
20251112,12.1,12.55,12.05,12.5,2088,2594
20251113,12.55,12.7,12.35,12.4,1796,2245
20251114,12.4,13.35,12.1,13.15,5256,6848
20251117,13.15,13.15,12.55,12.6,3283,4190
20251118,12.5,12.55,11.9,11.95,3202,3863
20251119,12,12,11.55,11.65,2429,2846
20251120,11.65,11.85,11.5,11.55,2656,3082
20251121,11.5,11.9,11.4,11.75,1740,2036
20251124,11.85,12.1,11.65,11.8,1601,1898
20251125,11.85,11.85,11.7,11.8,657,773
20251126,11.85,12.1,11.85,12.1,1500,1801
20251127,12,12.3,12,12.2,1298,1579
20251128,12.2,12.7,12.2,12.55,2412,3016
20251201,12.45,12.65,12.45,12.55,814,1022
20251202,12.55,12.75,12.4,12.45,1079,1356
20251203,12.5,12.5,12.1,12.25,1184,1449
20251204,12.25,12.3,12.2,12.3,486,596
20251205,12.35,12.35,12,12.1,907,1101
20251208,12.1,12.1,11.9,12.05,760,910
20251209,11.95,11.95,11.75,11.95,1129,1339
20251210,11.9,12.05,11.85,11.85,623,742
20251211,11.9,12,11.8,11.95,732,871
20251212,12,12.2,11.9,11.9,1348,1621
20251215,11.95,12.3,11.8,12.05,1338,1624
20251216,12.05,12.05,11.75,11.9,1759,2087
20251217,11.85,11.95,11.7,11.75,1547,1827
20251218,11.8,11.8,11.55,11.55,2104,2447
20251219,11.65,11.7,11.55,11.55,1811,2099
20251222,11.65,11.75,11.55,11.7,1020,1188
20251223,11.7,11.75,11.6,11.7,1304,1523
20251224,11.7,11.75,11.6,11.65,576,671
20251226,11.7,11.7,11.55,11.6,878,1018
20251229,11.6,11.8,11.6,11.7,1509,1768
20251230,11.7,11.8,11.55,11.7,1296,1509
20251231,11.7,11.8,11.6,11.6,812,948
20260102,11.6,11.65,11.4,11.45,2742,3153
20260105,11.5,11.5,11.2,11.3,2483,2807
20260106,11.35,11.45,11.25,11.3,1658,1881
20260107,11.4,11.85,11.35,11.85,3297,3842
20260108,11.85,12.05,11.7,11.75,2264,2680
20260109,12,12.05,11.8,11.95,2250,2688
20260112,11.95,12.25,11.85,12.15,3254,3920
20260113,12.15,12.35,12.05,12.3,2387,2912
20260114,12.25,12.95,12.25,12.4,4079,5141
20260115,12.5,12.6,12.35,12.5,1568,1952
20260116,12.6,12.6,12.15,12.2,2286,2798
20260119,12.2,12.8,12.15,12.6,4500,5670
20260120,12.45,12.55,12.3,12.3,2427,3010
20260121,12.3,12.45,12.15,12.25,1329,1630
20260122,12.35,12.4,12.15,12.25,2034,2494
20260123,12.3,12.3,12.05,12.1,1221,1482
20260126,12.2,12.45,12.15,12.4,2146,2647
20260127,12.45,12.5,12.1,12.2,1302,1593
20260128,12.2,12.35,12,12.2,1970,2397
20260129,12.2,12.55,12,12.45,4062,5001
20260130,12.45,12.5,12.2,12.35,1747,2156
20260202,12.35,12.35,12.05,12.1,2181,2647
20260203,12.2,12.35,11.95,12.1,1597,1931
20260204,12,12.25,11.95,12.15,1448,1757
20260205,12.15,12.3,12.05,12.05,952,1159
20260206,12.05,12.05,11.65,11.9,1835,2170
20260209,12,12.1,11.8,11.95,1163,1389
20260210,12,12.05,11.85,12,897,1070
20260211,12,12.05,11.85,11.95,827,989
20260223,12,12.1,11.8,12.05,2282,2732
20260224,12.75,13.25,12.6,12.7,17580,22811
20260225,12.7,12.9,12.45,12.55,3460,4354
20260226,12.7,12.8,12.55,12.55,2782,3509
20260302,12.45,12.45,12.2,12.2,3169,3898
20260303,12.2,12.35,12,12.2,2009,2446
20260304,12.2,12.2,11.55,11.55,3703,4332
20260305,11.75,11.95,11.75,11.75,1833,2167
20260306,11.75,12.25,11.7,12.25,1819,2194
20260309,11.95,12,11.75,11.8,1828,2169
20260310,12,12,11.75,11.8,955,1132
20260311,11.9,12,11.85,11.95,1569,1868
20260312,11.85,11.9,11.65,11.7,2343,2749
20260313,11.55,11.7,11.5,11.5,2161,2498
20260316,11.55,11.7,11.5,11.55,1991,2303
20260317,11.65,11.7,11.4,11.65,2300,2662
20260318,11.7,11.9,11.65,11.75,1256,1477
20260319,11.75,11.9,11.55,11.65,2055,2411
20260320,11.6,12,11.6,11.7,2894,3421
20260323,11.75,12.85,11.75,12.5,16609,20804
20260324,13,13.05,12.2,12.3,12005,15102
20260325,12.5,12.75,12.2,12.75,6203,7774
20260326,13,14,12.9,14,17862,24352
20260327,14.65,15.4,14.35,15.4,63599,95729
20260330,16,16.9,16,16.9,18042,29983
20260331,17.95,18.55,17.7,18.55,39064,72006
20260401,16.7,16.75,16.7,16.7,15228,25432
20260402,15.2,15.2,15.05,15.05,10941,16499
20260407,14.85,14.85,14.3,14.65,8580,12484
20260408,14.25,14.25,13.6,14.1,10254,14255
20260409,14.4,14.55,14.15,14.45,5076,7322
20260410,14.65,14.65,14,14.3,2791,3995
20260413,14.45,14.45,14.05,14.2,3062,4351
20260414,14.2,14.25,14.05,14.2,2762,3906
20260415,14.2,14.6,14.1,14.25,4044,5794
20260416,14.3,14.6,14.25,14.6,3292,4755
20260417,14.75,14.75,14.1,14.1,3759,5398
20260420,14.05,14.15,13.1,13.2,12517,16759
20260421,13.45,14.5,13.4,14.5,11121,15749
20260422,14.5,14.75,14.05,14.25,10042,14356
20260423,14.35,14.35,13.3,13.75,7570,10383
20260424,14,14.2,13.45,13.6,7156,9801
20260427,13.6,13.6,12.75,13.25,13451,17740
20260428,13.6,13.75,13.35,13.45,3553,4796
20260429,13.35,13.45,13.15,13.25,2438,3231
20260430,13.25,13.25,13,13,3044,3986
20260504,13.05,13.05,12.5,12.7,4302,5466
20260505,12.8,12.85,12.65,12.75,1856,2365
20260506,12.9,12.95,12.6,12.65,2466,3130
20260507,12.75,12.8,12.35,12.7,3778,4741
20260508,12.7,12.75,12.4,12.45,2752,3444
20260511,12.5,12.5,12.3,12.4,2476,3068
20260512,12.35,12.35,11.95,12,5619,6800
20260513,12.1,12.25,11.95,12.15,3581,4332
20260514,12.15,12.15,11.95,12.1,3113,3751
20260515,12.25,12.5,12,12,5607,6884
20260518,12.2,12.25,11.95,12,3314,4009
20260519,12.05,12.1,11.8,11.85,3146,3755
20260520,11.95,11.95,11.8,11.8,2933,3474
20260521,11.85,12.2,11.75,12.1,2952,3545
20260522,12.15,12.15,11.9,12.1,2769,3327
20260525,12.15,12.25,11.75,12.25,5981,7172
20260526,12.35,12.4,11.9,12,3702,4462
20260527,12.05,12.05,11.8,11.85,3143,3739
20260528,11.9,12.15,11.8,11.95,4864,5817
20260529,11.95,12.15,11.9,11.95,3276,3924
20260601,11.95,12.2,11.8,12.15,4199,5062
20260602,12.15,12.25,12,12.25,3353,4058
20260603,12.25,12.75,12.15,12.75,8576,10753
20260604,13,14,12.75,14,41543,56697
20260605,13.4,13.55,12.65,13.05,17670,23067
20260608,12.25,12.95,12.1,12.7,6515,8210
20260609,12.75,13.25,12.35,12.8,8536,10911
20260610,12.95,13.4,12.9,12.95,7745,10141
20260611,13.15,13.15,12.6,12.7,4994,6399
20260612,12.9,13.05,12.75,12.9,3345,4322
20260615,13.05,13.15,12.8,12.9,4333,5617
20260616,13,14.15,12.75,14.15,14957,20624
20260617,15.55,15.55,15.55,15.55,37076,57652
20260618,15.95,17.1,15.4,17.1,44217,73717
20260622,18.8,18.8,18.2,18.45,73132,136135
20260623,17.8,17.9,16.65,16.75,27626,47190
20260624,16.45,17.75,16.15,17.35,19431,33183
20260625,17.3,17.5,16.8,16.85,9178,15648
20260626,17.05,17.1,16.3,16.5,7810,13022
20260629,16.25,17.5,16.15,16.95,9415,15895
20260630,17,17.1,16.45,16.6,6705,11138
20260701,16.6,16.75,15.9,16.05,7921,12866
20260702,16.1,17.1,15.9,16.75,7973,13297
20260703,16.75,17.5,16.65,17,6978,11960
20260706,17.2,17.7,16.75,16.85,8885,15319
20260707,16.95,16.95,15.9,16.15,6728,11008
20260708,16.15,16.3,15.65,15.7,4613,7302
20260709,15.8,16.1,15.45,15.75,3470,5471
20260713,16,16,15.05,15.1,4772,7339
20260714,15.2,15.35,14.55,14.75,4337,6444
20260715,14.85,15,14.7,14.9,2618,3891
20260716,15.05,15.05,14.7,14.8,1659,2469
20260717,14.6,14.65,14.1,14.35,3416,4921
20260720,14.65,14.65,13.85,13.85,3343,4701
20260721,13.95,14.2,13.95,14.15,1802,2537
20260722,14.2,14.4,14,14.25,2293,3259
20260723,14.2,14.4,14,14.15,2015,2858
20260724,14.1,14.1,13.85,13.85,1493,2083
20260727,14,14,13.35,13.5,2337,3168
20260728,13.4,13.4,13,13,2741,3608
20260729,13.1,13.2,12.45,12.8,4455,5665
20260730,12.9,12.9,12.4,12.5,2426,3053
20260731,12.75,12.9,12.65,12.65,2771,3540
20260803,12.55,12.95,12.45,12.8,2148,2737
20260804,12.7,13.25,12.65,13.15,2535,3295
20260805,13.3,13.4,13.2,13.2,1735,2303
20260806,13.1,13.5,13,13.5,1893,2515
20260807,13.45,13.5,13.2,13.25,1654,2208
20260810,13.3,13.55,13.25,13.45,1715,2309
20260811,13.45,13.45,13.15,13.4,1547,2056
20260812,13.5,14,13.45,13.75,2919,4006
20260813,13.7,13.7,13.45,13.45,1681,2277
20260814,13.45,13.7,13.3,13.7,2102,2840
20260817,13.55,13.6,13.4,13.45,1937,2613
20260818,13.4,13.45,13.15,13.2,1191,1577
20260819,13.15,13.3,13,13.2,2148,2825
20260820,13.25,13.65,13.25,13.5,1646,2225
20260821,13.5,13.7,13.4,13.65,1405,1904
20260824,13.6,13.75,13.35,13.4,1183,1594
20260825,13.4,13.6,13.2,13.55,868,1162
20260826,13.55,13.65,13.45,13.55,1201,1631
20260827,13.55,13.8,13.5,13.5,1622,2222
20260828,13.55,13.75,13.5,13.7,1803,2459
20260831,13.65,13.8,13.5,13.7,1998,2717
20260901,13.65,13.9,13.65,13.7,1892,2607
20260902,13.65,13.9,13.6,13.85,1387,1900
20260903,13.9,14.1,13.65,13.65,2590,3595
20260904,13.9,13.9,13.35,13.5,1518,2049
20260907,13.6,13.6,13.2,13.2,1594,2119
20260908,13.25,13.3,13.15,13.2,1147,1515
20260909,13.15,13.45,13.1,13.45,1168,1554
20260910,13.25,13.55,13.25,13.3,1512,2026
20260911,13.2,13.25,13.1,13.2,1288,1697
20260914,13.15,13.25,13.1,13.15,1139,1500
20260915,13.2,13.25,12.95,13.05,1357,1775
20260916,13.1,13.2,13.05,13.1,3228,4231
20260917,13.1,13.5,13.1,13.5,1824,2433
20260918,13.5,13.5,13.25,13.25,2071,2751
20260921,13.3,13.3,13.15,13.2,1090,1443
20260922,13.25,13.25,13.05,13.15,2066,2716
20260923,13.2,13.3,13.1,13.1,1352,1785
20260924,13.1,13.2,13,13.1,966,1267
