# date,open,high,low,close,lot,wan
20250814,12.4,12.65,12.4,12.55,182,229
20250815,12.55,12.7,12.5,12.55,28,35
20250818,12.55,12.55,12.45,12.45,138,173
20250819,12.35,12.5,12.35,12.5,41,51
20250820,12.45,12.55,12.25,12.55,65,80
20250821,12.35,12.6,12.35,12.6,51,63
20250822,12.5,12.65,12.5,12.6,13,17
20250825,12.5,12.6,12.4,12.6,115,145
20250826,12.6,12.6,12.4,12.4,19,23
20250827,12.4,12.45,12.35,12.35,30,37
20250828,12.35,12.45,12.25,12.25,33,41
20250829,12.35,12.35,12.3,12.35,19,24
20250901,12.3,12.4,12.2,12.4,100,123
20250902,12.35,12.6,12.35,12.55,159,198
20250903,12.75,12.95,12.65,12.7,136,174
20250904,12.8,13.2,12.75,13.1,425,552
20250905,13.2,13.2,12.85,13.1,227,295
20250908,13.2,13.2,13,13.05,85,111
20250909,13.05,13.05,12.85,12.9,31,40
20250910,12.9,13,12.85,13,16,20
20250911,13.05,13.05,12.6,12.85,85,108
20250912,12.75,13,12.75,13,70,90
20250915,13.05,13.1,12.6,12.9,47,61
20250916,12.9,13.35,12.8,13.25,325,426
20250917,13.2,13.5,13.2,13.35,228,306
20250918,13.4,13.5,13.3,13.35,21,28
20250919,13.35,13.4,13.25,13.4,23,31
20250922,13.35,13.4,13.3,13.35,35,47
20250923,13.25,13.25,12.8,13.15,64,83
20250924,13.25,13.45,13.25,13.4,56,74
20250925,13.4,13.45,13.3,13.3,13,17
20250926,13.3,13.35,13.2,13.3,101,133
20250930,13.25,13.7,13.25,13.65,446,599
20251001,13.6,13.65,13.55,13.65,60,81
20251002,13.65,13.8,13.65,13.65,99,135
20251003,13.65,13.65,13.4,13.4,21,28
20251007,13.2,13.8,13.1,13.65,109,147
20251008,13.65,13.65,13.55,13.6,53,72
20251009,13.7,13.7,13.3,13.5,97,132
20251013,13.5,13.5,13.15,13.2,74,98
20251014,13.2,13.45,13.15,13.2,218,289
20251015,13.05,13.05,12.65,12.85,111,144
20251016,12.85,13.05,12.8,13,170,221
20251017,12.95,13.05,12.85,12.9,54,69
20251020,12.9,12.9,12.7,12.7,32,41
20251021,12.75,12.75,12.5,12.55,74,94
20251022,12.55,12.7,12.55,12.7,13,17
20251023,12.75,12.85,12.55,12.8,36,46
20251027,12.6,12.8,12.6,12.65,27,35
20251028,12.65,12.65,12.3,12.3,67,83
20251029,12.5,12.55,12.35,12.35,12,14
20251030,12.25,12.25,12.2,12.2,23,28
20251031,12.2,12.2,12.05,12.05,50,60
20251103,12.1,12.1,12.05,12.1,170,206
20251104,12.05,12.1,12,12,50,61
20251105,12,12.1,12,12.1,18,22
20251106,12.25,12.25,12.1,12.25,29,36
20251107,12.25,12.3,12.1,12.2,11,14
20251110,12.1,12.2,12.1,12.15,13,16
20251111,12.05,12.05,11.8,11.95,59,70
20251112,11.95,12.3,11.95,12.25,72,88
20251113,12.15,12.2,12.05,12.1,50,61
20251114,12.15,12.6,12.15,12.5,145,181
20251117,12.55,12.95,12.5,12.8,195,248
20251118,12.8,12.8,12.45,12.5,38,48
20251119,12.5,12.5,11.95,11.95,101,123
20251120,12.3,12.3,12,12.1,63,77
20251121,12.2,12.25,11.8,11.9,73,87
20251124,11.9,12.2,11.9,12.05,53,64
20251125,12.1,12.1,12,12.05,19,23
20251126,12.2,12.4,12,12.35,72,88
20251127,12.45,12.5,12.35,12.5,66,82
20251128,12.55,12.85,12.5,12.7,107,136
20251201,12.8,12.8,12.5,12.55,47,60
20251202,12.6,12.6,12.3,12.5,27,33
20251203,12.5,12.5,12.3,12.3,34,42
20251204,12.35,12.35,12.1,12.35,54,66
20251205,12.3,12.4,12.3,12.3,19,23
20251208,12.1,12.4,12.1,12.25,20,25
20251209,12.25,12.25,12.15,12.15,5,6
20251210,12.45,12.55,12.3,12.3,7,9
20251211,12.5,12.5,12.35,12.35,13,16
20251212,12.4,12.4,12.25,12.25,23,29
20251215,12.5,12.5,12.15,12.2,71,86
20251216,12.2,12.2,11.9,12,138,166
20251217,12,12,11.85,11.9,67,81
20251218,11.9,11.95,11.75,11.85,74,87
20251219,11.95,12.05,11.75,12,200,238
20251222,12.05,12.05,11.7,11.8,462,544
20251223,11.95,11.95,11.8,11.85,113,134
20251224,11.85,11.95,11.8,11.8,217,257
20251226,11.9,12,11.75,11.9,37,44
20251229,11.9,11.9,11.7,11.75,244,288
20251230,11.7,11.8,11.7,11.75,60,71
20251231,11.75,11.85,11.7,11.85,62,73
20260102,11.75,11.85,11.7,11.8,60,70
20260105,11.85,11.85,11.6,11.7,52,60
20260106,11.6,11.75,11.6,11.75,49,58
20260107,11.7,11.95,11.7,11.9,63,75
20260108,11.75,11.95,11.75,11.95,28,33
20260109,11.9,12.15,11.8,12.1,110,132
20260112,12.1,12.15,11.95,12.15,67,81
20260113,12.1,12.1,12,12.05,36,44
20260114,12.05,12.2,12.05,12.05,41,49
20260115,12.05,12.2,12,12.05,41,49
20260116,12.05,12.15,12.05,12.1,46,55
20260119,12.05,12.2,11.95,12.1,59,71
20260120,12.05,12.1,12.05,12.1,101,122
20260121,12.1,12.1,11.95,12.1,39,47
20260122,12,12.1,12,12.05,29,36
20260123,12.05,12.05,11.9,11.9,56,66
20260126,11.9,12,11.9,11.95,38,46
20260127,11.95,12.05,11.85,11.95,31,37
20260128,11.95,11.95,11.8,11.95,60,71
20260129,11.85,11.85,11.75,11.85,37,44
20260130,11.85,11.85,11.75,11.85,25,30
20260202,11.8,11.8,11.65,11.7,55,65
20260203,11.7,11.85,11.55,11.6,89,103
20260204,11.6,11.8,11.6,11.75,42,49
20260205,11.75,11.8,11.7,11.7,27,32
20260206,11.65,11.7,11.6,11.7,55,64
20260209,11.7,11.7,11.5,11.7,118,137
20260210,11.7,11.7,11.65,11.65,25,29
20260211,11.65,11.95,11.6,11.95,105,123
20260223,11.9,11.95,11.8,11.9,137,163
20260224,11.9,12.3,11.9,12,192,232
20260225,12,12,11.8,11.9,78,93
20260226,11.9,11.95,11.75,11.9,84,100
20260302,11.9,11.9,11.8,11.85,39,46
20260303,11.85,11.95,11.6,11.9,148,174
20260304,11.6,11.7,11.55,11.6,52,61
20260305,11.65,11.65,11.6,11.65,48,56
20260306,11.55,11.65,11.5,11.6,53,62
20260309,11.5,11.5,11.15,11.15,165,186
20260310,11.35,11.4,11.3,11.35,86,98
20260311,11.3,11.55,11.3,11.4,86,98
20260312,11.3,11.6,11.3,11.45,102,117
20260313,11.4,11.45,11.15,11.25,70,79
20260316,11.3,11.3,11,11.15,121,135
20260317,11.2,11.45,11.2,11.4,46,52
20260318,11.4,11.4,11.3,11.3,446,507
20260319,11.35,11.35,11,11.3,238,267
20260320,11.3,11.35,11,11.2,150,168
20260323,11,11.35,10.9,11,238,266
20260324,10.85,10.95,10.75,10.8,362,393
20260325,10.95,11.2,10.95,11.05,68,75
20260326,11,11.7,11,11.3,271,309
20260327,11.45,12,11.3,11.5,531,618
20260330,11.8,12.65,11.8,12.65,1717,2153
20260331,13.55,13.9,13.3,13.9,2201,3020
20260401,13.4,13.4,12.7,12.7,4531,5916
20260402,12.4,12.4,11.85,12.05,1158,1402
20260407,12.05,12.1,11.6,11.9,562,665
20260408,11.8,11.8,11.6,11.7,300,351
20260409,11.75,11.95,11.55,11.9,288,339
20260410,11.9,11.95,11.65,11.7,202,238
20260413,11.65,11.9,11.65,11.9,333,392
20260414,11.85,12.1,11.8,11.9,164,196
20260415,11.85,12,11.75,11.85,189,224
20260416,12,12,11.8,11.8,86,103
20260417,11.95,11.95,11.65,11.9,108,127
20260420,11.9,11.9,11.5,11.55,173,201
20260421,11.55,12.4,11.55,12.2,627,755
20260422,12.25,12.25,11.8,11.95,162,193
20260423,11.95,11.95,11.5,11.55,176,204
20260424,11.8,11.85,11.4,11.5,132,152
20260427,11.4,11.5,11,11.3,231,261
20260428,11.55,11.55,11.3,11.3,59,67
20260429,11.4,11.4,11.25,11.35,46,52
20260430,11.3,11.3,11.2,11.25,35,39
20260504,11.3,11.4,11.25,11.35,49,55
20260505,11.2,11.35,11.15,11.3,64,72
20260506,11.55,11.55,11.2,11.25,67,75
20260507,11.2,11.2,10.95,11,261,287
20260508,11.2,11.2,10.95,11,46,51
20260511,11.15,11.15,10.8,10.95,182,200
20260512,10.85,11,10.75,10.8,113,122
20260513,10.8,10.95,10.7,10.7,114,122
20260514,10.7,10.95,10.6,10.7,117,126
20260515,10.8,10.85,10.6,10.6,56,60
20260518,10.6,10.7,10.55,10.6,114,121
20260519,10.7,10.7,10.5,10.55,46,48
20260520,10.5,10.55,10.35,10.4,112,117
20260521,10.45,10.55,10.4,10.45,128,134
20260522,10.55,10.55,10,10.5,222,230
20260525,10.5,10.6,10.45,10.5,214,226
20260526,10.5,10.5,10.35,10.35,274,285
20260527,10.35,10.35,10,10.05,208,210
20260528,10.15,10.25,10,10.05,163,165
20260529,10.05,10.35,10.05,10.1,94,95
20260601,10.1,10.3,10.1,10.3,110,113
20260602,10.3,10.45,10.25,10.45,82,85
20260603,10.45,10.95,10.45,10.7,187,200
20260604,10.85,11.75,10.85,11.45,1178,1354
20260605,12.55,12.55,12.55,12.55,1002,1257
20260608,11.7,11.7,11.3,11.55,948,1088
20260609,11.55,11.65,11,11.15,1258,1407
20260610,11.05,11.6,11.05,11.15,474,534
20260611,11,11.2,10.95,11.05,270,300
20260612,11.1,11.2,11.1,11.2,82,91
20260615,11.2,11.3,11.1,11.3,78,87
20260616,11.35,11.65,11.2,11.35,351,400
20260617,11.5,11.7,11.35,11.35,305,351
20260618,11.4,11.6,11.4,11.45,134,154
20260622,11.45,11.55,11.25,11.35,184,210
20260623,11.3,11.3,11.15,11.2,96,108
20260624,11.3,11.3,11.15,11.25,34,38
20260625,11.3,11.3,11.1,11.15,53,60
20260626,11.05,11.2,11,11.1,435,483
20260629,11.1,11.2,11.05,11.2,40,44
20260630,11.15,11.25,11.1,11.25,29,32
20260701,11.3,11.3,11,11.05,156,173
20260702,11.1,11.3,11.1,11.2,86,96
20260703,11.2,11.5,11.2,11.45,181,206
20260706,11.55,11.65,11.45,11.55,161,186
20260707,11.6,11.6,11.25,11.3,132,150
20260708,11.45,11.45,11.1,11.3,76,86
20260709,11.2,11.35,11.2,11.3,32,36
20260713,11.3,11.3,11,11.05,115,128
20260714,11.2,11.2,10.8,10.95,365,401
20260715,10.85,11.25,10.85,11.2,111,123
20260716,11.2,11.35,11.05,11.15,67,75
20260717,10.9,11,10.7,10.95,113,122
20260720,10.95,11.05,10.85,10.9,317,347
20260721,10.9,11.15,10.9,11.1,70,77
20260722,11.2,11.2,11,11.15,33,36
20260723,11.2,11.2,10.9,10.95,67,74
20260724,10.9,10.9,10.8,10.9,49,53
20260727,11.05,11.05,10.8,11,33,36
20260728,10.8,10.9,10.7,10.9,55,59
20260729,11.2,11.2,10.9,11.05,75,82
20260730,10.9,10.95,10.8,10.95,40,44
20260731,10.9,11.05,10.9,11,27,30
20260803,10.95,11.1,10.85,11.1,28,31
20260804,11.15,11.15,10.9,11.15,80,88
20260805,11.1,11.1,10.95,11,28,30
20260806,11.05,11.1,10.9,11,55,61
20260807,11.1,11.2,10.95,10.95,58,64
20260810,11.1,11.15,10.95,11.05,92,101
20260811,11.1,11.15,11,11.1,110,122
20260812,11.2,12.2,11.2,12.1,596,709
20260813,11.6,12,11.4,11.45,329,379
20260814,11.5,11.6,11.2,11.3,117,133
20260817,11.35,11.6,11.3,11.55,101,115
20260818,11.45,11.45,11.4,11.4,46,53
20260819,11.25,11.5,11.25,11.35,37,42
20260820,11.35,11.6,11.35,11.5,47,54
20260821,11.45,11.5,11.4,11.5,29,33
20260824,11.45,11.55,11.45,11.55,397,457
20260825,11.5,11.7,11.45,11.6,126,146
20260826,11.4,11.65,11.4,11.65,53,61
20260827,11.55,11.65,11.5,11.5,37,42
20260828,11.5,11.5,11.4,11.4,19,22
20260831,11.25,11.4,11.25,11.35,26,29
20260901,11.45,11.45,11.2,11.3,80,91
20260902,11.35,11.35,11,11.2,186,206
20260903,11.2,11.3,11.1,11.2,40,45
20260904,11.1,11.25,11.05,11.2,17,19
20260907,11.2,11.35,11.2,11.2,66,74
20260908,11.15,11.15,11.1,11.1,24,26
20260909,11.1,11.15,11.05,11.1,46,51
20260910,11.1,11.1,11,11.1,37,41
20260911,10.95,11,10.9,11,31,34
20260914,10.9,11,10.85,10.9,32,35
20260915,10.85,10.85,10.75,10.75,39,42
20260916,10.75,10.95,10.75,10.8,32,35
20260917,10.85,10.95,10.85,10.85,38,41
20260918,10.95,11,10.75,10.9,75,82
20260921,10.9,10.9,10.75,10.85,36,39
