# date,open,high,low,close,lot,wan
20250814,19.7,19.85,19.6,19.85,27777,54910
20250815,20,20.6,19.8,20.5,66102,133839
20250818,20.5,20.65,20.2,20.4,38340,78306
20250819,20.3,20.4,20.05,20.2,23387,47236
20250820,20.15,20.2,19.85,20.15,28304,56716
20250821,20.3,20.6,20.25,20.35,23922,48879
20250822,20.35,20.35,20.05,20.15,19611,39569
20250825,20.3,20.6,20.25,20.4,24157,49344
20250826,20.3,20.4,20,20.1,54873,110395
20250827,20.25,20.65,20.25,20.3,32125,65704
20250828,20.3,20.35,20.1,20.15,20767,41971
20250829,20.35,20.55,20.05,20.1,27043,54819
20250901,20.1,20.1,19.8,19.95,25581,51004
20250902,20,20,19.7,19.75,17668,34991
20250903,19.75,20,19.4,19.7,43372,85154
20250904,20.25,20.65,19.7,19.85,73535,147205
20250905,19.9,20,19.5,19.55,34348,67390
20250908,19.55,19.7,19.4,19.55,23050,45010
20250909,19.6,19.7,19.4,19.5,25191,49166
20250910,19.5,19.6,19.3,19.45,27797,54107
20250911,19.45,19.5,19.15,19.15,37113,71577
20250912,19.25,19.45,19.25,19.35,20666,40018
20250915,19.35,19.5,19.2,19.25,20410,39411
20250916,19.25,19.35,19.2,19.2,18840,36232
20250917,19.2,19.5,19.2,19.2,25765,49712
20250918,19.4,19.55,19.35,19.35,25566,49659
20250919,19.4,19.45,19.25,19.4,31801,61650
20250922,19.45,19.5,19.35,19.45,19148,37209
20250923,19.55,19.7,19.45,19.45,21144,41268
20250924,19.4,19.5,19.3,19.35,14126,27383
20250925,19.4,19.9,19.35,19.65,36055,70876
20250926,19.7,19.7,19.45,19.55,16315,31850
20250930,19.6,19.75,19.4,19.4,25383,49544
20251001,19.5,19.5,19.3,19.3,17307,33508
20251002,19.4,19.4,19.2,19.2,26868,51724
20251003,19.2,19.25,19,19,28341,54018
20251007,19,19.1,18.9,18.95,31937,60604
20251008,19,19.05,18.9,19,20312,38497
20251009,19.05,19.1,18.9,19,28909,54900
20251013,18.8,19,18.5,19,36803,68968
20251014,19,19.05,18.85,18.85,35962,68050
20251015,18.9,19,18.7,18.7,28125,52760
20251016,18.75,18.95,18.75,18.8,14792,27896
20251017,18.85,19.3,18.8,19.05,28678,54765
20251020,19.1,19.1,18.85,18.9,19459,36830
20251021,19.05,19.1,18.75,18.75,25707,48429
20251022,18.8,18.9,18.7,18.8,13190,24799
20251023,18.8,18.95,18.7,18.9,11987,22616
20251027,18.95,19.1,18.85,18.95,19529,36970
20251028,19,19.1,18.85,18.95,20286,38425
20251029,18.95,18.95,18.7,18.75,19032,35754
20251030,18.85,18.9,18.7,18.75,16996,31884
20251031,18.75,18.75,18.6,18.6,23940,44585
20251103,18.55,18.6,18.3,18.35,30331,55720
20251104,18.35,18.45,18.15,18.15,36004,65598
20251105,18.05,18.15,17.9,18.1,30945,55831
20251106,18.25,18.35,18.15,18.25,24009,43816
20251107,18.25,18.35,18.2,18.2,19445,35478
20251110,18.25,18.3,18.1,18.15,23716,43061
20251111,18.2,18.3,18.1,18.15,20982,38134
20251112,18.2,18.25,18.1,18.15,23377,42487
20251113,18.15,18.25,18.05,18.05,30002,54276
20251114,18,18.1,17.85,18,29813,53671
20251117,18.05,18.15,17.9,17.95,33089,59353
20251118,17.85,17.85,17.6,17.75,30165,53541
20251119,17.85,17.85,17.65,17.7,26448,46758
20251120,17.7,17.85,17.6,17.75,21732,38518
20251121,17.75,17.9,17.65,17.65,30309,53680
20251124,17.7,18.05,17.7,18.05,59303,106563
20251125,18,18.1,17.8,17.8,23583,42168
20251126,18,18.35,18,18.15,30543,55488
20251127,18.1,18.25,18.05,18.2,17631,32011
20251128,18.2,18.35,18.1,18.25,20628,37661
20251201,18.25,18.8,18.25,18.6,34933,64976
20251202,18.55,18.85,18.5,18.85,27585,51776
20251203,18.85,19.05,18.7,19.05,42448,80310
20251204,19.05,19.05,18.75,18.9,22240,41997
20251205,18.8,18.85,18.6,18.7,16831,31435
20251208,18.6,18.7,18.45,18.6,20504,38093
20251209,18.55,18.6,18.4,18.45,15289,28233
20251210,18.4,18.45,18.3,18.3,14114,25897
20251211,18.45,18.45,18.2,18.35,22325,40831
20251212,18.45,18.8,18.45,18.75,27705,51764
20251215,18.9,19.15,18.75,18.95,52464,99686
20251216,18.7,18.75,18.5,18.55,34791,64728
20251217,18.55,18.65,18.4,18.4,27909,51562
20251218,18.4,18.5,18.2,18.25,23782,43497
20251219,18.35,18.85,18.3,18.85,48985,91381
20251222,18.75,18.8,18.5,18.8,25839,48195
20251223,18.8,18.8,18.6,18.6,17109,31889
20251224,18.6,18.75,18.55,18.55,12110,22560
20251226,18.6,18.85,18.6,18.85,18595,34918
20251229,18.9,19.4,18.9,19.1,60244,115734
20251230,19.15,19.4,19.05,19.25,46366,89360
20251231,19.3,19.35,19,19,24063,45945
20260102,19,19.05,18.7,18.75,34914,65663
20260105,18.8,18.9,18.55,18.6,37619,70265
20260106,18.7,18.9,18.45,18.5,35378,65719
20260107,18.65,19.45,18.6,19.45,101684,194800
20260108,19.7,19.8,19.1,19.15,66522,128949
20260109,19.15,19.2,18.9,19,37822,71815
20260112,19,19.8,18.95,19.55,78551,153203
20260113,19.75,19.8,19.35,19.45,49327,96318
20260114,19.5,19.65,19.35,19.4,32319,62748
20260115,19.5,19.75,19.35,19.45,52938,103265
20260116,19.55,19.55,19.2,19.25,35619,68796
20260119,19.25,19.7,19.05,19.65,76962,150252
20260120,19.65,19.65,19.15,19.15,60140,115894
20260121,19.1,19.15,18.9,18.95,45828,86986
20260122,19.15,19.25,18.9,19,26848,51066
20260123,19.1,19.25,18.95,19.15,31337,59873
20260126,19.2,19.7,19.15,19.65,84072,164064
20260127,19.75,19.95,19.35,19.35,55309,108016
20260128,19.35,19.6,19.25,19.6,50012,97294
20260129,19.85,21.35,19.8,20.7,252713,523039
20260130,20.8,21.55,20.35,20.75,236124,495308
20260202,21.05,21.6,20.8,21.1,192450,407877
20260203,21.4,21.4,20.6,20.65,101403,212389
20260204,20.65,21.25,20.15,20.95,87525,183027
20260205,21.15,21.3,20.8,20.95,45959,96166
20260206,20.8,20.8,20.25,20.4,52136,106284
20260209,20.6,20.6,20.2,20.35,37219,75646
20260210,20.45,20.5,20.25,20.5,22843,46681
20260211,20.6,21.1,20.6,20.9,59286,123744
20260223,20.75,20.8,20.35,20.45,63019,129262
20260224,20.6,20.75,20.45,20.7,59289,122094
20260225,20.7,21.25,20.5,21.25,100937,211955
20260226,21.25,21.25,20.6,20.75,78353,162627
20260302,20.4,20.6,20.15,20.25,60300,122372
20260303,20.1,20.4,19.9,20.05,51449,103221
20260304,19.8,19.8,19.1,19.2,72826,140753
20260305,19.6,19.6,19.2,19.3,42848,82974
20260306,19.1,19.9,19.1,19.9,34596,67962
20260309,19.15,19.3,18.8,19.15,63581,121334
20260310,19.4,19.4,19.15,19.2,27186,52318
20260311,19.25,19.65,19.2,19.5,32463,63317
20260312,19.3,19.5,19.25,19.35,39253,75987
20260313,19.3,19.3,19.05,19.1,37371,71462
20260316,19.2,19.35,19.05,19.15,34663,66436
20260317,19.25,19.4,19.15,19.25,26522,51085
20260318,19.4,19.65,19.3,19.3,38923,75662
20260319,19,19.05,18.8,18.8,106377,200805
20260320,19.1,19.8,19.05,19.45,103795,202344
20260323,19.8,19.85,19.05,19.05,79823,154947
20260324,19.35,19.45,19.1,19.2,32031,61699
20260325,19.5,19.55,19.25,19.3,33740,65285
20260326,19.45,19.95,19.35,19.75,72875,143793
20260327,19.75,19.85,19.5,19.6,25814,50715
20260330,19.25,19.55,19.1,19.15,65473,125944
20260331,19,19.4,18.85,18.9,72974,139087
20260401,19.25,19.5,19.1,19.5,40567,78438
20260402,19.6,19.6,19.35,19.5,28468,55468
20260407,19.5,19.75,19.4,19.5,31432,61454
20260408,19.8,19.95,19.55,19.95,47760,94771
20260409,20,20.2,19.95,20.2,59320,119329
20260410,20.3,20.55,19.95,20.05,45397,91903
20260413,20.05,20.2,19.85,20.2,28986,58219
20260414,20.2,20.5,20.1,20.5,50312,102648
20260415,20.5,20.55,20.05,20.1,41024,82762
20260416,20.25,20.25,19.85,19.95,46230,92480
20260417,20.05,20.15,19.95,20.1,26198,52492
20260420,20.15,20.25,19.85,19.85,30078,59976
20260421,19.9,19.9,19.7,19.75,24047,47554
20260422,19.75,19.9,19.5,19.55,31505,61703
20260423,19.4,19.45,19,19.15,67365,129008
20260424,19.15,19.15,18.9,19,44298,84145
20260427,18.8,18.9,18.7,18.75,62382,117207
20260428,18.75,18.9,18.7,18.75,51436,96485
20260429,18.75,19.05,18.7,19,45039,85123
20260430,18.9,18.95,18.7,18.75,40997,76997
20260504,18.8,18.85,18.6,18.6,46067,86046
20260505,18.6,18.7,18.45,18.6,35494,65868
20260506,18.6,18.95,18.5,18.8,58219,108708
20260507,18.8,18.95,18.65,18.85,50917,95577
20260508,18.85,18.85,18.6,18.75,37205,69466
20260511,18.85,18.85,18.55,18.6,49014,91350
20260512,18.8,18.8,18.5,18.5,46641,86532
20260513,18.5,18.55,18.3,18.4,41687,76578
20260514,18.5,18.5,18.3,18.3,36358,66706
20260515,18.3,18.3,18.15,18.15,37246,67831
20260518,18.15,18.3,18.05,18.2,31853,57839
20260519,18.35,18.45,18.1,18.2,33372,60912
20260520,18.25,18.25,18.05,18.1,28371,51419
20260521,18.3,18.3,18.1,18.2,30241,55017
20260522,18.25,18.25,18.1,18.15,33263,60386
20260525,18.5,19.95,18.5,19.95,209932,407724
20260526,21,21,19.4,19.5,281826,571176
20260527,19.65,19.7,19,19.1,97154,186456
20260528,19.1,19.35,18.8,18.85,85147,162086
20260529,19.05,19.4,19,19.1,79358,151797
20260601,19.2,19.25,18.9,19.1,66982,128101
20260602,19.1,19.1,18.8,18.95,70796,133793
20260603,19.1,19.5,19.05,19.4,111693,215899
20260604,19.45,19.6,19.2,19.25,75212,145731
20260605,19.35,19.4,19.1,19.3,52448,101014
20260608,18.6,18.8,18.5,18.65,113184,211245
20260609,18.75,18.85,18.6,18.75,55158,103186
20260610,18.75,19.1,18.65,18.7,45094,84881
20260611,18.7,18.7,18.4,18.55,53675,99470
20260612,18.75,19,18.65,18.9,57668,108691
20260615,19.2,19.3,18.85,19,69973,133315
20260616,19.05,19.05,18.65,18.65,61688,115794
20260617,18.65,18.8,18.6,18.75,44850,83827
20260618,18.8,19.1,18.75,19.1,387667,739374
20260622,19.25,19.9,19.15,19.5,129640,253736
20260623,19.75,19.95,19.15,19.2,87164,169357
20260624,19.15,19.45,19,19.35,44605,85949
20260625,19.4,19.65,19.05,19.05,54981,106063
20260626,19,19.2,18.9,19,57536,109494
20260629,19.2,19.25,19,19.05,29363,56108
20260630,19.15,19.15,18.8,18.8,73056,137743
20260701,18.9,18.95,18.6,18.65,44531,83177
20260702,18.65,18.7,18.55,18.6,30282,56341
20260703,18.6,19.05,18.55,18.95,41120,77747
20260706,18.95,19.1,18.85,19,26256,49843
20260707,18.95,18.95,18.6,18.6,42196,78941
20260708,18.65,18.8,18.55,18.7,21115,39370
20260709,18.7,18.75,18.55,18.55,25521,47436
20260713,18.6,18.65,18.4,18.4,43033,79472
20260714,18.55,18.55,18.25,18.5,42281,77733
20260715,18.5,18.75,18.45,18.65,32735,60958
20260716,18.65,18.8,18.55,18.8,26896,50406
20260717,18.8,18.95,18.6,18.65,49686,93301
20260720,18.9,18.95,18.5,18.55,40618,75817
20260721,18.6,18.9,18.6,18.8,31409,59039
20260722,18.75,19,18.75,18.85,46436,87792
20260723,19,19.45,19,19.1,89131,171222
20260724,18.95,19.35,18.9,19.15,59826,114761
20260727,19.25,19.35,19.15,19.25,34244,65852
20260728,19.1,19.2,18.85,19,36337,68974
20260729,19.1,19.15,18.65,18.95,54263,102357
20260730,18.8,19.15,18.8,18.95,38307,72611
20260731,19.1,19.25,18.95,18.95,37675,71836
20260803,18.9,19.05,18.8,18.85,22867,43127
20260804,18.75,18.9,18.65,18.85,35645,66846
20260805,18.95,19,18.8,18.9,18037,34056
20260806,18.75,19.1,18.7,19,35038,66485
20260807,19.05,19.2,19,19.05,28960,55304
20260810,19.25,19.65,19.15,19.65,115957,224975
20260811,19.8,19.9,19.55,19.75,83236,163942
20260812,19.85,19.85,19.65,19.75,44569,88037
20260813,19.8,19.8,19.15,19.2,52094,100818
20260814,19.25,19.25,18.95,19,38977,74110
20260817,19,19.05,18.85,18.85,25789,48782
20260818,18.85,19,18.85,18.95,18139,34348
20260819,18.95,19,18.75,18.95,31131,58761
20260820,19,19.6,19,19.35,61777,119691
20260821,19.15,19.5,19.15,19.45,31437,60871
20260824,19.5,19.7,19.2,19.2,24094,46712
20260825,19.25,19.3,19,19.05,22802,43499
20260826,19.2,19.35,19.05,19.35,25294,48663
20260827,19.35,19.35,19.1,19.15,16519,31675
20260828,19.15,19.15,19,19.05,22553,42996
20260831,19,19.05,18.9,18.95,33829,64142
20260901,18.95,19.1,18.9,19.05,25958,49358
20260902,18.95,19.05,18.9,19.05,23684,44926
20260903,19,19.25,19,19,28511,54480
20260904,19.15,19.15,19,19.1,14450,27541
20260907,19.15,19.15,19,19,15934,30335
20260908,19.05,19.15,18.95,19.1,20869,39796
20260909,19,19.25,18.95,19.25,33490,64067
20260910,19.15,19.3,19,19.1,21755,41565
20260911,19,19.05,18.9,18.9,26834,50865
20260914,18.9,18.95,18.75,18.8,24253,45644
20260915,18.8,18.8,18.65,18.65,30610,57234
20260916,18.7,18.75,18.65,18.65,26366,49236
20260917,18.7,18.8,18.65,18.7,17570,32890
20260918,18.8,18.85,18.7,18.75,25508,47893
