# date,open,high,low,close,lot,wan
20250814,25,25.1,24.65,25,26,66
20250815,25,25,24.8,24.8,25,64
20250818,24.85,25.1,24.85,25.1,20,50
20250819,25.05,25.4,25.05,25.25,27,69
20250820,25.4,25.4,25,25,27,68
20250821,25,25.5,25,25.5,14,35
20250822,25.45,25.5,25.1,25.1,17,43
20250825,25.1,25.1,25,25.1,17,43
20250826,25.05,25.25,25,25.2,32,81
20250827,25,25.1,25,25.05,14,34
20250828,25.1,25.1,25,25,13,33
20250829,25,25.1,25,25.1,28,70
20250901,25.1,25.2,25.1,25.1,12,31
20250902,25,25.6,25,25.5,9,24
20250903,25.5,25.55,25.5,25.5,8,20
20250904,25.6,25.6,25.6,25.6,3,8
20250905,25.6,26.15,25.6,26.15,46,119
20250908,26.2,26.5,26.15,26.25,30,79
20250909,27.45,27.45,26.25,26.65,17,46
20250910,26.3,26.5,26.25,26.5,5,13
20250911,26.5,27.4,26,26.55,53,141
20250912,26.5,26.65,26.5,26.55,5,13
20250915,26.55,26.75,26.55,26.75,4,11
20250916,27,27,26.75,26.75,25,67
20250917,26.8,27.15,26.75,26.75,15,39
20250918,26.75,26.75,26.75,26.75,2,6
20250919,26.75,27.8,26.75,26.75,43,117
20250922,26.75,26.75,26.75,26.75,12,31
20250923,26.75,26.8,26.75,26.8,6,15
20250924,26.8,26.8,26.75,26.75,28,74
20250925,28.65,28.65,26.85,26.85,16,44
20250926,26.75,26.75,26.75,26.75,10,27
20250930,26.75,26.85,26.75,26.85,21,55
20251001,26.85,27,26.8,26.8,5,13
20251002,26.85,27.2,26.85,26.85,8,21
20251003,27.2,27.2,26.9,26.9,8,21
20251007,26.9,26.95,26.9,26.9,20,53
20251008,26.9,27,26.9,26.9,11,29
20251009,26.9,27.5,26.9,27.5,6,15
20251013,27.45,27.45,27,27,22,61
20251014,27.05,27.25,27.05,27.1,11,31
20251015,27.1,27.2,27,27,22,59
20251016,27.05,27.1,27,27.1,27,73
20251017,27.95,27.95,27.05,27.05,8,21
20251020,27.1,27.1,27.05,27.05,4,12
20251021,27.1,27.2,27.05,27.05,7,19
20251022,27.1,27.2,27.1,27.2,6,17
20251023,27.2,27.3,27.2,27.25,13,36
20251027,27.5,27.6,27.3,27.3,19,51
20251028,27.35,27.35,27.35,27.35,3,9
20251029,27.3,27.4,27.3,27.4,7,19
20251030,27.45,27.45,27.4,27.45,31,85
20251031,27.5,27.5,27.45,27.45,4,12
20251103,27.5,27.5,27.45,27.45,20,55
20251104,27.45,27.6,27.45,27.6,22,62
20251105,27.5,27.55,27.5,27.5,17,48
20251106,27.55,27.7,27.5,27.7,19,53
20251107,27.75,27.9,27.75,27.9,13,36
20251110,27.75,27.75,27.75,27.75,5,14
20251111,27.55,27.75,27.55,27.6,18,48
20251112,27.55,27.9,27.5,27.7,21,59
20251113,27.7,27.85,27.7,27.85,9,24
20251114,27.85,27.85,27.7,27.75,19,53
20251117,27.8,28,27.75,27.75,62,173
20251118,27.8,27.8,27.75,27.75,21,57
20251119,27.75,27.8,27.75,27.8,19,52
20251120,28.2,28.5,28.1,28.25,5,15
20251121,28.05,28.05,27.6,27.85,9,24
20251124,28.45,28.45,27.85,28.15,10,28
20251125,28.2,28.45,28,28.45,15,43
20251126,28.5,30.5,28.5,29.35,31,92
20251127,29.4,29.4,29.35,29.4,11,33
20251128,29.35,29.55,29.25,29.55,11,33
20251201,29.25,29.25,29.2,29.2,13,37
20251202,29.55,29.55,29.2,29.2,13,37
20251203,29.2,30,29.2,29.5,53,157
20251204,29.4,29.5,29.25,29.35,9,28
20251205,29.2,29.9,29.2,29.8,27,80
20251208,29.5,29.55,29.5,29.5,17,49
20251209,29.55,29.85,29.55,29.85,6,17
20251210,29.55,29.95,29.55,29.95,8,24
20251211,29.55,29.55,29.55,29.55,4,12
20251212,30.3,30.3,29.55,29.55,9,27
20251215,29.9,29.9,29.5,29.55,15,46
20251216,29.5,29.7,29,29.05,51,150
20251217,29.05,29.05,29,29,9,27
20251218,29,29.05,28.9,28.9,32,91
20251219,29.05,29.1,28.9,29.05,18,51
20251222,29.05,29.55,29,29.55,6,16
20251223,29.5,29.5,29.05,29.05,22,66
20251224,29.05,29.05,28.25,28.25,69,200
20251226,28.25,28.7,28.25,28.7,39,110
20251229,28.75,29.2,28.65,29.05,60,173
20251230,29.05,29.3,29.05,29.2,7,21
20251231,29.05,29.1,29,29.1,13,38
20260102,29.3,29.3,29,29.05,13,38
20260105,29.05,29.2,29,29.1,21,60
20260106,29.1,29.3,29.1,29.3,11,32
20260107,29.1,29.25,29.05,29.05,12,33
20260108,29.05,30,29.05,29.4,12,35
20260109,29.3,29.5,29.15,29.5,15,44
20260112,29.05,29.15,29.05,29.15,8,22
20260113,29.7,29.7,29.05,29.1,7,21
20260114,29.7,29.7,29.05,29.1,16,48
20260115,29.1,29.15,29.05,29.1,18,54
20260116,29,29.15,28.95,29.05,46,134
20260119,29,29.05,29,29.05,33,96
20260120,28.2,29,28.2,29,32,92
20260121,29,29.25,29,29.25,30,88
20260122,29.05,29.95,29.05,29.7,12,35
20260123,29.05,29.05,29,29,27,79
20260126,29,29.6,29,29,13,39
20260127,29.5,29.5,29.35,29.35,4,12
20260128,29.7,29.7,29.3,29.5,9,27
20260129,29.9,30.5,29.75,29.85,44,131
20260130,30,30.1,29.2,30.1,72,214
20260202,30.3,30.3,29.3,29.3,10,29
20260203,29.3,29.3,29.15,29.3,12,36
20260204,30,30,29.7,29.7,3,9
20260205,29.1,29.15,29.1,29.15,8,22
20260206,29.1,29.1,29.05,29.05,5,16
20260209,29.05,29.2,29,29.2,14,42
20260210,29.2,29.7,29.2,29.4,18,52
20260211,29.95,29.95,29.05,29.8,22,66
20260223,29.75,30,29.75,30,52,157
20260224,30,30,29.5,29.7,11,34
20260225,29.1,30,29.1,30,46,137
20260226,30.4,30.4,29.5,30,44,132
20260302,31.05,31.05,29.2,29.8,50,149
20260303,29.45,29.95,29.3,29.5,18,54
20260304,29.25,29.25,29,29.05,36,106
20260305,29.45,29.45,29,29,37,108
20260306,29,29.3,29,29,31,89
20260309,29,29,28,28,89,252
20260310,29.3,29.3,28.15,28.45,11,30
20260311,28.45,29,28.45,29,8,23
20260312,28.5,28.75,28.5,28.5,25,71
20260313,28.1,28.15,28,28.1,36,101
20260316,28,28.1,27.6,28,166,466
20260317,28.05,28.25,28,28.2,46,129
20260318,29.6,29.6,27.65,28,69,195
20260319,28,28.05,27.75,27.75,50,141
20260320,27.75,27.85,27.75,27.85,9,26
20260323,27.75,27.8,27.55,27.55,24,66
20260324,27.55,27.65,27.5,27.65,20,54
20260325,27.65,28.9,27.65,27.8,11,31
20260326,27.8,27.8,27.5,27.65,20,54
20260327,27.5,28.9,27.5,28.9,4,12
20260330,28.85,28.85,27.55,27.55,28,78
20260331,27.5,27.5,27.05,27.5,35,97
20260401,27.5,27.75,27.2,27.2,29,78
20260402,27.1,27.2,27,27,13,36
20260407,27.05,27.05,27,27,17,45
20260408,27.05,28.3,27.05,28.1,24,67
20260409,28.1,28.1,28.1,28.1,1,3
20260410,28.2,28.2,27.4,27.95,22,62
20260413,27.5,27.6,27.5,27.5,27,73
20260414,27.5,28,27,27.25,78,212
20260415,27.25,27.9,27.1,27.1,34,95
20260416,27.5,27.5,27.05,27.45,45,123
20260417,27.4,27.5,27.05,27.4,30,82
20260420,27.2,27.2,27,27,3019,8150
20260421,27.25,27.85,27.05,27.2,65,177
20260422,27.75,27.75,27.05,27.65,66,181
20260423,27.75,27.75,27.5,27.6,31,84
20260424,27.8,27.9,27.8,27.9,19,52
20260427,27.7,27.7,27.5,27.55,7,20
20260428,28.5,29.2,27.5,27.6,29,82
20260429,28.3,28.3,27.5,28,43,119
20260430,27.55,27.95,27.5,27.5,32,88
20260504,27.55,27.6,27.5,27.5,59,162
20260505,27.85,27.9,27.5,27.5,10,27
20260506,27.6,28.55,27.55,28,17,48
20260507,27.6,28,27.6,27.65,17,48
20260508,28.25,28.25,27.15,28.15,57,158
20260511,27.5,28.1,27.5,27.9,14,38
20260512,27.55,27.55,27.5,27.5,30,83
20260513,27.5,27.75,27.5,27.7,8,23
20260514,27.5,27.95,27.5,27.5,38,104
20260515,27.5,27.55,27.5,27.5,19,51
20260518,27.5,27.55,27.5,27.55,13,37
20260519,28.15,28.15,27.5,27.75,16,44
20260520,27.5,27.9,27.5,27.9,18,51
20260521,27.5,27.85,27.5,27.85,31,84
20260522,27.5,27.85,27.5,27.55,15,42
20260525,27.55,27.75,27.5,27.75,21,58
20260526,27.75,27.8,27.75,27.75,24,67
20260527,28,28.3,27.75,28.15,26,74
20260528,28.5,28.95,28.15,28.25,20,57
20260529,28.25,29,28.25,28.85,44,125
20260601,28.85,29.05,28.8,29,32,93
20260602,29,29.2,28.75,29.2,76,220
20260603,29.5,30,29.5,30,37,110
20260604,30,30.2,30,30,34,102
20260605,30,30.3,30,30.3,88,265
20260608,30,30,29,29.05,86,253
20260609,29,30.05,29,29.75,45,133
20260610,29.55,29.8,29.45,29.45,63,185
20260611,30,30,29.5,29.7,63,186
20260612,30.05,30.05,29.5,30,10,31
20260615,30.95,30.95,29.9,30.3,34,104
20260616,30.8,30.85,30.35,30.85,29,89
20260617,30.5,31,30.5,30.5,37,112
20260618,30.5,30.8,30.5,30.8,16,48
20260622,31.5,31.5,30.55,30.8,23,71
20260623,30.5,30.95,30.5,30.9,29,88
20260624,30.5,31,30.5,31,12,38
20260625,30.65,31.45,30.55,31.45,10,32
20260626,30.6,30.6,30.05,30.05,54,163
20260629,30.55,30.55,30,30.55,20,60
20260630,30,30.5,29.5,30.5,68,202
20260701,31,31,30.5,30.8,39,121
20260702,31.25,31.25,30.5,30.8,13,39
20260703,30.5,30.8,30.5,30.8,20,60
20260706,30.5,30.65,30.5,30.65,5,15
20260707,29.55,30.15,29.5,29.6,226,668
20260708,29.5,29.75,29.5,29.55,13,40
20260709,29.6,30.15,29.6,29.85,15,45
20260713,28.9,29.3,28.85,29.3,26,75
20260714,29.85,29.9,29.15,29.8,20,60
20260715,30,30.5,29.55,30.5,31,95
20260716,30.95,31,30,31,32,98
20260717,30.45,31.05,30,31.05,66,203
20260720,30.95,31.9,30.95,31.3,67,212
20260721,30.45,31,30.45,30.95,11,33
20260722,30.7,30.75,30.1,30.15,17,51
20260723,30.05,30.9,30,30.9,20,62
20260724,30.05,31,30,31,90,272
20260727,31,31,30.5,31,29,91
20260728,30.15,30.7,30.1,30.55,25,77
20260729,30.5,30.9,30.2,30.75,40,121
20260730,31.85,31.85,30.55,31,27,84
20260731,30.95,31,30.9,30.95,17,53
20260803,30.6,31.15,30.6,31,26,82
20260804,30.65,31.1,30.5,30.55,74,228
20260805,31,31.2,31,31.15,21,66
20260806,30.75,31.1,30.6,30.85,37,114
20260807,30.55,30.7,30.5,30.7,11,34
20260810,30.55,31.35,30.55,31.3,9,29
20260811,30.6,30.75,30.5,30.75,18,54
20260812,30.55,30.95,30.5,30.55,22,66
20260813,31.05,31.2,30.6,31.05,31,96
20260814,30.6,30.95,30.55,30.75,17,53
20260817,30.55,31.1,30.55,31.1,30,92
20260818,30.65,30.75,30.65,30.65,10,32
20260819,30.55,31,30.5,30.5,19,58
20260820,30.55,30.8,30.5,30.8,43,130
20260821,30.6,31,30.6,31,8,25
20260824,30.6,30.7,30.5,30.5,12,37
20260825,30.5,31,30.5,30.5,109,334
20260826,30.5,31.15,30.5,31.1,34,106
20260827,30.55,30.95,30.5,30.5,13,39
20260828,30.5,30.55,30.5,30.55,9,27
20260831,30.55,30.6,30.5,30.55,8,25
20260901,30.55,31.2,30.55,31.2,5,15
20260902,30.55,30.55,30.5,30.55,11,35
20260903,30.5,30.5,30.5,30.5,5,15
20260904,30.75,30.95,30.75,30.8,12,38
20260907,30.9,31.5,30.85,31.4,20,61
20260908,30.7,31.25,30.7,30.75,11,34
20260909,30.55,31,30.55,30.7,17,51
20260910,30.6,30.8,30.55,30.8,5,14
20260911,30.6,30.6,30.5,30.55,8,24
20260914,30.55,30.55,30.5,30.5,6,17
20260915,30.5,30.55,30.5,30.5,39,120
20260916,30.8,30.8,30.5,30.5,4,13
20260917,31.35,31.4,30.75,30.9,22,69
20260918,30.9,31.15,30.55,30.95,19,60
20260921,30.85,30.9,30.5,30.6,14,42
20260922,30.9,30.9,30.5,30.5,7,22
20260923,30.5,30.5,30.5,30.5,32,97
20260924,30.5,30.5,30.5,30.5,13,39
