# date,open,high,low,close,lot,wan
20250814,24.5,25.2,24.5,25.15,858,2143
20250815,25.3,25.85,25.1,25.7,1127,2876
20250818,25.6,25.8,25.2,25.3,583,1483
20250819,25.3,25.65,25.2,25.6,675,1721
20250820,25.7,25.7,24.95,25.1,381,960
20250821,25.15,25.45,25.05,25.25,290,733
20250822,25.15,25.4,24.95,25,206,518
20250825,25.2,25.25,25.1,25.15,214,540
20250826,25.15,25.35,25.1,25.2,294,741
20250827,25.1,25.25,25.1,25.2,215,542
20250828,25.2,25.25,25.05,25.05,362,911
20250829,25.15,25.25,24.95,25,344,862
20250901,25.1,25.2,24.8,25,262,656
20250902,25.05,25.2,24.8,24.85,207,516
20250903,24.85,25.1,24.8,25.05,199,498
20250904,25.05,25.6,25.05,25.45,472,1199
20250905,25.55,25.7,25.3,25.5,208,530
20250908,25.45,25.5,25.3,25.45,156,396
20250909,25.35,25.45,25.15,25.35,185,468
20250910,25.3,25.3,24.9,25.05,232,581
20250911,25,25,24.4,24.4,404,999
20250912,24.4,24.65,24.4,24.6,743,1827
20250915,24.85,24.85,24.55,24.65,173,426
20250916,24.6,24.7,24.55,24.55,149,367
20250917,24.7,24.8,24.55,24.6,111,274
20250918,24.7,25.05,24.7,24.75,210,522
20250919,24.7,24.75,24.55,24.6,115,282
20250922,24.8,24.8,24.6,24.65,88,216
20250923,24.65,24.7,24.5,24.5,176,433
20250924,24.55,24.75,24.45,24.45,127,312
20250925,24.6,24.85,24.55,24.7,127,313
20250926,24.75,24.75,24.25,24.3,271,662
20250930,24.4,24.55,24.3,24.5,207,507
20251001,24.4,24.5,24.25,24.25,306,745
20251002,24.25,24.4,24.15,24.15,257,625
20251003,24.25,24.25,24,24.1,338,816
20251007,24.15,24.15,23.85,24,453,1087
20251008,23.7,23.8,23.55,23.75,480,1137
20251009,23.6,23.85,23.6,23.6,418,988
20251013,23,23.4,22.7,23.25,527,1220
20251014,23.4,23.8,23.2,23.5,543,1276
20251015,23.5,23.7,22.85,22.85,3760,8626
20251016,23.05,23.6,23.05,23.5,390,911
20251017,23.5,23.9,23.5,23.55,314,743
20251020,23.65,23.65,23.4,23.45,207,486
20251021,23.5,23.7,23.45,23.6,304,718
20251022,23.7,23.85,23.7,23.75,193,459
20251023,23.75,23.95,23.75,23.9,225,536
20251027,24,24.1,23.7,24,387,924
20251028,24.15,24.25,23.9,23.9,228,546
20251029,24,24,23.6,23.7,286,680
20251030,23.7,23.8,23.6,23.75,231,548
20251031,23.85,23.9,23.65,23.8,170,404
20251103,23.7,23.8,23.65,23.65,216,511
20251104,23.65,23.85,23.65,23.75,196,464
20251105,23.75,23.75,23.4,23.6,193,453
20251106,23.7,23.8,23.65,23.8,204,485
20251107,23.8,23.95,23.7,23.75,255,606
20251110,23.55,23.55,22.85,22.95,616,1419
20251111,23,23.1,22.65,22.75,611,1394
20251112,22.95,23,22.8,23,334,766
20251113,23.1,23.15,23,23.15,246,567
20251114,23,23.35,23,23.3,317,735
20251117,23.3,23.3,22.85,22.9,294,675
20251118,22.75,22.75,22.35,22.45,592,1335
20251119,22.6,22.6,22.3,22.4,276,619
20251120,22.45,22.8,22.45,22.65,147,332
20251121,22.75,22.75,22.45,22.5,127,287
20251124,22.6,22.9,22.6,22.9,309,704
20251125,22.9,23.05,22.9,23,155,355
20251126,23.15,23.3,23,23.15,273,633
20251127,23.15,23.3,22.95,23.05,175,403
20251128,23.05,23.4,22.9,23.15,176,406
20251201,23.05,23.35,23.05,23.15,121,280
20251202,23.2,23.35,23.2,23.25,172,400
20251203,23.35,23.35,23.15,23.3,164,381
20251204,23.35,23.45,23.2,23.4,197,459
20251205,23.3,23.3,23.05,23.15,143,332
20251208,23.1,23.1,22.85,22.9,183,420
20251209,22.9,23.1,22.85,23.05,212,487
20251210,22.9,23.05,22.9,22.95,122,281
20251211,22.9,23.1,22.9,23,133,307
20251212,23.05,23.3,23.05,23.25,172,399
20251215,23.05,23.4,23.05,23.3,179,416
20251216,23.2,23.3,22.95,23.15,224,516
20251217,23.15,23.3,23.1,23.15,185,429
20251218,23.15,23.15,23,23.05,114,264
20251219,23,23.3,23,23.25,162,375
20251222,23.25,23.35,23.15,23.3,180,419
20251223,23.3,23.4,23.3,23.4,140,328
20251224,23.4,23.55,23.35,23.4,225,527
20251226,23.4,23.65,23.3,23.65,225,530
20251229,23.65,24.2,23.65,23.85,441,1054
20251230,23.85,23.95,23.55,23.8,200,474
20251231,23.85,23.95,23.7,23.8,153,364
20260102,23.7,23.7,23.45,23.6,152,358
20260105,23.55,23.55,23.15,23.2,315,734
20260106,23.2,23.2,23.05,23.15,153,353
20260107,23.35,24.15,23.25,24.1,610,1453
20260108,24.25,24.3,23.7,23.75,263,628
20260109,24,24,23.25,23.45,281,660
20260112,23.45,23.8,23.4,23.7,283,669
20260113,23.7,23.85,23.45,23.8,249,587
20260114,23.85,24.1,23.8,24.1,366,875
20260115,24.25,24.4,24.05,24.2,461,1116
20260116,24.35,24.35,23.8,23.9,304,726
20260119,23.75,24.1,23.7,23.8,361,862
20260120,23.75,23.95,23.6,23.75,330,784
20260121,23.6,23.6,23.4,23.5,403,949
20260122,23.5,23.7,23.5,23.65,251,592
20260123,23.65,23.75,23.5,23.65,184,434
20260126,23.55,23.9,23.55,23.75,441,1049
20260127,23.95,24.1,23.5,23.55,525,1240
20260128,23.7,23.95,23.55,23.95,573,1360
20260129,23.9,24.7,23.8,24.45,1861,4538
20260130,24.45,24.75,24.15,24.35,1148,2804
20260202,24.15,24.5,23.8,23.9,851,2049
20260203,24.1,24.15,23.7,23.8,340,813
20260204,23.95,24.45,23.75,24.4,561,1364
20260205,24.45,24.45,24.05,24.15,271,656
20260206,24,24,23.55,23.9,444,1056
20260209,24.15,24.15,23.8,24.05,205,491
20260210,24.2,24.4,23.95,23.95,487,1177
20260211,24.1,24.4,24,24.35,445,1077
20260223,24.3,24.45,24.1,24.3,348,845
20260224,24.3,24.45,24.1,24.2,318,772
20260225,24.2,24.55,24.2,24.55,484,1182
20260226,24.65,24.75,24.4,24.6,543,1333
20260302,24.4,24.7,24.3,24.55,327,799
20260303,24.55,24.8,24.35,24.45,340,834
20260304,24.35,24.35,23.65,23.65,660,1576
20260305,23.9,24,23.75,23.85,283,676
20260306,23.8,24.4,23.8,24.4,370,896
20260309,23.7,23.85,23.65,23.8,477,1133
20260310,24.2,24.2,23.65,23.7,288,685
20260311,23.8,24.1,23.8,23.95,282,677
20260312,23.9,24.15,23.9,24,339,815
20260313,23.95,24.15,23.8,23.8,271,651
20260316,23.85,24.2,23.85,24.1,346,833
20260317,24.05,24.25,24.05,24.25,233,564
20260318,24.45,24.55,24.2,24.2,335,814
20260319,24.05,24.1,23.85,23.9,275,659
20260320,24.25,24.65,24.1,24.2,856,2090
20260323,24.2,24.5,23.95,24.3,555,1344
20260324,24.5,24.5,24,24.15,375,906
20260325,24.5,24.5,24.1,24.45,405,985
20260326,24.65,24.65,24.35,24.35,721,1766
20260327,24.3,24.35,24.05,24.25,217,525
20260330,24.4,24.8,23.95,24.05,677,1640
20260331,24.65,24.9,24.4,24.5,1423,3510
20260401,24.7,24.95,24.6,24.95,855,2120
20260402,25.05,25.05,24.6,24.85,564,1396
20260407,24.95,25.65,24.9,25.3,948,2402
20260408,25.5,25.5,25.15,25.2,953,2412
20260409,25.4,25.65,25.25,25.55,664,1691
20260410,25.7,25.7,25.35,25.4,749,1912
20260413,25.4,25.5,25,25.2,1183,2979
20260414,25.5,25.5,25,25.15,1062,2675
20260415,25.2,25.3,25.15,25.15,2185,5510
20260416,23.35,23.4,23.2,23.4,1238,2888
20260417,23.4,23.4,23.05,23.15,775,1796
20260420,23.2,23.2,22.95,23.05,898,2072
20260421,23.05,23.1,22.95,23.05,486,1118
20260422,23.05,23.05,22.85,22.9,456,1044
20260423,22.9,22.9,22.3,22.4,897,2020
20260424,22.45,22.45,22.1,22.25,601,1335
20260427,22.25,22.25,21.75,22,635,1391
20260428,22.1,22.3,21.9,22.25,430,952
20260429,22.3,22.45,22.05,22.3,282,630
20260430,22.45,22.45,22,22.15,388,860
20260504,22.15,22.15,21.8,21.85,638,1396
20260505,21.85,21.95,21.75,21.8,302,659
20260506,21.8,21.85,21.65,21.8,686,1493
20260507,21.8,21.9,21.65,21.85,610,1326
20260508,21.85,22.05,21.85,21.95,491,1077
20260511,21.95,22.3,21.9,22.15,354,786
20260512,22.3,22.3,22,22.05,394,871
20260513,22,22.15,21.95,22.1,556,1226
20260514,21.95,22.15,21.8,21.8,430,940
20260515,21.8,21.95,21.35,21.4,874,1884
20260518,21.4,21.4,21.1,21.1,322,682
20260519,21.15,21.4,21.15,21.2,258,549
20260520,21.2,21.4,21.2,21.35,235,500
20260521,21.35,21.5,21.35,21.45,166,357
20260522,21.45,21.6,21.25,21.3,444,947
20260525,21.5,21.9,21.45,21.75,994,2156
20260526,21.95,21.95,21.45,21.55,365,786
20260527,21.6,21.6,21.2,21.25,766,1634
20260528,21.25,21.4,21.05,21.05,643,1362
20260529,21.15,21.3,21.05,21.15,412,870
20260601,21.1,21.25,20.95,21.25,1240,2612
20260602,21.3,21.3,20.9,21.2,419,884
20260603,21.2,21.9,21.1,21.75,958,2068
20260604,21.75,21.85,21.55,21.85,349,758
20260605,21.9,21.9,21.5,21.6,441,955
20260608,21.6,21.65,20.6,21.6,763,1628
20260609,21.65,21.85,21.55,21.55,736,1596
20260610,21.55,21.6,21.35,21.5,502,1079
20260611,21.55,21.55,21.2,21.35,392,836
20260612,21.35,21.5,21.25,21.25,531,1133
20260615,21.4,21.45,21.25,21.4,549,1173
20260616,21.4,21.45,21.35,21.4,274,586
20260617,21.4,21.8,21.3,21.8,307,662
20260618,21.75,21.85,21.5,21.75,510,1105
20260622,21.85,22.05,21.6,21.75,942,2055
20260623,21.95,22.05,21.7,21.85,532,1163
20260624,21.9,21.95,21.7,21.8,359,783
20260625,21.9,21.9,21.65,21.7,273,593
20260626,21.65,21.7,21.35,21.45,659,1422
20260629,21.5,21.55,21.2,21.55,218,469
20260630,21.5,21.5,21.2,21.5,408,872
20260701,21.35,21.55,21.3,21.4,299,641
20260702,21.55,21.55,21.3,21.45,229,489
20260703,21.4,21.75,21.4,21.7,362,784
20260706,21.75,21.8,21.65,21.75,229,498
20260707,21.7,21.7,21.4,21.45,419,901
20260708,21.45,21.45,21.25,21.35,313,667
20260709,21.35,21.5,21.3,21.45,160,341
20260713,21.45,21.55,21.3,21.45,207,443
20260714,21.65,21.65,21.1,21.25,526,1118
20260715,21.15,21.45,21.15,21.45,339,724
20260716,21.5,21.65,21.3,21.5,220,475
20260717,21.5,21.5,21.1,21.2,539,1146
20260720,21.35,21.35,21,21.1,269,568
20260721,21,21.4,21,21.2,218,463
20260722,21.2,21.35,21.1,21.1,227,481
20260723,21.35,21.35,21.05,21.2,127,268
20260724,21.2,21.3,21.1,21.25,181,383
20260727,21.35,21.45,21.3,21.35,268,573
20260728,21.35,21.4,21,21.1,274,579
20260729,21.15,21.3,20.85,21.3,480,1008
20260730,21.25,21.35,21.05,21.2,282,599
20260731,21.2,21.45,21.05,21.1,205,436
20260803,21.05,21.2,21,21.2,139,293
20260804,21,21.15,20.9,21.05,279,585
20260805,21.1,21.1,20.95,20.95,182,381
20260806,20.95,21.15,20.95,21.15,271,570
20260807,21.2,21.6,21.2,21.55,649,1390
20260810,21.7,21.75,21.4,21.75,420,908
20260811,21.75,21.75,21.05,21.2,467,993
20260812,21.25,21.25,21.1,21.15,209,443
20260813,21.4,21.4,21,21,299,631
20260814,21.3,21.3,21,21.2,399,844
20260817,21.2,21.7,21.2,21.7,530,1142
20260818,21.7,21.7,21.4,21.45,168,362
20260819,21.3,21.65,21.2,21.6,225,484
20260820,21.6,21.75,21.6,21.75,218,473
20260821,21.75,21.8,21.6,21.8,335,728
20260824,21.85,22.15,21.75,21.95,265,580
20260825,21.95,21.95,21.8,21.85,146,320
20260826,21.85,22,21.65,21.85,292,635
20260827,21.95,21.95,21.85,21.85,211,463
20260828,21.85,21.9,21.75,21.85,127,277
20260831,21.75,21.9,21.7,21.8,110,240
20260901,21.7,21.9,21.7,21.9,175,382
20260902,21.9,21.9,21.7,21.75,566,1232
20260903,21.7,22.3,21.7,21.8,408,899
20260904,21.8,21.95,21.75,21.85,261,571
20260907,22.05,22.05,21.65,21.65,423,923
20260908,21.75,21.95,21.65,21.8,354,771
20260909,21.75,21.9,21.75,21.9,173,377
20260910,21.8,21.85,21.6,21.7,222,481
20260911,21.65,21.75,21.55,21.6,426,920
20260914,21.6,21.6,21.35,21.35,204,438
20260915,21.35,21.55,21.35,21.55,388,830
20260916,21.55,21.55,21.4,21.45,140,300
20260917,21.45,21.55,21.4,21.5,131,282
20260918,21.5,21.7,21.4,21.4,245,527
20260921,21.5,21.6,21.4,21.4,254,544
20260922,21.4,21.5,21.35,21.5,191,409
