# date,open,high,low,close,lot,wan
20250814,42.9,43.75,42.65,43.15,956,4139
20250815,43.2,44.3,43.05,44.3,1148,5035
20250818,45.25,45.8,44.7,44.85,1334,6020
20250819,44.65,44.75,43.75,44.55,833,3692
20250820,44.4,44.5,43.85,43.95,718,3167
20250821,43.85,44.8,43.85,44.2,370,1633
20250822,44,44.2,43.5,43.8,494,2157
20250825,43.9,44.15,43.2,43.7,485,2118
20250826,43.5,43.5,42.6,43.15,796,3427
20250827,43.3,44.2,43.3,43.65,869,3807
20250828,43.75,44.7,43.7,44.65,1092,4852
20250829,44.65,44.85,43.7,43.7,569,2502
20250901,43.7,44.3,43.2,43.75,352,1542
20250902,43.75,44.75,43.75,44.25,647,2865
20250903,44.25,44.5,43.85,44.25,481,2129
20250904,44.15,45.1,44.15,44.6,669,2987
20250905,44.65,44.65,43.55,43.9,489,2140
20250908,43.8,44.05,43.05,43.5,485,2106
20250909,43.35,43.85,43.1,43.35,545,2361
20250910,43.15,43.6,42.3,42.9,1234,5290
20250911,42.5,42.55,41.4,41.45,1341,5627
20250912,41.45,42.05,41.25,41.9,631,2627
20250915,41.9,42.25,41.35,41.45,334,1390
20250916,41.6,42.2,41.45,41.8,628,2626
20250917,42.15,43.05,42.15,42.6,809,3454
20250918,42.9,43.3,42.6,42.85,578,2481
20250919,42.85,42.85,42.05,42.6,468,1986
20250922,42.7,42.75,42.2,42.25,560,2373
20250923,42.3,42.7,42.2,42.3,547,2318
20250924,42.3,42.7,42.15,42.65,401,1702
20250925,42.4,43.9,42.4,42.95,1232,5324
20250926,43,43,41.8,42.25,542,2284
20250930,41.9,42.3,41.85,42.2,356,1500
20251001,42.1,42.1,41.55,41.95,478,1995
20251002,42.25,42.3,41.5,41.8,607,2536
20251003,41.8,42,40.9,40.95,834,3434
20251007,41,41.4,40.75,41,576,2371
20251008,41,41.4,40.7,40.7,722,2947
20251009,40.75,40.8,40.4,40.45,534,2165
20251013,39.9,40.05,38.75,39.95,1450,5748
20251014,40,40.85,40,40.25,910,3672
20251015,40.15,40.7,40.15,40.2,2707,10892
20251016,40.6,41,40.55,40.7,458,1867
20251017,40.9,41.35,40.75,40.85,437,1795
20251020,40.85,41.05,40.3,40.9,531,2162
20251021,41.2,41.2,40.35,40.4,645,2620
20251022,40.75,41.1,40.45,40.6,376,1532
20251023,40.9,41.25,40.6,40.6,491,2005
20251027,40.8,40.85,40.2,40.6,534,2159
20251028,40.95,40.95,40.2,40.25,457,1842
20251029,40.55,40.55,39.6,39.9,876,3495
20251030,40,40.15,39.75,39.75,560,2232
20251031,40.1,40.1,39.7,39.7,409,1630
20251103,39.7,39.7,39.25,39.25,519,2045
20251104,39.2,39.6,39.05,39.05,340,1336
20251105,39.15,39.15,38.35,38.75,504,1952
20251106,38.95,39.1,38.65,38.85,857,3334
20251107,38.85,39.05,38.6,39.05,701,2724
20251110,38.95,39.3,38.55,38.65,500,1934
20251111,38.45,38.75,37.35,37.65,1764,6686
20251112,38,38.3,37.75,38.1,606,2304
20251113,38.2,38.4,37.95,38.1,504,1925
20251114,38.1,38.7,37.3,37.45,1409,5322
20251117,37.3,37.5,36.7,36.95,1065,3937
20251118,36.95,37.3,36.6,36.75,673,2476
20251119,36.85,36.85,35.85,36.1,1212,4382
20251120,36.3,36.55,36,36.4,776,2818
20251121,36.4,36.95,36,36.85,1129,4130
20251124,37,37.5,36.9,36.9,6301,23265
20251125,37.05,38.2,37,38.1,1043,3956
20251126,38.3,39.5,38.15,39.1,915,3581
20251127,39.15,39.3,38.75,39.1,511,1995
20251128,39.1,39.25,38.6,38.9,493,1916
20251201,38.6,39.5,38.6,38.8,455,1779
20251202,38.9,38.95,38.6,38.85,363,1408
20251203,39.05,39.1,38.45,38.7,358,1386
20251204,38.7,39.25,38.7,39.05,435,1700
20251205,39.05,39.1,38.55,38.85,410,1587
20251208,38.8,38.8,38.2,38.25,326,1250
20251209,38.25,38.3,37.8,37.85,390,1481
20251210,37.85,38,37.5,37.55,346,1303
20251211,37.55,37.7,37.25,37.45,303,1135
20251212,37.8,38.1,37.55,37.55,287,1086
20251215,38.1,38.45,37.9,37.9,405,1543
20251216,37.8,37.95,37.3,37.6,549,2061
20251217,37.8,37.9,37.45,37.45,271,1018
20251218,37.65,37.65,37.3,37.35,264,985
20251219,37.5,37.65,37.3,37.45,352,1319
20251222,37.95,38.05,37.7,38,269,1021
20251223,38.25,38.25,37.5,37.65,250,945
20251224,37.8,37.9,37.55,37.55,194,730
20251226,37.55,37.75,37.55,37.65,226,850
20251229,37.95,38.5,37.9,38.45,683,2615
20251230,38.6,38.6,37.65,37.9,554,2103
20251231,38.2,38.85,37.95,38,799,3069
20260102,38.55,38.55,37.55,37.6,615,2323
20260105,37.9,38.65,37.6,38.15,1117,4273
20260106,38.15,38.15,37.55,37.6,736,2779
20260107,37.9,40.4,37.75,40.4,3055,12073
20260108,40.4,40.4,38.5,38.5,2039,7968
20260109,38.8,38.9,37.85,38.55,617,2365
20260112,38.65,39.35,38.6,39.25,1003,3911
20260113,39.45,39.45,38.5,38.85,587,2276
20260114,39.05,39.15,38.6,38.6,668,2584
20260115,39.2,40.1,39.2,39.45,1518,6033
20260116,39.7,39.7,38.85,38.9,864,3366
20260119,39,39.55,38.6,39.35,637,2503
20260120,39.1,39.25,38.55,38.6,997,3868
20260121,38.6,38.6,37.9,38,1147,4372
20260122,38.45,38.45,37.9,37.95,673,2556
20260123,38.35,38.95,38.1,38.7,708,2731
20260126,39,39.35,38.65,39.3,938,3665
20260127,39.5,39.7,38.5,38.6,663,2579
20260128,39,39.05,38.5,39.05,827,3211
20260129,39.05,41.1,39,39.75,4168,16748
20260130,40.1,40.85,39.5,39.5,3376,13594
20260202,39.5,40,38.85,38.9,948,3721
20260203,39.4,39.5,38.25,38.85,1088,4211
20260204,39,40,38.75,39.7,687,2720
20260205,39.7,39.7,38.95,39.05,611,2398
20260206,39.1,39.1,37.9,38.55,782,3000
20260209,39.1,39.75,38.9,39.6,830,3277
20260210,39.6,39.6,39.2,39.6,393,1550
20260211,39.8,40.25,39.65,40,940,3761
20260223,40.35,40.35,39,39.55,879,3467
20260224,39.45,39.8,39.3,39.45,847,3346
20260225,39.45,40.05,39.1,40,863,3424
20260226,40.15,40.15,39.2,39.25,823,3239
20260302,39.1,39.25,38.55,39,507,1975
20260303,38.75,39.05,38.35,38.6,906,3500
20260304,38.5,38.5,37.05,37.05,1750,6550
20260305,37.6,38.2,37.45,38,717,2716
20260306,38.05,39.15,37.9,39.05,912,3533
20260309,37.95,38.6,37.5,37.9,887,3349
20260310,37.9,38.05,37,37.15,1635,6107
20260311,37.45,39.15,37.45,39.15,1598,6179
20260312,39,39.2,38.75,38.85,708,2756
20260313,38.85,39.25,38.6,39.15,725,2829
20260316,39.15,39.5,39.05,39.1,472,1848
20260317,39.2,39.95,39.2,39.7,731,2897
20260318,40.15,40.5,39.7,40.1,981,3931
20260319,39.9,39.9,39.3,39.55,646,2550
20260320,39.95,41.3,39.95,40.25,3060,12473
20260323,40.4,41,40.2,40.65,1592,6451
20260324,41,41,40.15,40.25,1048,4248
20260325,40.7,40.7,40,40,1718,6924
20260326,40.3,40.85,40.2,40.4,710,2876
20260327,40.3,40.55,39.65,40.05,806,3218
20260330,40.25,40.8,39.8,39.85,723,2898
20260331,39.7,40.6,39.4,39.6,862,3436
20260401,40,40.2,39.55,39.9,460,1836
20260402,40.3,40.3,39.9,40.1,433,1736
20260407,40.15,40.75,40.1,40.65,833,3375
20260408,40.85,41.35,40.55,41.25,1759,7230
20260409,41.25,41.25,40.7,41,578,2370
20260410,41.5,41.55,40.75,40.85,723,2970
20260413,41.1,41.25,40.75,41.25,677,2777
20260414,41.2,41.45,41,41.2,717,2951
20260415,41.3,41.3,40.7,40.7,616,2516
20260416,40.9,41.1,40.8,41,728,2984
20260417,41.2,41.35,40.9,41,568,2334
20260420,41,41.15,40.3,40.5,707,2869
20260421,40.5,40.5,40,40,872,3497
20260422,40,40.1,39.6,39.65,849,3376
20260423,39.6,39.65,38.25,38.6,1336,5173
20260424,38.85,39,38.5,38.85,518,2005
20260427,38.85,38.85,38.2,38.55,772,2974
20260428,38.9,40,38.9,40,1183,4697
20260429,40.2,40.9,40.1,40.85,1046,4241
20260430,40.85,40.9,40.45,40.65,872,3548
20260504,40.65,40.95,40.45,40.7,1016,4135
20260505,40.9,41.2,40.45,40.75,1153,4716
20260506,40.45,40.45,39.25,39.4,2553,10117
20260507,39.45,39.8,39.1,39.75,774,3051
20260508,39.85,39.85,39.05,39.65,681,2685
20260511,39.75,40.45,39.6,39.9,884,3546
20260512,39.95,39.95,39.1,39.2,810,3184
20260513,39,39,38.4,38.55,1030,3976
20260514,38.55,39.15,38.45,38.65,554,2152
20260515,38.75,38.95,38.25,38.4,764,2945
20260518,38.4,38.4,38,38.05,997,3804
20260519,38,38.5,38,38.2,526,2018
20260520,38.25,38.5,38,38.3,809,3091
20260521,38.2,38.55,38.2,38.35,941,3612
20260522,38.4,38.5,38.2,38.25,910,3488
20260525,38.5,39.9,38.4,39.6,1718,6756
20260526,39.9,40.15,38.75,38.85,1847,7219
20260527,38.95,39.1,38.5,38.85,929,3607
20260528,39.15,39.15,38.4,38.7,859,3329
20260529,38.6,39.5,38.6,39.35,1183,4645
20260601,39.3,39.9,38.65,39.8,1191,4709
20260602,39.6,39.8,39.3,39.65,927,3667
20260603,39.85,42.35,39.5,42.1,4235,17506
20260604,41.7,43.75,41.45,43,2825,12038
20260605,42.95,43.4,42.35,43.35,2247,9680
20260608,40.9,41.8,40.5,41.45,2543,10486
20260609,41.6,42.6,41.35,41.9,1827,7689
20260610,41.6,42.35,41.45,41.65,1805,7557
20260611,41.8,41.9,41,41.85,1713,7104
20260612,42,42.4,41.55,41.75,2720,11418
20260615,39.5,39.5,38.65,39,2586,10075
20260616,39.05,39.05,38.3,38.45,1323,5098
20260617,38.55,39.35,38.3,39.1,1130,4417
20260618,39.4,39.7,38.95,39.05,762,2993
20260622,38.95,39.4,38.7,38.95,827,3216
20260623,38.95,39.15,38.4,39.1,1007,3910
20260624,38.8,39.05,38.65,39,839,3261
20260625,39.15,39.55,38.8,38.95,728,2855
20260626,38.8,38.9,38.5,38.55,743,2873
20260629,38.55,38.95,38.25,38.3,443,1708
20260630,38.5,38.5,37.75,37.85,1104,4189
20260701,38,38,37.4,37.7,760,2859
20260702,37.85,38.3,37.5,38.3,502,1908
20260703,38,39.15,38,39.05,1008,3922
20260706,39.1,39.6,38.8,38.9,735,2881
20260707,39.25,39.25,38.35,38.45,497,1917
20260708,38.7,38.7,38,38.2,642,2450
20260709,38.2,38.55,37.95,38.35,493,1886
20260713,38.55,39.6,38.55,39.6,1477,5805
20260714,39.65,39.85,38.8,39.4,748,2939
20260715,39.7,40.3,39.55,40.25,1291,5157
20260716,40.45,40.8,39.95,40.45,1080,4375
20260717,40.4,40.45,39.15,39.35,895,3556
20260720,39.8,40.2,38.5,39.05,714,2808
20260721,39.25,39.65,39.25,39.3,417,1648
20260722,39.5,40.25,39.45,39.8,837,3346
20260723,40.4,40.8,40.05,40.4,794,3209
20260724,40.35,41.15,40,40.15,575,2332
20260727,40.7,40.95,40.4,40.95,826,3368
20260728,40.85,40.85,39.45,39.8,609,2428
20260729,40.05,40.25,38.55,39.5,902,3537
20260730,39.9,39.9,38.5,38.5,444,1727
20260731,38.95,39.5,37.9,37.9,1227,4698
20260803,38.15,38.3,37.55,38.3,733,2792
20260804,38.35,39.1,38.25,39.05,1145,4433
20260805,39.35,39.35,38.65,38.8,425,1651
20260806,38.75,40.95,38.75,40.95,2505,10143
20260807,42.8,45,42.5,45,10470,46501
20260810,45.7,47,44.2,46.5,7450,34170
20260811,46.5,47.5,45.65,46.1,2532,11694
20260812,46.35,46.35,45.15,45.35,1673,7635
20260813,45.8,46.5,45.45,45.95,2031,9334
20260814,46,46,43.25,43.55,3271,14309
20260817,43.4,44.95,43.4,44.15,1821,8071
20260818,44.25,44.4,43.7,44.35,1289,5684
20260819,44.55,46,43.75,45.75,2035,9222
20260820,45.75,46.75,45.3,46.05,1610,7405
20260821,46,46.45,45.5,46.35,1191,5483
20260824,46.65,47.25,46,46.1,1346,6288
20260825,46.1,46.8,45.7,46.35,1307,6062
20260826,46.35,46.6,45.6,46.55,899,4165
20260827,46.95,46.95,45.7,45.9,815,3745
20260828,45.55,45.7,45.25,45.4,723,3281
20260831,45.3,45.6,44.8,45,716,3219
20260901,44.85,45.6,44.85,45.15,452,2046
20260902,45,45.25,44.75,45.2,446,2005
20260903,45.15,45.8,45.15,45.35,472,2146
20260904,45.3,45.4,44.4,44.95,809,3619
20260907,45.5,45.5,44.2,44.3,609,2705
20260908,44.75,44.9,44.3,44.85,349,1560
20260909,44.45,44.95,44.2,44.85,390,1738
20260910,44.45,44.55,44.2,44.45,422,1871
20260911,43.65,44.05,43.6,43.95,506,2218
20260914,43.95,43.95,43.2,43.55,503,2184
20260915,43.85,43.85,43.2,43.3,229,992
20260916,43.3,43.65,43.3,43.45,948,4118
20260917,43.6,44.3,43.45,44.3,431,1897
20260918,44.25,45,44.25,45,837,3745
