# date,open,high,low,close,lot,wan
20250814,208,211,207,207.5,2637,54992
20250815,208.5,210,205,210,3415,70982
20250818,207.5,223,204.5,218.5,8770,190153
20250819,222,222,211,211.5,5089,109109
20250820,210,210,203,203,5566,114229
20250821,206,210,204.5,206,2811,58154
20250822,207.5,208,202.5,203,2891,59128
20250825,207.5,216,207.5,215,8138,173812
20250826,215,217,212,214,2827,60575
20250827,216,217,213,215,2555,54848
20250828,215,221,213.5,215.5,3956,86035
20250829,218,219,213,213.5,1946,41850
20250901,214.5,215.5,207,207,2888,60655
20250902,208.5,209.5,203,204.5,2860,58707
20250903,206,207.5,204.5,205,1334,27473
20250904,207.5,210,206,206,1571,32627
20250905,207.5,209,206,208,1015,21058
20250908,207,207.5,203,206,2318,47497
20250909,212.5,226.5,212,220.5,20243,449142
20250910,223.5,223.5,215,216,9686,211145
20250911,218.5,219,210,211,4004,85732
20250912,218.5,220,215,217.5,6957,151418
20250915,216.5,217,210.5,214,3715,79277
20250916,215,215.5,212.5,215,2379,50938
20250917,215.5,218.5,215,216,2987,64712
20250918,217.5,223,216,219,4873,106900
20250919,222,226,219.5,223,6296,140241
20250922,228,230,219,220.5,5574,124092
20250923,220.5,221,217,217.5,2972,65009
20250924,219,221,215,218,2571,56052
20250925,220,226,218.5,220.5,4441,98813
20250926,221.5,222.5,215,216,5266,114601
20250930,216.5,217,214,215.5,2198,47398
20251001,216,220,214,214.5,2410,52116
20251002,214.5,218,213.5,218,2846,61558
20251003,217.5,220.5,216.5,217,2019,44000
20251007,217,224,217,221.5,5061,111868
20251008,220.5,231.5,220.5,228.5,9465,214689
20251009,228.5,232,224.5,224.5,5608,127335
20251013,210,217.5,210,215.5,4872,104671
20251014,217,219,208.5,208.5,4574,97447
20251015,209.5,211,206.5,209,2286,47655
20251016,210,212.5,209.5,210,1675,35283
20251017,210,210,207.5,208,1689,35178
20251020,209.5,211.5,208.5,211,1339,28175
20251021,212.5,219,211.5,216,3451,74661
20251022,217,227.5,215.5,220.5,5694,126765
20251023,219.5,223.5,218,222,2967,65463
20251027,223.5,227.5,219,220,2936,65134
20251028,221.5,222,217.5,219,1898,41512
20251029,220,221.5,219,219.5,1605,35342
20251030,221.5,225,219.5,220.5,2981,65971
20251031,222,226,220.5,223.5,3388,75800
20251103,223.5,226,222.5,225,2249,50474
20251104,229.5,230.5,216,217,3999,89022
20251105,215,218,211,217.5,1945,41857
20251106,219.5,220,216,218,1015,22067
20251107,216.5,216.5,212.5,214,1788,38254
20251110,215.5,217,209,210,2889,61002
20251111,211,215,209.5,209.5,2679,56769
20251112,209.5,210,204,205,5933,121977
20251113,201,205,196.5,200,5006,100268
20251114,195,201,194,198.5,3457,68573
20251117,200,200,193,193,4702,91832
20251118,191,191.5,186,186.5,3840,72307
20251119,186.5,190,185,186.5,2438,45635
20251120,189.5,191.5,186.5,186.5,3129,58762
20251121,184.5,186,182,183.5,2376,43634
20251124,183.5,185,180.5,181,3925,71433
20251125,182.5,184,181,184,2725,49735
20251126,184.5,188,184.5,188,2045,38136
20251127,189,190.5,187,189,1993,37557
20251128,189.5,193,189,193,1594,30526
20251201,194,195.5,189,191.5,1854,35522
20251202,190.5,193,190,192.5,814,15623
20251203,193,194.5,192.5,193.5,818,15830
20251204,199,201,196,196,3435,67949
20251205,198,204.5,198,198.5,3553,71399
20251208,200,201,195,196,2304,45357
20251209,196.5,200,195,198.5,2345,46369
20251210,200,201,198,200,1594,31837
20251211,201.5,204,200,200,2612,52710
20251212,201.5,205.5,201,203.5,2920,59507
20251215,199.5,201,199,200.5,1203,24093
20251216,198.5,200,196,197,1793,35414
20251217,197.5,198.5,194,195.5,2008,39403
20251218,195,195,190,193.5,1430,27536
20251219,194,197.5,193,196,1882,36830
20251222,198,199.5,196,199,1310,25999
20251223,199.5,201.5,196.5,197,784,15557
20251224,197.5,199.5,196.5,196.5,832,16459
20251226,197.5,197.5,194,194.5,861,16819
20251229,195,199,194.5,196,809,15930
20251230,196.5,196.5,193,194.5,676,13123
20251231,195,196,193,194,725,14107
20260102,194.5,198.5,194.5,196,817,16048
20260105,197,199,192.5,195,1756,34296
20260106,196,200,194,197,3350,65992
20260107,198,200.5,196,196,3235,64033
20260108,197.5,198,193,194,1954,38088
20260109,197,199,194.5,197,2336,46085
20260112,199,206,196.5,205.5,4108,83091
20260113,208,208,200,203,3102,63132
20260114,203,214,202.5,212.5,5211,108758
20260115,213.5,213.5,207,213,3050,64286
20260116,217,221.5,216,219.5,9868,216158
20260119,224,237.5,221,230,13060,298312
20260120,230.5,236,228,233.5,8342,193814
20260121,232,235,227,231.5,5911,136675
20260122,236,248,232.5,233.5,8920,213691
20260123,236.5,237.5,229,231,4190,97185
20260126,233.5,254,231.5,246.5,12781,313582
20260127,249,265,248,256.5,27465,701174
20260128,261.5,264,250,259.5,10338,266748
20260129,263.5,274.5,250,257.5,12934,335827
20260130,254.5,254.5,242,250,11638,288966
20260202,240,243,227,230,8673,202039
20260203,237,237,228.5,234,4913,114215
20260204,234,246.5,232,240,5334,128711
20260205,238,239.5,229,229,4086,95095
20260206,225.5,226,218,219.5,4569,100949
20260209,229,236,229,235.5,5148,120243
20260210,236.5,243,232,234,4887,115702
20260211,236,236,230,232,1895,43981
20260223,235,235.5,228.5,230,5086,117517
20260224,229,237,226,233.5,4376,101748
20260225,234,234,223,225,5335,120782
20260226,225,234,223,230,3681,83899
20260302,231,253,230.5,253,12322,306841
20260303,258,263,243.5,247,16533,416654
20260304,252,257,241.5,241.5,15768,392652
20260305,254.5,254.5,238.5,239.5,7820,191348
20260306,237,243,228,230,6689,155856
20260309,218.5,222.5,211,220,5165,112554
20260310,225,233.5,224,232,5963,136730
20260311,232,240.5,231,238,4828,114575
20260312,238.5,250,237,244,6052,147664
20260313,239,241,235,238.5,3084,73429
20260316,238.5,241.5,232,233,2621,61658
20260317,236,237.5,233.5,235.5,1674,39424
20260318,238,239.5,230,232.5,3723,86670
20260319,231.5,238.5,228.5,229.5,4213,98211
20260320,232,232,222,223.5,3362,75761
20260323,219.5,228,214.5,221,2539,56438
20260324,226.5,230.5,222,225.5,3114,70540
20260325,231,237,230.5,234.5,3362,78727
20260326,244,244,232.5,236.5,3865,92091
20260327,234.5,236,228.5,235,3492,81175
20260330,229.5,248,228,247,7105,171975
20260331,257,261,226,228.5,18071,431824
20260401,235,240,231.5,233.5,4229,99735
20260402,237.5,237.5,225.5,228,3023,69383
20260407,231,234.5,228,234,2240,52043
20260408,239,245,238.5,241.5,4907,118745
20260409,244,250,244,245,6504,160744
20260410,248.5,249,239.5,242,4494,109117
20260413,242,253,240.5,250,5922,147559
20260414,256,275,254,275,18440,491425
20260415,279,294,267,282,30507,850439
20260416,285,289,275.5,279,13391,376435
20260417,281.5,297,280.5,291,12710,368083
20260420,296.5,300,291,293.5,10124,299665
20260421,296,301.5,292,301,9103,271067
20260422,302.5,322,297.5,312.5,11610,363945
20260423,315.5,322,290,302,14782,449800
20260424,305,308,289,293.5,6179,183854
20260427,295.5,299.5,287.5,295,4819,141422
20260428,292,303,288.5,301,6544,194999
20260429,302,315.5,300.5,308.5,10291,318511
20260430,312.5,321.5,308,312.5,9788,309297
20260504,320,335,310.5,318.5,12389,398660
20260505,320,326.5,317.5,321,4862,156368
20260506,322.5,328,308,315.5,7481,237397
20260507,319,325,313.5,318,6306,201158
20260508,322,324.5,308,319.5,6374,202317
20260511,327,351,322.5,351,12320,424578
20260512,355,370.5,349.5,367.5,13843,501219
20260513,358.5,371.5,342.5,364.5,10502,377001
20260514,369,384,364.5,374.5,9818,368360
20260515,381.5,399,378,392.5,11851,463558
20260518,392.5,392.5,375,378.5,8081,307740
20260519,381,383.5,367,376,8262,309659
20260520,378,378,355.5,359.5,7335,265811
20260521,364,378,362.5,373.5,5593,208009
20260522,381,386,373,376.5,5779,218881
20260525,379,403,378,395,7865,310430
20260526,413,426,393.5,409.5,9960,406834
20260527,415,425,402.5,409,7798,322508
20260528,418,418,383,388,9727,387726
20260529,402.5,406,384,389,7951,312718
20260601,392.5,398.5,387,387.5,5579,218488
20260602,391,393.5,354,364,10348,379373
20260603,372.5,373.5,362.5,369,5201,191709
20260604,365,366,352,358,4086,146045
20260605,351,355,340.5,345,7179,247815
20260608,316.5,330.5,313,329.5,5375,174142
20260609,333.5,345,330,345,4040,137041
20260610,338,341.5,325.5,326,3458,115612
20260611,320,327,309.5,318.5,4484,142354
20260612,332,332,319.5,323.5,2719,88225
20260615,334.5,334.5,327.5,329.5,2600,85772
20260616,333,333,320.5,324.5,2138,69322
20260617,320,327,319,324,2956,95373
20260618,324,336.5,324,335,4644,154694
20260622,340,351.5,337.5,343.5,3302,113185
20260623,346.5,346.5,336,339,2656,90361
20260624,334,336,327,332,1764,58455
20260625,335,338,331.5,334.5,1509,50437
20260626,328,329.5,305,307,4272,134125
20260629,310,324,308,318.5,2761,87894
20260630,316.5,330.5,316.5,325,2518,81671
20260701,330.5,355.5,330.5,348.5,4992,173097
20260702,344,361,340,352,7056,249186
20260703,351.5,354,340,350,3052,106073
20260706,355,370.5,352,364,5351,193798
20260707,364,365,344.5,344.5,3825,135117
20260708,348,354,336.5,340,2469,84831
20260709,345,348,330.5,331.5,1972,66505
20260713,337,351,326,332,2540,85583
20260714,334.5,334.5,300,317,3774,117482
20260715,323,331,318,321.5,2161,69697
20260716,317.5,337,309.5,332,2241,72930
20260717,321,325,306,306,2852,89413
20260720,307,310,291,300,2285,68533
20260721,303,309,299,305,1758,53459
20260722,307.5,326.5,307.5,320.5,2471,79128
20260723,324.5,327,313,319.5,1813,57902
20260724,314.5,319.5,311,313,1108,34782
20260727,316,324.5,306.5,323,1420,45011
20260728,314,314,300,300,2142,65630
20260729,306,314.5,281,290.5,3939,115300
20260730,294,299,279,283,2426,69910
20260731,303.5,310.5,302.5,304.5,2066,63221
20260803,299.5,334.5,295.5,332,4393,142484
20260804,333,350,327.5,332,5563,188156
20260805,343,365,340.5,365,7751,276817
20260806,360,383.5,357,362,12613,465726
20260807,370,398,368,387,17347,673757
20260810,381,389,365,387,9127,346262
20260811,381,384,360,368,7315,269240
20260812,367,374,363.5,369,3427,126517
20260813,383,404.5,377.5,381,13189,517804
20260814,387,388.5,367.5,373.5,4911,183578
20260817,370,395,370,381.5,7052,270897
20260818,383,385,366,368,4108,153244
20260819,360,378,350,367,6810,252819
20260820,376,392,364,366.5,11847,448962
20260821,366.5,368.5,348,349,5394,190543
20260824,350,360.5,342.5,343.5,2904,101604
20260825,341,346,332.5,345.5,2758,93986
20260826,345,354,342,353,2091,73148
20260827,354.5,371.5,354.5,359.5,3368,122132
20260828,362.5,365.5,346,354,3577,126533
20260831,350,351,340,350,2579,89279
20260901,349,366,346.5,359,3173,113859
20260902,359,369.5,352,352,5084,182867
20260903,353,364.5,343,344.5,3383,119595
20260904,350,364,342,363,4630,164040
20260907,371,377.5,362.5,364.5,3896,143751
20260908,367,367,349,350,2971,105802
20260909,352,381.5,352,370.5,8565,319364
20260910,368,369,358,363,3705,134376
20260911,354.5,378,346,359,8834,319674
20260914,349.5,350,323.5,323.5,9175,301336
20260915,318,334.5,313.5,329,5291,173779
20260916,330,332.5,325,331.5,2282,75189
20260917,334,339,332,336,2516,84469
20260918,339.5,341.5,331,334.5,2691,90230
20260921,339,339,332.5,334,1301,43624
