# date,open,high,low,close,lot,wan
20250814,18,18.1,17.95,17.95,79,143
20250815,17.8,18,17.5,17.55,160,282
20250818,17.4,17.65,17.4,17.5,81,142
20250819,17.4,17.7,17.4,17.5,163,286
20250820,17.55,17.55,17.35,17.35,42,73
20250821,17.4,17.55,17.4,17.45,33,58
20250822,17.5,17.55,17.5,17.5,76,133
20250825,18.15,18.15,17.65,17.65,32,57
20250826,17.7,17.7,17.5,17.55,69,121
20250827,17.55,17.9,17.5,17.7,35,62
20250828,17.7,17.9,17.65,17.85,49,87
20250829,17.95,18,17.8,17.8,35,63
20250901,17.7,17.7,17.55,17.6,55,97
20250902,17.75,17.75,17.55,17.55,18,32
20250903,17.55,17.8,17.55,17.8,48,85
20250904,17.8,17.8,17.65,17.8,43,76
20250905,17.9,17.95,17.65,17.75,29,51
20250908,17.65,17.75,17.5,17.7,251,440
20250909,17.9,18.05,17.7,17.9,77,138
20250910,17.9,18.05,17.9,18,114,205
20250911,18,18,17.9,17.9,52,93
20250912,17.8,17.85,17.45,17.5,228,400
20250915,17.5,17.5,17.25,17.3,138,239
20250916,17.3,17.35,17.3,17.3,24,42
20250917,17.3,17.4,17,17.25,73,126
20250918,17.1,17.45,17.1,17.45,42,73
20250919,17.45,17.45,17.15,17.3,54,93
20250922,17.15,17.3,17.1,17.2,48,83
20250923,17.3,17.3,17.2,17.25,36,62
20250924,17.5,17.65,17.35,17.65,63,110
20250925,17.9,19.4,17.9,19.4,1068,2046
20250926,19.45,20.7,18.75,18.75,2334,4635
20250930,18.75,20.45,18.75,20.25,1034,2061
20251001,20.3,20.3,19.55,19.55,299,592
20251002,19.5,19.75,19.05,19.75,241,468
20251003,19.95,20,19.65,19.65,170,335
20251007,19.7,20.45,19.7,20.15,609,1231
20251008,20.15,20.45,19.85,19.85,233,469
20251009,19.9,20.1,19.6,19.8,333,661
20251013,19.45,19.5,19.1,19.35,100,194
20251014,19.4,19.95,19,19.1,196,378
20251015,19.1,19.3,19.1,19.2,46,88
20251016,19.1,19.4,19.1,19.1,118,227
20251017,19.1,19.1,18.75,19.1,72,137
20251020,18.9,19.1,18.65,19.1,278,524
20251021,19.35,20.15,19.35,19.8,404,802
20251022,19.9,20,19.25,20,158,312
20251023,19.95,20,19.7,19.7,76,151
20251027,19.9,20.5,19.9,20.05,246,496
20251028,20.05,20.05,19.75,19.95,70,139
20251029,19.9,20,19.5,19.8,88,174
20251030,19.8,19.85,19.6,19.65,72,142
20251031,19.5,19.75,19.3,19.5,152,296
20251103,19.6,19.6,19.4,19.4,38,74
20251104,19.65,19.65,19.3,19.3,46,89
20251105,19.3,19.3,18.9,19,68,129
20251106,19,19,18.4,18.5,94,176
20251107,18.4,19,18.4,18.7,42,79
20251110,18.75,19.9,18.75,19.6,274,537
20251111,19.8,19.8,19.3,19.3,65,127
20251112,19.15,19.2,18.95,19.05,86,164
20251113,19.2,19.45,19.15,19.15,64,123
20251114,19.25,19.25,18.85,18.9,48,91
20251117,18.85,19,17.45,17.95,413,754
20251118,17.95,18,17.7,17.95,65,116
20251119,17.7,17.7,17.5,17.5,39,68
20251120,17.6,17.75,17.55,17.6,31,55
20251121,17.5,17.55,16.9,16.95,144,246
20251124,16.95,16.95,16,16.05,212,346
20251125,16.8,17.65,16.35,16.35,164,278
20251126,16.55,17.35,16.3,17.25,237,399
20251127,17.25,17.9,17.15,17.7,127,223
20251128,17.35,17.7,17.3,17.55,73,127
20251201,17.5,17.8,17.35,17.55,55,97
20251202,17.5,17.55,17.4,17.5,24,42
20251203,17.4,17.45,17.4,17.4,21,37
20251204,17.5,19.1,17.5,19.1,796,1506
20251205,19.3,19.4,18.45,18.75,470,889
20251208,18.9,19,18.45,18.55,71,133
20251209,18.7,19.2,18.6,18.7,147,278
20251210,18.65,19.05,18.4,18.6,93,173
20251211,18.5,18.6,18.1,18.45,58,107
20251212,18.7,20.25,18.7,19.1,792,1566
20251215,19.1,19.3,18.6,19.3,226,429
20251216,19.65,19.65,18.85,19.3,206,396
20251217,19.3,19.45,18.85,18.95,118,226
20251218,18.65,18.9,18.6,18.75,46,86
20251219,18.9,19.35,18.5,18.6,218,411
20251222,18.85,18.85,18.25,18.25,237,437
20251223,18.5,18.55,18.05,18.3,143,261
20251224,18.45,18.65,18,18.05,187,342
20251226,18.5,19.35,18.5,18.7,413,780
20251229,18.7,19.25,18.7,18.7,320,608
20251230,18.7,19.15,18.4,19.15,162,302
20251231,19.2,19.45,18.6,19.1,512,975
20260102,18.9,19.1,18.35,18.35,177,330
20260105,18.5,18.6,18.15,18.45,244,449
20260106,18.5,18.65,18.3,18.45,94,173
20260107,18.45,18.45,18.25,18.35,34,62
20260108,18.45,18.6,18,18.6,99,180
20260109,18.55,18.65,18.35,18.6,72,133
20260112,18.6,18.6,18.25,18.55,130,239
20260113,18.35,18.55,18.2,18.45,115,211
20260114,18.5,19.3,18.4,18.65,344,647
20260115,18.65,19,18.6,18.85,136,256
20260116,18.85,18.9,18.7,18.8,37,69
20260119,18.9,18.9,18.35,18.35,85,157
20260120,18.5,18.5,18.3,18.35,40,74
20260121,18.3,18.4,17.9,17.9,141,255
20260122,18,18,17.4,17.4,147,261
20260123,17.55,17.6,17.2,17.35,99,172
20260126,17.6,17.9,17.25,17.6,205,359
20260127,17.65,17.75,17.45,17.55,121,213
20260128,17.55,17.7,17,17,184,320
20260129,17.2,18.7,17.15,18.7,744,1358
20260130,19.6,20.55,19.2,19.95,3141,6294
20260202,19.85,20.05,19.1,19.4,774,1514
20260203,19.6,20.25,18.85,19.2,640,1241
20260204,19.05,19.35,18.4,18.85,621,1168
20260205,18.55,18.85,18.25,18.85,282,522
20260206,18.4,18.75,18.05,18.1,169,310
20260209,18.1,18.3,17.9,18.25,152,275
20260210,18.7,18.8,18,18.05,244,448
20260211,18.1,18.25,18,18.2,113,204
20260223,18.45,18.5,17.7,17.9,266,479
20260224,18,18.1,17.75,17.9,191,342
20260225,17.9,17.9,17.35,17.55,218,382
20260226,17.85,18.1,17.55,17.85,280,500
20260302,18,18.45,18,18.15,252,458
20260303,18.15,18.4,17.85,17.9,133,240
20260304,17.75,18.2,17.1,17.1,325,571
20260305,17.5,17.5,17.15,17.25,167,290
20260306,17.05,17.5,17,17.4,105,180
20260309,16.15,17.65,16.15,17.65,273,468
20260310,17.7,17.75,17.15,17.2,117,205
20260311,17.55,18.05,17.55,17.9,157,278
20260312,18,18.05,17.6,17.85,65,116
20260313,17.6,17.95,17.3,17.35,186,328
20260316,19.05,19.05,17.7,17.7,508,927
20260317,17.8,17.8,17.55,17.7,78,138
20260318,18.2,18.2,17.55,17.55,75,133
20260319,17.3,17.55,17,17.05,103,176
20260320,17.15,17.15,16.7,17,120,204
20260323,16.9,17.2,16.75,16.75,38,64
20260324,16.75,17.2,16.4,16.8,86,143
20260325,17.2,17.2,16.7,16.7,65,110
20260326,16.7,17,16.6,16.7,78,131
20260327,16.6,16.7,16.2,16.4,106,174
20260330,16.25,16.35,15.5,15.95,160,255
20260331,15.95,16.45,15.15,16.45,317,494
20260401,16.35,17,16.35,16.95,114,190
20260402,17.05,17.05,16.25,16.85,97,162
20260407,16.7,17,16.4,16.9,84,140
20260408,16.9,17.05,16.65,17,118,200
20260409,16.95,16.95,16.3,16.45,123,205
20260410,16.9,16.9,16.4,16.4,126,208
20260413,16.4,16.6,16,16.45,119,194
20260414,16.45,16.85,16.25,16.7,205,339
20260415,16.95,17,16.05,16.25,259,427
20260416,16.4,16.4,16.2,16.2,65,106
20260417,16.4,16.4,16,16.1,94,152
20260420,16.1,16.1,15.9,15.95,122,195
20260421,16.1,16.1,15.75,15.9,129,205
20260422,15.9,16.2,15.75,15.85,175,279
20260423,15.9,15.9,15.3,15.45,292,453
20260424,15.55,16.95,15,16.95,1039,1697
20260427,17,18.6,16.95,18.6,1912,3519
20260428,18.65,20.4,18.55,19.45,2883,5670
20260429,18.8,19.75,18.7,19.2,915,1745
20260430,19.15,20.2,19.05,19.35,1075,2114
20260504,19.65,19.9,19.25,19.6,888,1737
20260505,19.75,20,19.6,19.9,672,1332
20260506,20,21.65,19.9,20.65,2377,4906
20260507,21.2,21.9,20.7,21.15,1370,2900
20260508,21.2,21.3,20.35,20.6,956,1985
20260511,20.7,22.65,20.7,22,3037,6702
20260512,22.75,23.25,21.15,21.5,1558,3394
20260513,21.75,22.1,21.05,21.75,1131,2452
20260514,21.8,21.95,20.5,21.8,1258,2663
20260515,21.6,22,21.15,21.15,705,1519
20260518,20.8,22,20.8,21.75,353,761
20260519,21.75,21.9,21.15,21.7,357,766
20260520,21.7,22.5,21.4,22.3,959,2110
20260521,24.5,24.5,23.65,24.5,7518,18405
20260522,24.7,26.95,24.1,26.65,7089,18294
20260525,27.4,29.3,27.4,29.3,2687,7758
20260526,30.95,32.2,30,32.2,8034,25506
20260527,31.55,34.6,31.55,33.6,7397,24709
20260528,32.9,33.9,32.7,33,1229,4062
20260529,34.4,36.3,33.3,36.3,1800,6353
20260601,37.4,39.9,37.4,39.9,1418,5579
20260602,40.2,42.9,38.55,38.65,1110,4522
20260603,41.5,41.55,40.25,41.55,726,2989
20260604,44.75,44.95,43.1,43.8,626,2773
20260605,44.3,44.3,39.45,39.8,1014,4078
20260608,35.85,35.95,35.85,35.85,683,2449
20260609,35.85,39.4,35.85,37.6,527,1999
20260610,36.7,37.95,36.6,36.6,361,1341
20260611,36,36,32.95,32.95,938,3120
20260612,32.15,36.15,32.15,36.15,751,2554
20260615,38.95,39.75,38.95,39.75,794,3133
20260616,43.15,43.7,42,43.7,3016,13124
20260617,44.95,48.05,43.9,48.05,6124,28444
20260618,50,52.8,49.3,52.8,6580,34136
20260622,55.7,58,55.5,58,2963,16918
20260623,59.9,63.5,55.3,58,9452,56196
20260624,59.6,63.8,58,63.8,961,5896
20260625,68.1,69.8,67.8,69.5,1044,7198
20260626,67.6,67.6,62.6,62.6,956,6059
20260629,60.2,63.3,60.2,60.5,721,4419
20260630,65,65,62,64,584,3730
20260701,68.9,68.9,65.1,66.1,447,2956
20260702,67,68.5,66.2,67.6,528,3557
20260703,68.8,74.2,68.8,74.2,766,5558
20260706,81.3,81.3,78.2,80.1,732,5855
20260707,79.8,80.8,76.1,80,668,5283
20260708,82.7,85.8,72.8,83,5560,44491
20260709,83.7,83.7,74.7,74.7,4270,33013
20260713,73.5,75.8,67.3,67.3,4640,32247
20260714,65.9,69.9,63.7,67.6,4179,27926
20260715,69,70.6,64.5,68,3438,23218
20260716,66.6,69.3,61.2,63,3887,25139
20260717,60,61.5,56.7,56.7,2180,12534
20260720,52,53.3,51.1,51.1,2016,10400
20260721,51.1,52,48.8,51.1,3133,15819
20260722,52.3,56.2,52.3,53.8,3753,20561
20260723,52.8,57,51.3,52.7,3253,17344
20260724,52.6,54.9,50.3,52.1,1388,7365
20260727,52.1,56.1,49.7,54.5,2436,12765
20260728,52,54.7,52,52.2,1563,8279
20260729,52.3,57.4,50.1,55.4,3530,18907
20260730,55.1,60.5,51,51.2,3853,21263
20260731,55,56.3,53.7,55.5,2239,12379
20260803,54.8,56.3,52.5,52.8,2162,11760
20260804,53.1,54.3,51.7,54,881,4694
20260805,54.6,56.4,54.2,55.2,1138,6288
20260806,56.1,60.7,55,58.2,3989,23547
20260807,57.2,59.8,56,56.2,2161,12460
20260810,56.7,59.5,55.4,59.5,1737,9943
20260811,58.6,65.3,57.5,63.1,4282,26946
20260812,62.4,64.6,62.4,62.5,1924,12193
20260813,59.3,59.3,56.3,56.3,2333,13282
20260814,54,54.4,50.7,50.7,4826,24880
20260817,50,53.2,49.1,51.6,2012,10386
20260818,51,51.3,48,48,2231,10992
20260819,47.5,50,47.2,48.85,1438,6997
20260820,48.5,50.4,48.5,49.75,1128,5573
20260821,49.35,52.4,49.05,50.1,1691,8585
20260824,50.2,52.5,50.2,51,1126,5822
20260825,50.5,52.4,50.5,50.6,1309,6718
20260826,50.5,51.6,49.05,49.45,1828,9216
20260827,49.6,50.7,49.35,50.6,879,4392
20260828,51.5,53.9,50.3,51.7,2736,14185
20260831,51,52.6,50.8,51.6,1669,8621
20260901,52.5,56.7,51.4,55,4469,24441
20260902,55,56.1,53.7,56,2068,11361
20260903,56,57,51.9,51.9,2539,13853
20260904,53.1,55.7,52.8,54,2142,11603
20260907,53.7,55,51.2,52.3,1903,10220
20260908,47.1,49.85,47.1,47.2,4062,19549
20260909,47.5,47.9,46.65,47.1,1770,8371
20260910,47.1,48.65,47,48.25,955,4577
20260911,47.3,48.8,47.05,47.05,988,4725
20260914,46.6,47.9,46,47.2,788,3710
20260915,46.8,47.85,46.8,47.2,490,2321
20260916,47.2,51.9,47.15,51.9,2191,11043
20260917,52.5,56,51.9,52.4,2753,14833
20260918,52.9,54,51.9,52.4,1967,10358
20260921,52,55.5,52,54,1955,10564
20260922,54.1,55.4,53.6,55.1,2029,11045
