# date,open,high,low,close,lot,wan
20250814,45.65,46.65,45.6,45.75,201,926
20250815,45.75,47.05,45.25,46.4,286,1323
20250818,46.95,46.95,44.6,44.6,306,1394
20250819,45,45,43.1,43.8,181,795
20250820,43.3,43.8,42.55,43.5,218,943
20250821,44.7,45.15,43.75,43.85,99,439
20250822,43.85,43.85,42.8,42.85,115,496
20250825,42.95,44.55,42.95,43.7,102,447
20250826,43.35,44.9,43.35,43.85,100,440
20250827,43.9,45,43.9,45,130,581
20250828,45.3,46.75,45,45.1,297,1362
20250829,45,45.9,44.2,44.65,150,676
20250901,44.65,44.7,42.8,43,145,630
20250902,43,43,41.35,41.45,145,609
20250903,41.45,42.1,41.45,41.9,53,222
20250904,43.35,43.35,41.7,41.7,78,328
20250905,42.1,42.2,41.15,41.4,108,449
20250908,42,42.05,40.65,41.7,85,350
20250909,41.9,42.25,41.1,41.15,66,275
20250910,41.15,41.2,40.5,40.8,98,400
20250911,41,41,39.45,39.7,198,795
20250912,40.15,40.15,39.5,39.75,50,199
20250915,39.7,39.85,39.1,39.7,51,202
20250916,39.5,40,39.4,39.85,46,182
20250917,39.6,41.85,39.5,40.6,157,638
20250918,40.6,40.85,40.25,40.5,44,178
20250919,40.55,40.95,39.8,39.8,108,436
20250922,39.85,40.1,39.45,39.8,44,175
20250923,40.3,40.3,39.3,39.3,65,256
20250924,39.6,39.6,39,39.4,71,278
20250925,40.4,40.4,39,39,65,257
20250926,39,39,37.6,37.8,117,444
20250930,38.5,38.5,37.7,37.85,95,360
20251001,38,41.6,38,41.6,310,1271
20251002,43.9,45.75,43.4,45.75,1078,4862
20251003,46.85,50.1,46.5,48.65,4479,21805
20251007,48.8,49.1,46.7,47.1,1490,7109
20251008,45.95,46.95,45.25,45.8,546,2507
20251009,46.3,46.75,43.95,44.5,559,2519
20251013,42.6,44.5,42,43.5,289,1256
20251014,44.05,46.85,43.25,43.25,396,1785
20251015,44.15,44.15,43.15,43.3,175,763
20251016,43.35,46.45,43.35,44.3,365,1627
20251017,45,45.05,42.7,43.3,173,752
20251020,43.3,44.15,42.5,42.8,142,607
20251021,42.8,43.55,41.9,42.15,200,848
20251022,42.15,42.9,41.9,42,76,321
20251023,42,42,41.3,41.4,71,295
20251027,41.45,42.15,41.3,42.1,56,234
20251028,42.1,42.1,40.5,40.6,138,566
20251029,40.7,41.4,40.7,41.2,64,262
20251030,40.9,41.05,40.35,40.5,92,374
20251031,40.5,41.1,40.5,40.7,48,195
20251103,41.45,41.45,39.95,40.15,93,376
20251104,40.45,40.55,39.25,39.25,70,278
20251105,39.3,39.55,38.1,39.15,68,265
20251106,39.6,40.7,39.6,40.1,81,325
20251107,40.5,41,38.95,40.05,146,579
20251110,41.6,44.05,40.4,44.05,495,2104
20251111,46.25,47.7,42.7,43.9,1248,5594
20251112,43.15,44.1,42.25,42.45,190,818
20251113,42.15,42.5,41.3,41.7,180,753
20251114,41.4,42.6,40.55,40.55,175,728
20251117,41,41.95,39.2,39.95,150,607
20251118,39.95,40.05,38.6,39.05,153,599
20251119,39.1,39.3,38.2,38.4,110,426
20251120,39,39.5,38.85,39.15,113,442
20251121,39,39,37.5,38.1,200,759
20251124,38.3,39.2,38.15,38.4,51,197
20251125,38.65,40.3,38.6,39.5,107,423
20251126,39.75,40.8,39.75,40.5,129,522
20251127,40.3,40.9,39.75,39.8,186,745
20251128,39.8,40.55,39.8,40.5,68,274
20251201,40.45,40.45,39.6,39.65,72,287
20251202,39.3,40.15,39.2,39.2,39,153
20251203,39.25,40.3,39,39.65,88,350
20251204,39.85,40.7,39.85,40.3,92,371
20251205,39.55,40.65,39.5,39.75,67,267
20251208,39.75,40.1,39.5,39.9,57,227
20251209,39.55,40.3,39.55,40.25,47,188
20251210,40.2,40.25,40,40.1,66,265
20251211,40.5,40.5,39.2,39.65,57,228
20251212,39.75,39.85,39.7,39.85,22,87
20251215,39.8,40.45,39.8,40.05,33,132
20251216,39.8,40.05,39.25,39.25,49,194
20251217,39.35,39.65,39.35,39.35,24,95
20251218,39.35,39.9,39.1,39.1,9,35
20251219,39.2,40,38.7,39.7,36,142
20251222,39.8,40.4,39.7,40.05,27,108
20251223,40,40.05,39.75,39.95,48,192
20251224,40,40.4,39.95,39.95,93,374
20251226,40.1,40.1,39.6,40,26,104
20251229,40.3,43.4,40.3,41.9,233,979
20251230,42.4,42.4,41.2,41.25,90,374
20251231,41.4,42.05,41,41.8,84,348
20260102,41.8,43.5,41.8,43,266,1140
20260105,43.9,43.9,41.1,42.1,249,1061
20260106,46.2,46.2,44,44.2,711,3205
20260107,44.2,44.4,43.3,44.2,187,818
20260108,44.05,44.85,42.35,43.1,172,746
20260109,43.1,43.4,42.2,42.55,101,432
20260112,43.3,44.85,43.1,44.75,302,1337
20260113,45.4,45.6,43.65,44.95,266,1191
20260114,42.3,44.95,42.3,44.75,294,1279
20260115,45.1,45.1,44.2,44.7,89,396
20260116,45,47.25,44.7,46.2,588,2714
20260119,46.2,47.9,45.9,46.4,496,2319
20260120,46.3,47,45.8,46.1,198,915
20260121,45.95,46.4,45.5,45.5,143,655
20260122,46,46,45.25,45.35,124,564
20260123,45.35,47.9,45.35,46.8,386,1812
20260126,45.4,45.8,44,44.7,379,1697
20260127,44.7,45.2,44.1,44.5,165,734
20260128,44.5,44.95,44.15,44.55,103,458
20260129,44.1,44.55,43.1,44.1,184,805
20260130,43.6,43.6,41.5,41.55,199,840
20260202,42.35,42.35,40.1,40.7,87,354
20260203,40.75,40.95,39.8,39.9,139,559
20260204,39.8,41.3,39.8,41,165,674
20260205,41,43.8,40.2,40.2,124,511
20260206,39.65,39.85,38.35,39.6,119,468
20260209,40.1,40.55,40,40,83,334
20260210,40,40.05,39.65,39.8,39,155
20260211,39.8,39.8,39.2,39.5,66,260
20260223,38.5,40.4,38.15,40.4,216,847
20260224,40.4,40.45,39.65,39.75,115,458
20260225,40.25,40.25,39.45,39.9,93,370
20260226,39.95,40.7,39.95,40.35,194,785
20260302,40.2,41.7,39.4,41.4,354,1442
20260303,41.6,41.6,40.3,40.55,184,751
20260304,40.4,40.4,38.15,38.25,245,951
20260305,39.35,40.1,39.3,39.85,205,814
20260306,39.05,39.95,38.8,39.6,68,267
20260309,38.85,38.85,36.35,37.05,262,972
20260310,37.4,37.75,36.75,37.25,143,534
20260311,37.35,39.3,37.35,39.2,89,341
20260312,38.6,39.55,38.2,39,174,674
20260313,37.4,38.6,37.4,38.45,129,493
20260316,38.9,40.5,38.25,40.15,591,2341
20260317,40.1,40.25,39.65,39.8,254,1014
20260318,39.8,41.5,39.3,40.65,267,1074
20260319,40,41.3,39.6,39.6,203,820
20260320,39.75,39.9,39,39.25,103,407
20260323,39.05,40.2,38.05,38.1,212,821
20260324,38.6,40.1,37.95,39.5,279,1089
20260325,39.5,40.1,39.3,39.55,90,357
20260326,39.65,39.8,38.9,38.95,62,243
20260327,38.35,38.95,38.1,38.9,73,281
20260330,38.1,39.25,38.1,38.9,51,198
20260331,38.9,39.6,38,38.6,101,390
20260401,39,39.6,38.45,38.8,107,417
20260402,38.85,38.85,37.75,38.5,142,541
20260407,38.5,38.5,37.75,38,96,365
20260408,39.1,39.5,38.5,38.6,243,948
20260409,38.2,40,37.75,39.5,166,647
20260410,40,40.5,39,39.35,211,837
20260413,39.3,39.8,38.7,39.8,136,536
20260414,40.25,40.35,39.5,40.05,168,671
20260415,40.9,41.25,39.9,39.95,199,804
20260416,40.2,42.5,39.95,41.5,413,1715
20260417,43,45.65,43,45.65,609,2756
20260420,50.2,50.2,48.45,50.2,1120,5607
20260421,52.5,52.5,48,51.1,3508,17769
20260422,50.7,51.5,49.9,50.2,1043,5285
20260423,51.2,55.2,49.65,55.2,2237,11709
20260424,60.2,60.7,54.6,54.6,4678,27182
20260427,53.3,56.2,52,53.6,1568,8483
20260428,53.7,57.6,53.6,56,1337,7491
20260429,56.5,59.9,55,57.9,1048,6022
20260430,58.2,61.4,57.6,59,1795,10640
20260504,62.5,64.9,61,63,2763,17580
20260505,63,64.6,62.5,63.5,1117,7085
20260506,64.2,66,61.4,66,1695,10762
20260507,68.5,72.6,67.3,72.6,4358,30502
20260508,72.6,79,70.7,72.2,4708,34640
20260511,70.4,72.8,68.9,69.5,1470,10303
20260512,68,68.5,65.3,68,1734,11592
20260513,68.5,68.6,66.5,66.5,575,3859
20260514,65.7,67,62.9,63.3,905,5823
20260515,64.3,67.6,63.8,65.2,938,6145
20260518,64.6,67.4,63,65.7,674,4443
20260519,67.9,67.9,65.4,65.7,509,3370
20260520,65.7,65.7,62.8,63,409,2598
20260521,63.5,65.5,63.5,64.5,433,2801
20260522,65,67.5,65,66.8,635,4232
20260525,66.9,68.7,65,68.6,1332,8946
20260526,69,75.4,69,75.4,6620,49389
20260527,79,82.9,77,82.4,11257,90506
20260528,80,81.5,74.3,75.9,3590,27989
20260529,76.6,81.5,75,77.6,2922,22934
20260601,77.6,77.6,74.6,75.5,1346,10179
20260602,75.5,75.5,70.6,71.5,989,7174
20260603,67.6,68.7,66.6,67,1365,9190
20260604,67,67.4,64.1,66.7,876,5757
20260605,66.7,66.7,64,64.4,452,2937
20260608,58,61,58,60.3,429,2543
20260609,60.6,64.6,59.8,63.3,445,2758
20260610,62.3,65.5,62.3,62.7,581,3677
20260611,62.6,63.5,62.1,63.2,285,1791
20260612,64.8,65.4,62.6,62.6,308,1956
20260615,63.8,66.3,63.8,65.3,616,4036
20260616,67.1,67.1,64.3,65.7,393,2569
20260617,65.7,68,64.4,67.6,374,2504
20260618,67.7,69.3,67,68.2,386,2631
20260622,68.4,69.9,67.2,67.7,407,2756
20260623,67.8,68.3,66.3,68.1,453,3056
20260624,67,68.7,66.7,66.8,216,1462
20260625,68.7,68.8,63.2,63.5,298,1959
20260626,63.5,63.8,61,61,292,1834
20260629,61.6,63,61.5,62.2,123,765
20260630,63.8,63.8,61.3,61.7,199,1231
20260701,61.8,62.7,61.1,61.8,154,948
20260702,61.7,62.5,61.6,62.2,107,665
20260703,64.2,64.8,63,63.1,242,1545
20260706,64.3,66.3,63.4,63.8,317,2036
20260707,65,65,61,61.3,244,1526
20260708,60.2,62.2,60.2,62.1,127,781
20260709,62.1,62.1,60.5,60.6,139,848
20260713,60.6,61.2,57.5,59.7,193,1139
20260714,60,60,53.8,55.3,422,2344
20260715,55.5,56.5,55.5,56.1,106,593
20260716,55.6,57.8,55,56.4,88,497
20260717,54.8,55.3,53,53.6,346,1865
20260720,54.4,54.4,51.5,52.8,166,874
20260721,53.2,53.2,52.3,52.3,122,640
20260722,53,53.5,52.8,53.2,120,637
20260723,53.3,53.4,52.5,53,126,669
20260724,53,53.3,51.6,51.6,88,460
20260727,51.6,52.1,51,51.9,102,525
20260728,49.5,50.8,48.15,48.15,179,884
20260729,49,49,43.45,46.2,227,1037
20260730,46,46.4,43.9,44,108,487
20260731,45.05,47.1,45.05,46.6,110,509
20260803,46.95,50.7,46.6,48.2,58,278
20260804,48.2,48.3,47.05,48.2,46,220
20260805,53,53,53,53,57,302
20260806,58.3,58.3,58.3,58.3,46,268
20260807,64.1,64.1,59,59.3,1343,8324
20260810,58.8,60.6,57.9,59,297,1744
20260811,59.9,61.6,58.6,59,235,1403
20260812,59.8,64.2,59.3,63.4,448,2795
20260813,63.5,63.9,62.1,62.8,261,1641
20260814,62.7,62.7,59.9,60.5,133,809
20260817,60.8,61.4,60.2,60.9,52,316
20260818,61,66.9,60,66.9,791,5163
20260819,66.9,71.5,64.6,64.7,1277,8754
20260820,65.5,70.5,65.3,68.7,792,5411
20260821,70.5,70.5,67.8,68.8,360,2480
20260824,70.2,70.2,65.1,65.1,325,2186
20260825,65,66.3,64.1,65.6,159,1034
20260826,66.3,67.7,66.2,67.4,218,1467
20260827,67.5,69.6,66.8,68.3,323,2211
20260828,69.5,69.9,65.8,67.1,303,2046
20260831,67.1,70.5,67.1,69.5,343,2388
20260901,70.1,71.4,68.1,68.1,312,2163
20260902,68.1,69.4,66.4,66.4,174,1174
20260903,67,67.9,65.3,65.3,158,1052
20260904,63.6,63.9,59.5,63,675,4145
20260907,63,63,61.7,61.9,114,709
20260908,62,62.7,61.3,61.7,106,655
20260909,61.3,62,61.2,62,91,560
20260910,64.2,64.2,61.4,61.9,73,452
20260911,61.3,61.6,60,60,93,564
20260914,59,59.8,58.3,59.7,28,166
20260915,58.8,60.9,58.6,60.1,39,233
20260916,61,61.1,60.3,61.1,18,110
20260917,61.5,62,61.4,61.7,70,432
20260918,62.1,62.4,61.5,61.6,76,470
20260921,61.6,62.2,61,61.2,80,492
20260922,61.6,64,61.6,61.6,140,880
20260923,61.6,62.2,60.6,60.8,70,427
20260924,60.7,61.4,60.6,61,27,165
