# date,open,high,low,close,lot,wan
20250814,37.7,38.2,37.6,37.95,1300,4932
20250815,38.1,38.7,37.35,38.4,3860,14736
20250818,38.65,39.55,38.65,39.45,2212,8687
20250819,39.45,40.15,39.3,40,2551,10178
20250820,40,40.3,38.85,39.2,4412,17361
20250821,39.3,39.6,38.45,38.7,2321,9010
20250822,38.4,39,38.3,38.95,1550,5999
20250825,39.2,41.75,39.2,40.25,8730,35379
20250826,40.4,41,39.8,40.3,4067,16476
20250827,40.2,41.95,40.2,41,4453,18304
20250828,41,41.1,39.75,40.95,2896,11674
20250829,40.55,40.95,39.7,40,4174,16730
20250901,39.9,39.9,39.15,39.85,1653,6536
20250902,39.65,39.75,39.25,39.7,1805,7130
20250903,39.3,40.5,39.3,40,1899,7573
20250915,44.9,45.2,42.05,44.4,2674,11689
20250916,44.15,44.15,42.7,43.6,1708,7409
20250917,43.55,44.05,43.3,43.65,1940,8471
20250918,43.65,43.75,42.6,42.6,2098,8984
20250919,42.8,42.8,41.45,42.15,2848,11894
20250922,42.2,42.2,41,41,1683,6951
20250923,41,41.45,40.2,41.15,2435,9930
20250924,41.3,41.35,40.15,40.2,1896,7680
20250925,40.2,40.7,39.8,39.8,1545,6195
20250926,39.85,39.85,38.25,38.25,2955,11432
20250930,38.4,38.6,37.95,38.05,1608,6137
20251001,38.15,38.75,38.15,38.25,1283,4929
20251002,38.7,39.2,38.35,38.75,1479,5730
20251003,38.8,38.95,38.25,38.6,959,3688
20251007,38.55,38.95,37.8,38.2,2528,9673
20251008,38.25,38.35,37.5,38.2,1985,7545
20251009,38.35,38.35,37.5,38,2324,8795
20251013,37,37.55,36.25,37.5,2145,7939
20251014,37.2,37.65,36.6,37,2365,8771
20251015,37,37.3,35.95,37.3,2726,9983
20251016,37.25,37.45,36.85,37.4,1380,5132
20251017,37.35,37.6,37.1,37.6,1431,5352
20251020,37.55,38.45,37.3,38.2,1709,6486
20251021,38.2,38.55,37.7,38,1695,6433
20251022,38,38.05,37.6,38,1015,3839
20251023,37.8,38.1,37.6,37.95,1134,4284
20251027,38.4,38.4,37.65,37.9,1198,4535
20251028,37.85,38.1,37.45,37.45,1824,6873
20251029,37.5,37.5,36.6,36.6,2259,8346
20251030,37,37.3,36.2,36.55,1729,6328
20251031,36.55,36.55,36,36.2,1359,4918
20251103,36,36.5,36,36,883,3192
20251104,35.95,36.5,35.9,36.1,875,3165
20251105,36,36.9,35.7,36.25,2118,7705
20251106,36.5,37.3,36.5,36.7,986,3641
20251107,36.85,37.15,36.55,36.9,644,2376
20251110,36.5,36.95,36.2,36.9,871,3194
20251111,37,37.3,36.2,36.4,1034,3778
20251112,36.7,36.8,36.3,36.7,680,2491
20251113,36.85,36.95,35.9,35.9,1653,5983
20251114,35.6,36.55,35.25,36.55,1640,5919
20251117,36.55,36.75,36.2,36.25,919,3346
20251118,36.15,36.25,35.8,35.95,1570,5657
20251119,36,36.45,35.65,36.2,1562,5631
20251120,36.2,38.5,36.2,37.75,2698,10050
20251121,37.55,37.55,36.7,37.25,1448,5363
20251124,37.25,38,37.05,37.95,1658,6247
20251125,37.95,38.1,36.65,36.65,1533,5698
20251126,36.9,37.15,36.6,37.15,738,2724
20251127,36.9,37.95,36.9,37.75,1078,4060
20251128,37.75,38.35,37.55,37.55,1454,5511
20251201,37.55,38.25,37.45,37.45,849,3206
20251202,37.85,38.25,37.55,38,805,3055
20251203,38.15,39.9,38.1,39.45,3620,14250
20251204,39.7,39.7,38.5,38.65,1704,6615
20251205,38.6,38.8,37.95,38.45,1345,5141
20251208,38,38.4,37.65,38.35,786,2987
20251209,38.05,38.15,37.65,37.65,629,2375
20251210,37.65,38.2,37.55,38.15,1089,4126
20251211,38.3,38.9,38,38.45,1270,4883
20251212,38.8,39,38.3,38.45,1399,5408
20251215,38.25,38.8,38.15,38.25,655,2523
20251216,38.1,38.75,37.4,38.05,1272,4804
20251217,38,38.35,37.5,37.5,1386,5228
20251218,37.6,37.75,37.3,37.45,840,3151
20251219,37.6,38.05,37.55,37.7,1018,3853
20251222,37.8,37.95,37.45,37.7,801,3019
20251223,37.95,37.95,37.2,37.5,1169,4371
20251224,37.6,37.75,37.4,37.6,582,2190
20251226,37.6,38.1,37.6,37.8,694,2632
20251229,38,38.3,37.6,37.9,4449,15985
20251230,37.9,37.9,37.1,37.6,1143,4270
20251231,37.55,37.7,37.25,37.25,586,2190
20260102,37.55,37.7,37.05,37.45,1744,6508
20260105,37.2,37.25,36.55,36.85,1772,6529
20260106,37.2,37.25,36.85,37.15,1547,5735
20260107,37.15,37.65,37,37.45,1646,6151
20260108,37.4,37.7,37.2,37.2,1010,3775
20260109,37.45,37.5,36.9,37.3,814,3029
20260112,37.3,37.4,36.65,36.9,1830,6748
20260113,37.1,37.1,36.4,36.95,1406,5173
20260114,37.1,38.15,37.1,37.4,2902,10907
20260115,37.55,37.85,37.45,37.55,973,3660
20260116,37.8,37.8,37.05,37.05,1674,6240
20260119,36.85,37.6,36.35,37,1227,4548
20260120,36.9,37.25,36.65,37,962,3552
20260121,36.85,37,36.15,36.95,2098,7686
20260122,37.15,37.85,37.15,37.15,1271,4760
20260123,37.25,37.3,36.6,36.9,1555,5737
20260126,36.95,37.45,36.9,37,1098,4076
20260127,37.35,37.5,36.35,36.45,1921,7041
20260128,36.45,36.7,36.3,36.65,967,3529
20260129,36.55,36.65,36.2,36.65,1702,6191
20260130,36.65,36.65,35.55,35.55,1868,6727
20260202,35.6,35.6,34.85,35.2,1445,5086
20260203,35.4,35.5,34.65,35,1148,4004
20260204,35,35.25,34.85,35.25,1179,4135
20260205,35.1,36.05,35.1,35.35,1270,4536
20260206,35.05,35.05,34.2,34.85,1169,4047
20260209,35,35.1,34.1,34.4,1267,4359
20260210,34.45,35.2,34.15,35.05,1223,4240
20260211,35.3,35.3,34.65,35.15,795,2783
20260223,35.35,35.75,34.6,35.55,1964,6894
20260224,35.6,36.05,35.45,35.75,1312,4690
20260225,35.75,36.35,35.7,36,1481,5342
20260226,36.2,36.2,35.55,35.55,1384,4957
20260302,35.5,35.55,35.05,35.5,771,2725
20260303,35.3,35.5,34.75,34.75,1551,5431
20260304,34.55,34.55,33,33.55,3620,12128
20260305,34,34.45,33.2,34.45,2354,7967
20260306,34.3,35.15,34,35.15,1643,5726
20260309,33,34,32.5,33.65,2395,7967
20260310,33.9,34.15,33.1,33.5,1329,4463
20260311,33.5,33.5,32.9,33.05,2283,7560
20260312,32.9,33.55,32.45,32.5,4766,16237
20260313,32.05,32.45,31.8,31.9,2246,7189
20260316,32.1,32.2,31.5,31.65,2014,6381
20260317,31.7,32.05,31.7,32,8556,29136
20260318,32.7,34.6,32.7,34,3750,12701
20260319,33.7,33.85,33.15,33.6,1234,4138
20260320,33.9,36.65,33.7,35.35,5621,19970
20260323,35.35,35.35,34.35,34.6,1672,5801
20260324,34.7,35.35,34.65,34.95,1997,6970
20260325,35.3,35.3,34.75,35.2,1632,5717
20260326,34.65,34.8,34.2,34.3,863,2974
20260327,34,34.6,33.75,34.6,620,2118
20260330,33.85,34.8,33.6,34.55,1049,3609
20260331,34.6,35.7,34.35,35.2,1941,6831
20260401,35.3,36.25,35.3,35.95,2037,7295
20260402,36.25,38.35,36.2,37.75,4316,16151
20260407,37.35,37.35,35.15,35.5,3925,14108
20260408,35.8,36.5,35.5,36.4,1483,5359
20260409,36.45,36.9,35.8,36.6,1331,4829
20260410,37.1,37.8,35.5,35.7,4833,17633
20260413,35.9,37.3,35.5,37.1,2847,10480
20260414,37.25,37.35,36.25,36.55,1349,4942
20260415,36.85,36.85,36.15,36.5,1326,4819
20260416,36.75,36.85,36.15,36.45,1266,4609
20260417,36.65,36.65,35.65,35.65,1415,5091
20260420,35.5,36,35.4,35.45,1160,4132
20260421,36,36,35,35.25,1531,5412
20260422,35.4,35.4,34.35,34.95,2201,7621
20260423,34.6,34.85,33.7,34.15,1997,6832
20260424,34.35,34.35,33.35,33.4,5488,18961
20260427,33.5,33.55,32.95,33.05,6038,20814
20260428,33.45,33.55,33.05,33.2,1037,3453
20260429,33.4,34.2,33.05,34.1,1143,3850
20260430,34.4,34.4,33.4,33.45,1014,3411
20260504,33.5,33.55,32.85,33.1,1446,4795
20260505,33.15,33.6,33.05,33.5,781,2604
20260506,34,34.05,33.45,33.55,1258,4239
20260507,33.4,35,33.2,34.7,1956,6674
20260508,34.7,34.95,34.05,34.5,1039,3587
20260511,34.5,34.8,33.55,33.6,1623,5505
20260512,33.6,33.85,33.25,33.4,1091,3650
20260513,33.35,33.35,32.25,32.45,3309,10791
20260514,33.3,34.15,32.5,32.55,2133,7066
20260515,32.75,32.75,31,31.15,3464,10960
20260518,30.95,30.95,30,30.35,3482,10590
20260519,30.5,30.5,29.85,30,3105,9346
20260520,30.5,30.9,30.15,30.75,2333,7112
20260521,31.05,31.15,30.7,31.1,2106,6518
20260522,31.1,31.3,30.55,30.7,2199,6776
20260525,30.8,30.8,29.9,30.2,3725,11220
20260526,30.2,30.5,30,30.4,1875,5669
20260527,30.5,30.5,29.55,29.75,3224,9638
20260528,29.75,30.1,29.5,29.75,2200,6536
20260529,29.95,30.45,29.8,30.05,2324,6978
20260601,30.3,32.35,29.95,32,7023,21877
20260602,32,32.55,31.7,32.2,3982,12784
20260603,32.2,32.85,31.95,32.85,3398,11035
20260604,32.7,33,32,32.45,2386,7718
20260605,32.3,32.4,31.75,31.9,1434,4595
20260608,30.6,31.7,30.2,31.6,2141,6685
20260609,31.6,32.6,31.55,32.45,2295,7405
20260610,32.35,33.25,32.1,32.75,2716,8923
20260611,33.4,33.4,32.4,33,2005,6584
20260612,32.9,34.1,32.9,33.35,2906,9731
20260615,33.9,33.9,33.05,33.65,3148,10481
20260616,33.9,33.9,33.1,33.45,1614,5382
20260617,33.3,33.35,32.8,33.3,1715,5670
20260618,33.25,33.85,32.4,32.45,8666,28372
20260622,32.5,32.55,31.8,32.05,10224,32731
20260623,32.3,32.3,31.35,31.35,5742,17889
20260624,31.2,31.5,31,31.4,1129,3534
20260625,31.6,32.3,31.5,31.6,1312,4191
20260626,31.35,31.5,30.95,31.15,1172,3656
20260629,31.15,32.2,31.15,31.85,3579,11239
20260630,31.85,32.05,31.2,31.4,1979,6219
20260701,31.4,31.55,31,31.2,1603,5007
20260702,31.2,32.3,31.1,32.3,1817,5776
20260703,32,34.2,32,33.4,3857,12932
20260706,33.75,34.6,33.5,34.15,3324,11364
20260707,34.15,34.85,33.75,34.1,2743,9403
20260708,34.5,34.55,33.5,33.7,1508,5101
20260709,34.5,35.1,33.9,34,2305,7918
20260713,34.3,34.7,34.3,34.55,2314,7975
20260714,34.95,34.95,33.9,34.2,10271,34266
20260715,34.3,34.55,33.85,34.1,1524,5203
20260716,34.3,35.3,34.25,34.55,2875,10029
20260717,34.55,35,33.75,34,3004,10319
20260720,34.6,34.8,33.5,33.5,1944,6593
20260721,33.8,34.3,33.45,33.75,1035,3497
20260722,33.8,34.05,33.5,33.6,1472,4966
20260723,33.65,33.85,33.25,33.45,793,2654
20260724,33.5,33.55,32.75,33,1200,3966
20260727,33.2,33.3,32.75,33.15,756,2502
20260728,33.05,33.05,32.55,32.7,1103,3610
20260729,32.75,33.2,31.65,32.25,2988,9672
20260730,32.5,32.9,32.25,32.45,1840,5980
20260731,33.05,33.75,33,33.25,2026,6736
20260803,33.25,33.45,32.65,33.35,1575,5215
20260804,33,33.7,32.7,33.7,1665,5509
20260805,33.9,34.5,33.35,34.45,2433,8293
20260806,34.3,34.6,34.05,34.6,1517,5209
20260807,34.45,36.25,34.45,35.5,3927,13979
20260810,35,35,33.6,34.3,3406,11607
20260811,34,34.2,33.3,33.8,2277,7644
20260812,33.85,34.45,33.85,34.3,1391,4761
20260813,34.8,34.8,34.05,34.25,1436,4935
20260814,33.1,33.1,31,31.55,9341,29454
20260817,31.45,32.1,30.75,31.9,4245,13304
20260818,31.7,32.2,31.6,32,1542,4925
20260819,31.9,32.55,31.75,32.3,1681,5425
20260820,32.55,33.15,32.55,32.85,1778,5842
20260821,33,33.45,32.5,33.25,1301,4293
20260824,33.25,33.65,33.05,33.5,1338,4469
20260825,33.7,33.7,33.05,33.15,1322,4406
20260826,33.1,33.3,32.7,33,837,2757
20260827,33,33.2,32.6,32.9,2143,7039
20260828,32.3,32.4,31.55,31.75,2791,8878
20260831,31.7,31.7,31.2,31.25,2022,6341
20260901,31.1,31.45,31.1,31.4,1138,3564
20260902,31.3,31.7,31.3,31.65,1246,3927
20260903,31.65,31.85,31.35,31.4,1117,3524
20260904,31.65,31.65,31.3,31.35,746,2341
20260907,31.65,31.65,31,31.1,1521,4737
20260908,31.05,31.2,30.65,30.65,2031,6261
20260909,30.7,30.95,30.55,30.85,1377,4238
20260910,30.75,30.8,30.4,30.4,1525,4660
20260911,30.25,30.6,30.25,30.25,870,2641
20260914,30.25,30.3,29.85,30.15,1374,4135
20260915,30.05,30.3,29.95,30,843,2537
20260916,30.35,30.35,29.85,29.85,2016,6040
20260917,30,30.45,29.9,30.35,991,2999
20260918,30.9,30.9,30.45,30.6,1688,5167
20260921,30.7,30.7,30.5,30.5,4264,12846
