# date,open,high,low,close,lot,wan
20250814,38.7,39.1,38.6,39,2928,11396
20250815,39.2,39.2,38.2,38.8,5048,19434
20250818,38.5,39.35,38.45,39.2,4167,16242
20250819,39,39.5,38.9,39.5,2156,8477
20250820,39.55,40,39.4,39.95,4545,18088
20250821,40.1,40.25,39.3,39.45,2815,11152
20250822,39.15,39.2,38.2,38.6,5958,22920
20250825,38.75,39.25,38.75,39.15,2454,9589
20250826,39,39,38.25,38.25,13799,52855
20250827,38.2,38.5,38.1,38.1,4511,17241
20250828,38.1,38.55,38,38.1,3834,14668
20250829,38.25,38.5,38,38,3394,12932
20250901,38.1,38.25,37.7,37.85,3623,13727
20250902,37.85,38,37.3,37.7,2905,10934
20250903,37.65,38.1,37.5,37.6,3275,12350
20250904,37.65,38.4,37.6,38.4,3775,14418
20250905,38.5,38.6,37.8,38.1,2667,10143
20250908,38,38.75,38,38.6,3065,11795
20250909,38.7,38.75,38.2,38.45,2832,10871
20250910,38.35,38.35,37.85,37.95,3935,14943
20250911,37.9,38,37.35,37.35,4776,17929
20250912,37.7,38,37.6,38,3023,11441
20250915,38,38.5,37.95,38.15,3136,11964
20250916,38.15,38.3,37.85,38.25,10282,39296
20250917,38.3,38.5,37.9,38.2,2790,10658
20250918,38.35,38.5,37.9,38.05,3344,12738
20250919,38.15,38.15,37.85,38.1,5346,20331
20250922,38.35,38.9,38.2,38.5,5012,19274
20250923,38.5,38.5,37.8,38.1,5008,19042
20250924,38.1,38.3,37.95,38.3,3953,15083
20250925,38.45,38.6,38.1,38.3,6377,24435
20250926,38.3,38.3,37.5,38,5171,19494
20250930,38.4,38.55,37.5,37.65,6296,23793
20251001,37.7,37.7,36.55,36.55,14314,52638
20251002,36.7,36.95,36.4,36.8,3665,13447
20251003,36.8,36.8,36.35,36.5,3063,11184
20251007,36.35,37.2,36.2,36.65,4867,17871
20251008,36.85,36.9,36.55,36.8,2080,7643
20251009,36.8,36.95,36.2,36.35,3770,13724
20251013,36.35,36.35,35.2,35.95,6719,24043
20251014,35.9,36.4,35.9,36,5505,19880
20251015,35.75,36,34.9,35,9851,34581
20251016,35.4,35.45,34.25,34.3,9918,34255
20251017,34.3,34.6,33.7,33.8,10439,35483
20251020,33.65,33.7,33.05,33.3,8230,27334
20251021,33.45,33.55,33,33.2,6502,21639
20251022,33.25,33.55,33.2,33.35,7199,24048
20251023,33.35,33.6,33.05,33.1,6733,22365
20251027,33.35,33.45,32.9,32.9,6511,21525
20251028,33.1,33.1,32,32.15,10084,32491
20251029,32.2,32.75,32.15,32.25,5709,18519
20251030,32.25,32.95,32.25,32.45,6189,20161
20251031,32.45,32.45,31.8,31.9,7860,25156
20251103,31.7,31.7,31.25,31.4,7143,22450
20251104,31.05,31.35,30.8,31.35,8904,27652
20251105,31.3,32.1,31.1,32.1,7504,23726
20251106,32.3,32.65,32.25,32.25,6329,20518
20251107,32.15,32.5,31.45,31.45,7590,24086
20251110,31.45,31.85,31.35,31.45,9840,31040
20251111,31.25,31.8,31.25,31.45,8406,26475
20251112,31.45,32.65,31.3,31.9,14294,45737
20251113,32,32.9,31.7,32.4,14627,47391
20251114,32.15,33.35,31.9,32.6,11403,37292
20251117,33,33.3,32,32.25,8358,27068
20251118,32,32.25,31.35,31.65,8824,27986
20251119,32,32.4,31.5,32.4,11271,36224
20251120,32.4,32.6,32.1,32.4,7333,23741
20251121,32.3,33.15,32.05,32.35,10188,33089
20251124,32.7,33.1,32.4,32.4,14660,47783
20251125,32.4,32.45,31.65,31.9,7014,22418
20251126,31.9,32.3,31.7,32.3,12615,40462
20251127,32.15,32.15,31.6,32,9547,30380
20251128,31.8,32.15,31.75,31.8,3761,11993
20251201,31.7,31.9,31.6,31.6,4535,14364
20251202,31.6,32.2,31.6,32.15,6444,20651
20251203,32.15,32.5,32.1,32.15,6779,21887
20251204,32.1,32.3,31.35,31.5,9901,31366
20251205,31.5,31.5,30.9,31.3,8145,25365
20251208,31.2,31.35,30.85,31.05,7930,24627
20251209,30.9,31.05,30.65,31.05,7276,22453
20251210,30.9,31.2,30.75,30.8,3811,11760
20251211,30.85,31.1,30.7,30.8,5036,15540
20251212,30.9,31.5,30.85,30.85,6907,21460
20251215,30.8,31.25,30.65,30.95,6424,19940
20251216,30.85,31.15,30.65,30.8,8266,25482
20251217,30.85,31.15,30.3,30.5,11308,34595
20251218,30.4,30.55,30.2,30.35,6657,20203
20251219,30.35,30.55,30.2,30.3,10828,32897
20251222,30.35,30.45,30,30.05,9986,30092
20251223,30.05,30.15,29.8,29.85,10088,30142
20251224,29.85,30.05,29.7,29.7,6255,18653
20251226,29.75,29.75,29.6,29.6,4790,14199
20251229,29.6,29.8,29.45,29.5,7314,21640
20251230,29.5,29.6,29.15,29.4,7646,22396
20251231,29.4,30,29.4,29.5,8677,25725
20260102,29.55,29.95,29.55,29.55,4586,13629
20260105,29.55,29.55,29.2,29.4,7715,22629
20260106,29.4,29.5,29.15,29.3,7307,21402
20260107,29.2,29.9,28.75,29.9,30045,87785
20260108,30.15,31.1,30.15,30.4,23371,71545
20260109,30.5,30.7,29.85,30.15,13095,39506
20260112,30.15,30.65,30.1,30.5,11100,33746
20260113,30.45,30.9,30.1,30.3,10205,30965
20260114,30.4,30.85,30.35,30.7,10331,31648
20260115,30.65,31.05,30.6,30.85,7637,23561
20260116,30.85,31.05,30.75,31,7038,21777
20260119,31,31.9,30.85,31.8,10877,34381
20260120,31.8,32.2,31.65,31.9,9912,31674
20260121,31.7,31.7,31.1,31.25,9342,29223
20260122,31.7,31.7,31.05,31.15,7016,21923
20260123,31.15,31.15,30.6,30.9,8407,25889
20260126,31,31.75,30.9,31.75,8518,26798
20260127,31.8,32,31.3,31.3,10396,32777
20260128,31.3,31.35,30.85,31,6563,20370
20260129,31,31.45,30.75,30.8,5348,16560
20260130,30.8,30.85,30.25,30.6,15056,45935
20260202,30.7,30.7,30.05,30.35,8006,24189
20260203,29.95,30.15,29.75,29.9,11651,34840
20260204,29.9,30.3,29.85,30.2,7359,22182
20260205,30,30.9,30,30.75,6035,18499
20260206,30.8,30.8,30.15,30.5,7509,22875
20260209,30.7,30.8,30.2,30.2,4937,14978
20260210,30.6,30.8,30.15,30.25,9067,27513
20260211,30.55,30.85,30.45,30.85,16588,50833
20260223,29.5,31.35,29.5,30.95,24132,73991
20260224,30.75,31.05,30.3,30.8,20297,62118
20260225,30.85,31.15,30.4,30.45,29652,90593
20260226,30.55,31.3,30.15,31.3,215051,669448
20260302,30.9,31.2,30.2,30.35,54811,167492
20260303,30.35,30.45,29.5,29.6,41569,123536
20260304,29.4,29.5,28.4,29.5,54920,159698
20260305,29.75,29.95,28.85,29.1,20133,58852
20260306,29.2,29.7,28.6,29.35,14590,42715
20260309,28.55,29,28.2,28.7,16472,47220
20260310,29,29.1,28.2,28.2,20953,59509
20260311,28.3,28.65,28.1,28.5,10720,30485
20260312,29.25,30.1,29,29.35,22634,66830
20260313,29.2,29.65,29.15,29.4,12424,36545
20260316,29.45,30.05,29.4,30.05,16144,48243
20260317,30.15,30.15,29.8,30.05,9494,28485
20260318,30.2,30.3,29.85,29.85,9491,28489
20260319,29.9,29.95,29.35,29.55,8525,25156
20260320,29.7,30.3,29.7,30.3,12592,37896
20260323,29.85,29.95,29.6,29.7,9108,27127
20260324,29.95,30.5,29.9,30.4,11699,35435
20260325,30.8,30.8,29.65,29.75,13338,39897
20260326,29.95,30.45,29.8,30.3,8777,26560
20260327,30.2,30.75,30.15,30.75,9685,29570
20260330,30.25,31.65,30.25,31.6,19580,61255
20260331,31.75,32.1,30.9,31.1,18132,56718
20260401,31.45,31.85,31.25,31.75,13532,42804
20260402,31.9,31.9,31.5,31.55,8992,28451
20260407,31.65,31.65,30.9,30.9,8034,24990
20260408,31.05,31.35,30.7,31.3,7588,23514
20260409,31.8,32.1,31.6,31.95,14711,46894
20260410,32.1,32.3,31.55,31.65,7780,24766
20260413,31.65,32.7,31.35,32.45,13456,43452
20260414,32.8,32.8,32.4,32.5,10059,32780
20260415,32.55,32.7,31.9,31.95,10712,34445
20260416,32,32.7,31.95,32.7,7022,22808
20260417,32.9,32.9,32.35,32.65,7462,24333
20260420,32.8,33,32.5,32.7,9981,32672
20260421,32.9,33.5,32.7,33.5,13063,43417
20260422,33.6,33.6,32.3,32.6,24580,80217
20260423,32.6,32.85,32,32.55,18200,58984
20260424,32.65,32.65,31.7,32.1,13662,43696
20260427,31.95,32.2,31.65,31.7,9055,28827
20260428,31.9,31.9,31.35,31.35,8441,26564
20260429,31.35,31.55,31.05,31.55,9033,28286
20260430,31.55,31.85,31.15,31.2,8685,27239
20260504,31.4,31.5,30.8,30.85,10215,31712
20260505,31,31.15,30.55,31,9308,28795
20260506,31.2,31.25,30.8,31.05,8194,25411
20260507,31.05,32.1,30.85,32,10173,32241
20260508,32.2,32.3,31.75,32.1,11624,37254
20260511,32.15,32.35,31.9,32.05,7484,24029
20260512,32.15,32.3,31.6,31.85,11516,36769
20260513,31.85,31.9,31.2,31.2,8113,25487
20260514,31.35,32.1,31.15,31.9,9628,30499
20260515,32.1,33,31.8,32.4,15480,50351
20260518,32.2,32.8,32.05,32.35,13301,43211
20260519,32.55,32.75,32.3,32.4,9756,31750
20260520,32.5,32.5,32,32.05,9771,31414
20260521,32.5,32.85,32.15,32.45,9534,31075
20260522,32.5,32.6,31.75,31.9,12983,41489
20260525,32,32.05,31.65,31.95,10133,32366
20260526,31.9,32.35,31.5,31.6,10794,34368
20260527,31.55,31.95,31.5,31.55,9034,28650
20260528,31.8,32.3,31.7,31.9,11663,37297
20260529,32.3,32.45,31.95,32.4,14015,45202
20260601,32.4,33.05,32.2,33,14469,47464
20260602,33,34.45,32.7,34,38314,129882
20260603,34.5,35.15,33.6,34.55,41550,143516
20260604,34.45,35.3,34.15,34.55,38179,133209
20260605,34.5,34.9,33.2,34.1,39168,133995
20260608,33.55,34,32.7,33.5,31089,103934
20260609,33.25,34.75,33.2,34.2,31352,107304
20260610,33.8,34.9,33.8,34.55,27878,96462
20260611,34.5,35,33.75,35,26783,92447
20260612,35.1,35.1,34.25,34.25,15579,53810
20260615,34.55,34.8,33.85,33.9,23581,81132
20260616,33.95,34.1,33.2,33.95,21385,72212
20260617,29.55,30.7,29.45,29.7,86620,257461
20260618,29.95,30.4,29.65,29.65,38483,114926
20260622,29.9,30.1,29.7,30.05,20028,59915
20260623,30.1,30.15,29.3,29.3,20681,60962
20260624,29.25,29.4,29.05,29.25,9980,29181
20260625,29.35,29.8,29.25,29.6,11621,34410
20260626,29.6,29.75,29.2,29.4,11419,33532
20260629,29.55,30.25,29.4,30.25,14631,43853
20260630,30.3,30.4,29.55,29.95,12824,38258
20260701,30.05,30.1,29.65,30.1,8411,25166
20260702,30.5,31.75,30,31.7,24858,77383
20260703,31.5,33.25,31.5,32.15,28054,91390
20260706,32.25,33.1,32.25,32.55,14468,47292
20260707,32.55,32.9,32.25,32.45,13718,44569
20260708,32.6,32.85,32.05,32.2,6504,20984
20260709,32.3,32.45,31.95,32.4,5995,19349
20260713,32.6,33.25,32.6,32.85,10115,33356
20260714,33,33,32.3,32.65,9672,31519
20260715,32.85,32.85,32.2,32.85,7832,25497
20260716,32.95,33.6,32.9,33.55,18592,61985
20260717,33.25,34.6,33.2,33.6,29398,99821
20260720,34.15,34.15,33,33.2,12767,42565
20260721,33.2,33.6,32.05,32.25,16952,54908
20260722,32.25,32.5,31.25,31.25,15178,48132
20260723,31.5,31.65,31.15,31.2,8555,26787
20260724,31.2,31.5,31,31.25,4154,12966
20260727,31,31.15,30.7,30.8,9117,28157
20260728,30.65,31.05,30.6,30.7,8690,26763
20260729,30.95,31.05,30,30.4,10885,33053
20260730,30.5,30.7,30.05,30.55,8792,26733
20260731,31,31.35,30.3,30.45,31221,95315
20260803,30.4,30.65,30.2,30.3,5752,17433
20260804,30,30.45,30,30.45,5090,15380
20260805,30.45,30.8,30.2,30.5,5741,17549
20260806,30.4,31,30.4,31,5154,15914
20260807,31.1,31.75,31.1,31.4,5956,18743
20260810,31.75,31.75,31.05,31.7,4313,13590
20260811,31.5,31.85,31.15,31.8,3851,12138
20260812,31.9,32.35,31.8,32.1,5064,16257
20260813,31.7,31.75,30.5,30.7,18492,56863
20260814,30.65,30.65,30.2,30.4,7189,21833
20260817,30.35,30.75,30.25,30.75,4468,13636
20260818,30.65,31.15,30.6,31.1,5777,17849
20260819,30.9,31.2,30.6,31.05,5214,16128
20260820,31.2,31.6,31.2,31.5,6955,21874
20260821,31.45,31.8,31.35,31.55,4466,14083
20260824,31.6,31.65,31.1,31.45,2594,8128
20260825,31.3,31.55,31.15,31.35,2259,7091
20260826,31.2,31.4,31,31.4,3983,12436
20260827,31.4,31.45,31.05,31.1,3750,11690
20260828,31.05,31.15,30.5,30.55,7657,23495
20260831,30.55,30.9,30.35,30.9,4565,14033
20260901,30.6,31.15,30.6,31.15,4240,13155
20260902,31,31.1,30.65,30.95,2523,7778
20260903,30.85,31.1,30.6,30.7,3182,9791
20260904,30.8,30.95,30.65,30.95,2052,6327
20260907,31.15,31.15,30.5,30.7,3948,12108
20260908,30.85,30.85,30.5,30.6,3924,12009
20260909,30.55,30.9,30.5,30.8,2947,9047
20260910,30.55,30.75,30.4,30.6,3775,11531
20260911,30.45,30.5,30.3,30.4,2958,8993
20260914,30.3,30.4,30.05,30.15,3421,10321
20260915,30.15,30.2,30,30,4049,12175
20260916,30.15,30.25,29.8,29.9,8791,26309
20260917,29.95,30.3,29.9,30.1,3041,9158
20260918,30.3,30.3,30,30,6717,20179
