# date,open,high,low,close,lot,wan
20250814,56.4,57.1,56.2,56.4,702,3975
20250815,56.8,56.8,55.8,56.4,693,3899
20250818,56.3,57.3,56.3,56.8,995,5651
20250819,56.9,57.5,56.1,57.3,1194,6805
20250820,57.5,57.8,56.6,57.1,812,4639
20250821,58.5,61.9,58.1,60.4,3956,23787
20250822,61.8,62.4,60.1,60.3,2057,12535
20250825,61.2,61.2,59.6,59.8,985,5911
20250826,59.8,60.4,59,59.1,964,5730
20250827,59.1,59.2,58.5,58.5,931,5467
20250828,58.6,59.6,58.2,58.5,1242,7309
20250829,58.7,59.2,58.1,58.1,581,3390
20250901,59,60.1,58.5,59,1033,6108
20250902,59.3,60,58.4,59,738,4370
20250903,58.9,59,56.7,57.3,1506,8674
20250904,57.7,58.6,57.1,58.4,746,4334
20250905,58.7,59.3,58.3,58.7,639,3756
20250908,59.6,61.5,59.6,61.2,2901,17661
20250909,61.2,61.3,60,60.4,1246,7558
20250910,60.7,60.7,58.7,59.3,1285,7632
20250911,59.6,59.8,58.5,59.2,1251,7383
20250912,59.5,60.5,59.4,60.3,1039,6235
20250915,60.5,62.7,60.5,62,2287,14139
20250916,62.1,65,62,63.9,3863,24533
20250917,63.9,64.3,62.7,62.9,1845,11656
20250918,63.1,63.5,61.7,62.2,1230,7681
20250919,62.5,62.5,61.7,62.2,1515,9406
20250922,62.9,64.3,62.5,64,1271,8084
20250923,64.1,64.2,62.5,63.4,1131,7137
20250924,63.5,64.3,62.9,63.2,927,5881
20250925,63.2,64.3,63.2,63.7,787,5017
20250926,63.2,63.3,62.2,62.9,1109,6960
20250930,63.7,64.2,62.2,63.6,1205,7618
20251001,63.9,64.5,63.6,63.8,1164,7459
20251002,64,64,62.4,62.4,1239,7783
20251003,62.6,62.6,61.1,61.3,1271,7829
20251007,61.3,63.5,61.3,63.2,1518,9560
20251008,63.4,63.4,62.4,62.8,514,3225
20251009,63.3,63.3,61.3,61.4,1169,7222
20251013,60.3,60.5,59,60.2,1379,8256
20251014,60.7,61,59.3,59.3,920,5513
20251015,59.8,59.8,58.3,58.3,981,5751
20251016,58.9,59.5,58.6,59.2,483,2852
20251017,59.2,60.2,59.2,59.5,850,5060
20251020,59.7,60.6,59,60.4,973,5849
20251021,60.9,60.9,59.8,60.3,815,4909
20251022,60.3,61.9,60.3,61.9,1260,7741
20251023,61.9,62.2,61.4,62.1,765,4742
20251027,62.4,62.4,59.8,60,1559,9409
20251028,60.7,60.7,59.4,59.8,520,3114
20251029,60,60.1,59.4,59.5,459,2736
20251030,59.5,59.7,58.4,58.7,1088,6392
20251031,59.3,59.3,58.3,58.3,491,2880
20251103,58.7,59,57.7,57.9,652,3786
20251104,57.8,57.8,56.6,56.7,1321,7547
20251105,55.6,57.3,55.2,56.8,1111,6232
20251106,57.6,58.2,57.4,58,620,3587
20251107,58,58.6,57.6,58.2,392,2287
20251110,58,58.4,57,58.1,586,3385
20251111,58.3,58.3,57.3,57.6,696,4026
20251112,58.3,61.3,58.3,59.8,2147,12955
20251113,61.4,62.7,60,60.5,2008,12255
20251114,60.2,61.9,59.7,60.9,1979,12091
20251117,61.3,61.4,58.7,58.7,1407,8378
20251118,58.3,58.4,57.3,57.6,1451,8357
20251119,57.7,58.2,57.3,57.6,726,4190
20251120,58,59.1,58,59.1,784,4590
20251121,58.9,60.4,58.3,60.4,1936,11557
20251124,60.8,61,59.4,61,1468,8869
20251125,60.7,60.9,59.9,60.3,1138,6868
20251126,60.6,61,60.1,61,1280,7758
20251127,60.3,61,59.7,60.8,1099,6634
20251128,60.5,60.6,59.7,60.3,958,5757
20251201,60.3,60.6,59.3,59.4,794,4739
20251202,59.6,60.4,59.4,60.2,428,2570
20251203,60.3,60.9,59.7,60.9,963,5830
20251204,60.7,60.9,60.1,60.5,546,3301
20251205,60.4,60.4,60,60.2,410,2468
20251208,60.2,60.2,59.5,59.5,490,2930
20251209,59.5,59.9,58.9,59,648,3838
20251210,58.8,59.1,57.9,58,828,4829
20251211,58.9,60.6,58.9,60,1177,7041
20251212,60.1,60.6,59.1,59.5,699,4191
20251215,59.5,60.6,59.1,60.3,827,4988
20251216,59.7,59.9,59.1,59.2,891,5291
20251217,59.5,61,58.9,59.1,1582,9452
20251218,59,61,58.8,60.4,2034,12265
20251219,60.2,61.4,60.1,61.3,2176,13279
20251222,61.5,61.6,60,60.2,1257,7599
20251223,60.1,60.5,59.8,60.5,509,3069
20251224,60.1,61,60,61,1099,6662
20251226,61.1,61.1,59.8,60.1,708,4265
20251229,60.1,60.3,59.8,60,644,3866
20251230,59.8,60,59.2,59.4,658,3915
20251231,59.9,59.9,58.5,58.6,1262,7417
20260102,59.1,60.1,58.8,58.9,1186,7051
20260105,58.9,58.9,58,58.3,1407,8222
20260106,58.3,59,58.2,58.2,925,5406
20260107,58.2,58.4,57.9,58.1,1125,6541
20260108,58.1,58.9,58,58.1,836,4875
20260109,58.4,58.6,57.5,57.8,814,4705
20260112,58.6,59.4,58.3,58.8,1375,8108
20260113,58.9,58.9,57.9,58.1,1048,6108
20260114,58.1,58.7,57.9,58.1,1047,6095
20260115,58.2,58.3,57.5,58.1,1221,7071
20260116,58,59.2,58,58.6,1560,9162
20260119,58.6,59.7,58.3,58.7,1670,9860
20260120,58.5,59.1,58.1,58.1,1319,7713
20260121,58.1,58.1,57,57,2396,13738
20260122,57.5,57.5,56.6,56.8,1086,6185
20260123,57,57,55.9,56,1708,9596
20260126,56,56.6,55.9,56.5,627,3528
20260127,56.7,56.8,56.1,56.1,568,3203
20260128,56.3,56.5,55.7,55.8,929,5199
20260129,55.9,56.4,55.7,56,543,3038
20260130,56.1,56.5,55.5,55.5,780,4352
20260202,55.6,55.6,55,55.2,964,5322
20260203,55.2,55.8,54.8,55,679,3744
20260204,55.1,56.4,55.1,56,619,3450
20260205,56,56.9,56,56.1,579,3266
20260206,56,56.4,55.4,56.2,687,3846
20260209,56.4,56.6,56.1,56.2,480,2699
20260210,56.2,57,56.2,56.9,755,4278
20260211,57.9,59.9,57.7,59.3,4472,26430
20260223,59.7,60.2,58.7,59.1,1946,11531
20260224,58.6,59.5,58.4,59.3,1303,7683
20260225,59.3,59.9,58.9,59.2,976,5788
20260226,59.2,60.2,59,59.8,1634,9775
20260302,59.2,60.2,59.1,59.7,937,5596
20260303,59.7,59.9,58.3,58.4,1066,6262
20260304,58.1,58.4,56.5,56.6,1575,8967
20260305,57.3,57.9,55.5,55.6,1688,9465
20260306,55.6,56.3,55.3,55.9,737,4119
20260309,54.8,54.9,53.5,54.1,1697,9210
20260310,54.9,54.9,53.7,53.8,1102,5963
20260311,54.7,57.4,54.7,56.8,1667,9454
20260312,56.3,57.6,56.3,57.5,1217,6949
20260313,56.7,57.9,56.7,56.8,919,5253
20260316,56.8,57.3,56.3,56.5,699,3963
20260317,56.5,57.3,56.4,56.7,1144,6493
20260318,57.3,57.3,56.2,56.5,1251,7079
20260319,56.2,57,55.4,55.7,1587,8879
20260320,55.6,55.9,54.8,54.9,4795,26351
20260323,53.8,55,53.8,54.6,915,4996
20260324,54.3,54.7,53.5,54,1852,9992
20260325,55,55,54.2,54.8,1198,6528
20260326,55.2,56.5,55,55.8,2005,11204
20260327,55,55.6,54.7,55.5,1758,9682
20260330,54.6,56.5,54.6,56.4,870,4864
20260331,56,56.5,54.9,55.4,1129,6266
20260401,56.4,57,55.9,56.5,1405,7946
20260402,56.6,56.8,55,55.4,1213,6738
20260407,56.1,56.1,54.3,54.4,1615,8856
20260408,55.3,55.3,54.3,54.9,1362,7457
20260409,55,55,54.1,54.2,1176,6400
20260410,54.9,54.9,54,54.2,1499,8120
20260413,54.3,54.9,53.8,54.9,972,5297
20260414,55,55,54.4,54.6,837,4575
20260415,54.9,55.4,54.6,54.6,1004,5517
20260416,55.2,55.3,54.6,55,1575,8654
20260417,55.2,55.3,54.4,54.5,1076,5887
20260420,55,55,54.1,54.2,1027,5579
20260421,54.6,54.6,53.7,54.1,1630,8811
20260422,54.2,54.2,53.8,54,815,4405
20260423,54,54.2,53,53.7,2160,11557
20260424,53.7,53.7,53,53.2,1272,6771
20260427,53.2,53.8,52.7,53.4,1146,6104
20260428,53.6,54.3,53.2,53.9,876,4723
20260429,53.9,54.3,53.3,54.2,707,3809
20260430,54.2,54.4,53.8,54.1,907,4910
20260504,53.9,54.8,53.8,54.5,1024,5572
20260505,54.2,54.8,53.3,53.7,2409,12983
20260506,54.4,54.4,53.9,54,1044,5658
20260507,54.5,55.2,54,55,1415,7725
20260508,55.3,55.5,54.4,54.4,951,5215
20260511,54.5,54.5,53.9,54.1,1224,6629
20260512,54,54.5,53.9,54,1157,6265
20260513,53.9,53.9,52.5,52.9,3774,19968
20260514,52.7,53.1,52,52.2,3029,15848
20260515,52.5,52.6,51.9,52,1697,8851
20260518,52.3,52.3,51.5,51.9,1101,5694
20260519,51.6,52.5,51.6,52,892,4646
20260520,52.1,52.5,51.7,52.2,1007,5243
20260521,52.2,52.9,52,52.8,1313,6866
20260522,52.8,53.2,52,53.1,1728,9115
20260525,53,53.4,52.4,53.3,1617,8554
20260526,53.3,53.3,52.5,53.2,1666,8834
20260527,53.4,53.4,52.5,52.6,1696,8947
20260528,52.6,53.5,52.2,52.9,1916,10173
20260529,53,54.1,53,53.8,2122,11392
20260601,54.1,54.1,53.2,53.6,1540,8250
20260602,53.4,54.3,53,54,3004,16155
20260603,54,55.1,53.7,54.9,2890,15780
20260604,54.9,56.5,54.8,56.1,2571,14409
20260605,56.4,56.8,55.4,56.6,2067,11656
20260608,55,55.7,54.6,54.8,1188,6541
20260609,54.7,56,54.6,55.3,1270,7043
20260610,55.5,56.3,55,55.9,1422,7946
20260611,55.9,55.9,54.8,55.2,799,4404
20260612,55.7,56.6,55.4,56.6,1870,10510
20260615,56.6,56.6,55.6,55.7,1046,5855
20260616,56.2,56.2,55.3,55.6,496,2753
20260617,55.3,56.3,55.2,56.2,989,5529
20260618,56.2,56.2,55.3,55.3,813,4528
20260622,55.9,55.9,55,55.1,904,4994
20260623,55.3,55.4,54.7,54.9,669,3684
20260624,54.8,56.2,54.8,55.9,1453,8106
20260625,55.9,56,55.3,55.4,721,4008
20260626,55.2,55.2,54.5,55,859,4710
20260629,54.9,55.7,54.9,55.6,669,3706
20260630,55.6,55.6,55,55.4,536,2960
20260701,55.7,56.8,55.3,56.5,2944,16597
20260702,56.5,56.8,55.9,56.4,809,4567
20260703,56,57.6,56,57.1,1376,7865
20260706,57.1,57.9,57.1,57.5,741,4263
20260707,57.8,57.8,56.8,57,748,4273
20260708,57.2,57.9,56.7,57.6,1376,7894
20260709,57.2,57.5,57,57,616,3527
20260713,57.6,57.6,56.6,57.1,593,3378
20260714,57.5,57.5,56.4,57.4,1282,7298
20260715,57.2,57.6,56.9,57.6,540,3095
20260716,57.7,58.2,57.5,57.9,974,5637
20260717,57.5,57.9,56.2,56.2,1323,7530
20260720,57.2,57.3,56.1,56.4,923,5216
20260721,56.4,56.7,55.9,56.1,1418,7975
20260722,56.1,56.3,55.5,55.5,2323,12960
20260723,52.3,52.7,51.8,52,2170,11308
20260724,52,52.2,51.6,51.8,969,5022
20260727,52,52.3,51.6,51.8,499,2594
20260728,52,52,51.3,51.5,1100,5670
20260729,52.2,52.3,50.7,51.7,1294,6655
20260730,51.8,52.5,51.5,52.2,982,5105
20260731,52.6,54.2,52.6,53.1,1664,8883
20260803,52.9,53.2,51.4,51.5,1594,8268
20260804,51.1,51.5,50,50.6,2368,12000
20260805,52.5,53.3,51.1,51.5,6730,34988
20260806,51.2,51.7,50.2,50.7,3635,18418
20260807,50.9,51.2,50.5,50.8,2541,12889
20260810,50.8,51.8,50.8,51.8,1294,6646
20260811,51.8,51.9,51.2,51.8,652,3357
20260812,51.9,51.9,51.5,51.5,622,3208
20260813,52,52,51.1,51.2,966,4949
20260814,51.6,52.5,51.2,52.5,1763,9135
20260817,52.3,52.7,51.8,52.6,1148,6015
20260818,52.4,52.7,52,52.5,559,2927
20260819,52.4,53.3,52.1,53,1608,8517
20260820,53.1,55.1,53.1,55,2615,14239
20260821,54.9,55.6,54.6,55.1,1556,8557
20260824,55,55,53.9,54.3,806,4379
20260825,54.3,54.3,53.8,54,682,3682
20260826,53.9,54.3,53.6,54.2,578,3120
20260827,54.2,54.5,53.7,54,645,3486
20260828,53.9,53.9,53,53.4,796,4246
20260831,53.4,54,53,54,557,2991
20260901,53.6,55.1,53.6,54.8,1013,5540
20260902,54.4,54.8,54,54.4,687,3734
20260903,54.8,55.1,54.2,54.4,785,4281
20260904,54.5,54.5,53.8,54.1,522,2824
20260907,54.2,54.2,53.4,53.6,739,3961
20260908,53.5,53.7,53.3,53.3,375,2005
20260909,53.2,53.6,53.1,53.4,368,1963
20260910,53.1,53.6,53.1,53.1,304,1621
20260911,53,53.1,52.7,52.8,564,2981
20260914,52.6,52.7,52.3,52.6,313,1645
20260915,52.5,52.8,51.9,52,700,3653
20260916,52.1,52.4,52,52.1,477,2488
20260917,52.4,52.9,52.2,52.6,314,1650
20260918,52.9,53,52.5,52.7,579,3054
20260921,52.7,53.1,52.5,52.7,399,2107
