# date,open,high,low,close,lot,wan
20250814,42.5,42.9,42.5,42.9,22,94
20250815,43,44,43,44,25,110
20250818,44.5,44.5,43,43.5,24,107
20250819,43.9,43.9,43.05,43.05,24,104
20250820,43.1,43.1,42.6,43.1,11,47
20250821,42.6,43.1,42.1,43.1,42,180
20250825,43,43.4,42.5,43.35,44,190
20250826,42.5,43,42.5,42.6,16,69
20250827,42.4,43.35,42.4,42.7,12,52
20250828,43.3,43.5,42.5,42.5,16,69
20250829,43,44,43,43.8,28,122
20250901,44,44.4,43.95,43.95,48,214
20250902,44,44,43.75,43.8,59,260
20250903,42.7,43,42.6,43,50,214
20250904,42.8,43,42.75,43,17,74
20250905,43,43.35,42.1,43.35,8,34
20250908,43.35,43.35,42.6,43.25,10,43
20250909,43.25,43.25,42.55,43.15,8,34
20250910,43.15,43.15,43,43.15,20,85
20250911,43,43.1,42.8,43.1,32,140
20250912,43.1,43.4,42.9,43.35,29,127
20250915,43.4,43.4,41.85,41.85,77,327
20250916,41.85,41.9,41.65,41.9,20,84
20250917,41.85,42.1,41.85,42,29,122
20250918,41.85,42,41.85,42,34,144
20250919,41.9,42.5,41.9,42.5,22,93
20250922,42.5,42.85,42.5,42.85,8,35
20250923,42.85,43.25,42.7,42.95,33,142
20250924,42.95,43.55,42.95,43.55,17,71
20250925,43.55,43.55,43.4,43.4,12,52
20250926,43,43.15,42.9,43.15,14,60
20250930,43.15,43.5,43.1,43.5,18,79
20251001,43.5,43.5,42.9,42.95,38,165
20251002,43,43,42.7,42.95,18,78
20251003,42.95,42.95,42.65,42.95,19,81
20251007,42.95,43,42.9,43,16,69
20251008,43,43.1,42.95,43,19,82
20251009,43,43.2,42.7,43.2,64,275
20251013,43,47.5,43,47.5,134,625
20251014,51.6,52,49,49,332,1663
20251015,48.15,49.6,46.4,48,66,320
20251016,48,48.35,47,48.3,16,78
20251017,47.25,48.6,47.25,48.6,28,137
20251020,47.6,48.7,47,48.7,41,196
20251021,47.6,49.15,47.5,49.15,30,143
20251022,49.1,49.7,49,49,31,153
20251023,48.6,49.5,48.6,48.8,14,69
20251027,49.9,49.9,49,49.45,21,101
20251028,50.3,50.3,49,49.55,18,90
20251029,49.55,49.65,49.5,49.65,27,135
20251030,49.8,49.95,48.5,49.5,22,111
20251031,49.5,50.3,48.7,50.3,42,208
20251103,49.5,50.4,49.5,50.2,23,113
20251104,50.9,51.8,50.3,51.4,73,371
20251105,52.4,52.4,50.5,51.3,35,183
20251106,51.9,51.9,50.9,51.4,26,134
20251107,51.7,51.7,50.5,51.1,18,93
20251110,51.1,51.8,49.85,49.85,38,192
20251111,50.3,50.3,48.35,49.1,48,234
20251112,50.2,50.2,49.45,50,48,241
20251113,50,50,49,49.6,48,239
20251114,49.6,49.6,49,49.3,63,312
20251117,49.95,50,49.6,49.85,70,349
20251118,50.9,50.9,49.5,49.95,50,251
20251119,50.5,50.5,49.75,50,42,212
20251120,49.95,50,49.75,49.9,33,164
20251121,51,51,49.7,50.3,38,190
20251124,50,50,49.85,50,71,356
20251125,49.7,49.9,49.25,49.55,52,258
20251126,49.7,50,49.6,50,55,276
20251127,49.75,50,49.65,50,46,231
20251128,49.75,49.75,49.1,49.7,30,149
20251201,49.65,50.6,49.65,50.6,27,135
20251202,50.1,50.1,49.9,49.9,19,96
20251203,50.3,50.3,49.8,49.8,15,75
20251204,49.85,49.85,49.75,49.75,3,15
20251205,49.1,49.75,49.1,49.65,15,74
20251208,49.65,49.8,49,49.4,13,64
20251209,49.25,49.5,49.25,49.45,11,54
20251210,49.05,49.55,49,49.25,28,138
20251211,50,50,49.25,49.5,76,378
20251212,51.2,51.8,49.75,49.75,36,183
20251215,49.65,49.65,49.25,49.45,9,46
20251216,49.25,49.25,48.6,49.15,19,93
20251217,49.6,49.6,49.3,49.45,6,30
20251219,49.4,50.2,48.5,49.35,23,113
20251222,49.4,49.4,48.9,49.15,4,17
20251223,49.9,49.9,48.45,49.15,8,39
20251224,49.1,49.15,49.1,49.1,7,34
20251226,49.4,49.4,48.75,48.75,3,15
20251229,46.9,48.75,46.9,48,32,153
20251230,49,49,48,48.4,13,63
20251231,48.85,48.9,48.75,48.75,7,34
20260102,48.75,49.75,48.7,49.3,23,113
20260105,49.3,49.85,48.8,48.8,3,15
20260106,49.8,49.8,49.1,49.1,2,10
20260107,48.9,49.65,48.65,49.05,13,64
20260108,49.7,49.8,48.5,49.5,31,152
20260109,49,49.5,48.8,49.25,16,76
20260112,49.8,50.5,49.3,49.95,67,338
20260113,50.2,50.2,49,49.5,16,79
20260114,49.5,49.9,49.2,49.25,13,64
20260115,49.25,49.4,48.75,49.35,6,31
20260116,49.35,49.4,49.2,49.35,19,95
20260119,49.35,49.9,49.35,49.9,9,45
20260120,49.9,49.9,49.3,49.85,21,104
20260121,49.3,49.55,49.2,49.25,25,124
20260122,49.85,50,49.3,49.3,14,70
20260123,49.3,49.7,49.2,49.3,8,40
20260126,49.3,49.8,49.25,49.25,22,109
20260127,49.25,49.4,48.85,48.85,25,123
20260128,48.8,49.2,48.6,48.6,45,219
20260129,48.6,48.6,48,48,32,154
20260130,48,48.15,48,48,9,44
20260202,48,48,47.1,47.55,9,43
20260203,47.55,48,47.4,47.6,12,57
20260204,47.6,47.6,47.6,47.6,7,33
20260205,47.75,47.75,46.8,47.7,17,80
20260206,46.35,47.5,46.1,46.1,58,269
20260209,46.1,48.6,46.1,46.4,43,200
20260210,47.1,47.1,46.1,46.75,23,109
20260211,46.1,48.2,46.1,48.2,30,140
20260223,47.95,48.2,47.9,48.2,20,96
20260224,49.55,49.55,47.8,49.3,15,73
20260225,49.3,49.3,48.5,49.15,16,78
20260226,48.8,48.95,48.5,48.5,25,123
20260302,49.8,49.8,49.8,49.8,2,10
20260303,49.65,49.65,48,48.8,15,74
20260304,47.5,47.5,47,47,15,71
20260305,47.05,48.65,46.85,48.6,62,297
20260306,49.65,49.65,48.6,48.6,33,161
20260309,48.95,49.8,48,48.6,172,833
20260310,48.9,48.9,48.6,48.6,43,209
20260311,48.4,49.25,48.4,48.65,36,175
20260312,48.65,48.9,48.6,48.9,21,103
20260313,48.3,48.95,48,48.75,25,121
20260316,49.9,50.5,49.35,49.85,66,330
20260317,50.4,54.8,50.4,52.7,411,2218
20260318,51.6,53.5,51.2,52,95,495
20260319,51.6,51.6,49.75,49.75,90,452
20260320,49.75,50.4,49.75,49.8,29,145
20260323,49,50.3,48.8,48.95,76,374
20260324,49.45,50,48.6,48.7,26,127
20260325,49.65,49.65,48.8,49.3,18,88
20260326,49.45,49.95,48.3,49.95,24,119
20260327,49.85,49.85,48.7,49.25,24,119
20260330,49.15,49.15,48.55,48.9,23,110
20260331,48.15,48.6,48.1,48.2,23,111
20260401,49,49.85,48.65,48.65,10,50
20260402,48.5,48.5,48.1,48.1,48,232
20260407,49.5,49.5,48.4,48.9,30,147
20260408,49,49.3,48.15,49.3,63,307
20260409,49.2,49.2,49.1,49.1,3,12
20260410,49.1,49.1,48.4,48.5,28,138
20260413,53.3,53.3,51.6,53.3,439,2336
20260414,52.5,53.3,51.2,53.2,90,473
20260415,53.2,53.7,52.6,53.2,89,472
20260416,53.2,53.7,52.8,52.8,42,226
20260417,55.9,55.9,54,54.3,108,591
20260420,54.4,57,54.4,56.4,155,873
20260421,56.1,56.4,55.6,55.6,58,325
20260422,57.3,58.5,56.2,57.5,150,856
20260423,60.9,62.1,57.6,59.4,433,2572
20260424,61.2,61.2,59.7,59.9,143,859
20260427,60.9,60.9,58.6,58.6,133,795
20260428,57.7,58,57,57,107,617
20260429,56.8,57.7,56.6,57.4,56,323
20260430,56.8,57.1,55.6,56.5,60,336
20260504,57,57,55,56,75,417
20260505,55.7,56.3,55.1,55.1,68,378
20260506,56.4,56.5,53.9,54.5,67,364
20260507,54.7,54.7,54.1,54.4,31,169
20260508,55.4,56,53.5,55.6,46,253
20260511,58.7,58.8,57.2,57.8,123,716
20260512,58,58,54.1,54.1,243,1360
20260513,53.8,55.3,53.8,54.3,40,219
20260514,54.2,54.9,53.2,54.7,47,255
20260515,54.4,55.4,53.6,54.1,46,251
20260518,54,55,54,54.8,14,74
20260519,54.9,55,54.4,54.9,138,760
20260520,55,55.3,54.7,55.2,22,122
20260521,54.8,55.3,54.7,55,32,176
20260522,55.4,55.4,54.4,54.6,48,264
20260525,54.6,54.6,53.3,54.2,69,371
20260526,54.5,54.8,53.8,54.5,26,140
20260527,54.1,54.5,53,54.3,37,201
20260528,53.8,56.3,53.6,54.7,161,884
20260529,55.5,56.3,55,55.1,54,302
20260601,54.8,55.7,54.7,55.1,67,372
20260602,55.1,55.4,54.8,55.4,22,122
20260603,55.9,57.2,55.9,56.8,135,766
20260604,56.9,57.8,56.2,57.7,84,479
20260605,57.6,58,57.1,57.5,61,354
20260608,55,55.5,54,55.5,94,518
20260609,55.5,56.9,55.1,56.4,72,401
20260610,55.7,57.4,55.7,56.4,53,300
20260611,55,56,54.1,55.4,113,621
20260612,55.3,56.8,55.3,56.7,67,379
20260615,56.7,56.9,56.3,56.6,47,267
20260616,56.7,56.7,56.1,56.3,56,316
20260617,56.3,56.3,55.8,56.3,19,108
20260618,56,56.3,55.8,56.3,10,56
20260622,56,56.2,55.7,55.8,31,174
20260623,55.8,55.8,54.8,55.3,57,316
20260624,55.1,55.4,54.5,54.6,53,289
20260625,54.7,54.7,54.2,54.7,33,177
20260626,55.1,55.2,54.1,54.7,35,189
20260629,55,55.5,54.7,55,23,127
20260630,54.7,55.4,54.7,55,22,122
20260701,55.1,56,55,55.3,51,285
20260702,55.9,57.5,55.9,56.7,72,406
20260703,56.7,57.6,56.7,57.3,104,593
20260706,57.9,60,57.3,58.9,146,859
20260707,60,60.1,58.8,58.8,68,404
20260708,58.5,58.8,58.1,58.2,33,194
20260709,58.4,60,58.4,59,85,499
20260713,57.2,57.2,55.8,55.9,52,293
20260714,61.4,61.4,58.4,61.4,1277,7818
20260715,62.7,66,61.4,66,937,5938
20260716,65.1,70.8,64.1,65.4,750,5084
20260717,63.4,67.3,62.5,62.5,392,2514
20260720,63,66.7,62.5,65.2,455,2950
20260721,66.8,68.7,63.3,65.2,418,2741
20260722,64.8,67.1,63.6,63.6,350,2279
20260723,63.6,64.3,62.7,62.7,118,745
20260724,62.8,63.9,61.6,62.2,124,778
20260727,62.3,62.9,61,61.5,79,490
20260728,62,62.1,59.6,59.6,80,486
20260729,60,60,56.6,58.5,160,930
20260730,58.5,58.7,56.8,57.5,56,322
20260731,58.8,59.5,57.9,59.4,58,338
20260803,58.6,59.5,58.3,59.4,60,355
20260804,58.6,59,58,58.1,66,386
20260805,58.1,58.5,57.6,57.9,64,370
20260806,58.6,58.6,57.7,58.3,39,228
20260807,58.3,58.8,58,58.5,33,194
20260810,58.7,62,58.6,62,125,755
20260811,61,61.7,56.7,56.9,281,1635
20260812,58.3,58.5,55.9,56.4,128,723
20260813,56.6,57.8,56.6,57.7,53,304
20260814,57.5,58,57,58,37,214
20260817,57.4,60.1,57.4,59.5,77,456
20260818,59.9,60,58.8,60,83,494
20260819,60,63.9,60,62.9,186,1166
20260820,64.2,64.2,62.9,63.9,53,337
20260821,63.8,66.9,63.6,66.9,99,644
20260824,66,66,61.9,63.5,304,1928
20260825,63.4,63.7,61,63.6,211,1330
20260826,63.6,64.5,63,64,34,219
20260827,64,64.5,62.2,62.2,53,335
20260828,62.2,62.9,61.3,62.9,62,384
20260831,63.3,63.3,61.7,62.6,36,224
20260901,62,62.5,61.7,61.9,149,923
20260902,61.6,62.8,61.6,62.2,38,237
20260903,62.4,62.5,61.6,61.7,18,112
20260904,61.5,62.3,61,61.5,42,259
20260907,61.1,61.1,60.1,60.4,154,932
20260908,60,61.3,60,60.3,31,190
20260909,60.5,60.9,60.1,60.3,42,255
20260910,60.6,60.6,60,60.3,11,66
20260911,61.3,61.3,59,59.3,67,403
20260914,59,59.5,58.9,59.2,23,136
20260915,60,60,59.1,59.3,26,154
20260916,59.8,60.4,59.8,60.2,12,72
20260917,60.9,61,60.2,60.8,161,977
20260918,60.6,61.3,60,61.2,87,527
20260921,61.5,61.5,60.5,60.5,3,19
