# date,open,high,low,close,lot,wan
20250814,102,102,99.9,100,258,2594
20250815,100.5,105,100.5,103,817,8420
20250818,103,105.5,102.5,103.5,490,5084
20250819,104.5,110,101,107.5,1171,12356
20250820,109.5,111.5,103.5,104,1403,15032
20250821,105.5,109.5,104.5,106,1208,12944
20250822,107.5,109,105.5,105.5,875,9385
20250825,99.5,102.5,98.5,98.6,1175,11743
20250826,99,106.5,97.7,101.5,1050,10782
20250827,102.5,103,99.9,99.9,474,4788
20250828,100.5,101.5,98.5,99.1,362,3605
20250829,101,102,98.4,99.5,356,3548
20250901,99.5,101,95.7,96.5,553,5369
20250902,97.5,98.4,92.8,93.8,333,3147
20250903,94.7,96.4,94,94.2,141,1337
20250904,94.2,94.8,92.2,92.3,225,2093
20250905,93.9,97.5,93.9,94.3,459,4379
20250908,94.3,94.8,92.5,92.9,195,1819
20250909,93.8,94.1,92,92,237,2204
20250910,91.7,94.6,91.6,92.7,316,2946
20250911,92,93,86.8,87.6,655,5814
20250912,89.5,96.3,89.5,96.3,2125,20220
20250915,95,99.5,94.5,94.6,1878,18138
20250916,94.5,100,94.3,95.2,1430,13931
20250917,95.2,97.7,92.2,92.5,447,4216
20250918,92.5,93,90.2,90.4,276,2512
20250919,91.6,91.6,89.5,89.9,165,1492
20250922,91.7,91.7,89.2,89.8,208,1867
20250923,90.9,94.4,90.6,91.3,706,6543
20250924,93.2,96.5,91.8,91.8,875,8232
20250925,92.1,96.4,92.1,93.7,989,9378
20250926,93.6,93.6,88.9,89.8,585,5277
20250930,90.3,91,89.2,89.9,144,1297
20251001,90,92.1,88.9,88.9,269,2410
20251002,88.8,89.8,87.8,88,240,2128
20251003,88.2,88.6,87.6,88.1,93,822
20251007,88.2,89.8,87.2,87.7,202,1782
20251008,88.5,89.2,87.5,87.8,121,1066
20251009,88,88.2,87,87.2,137,1196
20251013,83.7,85.1,83.5,84.8,209,1769
20251014,85.6,88.5,83.3,83.3,284,2419
20251015,83.8,84.6,83.5,84.2,117,980
20251016,84.6,85.6,84,84.5,170,1436
20251017,84.5,84.9,84.1,84.4,83,705
20251020,84.7,84.8,83.7,84.8,69,584
20251021,84.3,88.9,84.3,87.1,327,2853
20251022,87,89.8,87,87.3,116,1023
20251023,86.3,86.8,85.6,86.1,55,471
20251027,86.4,86.5,85,85.5,103,882
20251028,86,86,84.3,84.3,98,828
20251029,86.2,87.5,84.9,84.9,131,1127
20251030,85,85,84,84.2,97,813
20251031,84.4,85.7,83.9,83.9,161,1357
20251103,83.4,84.4,83.1,83.4,174,1451
20251104,83.5,83.5,81,81,184,1509
20251105,80.9,82.7,80.6,81.1,174,1419
20251106,82.1,82.6,81.6,82.3,138,1134
20251107,81.4,81.5,80.4,81,98,792
20251110,82.2,84,80.6,80.6,327,2706
20251111,82,83.1,81.4,81.6,148,1216
20251112,82.1,82.8,81.1,82,79,645
20251113,82,82,80.1,80.6,120,968
20251114,79.7,80.6,79,79.2,181,1437
20251117,78.5,78.5,76.6,76.6,152,1177
20251118,76.1,76.6,74,74,155,1162
20251119,74,74.4,73.5,74.1,83,617
20251120,74.6,75.7,73.5,73.9,134,995
20251121,72.7,73.5,70.5,71.2,161,1157
20251124,72,72.8,71.2,72.3,94,673
20251125,73.6,73.7,72.6,73.7,76,553
20251126,75,76.3,74.6,75.7,109,823
20251127,75.2,75.9,74.6,75.3,33,248
20251128,74.9,76.6,74.9,76.1,26,200
20251201,76.8,76.8,74.9,74.9,27,207
20251202,75.3,75.5,73.9,74,39,293
20251203,73.3,75.4,73.3,73.9,91,678
20251204,74.8,78.3,74.8,76.3,208,1593
20251205,78.3,80.5,76.1,76.1,314,2450
20251208,76.3,76.3,74,74.8,59,438
20251209,74.9,74.9,73.8,74.3,76,564
20251210,74.3,74.5,73.9,73.9,35,258
20251211,73.9,73.9,69.6,69.8,498,3517
20251212,71,71.6,70.2,71.1,107,762
20251215,69.6,73,69.6,72.1,88,631
20251216,72.2,72.2,70.8,71.6,61,433
20251217,72.6,72.6,70.8,70.8,41,290
20251218,70.8,71.5,70.2,70.2,41,289
20251219,70.5,71.7,70.5,70.7,42,299
20251222,70.9,73,70.9,72.8,75,543
20251223,73,73,71.5,71.6,60,436
20251224,72.4,72.8,71.6,71.9,63,454
20251226,72.7,73.8,72.7,73.1,79,581
20251229,73.5,74.8,73.5,74,106,783
20251230,73.5,73.7,72.5,73.3,51,373
20251231,73.6,74,72.1,72.1,49,358
20260102,72.1,73,71.5,71.6,54,391
20260105,73.6,73.6,70.3,71,61,432
20260106,70.4,73.8,70.4,72,150,1090
20260107,73.2,73.2,71.8,71.9,80,576
20260108,71.2,72.5,70.3,70.5,95,671
20260109,72.6,72.6,70,70.8,46,326
20260112,71.5,72.8,70.8,72.8,86,624
20260113,72.5,73,71.8,72.3,74,534
20260114,73.5,75.5,73.3,75.4,208,1553
20260115,75.4,75.5,73.8,75.1,77,576
20260116,76,78.3,76,77.3,212,1644
20260119,77.9,78.3,75.8,75.8,156,1195
20260120,75.9,77,75.1,75.8,100,758
20260121,75.8,78.3,75,77.3,116,894
20260122,78,79,76,77,189,1461
20260123,77.4,78.5,76.4,76.7,143,1106
20260126,76.7,78.7,76.3,76.3,152,1177
20260127,76.5,76.6,75.1,75.3,131,987
20260128,76.1,76.8,74.7,76.8,121,915
20260129,77.9,78.6,74.8,75,104,788
20260130,74,74.1,72,72,163,1187
20260202,71.5,71.7,70,71,80,563
20260203,71.7,72,70.8,71.3,53,378
20260204,72.1,73.7,71.9,73.4,68,495
20260205,73.9,75.3,72.4,72.4,57,422
20260206,71.7,72,70.5,71,70,501
20260209,72.5,72.5,71,71,29,204
20260210,71.1,71.7,70.8,71.1,41,290
20260211,70.7,70.7,70,70.2,124,872
20260223,70.2,71.6,67.3,71.5,168,1179
20260224,71.5,73,71,71,114,813
20260225,71.2,71.4,70.4,70.7,68,484
20260226,70.6,71.6,70.6,70.6,76,539
20260302,70.5,71,69.2,70,97,683
20260303,70.2,70.2,67,67.1,357,2426
20260304,67.1,67.1,64,64.3,225,1453
20260305,66.2,66.6,64.5,64.8,109,715
20260306,64.8,66.6,64.8,66.6,59,390
20260309,64.5,64.5,62,63.3,157,984
20260310,65.2,65.2,63,63.4,75,479
20260311,63.8,65.5,63.7,65,72,469
20260312,65.2,66,64.9,65.3,45,294
20260313,64.6,64.9,64.1,64.1,66,425
20260316,65,65.6,64,65,81,527
20260317,66.6,71.3,66.6,69,318,2203
20260318,68.6,69.2,67.2,67.2,88,598
20260319,68.2,68.2,64.3,64.8,148,969
20260320,65,65,63.6,63.7,152,977
20260323,63.5,64.5,63.1,63.5,47,300
20260324,63.7,63.8,62.5,62.6,65,407
20260325,64,65.6,62.8,64.3,56,356
20260326,63.9,63.9,63,63,35,223
20260327,62.6,63.3,62.5,63.2,43,274
20260330,63,63.3,61.8,61.9,227,1418
20260331,61.9,62.3,60,60,117,710
20260401,61.4,61.4,60.7,60.8,30,185
20260402,60.8,60.8,60,60.6,93,561
20260407,60.7,60.8,60.1,60.8,20,119
20260408,61.2,62.6,61.2,62.4,29,177
20260409,62.8,62.8,61.7,62.2,21,130
20260410,62.3,62.5,61.5,61.6,38,234
20260413,61.5,62.2,61,61.4,87,534
20260414,62,62.5,61.5,62.1,73,454
20260415,62.6,64.6,62.6,64,110,703
20260416,64.2,64.2,63.4,63.8,42,267
20260417,64.2,64.6,63.4,64,56,357
20260420,65,65.1,63.8,63.8,25,163
20260421,63.8,64.7,63.5,64,59,381
20260422,64,65.9,64,65.3,85,556
20260423,66,66,62.8,63.8,118,758
20260424,64.8,64.9,62.8,63.6,66,417
20260427,63.5,63.5,61,61.1,175,1078
20260428,61.3,62.6,60.8,61.2,124,767
20260429,62.2,64,61.9,63.3,96,605
20260430,63.3,64.6,63,63,88,561
20260504,64.4,65,63.8,64.7,84,540
20260505,65.8,68.1,65.3,66.6,256,1714
20260506,66.7,66.7,64.2,64.5,116,753
20260507,65,65.5,64.5,64.5,37,240
20260508,65.2,65.3,62.5,63.5,80,508
20260511,64,64.5,63.7,63.9,53,339
20260512,64,64,62.8,63.1,110,694
20260513,63.1,63.1,62.1,62.1,65,407
20260514,62.1,62.5,62,62.5,51,316
20260515,62.6,63.7,62,62,85,533
20260518,62,62.5,61.8,62,25,154
20260519,62,62.6,61.5,62.6,57,353
20260520,63.5,63.5,62,62.1,56,349
20260521,62.3,63,62,62.3,72,448
20260522,62.4,63.1,62.3,63,75,470
20260525,63.3,63.3,61.8,62.1,157,976
20260526,62.1,62.1,60.9,61,148,908
20260527,61.8,61.8,60.7,60.7,119,728
20260528,61.5,62.7,60.5,60.9,129,796
20260529,61.3,66.8,61.3,65,315,2027
20260601,65.2,65.3,63.9,64.3,142,918
20260602,64.3,64.3,63.1,63.6,96,608
20260603,67.5,67.5,64.2,65.2,228,1491
20260604,65.2,66,64.8,66,91,594
20260605,66.1,66.5,63.8,64.5,112,727
20260608,60.1,62.2,60.1,61.3,113,691
20260609,60.9,62.5,60.8,61.3,112,684
20260610,61.4,62.1,60.5,60.5,84,514
20260611,61.6,61.6,59.7,61.1,140,844
20260612,61.6,62.1,61,61,64,392
20260615,61.9,61.9,61.1,61.1,50,307
20260616,61.9,62,60.9,60.9,47,286
20260617,61,61.8,60.9,61.4,48,293
20260618,61.5,62.6,61.5,61.7,95,593
20260622,61.8,62,61.3,61.3,60,371
20260623,61.4,61.4,60.5,60.9,116,705
20260624,60.5,61.1,60.3,60.7,26,158
20260625,61.6,64.9,61.6,62.2,262,1668
20260626,64.1,64.5,60.8,60.8,190,1187
20260629,61,62,60.6,60.7,103,632
20260630,61.5,62.5,61.3,62.4,135,839
20260701,62.4,68.6,61.6,68.6,377,2512
20260702,74,75.4,71.5,75.4,1255,9322
20260703,76.2,76.7,71.3,71.5,1850,13747
20260706,72,73.5,69.1,69.4,531,3746
20260707,70.4,70.4,67,68.8,317,2179
20260708,69.8,69.8,65.4,66.2,233,1551
20260709,66.4,67,64.5,64.5,149,984
20260713,65.2,66.8,64.8,65,180,1179
20260714,65.6,65.6,62.7,63.9,167,1061
20260715,64.5,64.8,63.6,64,114,731
20260716,65.2,65.8,63.1,64.3,88,566
20260717,62.8,66.2,61.8,61.8,384,2446
20260720,62.1,62.2,60.2,60.4,312,1906
20260721,60.5,62.6,60.5,62.3,72,442
20260722,62.4,62.6,62,62,90,558
20260723,62.4,62.4,61,61.1,74,452
20260724,61.1,61.9,60.9,61.1,62,378
20260727,61.1,62,60.6,62,62,379
20260728,60.8,60.8,59,59.1,294,1752
20260729,59.5,59.5,54.9,56.3,330,1863
20260730,57,57.7,54.9,55,127,713
20260731,58.7,58.7,56.2,56.4,186,1058
20260803,56.2,57.6,56,56.9,73,416
20260804,56.9,57.6,56.6,57.6,38,215
20260805,59,61,58.4,60.2,113,673
20260806,60.3,60.8,59.5,59.8,60,360
20260807,60.4,61,59.5,59.7,54,326
20260810,59.6,61,59.5,60.2,55,332
20260811,60,60.8,59.6,59.7,49,291
20260812,60.5,61,60,60.3,51,307
20260813,60.3,60.6,60,60,66,398
20260814,60,61,59.6,60.5,100,603
20260817,60.5,61.7,59.8,60.5,56,342
20260818,60.8,61.2,60.1,60.3,102,616
20260819,60.2,61.6,60.1,60.1,73,442
20260820,61,61.5,60,60.2,50,304
20260821,60.2,60.9,60.1,60.7,36,217
20260824,60.4,60.6,59.9,59.9,51,306
20260825,59.8,60.5,59.6,60.5,37,224
20260826,60.9,62.2,60.2,62.1,105,645
20260827,63,63,61.6,62.3,70,439
20260828,61,61,59.5,59.7,131,785
20260831,58.6,59.7,58.4,58.7,57,337
20260901,59.1,59.1,58.8,58.8,14,84
20260902,58.9,58.9,58.5,58.5,24,142
20260903,58.5,58.7,57.1,57.1,56,328
20260904,57.5,58,56.8,57.6,44,253
20260907,57.3,58.2,57.1,57.1,24,136
20260908,57.1,57.5,56.4,56.4,68,384
20260909,56.1,57.7,56.1,56.2,38,213
20260910,57.5,57.6,55.9,55.9,42,239
20260911,57.3,57.3,55.8,55.8,44,246
20260914,55.2,56.2,55,55,61,335
20260915,55.8,55.8,54.6,54.8,54,297
20260916,55,58,55,55.8,110,616
20260917,56.1,57,56,56.1,93,525
20260918,56.1,58.8,56,57.7,84,480
20260921,56.9,57.3,56.3,56.8,28,161
20260922,57,57.4,56.4,56.4,37,212
20260923,56.4,58,56.4,57,67,384
20260924,56.8,57.6,56.5,57.6,13,76
