# date,open,high,low,close,lot,wan
20250814,197.5,200,197,199.5,78943,1568818
20250815,205,208,202,207,156673,3214013
20250818,207.5,210,206,210,73566,1531813
20250819,210,212,208,208,49978,1045525
20250820,206,206.5,200,200.5,124219,2506447
20250821,201,206,201,206,67845,1386666
20250822,208,208,202,202.5,54944,1123029
20250825,207,208,206,207.5,52074,1079441
20250826,207,209,206,209,42253,878132
20250827,210,210,207.5,208,41853,872122
20250828,207.5,207.5,204,206,48681,1002245
20250829,206,207,202.5,203.5,55250,1128710
20250901,203,204.5,197,198.5,70460,1407821
20250902,200,203.5,198,198.5,35779,715613
20250903,198.5,201,197,200.5,34372,687204
20250904,203,205,202,203,41864,852194
20250905,205.5,206.5,203,205,39235,802975
20250908,206,207.5,202,203.5,45712,933495
20250909,204.5,208,204,207.5,64991,1341839
20250910,211,211,209,210,86105,1809149
20250911,212,216.5,209,214.5,133210,2837144
20250912,217,218.5,216.5,217.5,74001,1609479
20250915,218.5,218.5,213,216,56651,1222356
20250916,217,217,213.5,215.5,50810,1092178
20250917,214,214.5,211,212,57358,1217816
20250918,211.5,216,208,215,80554,1709472
20250919,216.5,217,214,214,60641,1304343
20250922,215.5,218,214,216,34758,749707
20250923,218,222,217.5,221,106128,2337221
20250924,222,223,219,223,66407,1470433
20250925,223,231,222.5,230,126590,2896057
20250926,230,230.5,218.5,219.5,122226,2711244
20250930,224,224,215.5,216,92278,2015496
20251001,219,222,216,219,58600,1283895
20251002,221.5,226,221,225.5,73885,1655514
20251003,226,228,224.5,226.5,52447,1187876
20251007,230,231.5,225,228.5,66127,1507991
20251008,225,225.5,222,225,50104,1121617
20251009,227,227,221,221.5,56701,1263018
20251013,210,216,210,213,111261,2369738
20251014,216,217.5,205,206,108702,2281049
20251015,207.5,208,203,206.5,65965,1360797
20251016,215,225.5,211.5,223,154274,3387703
20251017,224,230,222.5,226.5,119856,2717097
20251020,230,239.5,229,238.5,152953,3607552
20251021,241.5,245.5,238,239,120699,2914912
20251022,238,243,236.5,242.5,71610,1722055
20251023,240,240.5,238,239,50956,1219733
20251027,249,249,243,246.5,80709,1985123
20251028,248,250,246.5,250,73663,1831967
20251029,254,263,253,260,125297,3245616
20251030,262.5,265,256.5,262,108446,2836666
20251031,261,262,257,257.5,63120,1633549
20251103,255,256.5,250,251.5,97190,2450669
20251104,252,255,244,244,95832,2380274
20251105,239,248.5,237,247,114664,2778301
20251106,249.5,250.5,246,248,65794,1634564
20251107,246,250.5,244,244,50319,1238555
20251110,245,250,244,249.5,51629,1276545
20251111,251,252,246.5,246.5,50821,1267010
20251112,248,252,245,251,65085,1626075
20251113,256,256,247,252,90542,2275585
20251114,246.5,247,241,241,112890,2746390
20251117,241,242,235,236,84875,2014068
20251118,231.5,237,230,230,77859,1807685
20251119,226.5,230,226.5,229,70910,1617887
20251120,237,238,232.5,236.5,78465,1850865
20251121,226,229.5,225,225,97472,2208488
20251124,226.5,227,220,220,100270,2222694
20251125,225,226,219,219,73643,1633852
20251126,221,228,221,227,68462,1541279
20251127,229,232,226,231,63039,1447552
20251128,229.5,229.5,225,225.5,56940,1289639
20251201,225,226,222,222,52409,1169736
20251202,220.5,225,220.5,222,49869,1111213
20251203,225,230,225,227,53110,1210541
20251204,230,230,227.5,228.5,25729,588129
20251205,229,231.5,228.5,231,35103,809255
20251208,231.5,232,229,232,29941,692156
20251209,233,236.5,232,235,54359,1275965
20251210,236,236,232,233.5,36069,842612
20251211,234,234.5,226,226,60055,1375221
20251212,227,228.5,225,227,29684,672664
20251215,221,223,220.5,221.5,44482,986607
20251216,220,220.5,215,218,63458,1379376
20251217,218,219.5,216,216.5,51130,1112047
20251218,214.5,217,213.5,216,50364,1083288
20251219,219,221.5,218,221.5,41562,914860
20251222,224.5,225.5,223,224,40062,898782
20251223,225.5,226,223.5,224,29629,665340
20251224,225.5,227.5,224,224,36444,821119
20251226,225.5,227.5,224.5,225.5,28935,653363
20251229,227,233,226.5,231,57945,1336802
20251230,230.5,231,228,228,36162,827610
20251231,228.5,231.5,228,230.5,41319,951867
20260102,232,233.5,229,232,58776,1361320
20260105,234.5,236,233.5,234.5,64697,1518381
20260106,237,239,232.5,236,68920,1620789
20260107,237.5,241.5,235,238.5,88280,2102012
20260108,237.5,237.5,228.5,229.5,89499,2071998
20260109,230,232,227,230.5,37370,859180
20260112,233,233,228.5,228.5,32968,757373
20260113,230,230.5,226,226.5,45735,1040703
20260114,228,234.5,227.5,234.5,65365,1521040
20260115,234,234,231,233.5,35042,813443
20260116,235,235,231,234.5,48950,1141832
20260119,233.5,233.5,229,229.5,53439,1228644
20260120,228.5,228.5,223.5,223.5,77124,1737237
20260121,221,225,219,219,81042,1790165
20260122,223.5,226,222,223.5,47823,1070931
20260123,225.5,226.5,221.5,221.5,34323,765401
20260126,222.5,225,220,224,39852,888215
20260127,226,227,224,225.5,37140,837044
20260128,227,231.5,224,225.5,80017,1815059
20260129,226.5,227.5,222,224,56613,1268852
20260130,223.5,223.5,218.5,220.5,72547,1596996
20260202,219.5,220,213.5,214.5,65660,1414624
20260203,218.5,220,214.5,216.5,42920,930590
20260204,214.5,219,214,219,27678,600601
20260205,217.5,220,215,215.5,43304,939528
20260206,215,216.5,210.5,215,56581,1209410
20260209,219,220.5,217.5,218.5,31064,679005
20260210,220,222,218,221,47159,1039544
20260211,222.5,227,220.5,227,67662,1522787
20260223,229.5,231,227,228.5,89438,2048484
20260224,229.5,232.5,228,232,68380,1580776
20260225,235,247,234.5,246.5,168289,4077122
20260226,253.5,253.5,241.5,243,122693,3007022
20260302,234,241,232.5,239,75106,1783705
20260303,239,240,228,229,87820,2041582
20260304,224.5,225,216.5,217,122302,2674802
20260305,224.5,228,222,224,55660,1248004
20260306,221,223.5,219,223,37319,828499
20260309,208,212.5,206,210.5,93408,1957643
20260310,216,216.5,209.5,209.5,69439,1472149
20260311,212.5,220,212.5,219,54703,1186935
20260312,217,218.5,213,214.5,45309,974272
20260313,211.5,216,210,214.5,36890,788424
20260316,216,217.5,214,216.5,38534,831974
20260317,215.5,216.5,212,212,110777,2362789
20260318,212.5,213.5,210,210,77136,1628647
20260319,207.5,207.5,205,205,89096,1836417
20260320,203.5,205,200.5,203,92926,1881497
20260323,196.5,197.5,195,196,78471,1538593
20260324,198.5,199.5,194,195,56280,1106394
20260325,200,201,197,200,43133,859014
20260326,202.5,206,200.5,200.5,41973,852730
20260327,197,200.5,196.5,199.5,29525,585292
20260330,194.5,195.5,193,194,46504,903450
20260331,191,192.5,187.5,187.5,95729,1813662
20260401,195,197.5,194.5,197,45229,886758
20260402,198,199,191.5,193,41955,814356
20260407,195,195.5,189.5,192,36598,701112
20260408,196.5,202,196.5,201.5,66909,1338967
20260409,201,201.5,198,200,43946,876319
20260410,200.5,202.5,199.5,200.5,60471,1215048
20260413,200,202.5,198.5,200,37375,749573
20260414,204,208,203.5,207.5,58959,1217364
20260415,211.5,211.5,206.5,207.5,71251,1493199
20260416,207.5,211,206,207,45262,941066
20260417,207.5,209.5,203.5,206,48943,1008710
20260420,206,209.5,204.5,207.5,39312,815955
20260421,210,213,209.5,211,59285,1252275
20260422,213,223.5,212.5,221,140960,3101293
20260423,229.5,233,218,225,172707,3898283
20260424,227,227,218,221.5,77230,1719944
20260427,224,230,220,228,109457,2466790
20260428,230,234,225,225.5,104090,2386287
20260429,226,226,222,225,43603,977295
20260430,224.5,230,219.5,219.5,73684,1652079
20260504,224,229.5,223.5,227.5,57506,1302890
20260505,227.5,240,227,239.5,162874,3824282
20260506,246.5,253,245,252,240330,5990074
20260507,255,258,250,253.5,128768,3267503
20260508,254,256,245.5,250,102375,2568131
20260511,256.5,258,251,252,63064,1596756
20260512,254,254,246,250,84325,2105499
20260513,246.5,251,242.5,251,72415,1790487
20260514,255,255,244,244.5,73360,1826019
20260515,249,260,247,248.5,138413,3505303
20260518,251,251,241,248.5,63512,1567256
20260519,251,254,244,245,70223,1747469
20260520,246.5,246.5,239.5,240,62650,1513237
20260521,245,249,244,247.5,51483,1272378
20260522,249,251.5,245,250,56311,1406829
20260525,255,263.5,255,261,122990,3191791
20260526,262.5,263.5,257,259,55665,1445610
20260527,263,269,261,264,78353,2078598
20260528,265,269.5,259.5,263,73792,1955868
20260529,269,289,268,289,289511,8200323
20260601,302,304.5,293,293.5,205767,6154592
20260602,297.5,302,293,301.5,113076,3373077
20260603,306,314,299,309,149621,4607060
20260604,309,309,293,293,110761,3314002
20260605,290.5,292.5,278,284.5,93159,2650635
20260608,257.5,272,257.5,269.5,117864,3129832
20260609,270.5,277.5,268.5,277.5,74649,2037187
20260610,271,274,262.5,263,93369,2503449
20260611,260,262.5,251.5,258.5,97551,2505345
20260612,266.5,269,260,260.5,60261,1590236
20260615,271,272.5,265,267.5,54689,1465433
20260616,270,271,265.5,269,56879,1529292
20260617,266,272,264,272,42755,1151077
20260618,270.5,271.5,268.5,268.5,68997,1860562
20260622,270,275.5,268.5,268.5,67146,1819156
20260623,270,270.5,259,259.5,92064,2418982
20260624,255,261,255,256,63691,1638012
20260625,260.5,262.5,257.5,257.5,43578,1132594
20260626,255.5,255.5,248,248.5,80451,2020417
20260629,250,252,246,246.5,49210,1223530
20260630,251.5,255.5,249,251,52952,1336623
20260701,255,255.5,248,248,65881,1649293
20260702,239,243,238,239,67897,1629509
20260703,237,241,236,240.5,51008,1219017
20260706,243.5,247.5,240.5,242,43694,1063846
20260707,243,243,236,237,51779,1236537
20260708,240,240.5,234,237.5,37939,896306
20260709,238,240,234.5,237.5,40528,962994
20260713,242,242.5,236.5,236.5,37505,896423
20260714,236,237,230,235.5,48112,1122496
20260715,236,241,235.5,239,36109,863150
20260716,240.5,244,238,242.5,39075,943904
20260717,238,241.5,233,234,69007,1628074
20260720,235.5,238.5,230.5,234.5,48580,1142251
20260721,238,247,236.5,246,51471,1254425
20260722,249,259,248,251.5,67787,1720459
20260723,256.5,259.5,253.5,257.5,63788,1635818
20260724,254,256,251.5,252.5,33695,851860
20260727,253,254.5,246,253,35908,896767
20260728,246,247,238,238,52860,1278030
20260729,240,246.5,231,237,84937,2020554
20260730,236,237.5,226.5,229.5,77133,1781824
20260731,245,252,242.5,250.5,99414,2466434
20260803,244.5,254,242.5,253,52666,1312824
20260804,249,254.5,246,250,41096,1029133
20260805,257,260.5,256,258.5,72634,1876560
20260806,258.5,265,257.5,264.5,82179,2157056
20260807,265.5,267,258,260,38813,1014717
20260810,262.5,266.5,262,264.5,34854,921446
20260811,266,266,260.5,263,24592,647037
20260812,264.5,270.5,264,270,60316,1621315
20260813,274.5,274.5,261,262,96830,2562995
20260814,262,264.5,257.5,259.5,51014,1327825
20260817,259.5,261,255,255,35552,913620
20260818,255,256.5,247.5,249,50540,1265829
20260819,245,247,242.5,245,36593,896609
20260820,250.5,250.5,244,246.5,26344,649208
20260821,245,247,243,245.5,25420,622730
20260824,246,246.5,243.5,243.5,23691,579185
20260825,242,243.5,238,243,36819,885127
20260826,243,248,241.5,246.5,24910,611072
20260827,248.5,256.5,248.5,252,42280,1068607
20260828,255.5,256.5,251,253,31847,807886
20260831,249.5,251,246,250,35223,877692
20260901,253,256,251,256,34132,869665
20260902,253,255,250.5,251,29265,737685
20260903,253.5,254.5,247.5,247.5,29851,748753
20260904,252.5,256,251,256,49402,1257641
20260907,258.5,259,252.5,256,34027,869486
20260908,256,256,250,251.5,40241,1011947
20260909,250.5,254,250.5,252,21344,538867
20260910,250.5,252,247.5,251,40234,1005459
20260911,247.5,249.5,247,248,24164,599788
20260914,244.5,249.5,243.5,248.5,25261,623291
20260915,247.5,250,246.5,246.5,15812,391852
20260916,247.5,248.5,246,248,19737,488081
20260917,249.5,253.5,249.5,250.5,26522,668149
20260918,252.5,253,249,250.5,44803,1123313
20260921,251.5,252,249,250,16771,419703
20260922,252,254,250.5,253,38636,975256
20260923,255,257,255,256,35755,915400
