# date,open,high,low,close,lot,wan
20250814,28.4,28.45,28.05,28.15,16251,45890
20250815,28.1,28.1,27.7,27.9,22779,63484
20250818,27.9,28,27.45,27.65,23699,65583
20250819,27.6,28,27.5,27.5,15485,42860
20250820,27.8,27.95,27.4,27.5,20222,55846
20250821,27.7,27.85,27.5,27.55,11115,30702
20250822,27.6,28,27.55,27.75,13671,38049
20250825,28.05,28.15,27.7,27.85,18459,51429
20250826,27.85,28,27.7,27.95,28807,80381
20250827,28.05,28.5,28,28,11621,32772
20250828,28.15,28.35,28,28.1,13344,37569
20250829,28.1,28.2,27.65,27.65,16309,45301
20250901,27.75,27.8,26.7,26.8,22101,59727
20250902,27.3,27.4,26.9,26.95,11594,31369
20250903,27.2,27.3,27.05,27.2,14496,39367
20250904,27.45,28.05,27.4,27.7,18359,51086
20250905,28,28.15,27.85,28.1,12852,36017
20250908,28.35,28.7,28,28.25,12190,34428
20250909,28.35,28.4,28.05,28.2,13297,37519
20250910,28.05,28.3,27.55,27.95,23034,64511
20250911,28.05,28.25,27.75,27.75,17823,49848
20250912,28.1,30.5,28.1,29.8,79054,235688
20250915,29.85,31.3,29.5,30.5,85086,260077
20250916,30.75,30.75,30,30.1,41759,126523
20250917,30.45,32.7,30.35,30.75,67535,212081
20250918,31.2,31.45,30.2,30.4,37603,114993
20250919,30.7,30.95,30.3,30.55,28413,86833
20250922,31.6,31.65,30.9,31.2,32384,101108
20250923,31.65,32.45,31.4,31.4,50773,161670
20250924,32.1,34.5,31.9,34.5,130436,436762
20250925,35.25,37.8,34.5,36.4,276911,1005980
20250926,36,36.25,33.35,33.4,124679,425293
20250930,33.85,34.45,32.3,32.4,85530,281320
20251001,32.25,32.4,31,31.75,82363,260436
20251002,31.95,33.1,31.95,32.65,60736,198417
20251003,32.6,32.75,31.95,32.05,27196,87421
20251007,32.2,33.25,32.2,32.65,37124,121338
20251008,32.65,32.65,31.75,31.95,25258,80691
20251009,32.4,33.3,32.1,32.25,33853,110175
20251013,30.9,31.95,30.6,31.5,53713,168775
20251014,31.95,32.55,31,31,36076,114591
20251015,31.8,31.8,30.8,31.65,28474,89420
20251016,32.6,33.1,31.8,31.85,49341,159669
20251017,32.2,34.45,32.05,33.3,114776,383962
20251020,33.75,33.75,32.4,32.95,54967,180572
20251021,33.15,35.65,32.6,34.3,124190,428217
20251022,34.45,36.7,34,35.95,200231,712259
20251023,35.4,35.45,34.55,35,83661,292262
20251027,35.55,36.3,34.65,35.2,89351,315027
20251028,35.2,35.25,34.05,34.5,54960,190010
20251029,35.25,36.15,34.45,34.55,92806,326175
20251030,34.3,34.45,33.45,33.85,53205,180057
20251031,33.7,33.7,33.05,33.05,42004,139541
20251103,33.45,33.65,33.05,33.25,24186,80676
20251104,33.4,33.65,32.25,32.35,43282,140976
20251105,31.6,32.4,31.3,32.1,30149,96141
20251106,32.6,33,32.25,32.5,19033,62107
20251107,32.5,32.65,31.65,31.65,24827,79354
20251110,31.95,31.95,31.15,31.55,19843,62401
20251111,31.5,31.5,30.65,30.65,36915,114033
20251112,30.7,31.05,30.5,30.85,19100,58837
20251113,31.4,31.65,30.65,30.65,35755,110857
20251114,30.2,30.5,29.9,29.9,33308,100067
20251117,30,30,29.05,29.05,32130,94498
20251118,28.5,29.05,28.35,28.65,43019,123113
20251119,28.8,29.55,28.7,29.4,44692,130875
20251120,29.85,30,29.4,29.4,35199,104119
20251121,29.1,29.5,28.6,28.65,38787,111925
20251124,28.95,29,28.35,28.7,41976,120196
20251125,28.95,29.55,28.95,29.55,22796,66785
20251126,29.65,29.65,29.15,29.5,24495,71901
20251127,29.7,29.95,29.3,29.6,23262,68680
20251128,29.7,29.7,29.25,29.35,11713,34458
20251201,29.55,29.75,29.3,29.45,13724,40430
20251202,29.55,29.6,29.3,29.5,13310,39226
20251203,29.7,30.25,29.6,30.15,24303,72833
20251204,30.45,30.5,30.2,30.4,16539,50162
20251205,30.45,30.55,30.15,30.3,12666,38358
20251208,30.35,30.55,30.2,30.55,19813,60343
20251209,30.6,30.6,29.8,29.8,22852,68566
20251210,30.25,30.5,29.8,29.95,17566,52741
20251211,30.15,30.15,29.65,29.85,13313,39713
20251212,30,30.15,29.85,30.05,9910,29706
20251215,29.6,29.8,29.35,29.35,18566,54779
20251216,29.2,29.65,29.15,29.4,19620,57666
20251217,29.6,29.9,29.45,29.55,23491,69600
20251218,29.7,30,29.45,29.7,21092,62734
20251219,30,30,29.6,29.7,31000,92120
20251222,30,31.1,29.95,30.7,36290,111486
20251223,30.8,30.8,30,30,24283,73332
20251224,30.05,30.45,30,30,17138,51645
20251226,30.2,30.45,29.9,30,15635,47011
20251229,30.2,30.75,30,30.4,18358,55924
20251230,30.65,30.65,30.05,30.35,12359,37394
20251231,30.4,30.8,30.4,30.4,13839,42302
20260102,30.75,31,30.45,30.8,20113,62006
20260105,31.2,31.35,30.8,30.8,21858,67667
20260106,31.1,31.1,30.55,30.8,19786,60824
20260107,30.8,31.15,30.55,30.95,26346,81392
20260108,31.05,31.05,30.05,30.05,28297,85756
20260109,29.95,30.15,29.55,29.55,25332,75229
20260112,29.7,31.6,29.7,30.35,34610,105855
20260113,30.5,31.1,30.45,30.9,24432,75141
20260114,30.95,31.75,30.8,31.35,49295,154522
20260115,31.55,31.55,30.8,31.05,24847,77037
20260116,31.25,31.25,30.65,30.85,30625,94706
20260119,30.85,33,30.4,32.25,82055,264792
20260120,32.1,33.7,31.85,32.6,87602,286793
20260121,32.3,33.25,31.75,31.9,52296,168704
20260122,33.8,34.4,32.35,33.1,79077,262705
20260123,35.05,35.1,32.65,33.35,138469,465441
20260126,33.35,33.35,32.25,32.25,48905,159485
20260127,32.2,32.3,31.55,32.3,42888,136911
20260128,32.4,33.15,32.2,32.55,41883,136431
20260129,32.8,32.8,31.8,31.8,26320,84221
20260130,31.7,32.75,31.1,32.75,38749,123754
20260202,32.4,34.1,32,32.3,64627,212789
20260203,32.9,33.5,31.85,32,36826,119697
20260204,32,32.75,32,32.35,23719,76761
20260205,32.05,32.55,31.3,31.3,37445,118634
20260206,31,31,30.05,30.7,35826,109388
20260209,31.2,31.6,30.6,30.7,18843,58121
20260210,30.75,31.1,30.55,30.6,20873,64055
20260211,30.4,30.8,30.25,30.6,24435,74792
20260223,30.1,30.3,29.5,29.5,71109,212183
20260224,29.7,29.95,29.5,29.65,39573,117342
20260225,29.8,30.4,29.7,30.1,35345,106421
20260226,30.75,32,30.75,31.65,72479,228092
20260302,31,31.5,30.55,31.4,38284,119071
20260303,31.55,32,30.25,30.35,46998,145414
20260304,29.8,30.1,29.2,29.4,50615,149858
20260305,29.85,30.7,29.75,30.4,28046,85165
20260306,30.1,31.45,29.95,31.45,26262,81128
20260309,30,31.3,29.7,31.3,42083,129347
20260310,31.7,31.75,31.1,31.75,34231,107886
20260311,31.95,32.6,31.8,32.35,38748,125256
20260312,32,32.8,32,32.65,34154,111129
20260313,32.6,32.85,32.2,32.2,32327,105152
20260316,32.35,32.4,31.6,31.7,25194,80544
20260317,31.55,32.35,31.55,32.2,20443,65596
20260318,32.4,32.9,32.35,32.85,29103,95146
20260319,32.65,32.85,32.4,32.6,20123,65656
20260320,32.85,33.2,32.25,33,32584,106881
20260323,32.95,33,32.15,32.7,31674,103523
20260324,33.25,33.5,31.6,31.7,24877,80184
20260325,32.15,32.3,31.5,31.5,16979,53880
20260326,31.6,32,31.5,31.5,22894,72598
20260327,29.5,30.25,29.45,30.25,61944,184293
20260330,29.35,29.5,28.15,28.25,79430,226259
20260331,27.9,27.9,26.85,26.95,63904,173711
20260401,27.65,27.7,26.95,27.45,34085,92780
20260402,27.75,27.75,27,27.4,20384,55607
20260407,27.3,27.3,26.85,26.85,19351,52308
20260408,26.85,27.9,26.75,27.9,32326,88579
20260409,27.75,27.75,27,27.3,28993,78922
20260410,28,28.65,27.9,28.2,36016,101599
20260413,28.25,29.1,27.7,29,27745,79421
20260414,29.35,29.75,29.1,29.5,35883,105932
20260415,29.55,29.95,29.05,29.45,33329,97902
20260416,30.5,30.7,29.2,29.4,66960,200576
20260417,29.7,31.8,29.6,30.35,99624,304809
20260420,30.75,31.35,29.75,30.25,74532,227498
20260421,30.8,31.95,30.75,31.45,89707,281472
20260422,31.8,33.25,31.55,32.75,109771,356301
20260423,33.5,33.55,30.6,31.2,76328,241548
20260424,31.3,31.3,30,30.3,35382,107468
20260427,30.65,30.65,29.5,30,34784,103723
20260428,30,30.45,29.6,29.85,45090,135201
20260429,30.15,30.15,29.3,29.7,29811,88012
20260430,29.45,29.55,29,29,24600,71764
20260504,29.3,29.45,28.85,29.2,15706,45842
20260505,29.25,29.45,29.1,29.3,15896,46534
20260506,29.5,29.5,28.75,29.2,42783,124300
20260507,29.3,29.5,29,29.45,49286,144826
20260508,29.9,30.25,29.15,29.65,60000,177941
20260511,29.9,31.1,29.25,30.8,81431,245971
20260512,30.7,30.75,29.3,29.9,51064,152438
20260513,29.4,31.75,29.4,31.3,116518,361695
20260514,31.6,31.8,30.15,30.25,52760,161922
20260515,29.8,29.9,28.4,28.65,119388,344164
20260518,28.5,28.5,27.8,28.25,56236,158520
20260519,28.5,28.85,27.7,27.8,66085,185309
20260520,27.6,27.9,27.5,27.6,39872,110230
20260521,27.9,30.35,27.9,30.35,113948,337758
20260522,30.95,32.2,30.5,31.5,199926,632010
20260525,33.5,34.65,33.3,34.65,279874,962907
20260526,35.95,35.95,32.8,33.6,238724,812435
20260527,33.9,34.15,32.55,33.4,116483,388469
20260528,33.5,35.4,33.05,33.5,146821,501990
20260529,35.25,36.85,35,36.7,709501,2595270
20260601,40.05,40.35,40.05,40.35,113043,455759
20260602,44.3,44.35,43.1,44.35,177995,788218
20260603,45,47.75,43.3,47.05,400805,1837597
20260604,45,45.85,42.35,42.35,263713,1142275
20260605,40.7,41.8,39.1,41.4,194674,790138
20260608,37.3,39.1,37.3,38.6,152319,575827
20260609,39,39.1,37,38.45,162361,619204
20260610,37.65,39.35,36.95,37.1,130376,495773
20260611,36.4,36.95,35.65,36.15,88615,321457
20260612,37.4,38.1,36.25,36.35,82967,307652
20260615,37.75,38.85,37.6,37.85,74846,285151
20260616,38.3,38.3,37.35,37.4,59725,225643
20260617,37,37.9,36.4,37.3,47028,174842
20260618,37.8,38.45,37.25,37.75,71746,270991
20260622,38.1,39.2,37.5,37.5,92199,351674
20260623,37.8,38,36.2,36.55,62366,229716
20260624,36.25,38.4,36.2,37.9,88993,334389
20260625,37.9,38.7,36.85,36.85,65609,245980
20260626,36.4,36.45,34.6,34.8,80548,283620
20260629,34.75,35.05,34.05,34.2,55786,191554
20260630,34.85,35.4,34.1,35.3,42525,148897
20260701,35.5,36.3,34.3,34.6,45262,158229
20260702,34.15,34.8,34,34.8,33762,116241
20260703,34.6,35,34.3,34.95,38901,134751
20260706,35.35,36.7,35.1,35.7,54803,196986
20260707,36.1,36.3,35.05,35.3,38830,138462
20260708,35.3,35.5,34.85,35.5,23005,80863
20260709,36.1,37.65,36.1,36.6,69252,254375
20260713,37.95,38.2,36.2,36.65,64220,238237
20260714,36.8,36.85,34.7,35.55,45696,162063
20260715,35.75,36.65,35.4,36.15,33171,119910
20260716,36,36.5,35.6,35.95,28719,103531
20260717,35.6,36.95,35.2,36,100499,363279
20260720,36.05,36.2,33.7,34.4,58622,202462
20260721,34.8,36,34.45,36,31500,111733
20260722,36.45,37,36.05,36.2,46804,170980
20260723,36.6,37.7,36.4,36.75,57790,214473
20260724,36.45,37.3,36.1,37.2,43852,161909
20260727,37.5,37.5,36.05,37.15,40216,147443
20260728,36.1,36.1,34.5,34.7,46333,162463
20260729,35,36.3,33.9,34.85,82704,290638
20260730,35,35,33.2,33.75,62498,211595
20260731,36.5,36.5,35.3,36,76506,274675
20260803,35.2,36.6,34.55,36.35,44225,158992
20260804,36,37.35,35.85,37,43359,159873
20260805,37.8,37.9,36.85,36.95,48333,180679
20260806,36.8,37.3,36.5,37.3,29594,109311
20260807,37.5,37.5,36.4,36.55,30473,111748
20260810,36.75,36.85,35.85,36.3,29167,106106
20260811,36.3,36.5,35.65,36.3,25357,91424
20260812,36.75,39.9,36.6,39.9,171747,671585
20260813,40.1,41.7,39.1,39.3,211416,855232
20260814,40.3,43.2,40.3,43.2,402245,1730902
20260817,43.35,44.95,40.95,41.65,263419,1122136
20260818,41.75,43.2,40.15,40.6,138341,568890
20260819,39,39.5,38.05,39.3,92964,360233
20260820,39.3,40.1,38.25,38.5,66895,260855
20260821,38.4,39,37.9,38.95,42759,164256
20260824,40,42.6,39.5,41.6,136887,568115
20260825,41.6,41.85,39.65,40.8,96661,391558
20260826,40.8,41.25,39.85,40.95,57384,233406
20260827,41.5,41.6,39.6,39.75,77546,311145
20260828,39.6,40.65,39.3,39.7,43593,173869
20260831,39.55,40.55,39.3,40.35,54596,218957
20260901,40.35,40.8,39.5,39.9,63322,252886
20260902,40.7,41.15,39.65,39.7,80916,324459
20260903,40,40.55,38.7,38.75,57406,227350
20260904,39,42.1,39,41.6,141506,578110
20260907,41.6,41.6,39.2,40.05,125563,499523
20260908,39.85,39.9,38.6,39.05,70155,273293
20260909,38.8,39.35,38.6,38.9,33658,131322
20260910,38.75,38.8,38,38.65,34753,133469
20260911,38,38.1,37.65,37.8,34534,130745
20260914,37.5,38.35,37.3,37.9,39727,150293
20260915,38.3,38.45,36.9,36.95,46455,173348
20260916,37.2,37.35,36.8,37.35,22476,83464
20260917,37.5,37.95,37.35,37.4,25735,96858
20260918,38,38.25,37.35,37.7,52194,197042
20260921,38.05,38.5,37.6,37.6,27564,104615
