# date,open,high,low,close,lot,wan
20250814,18.15,18.4,18,18,34602,62773
20250815,18.1,18.45,17.75,18.4,39510,71454
20250818,18.55,19.35,18.15,19.1,107923,203395
20250819,19.15,19.25,18.55,18.6,49210,92366
20250820,18.45,18.6,17.95,18,47050,85565
20250821,18.1,18.5,18.05,18.4,35344,64549
20250822,18.3,18.45,18.05,18.2,18457,33572
20250825,18.45,18.75,18.4,18.4,29323,54423
20250826,18.45,18.9,18.3,18.75,30607,57005
20250827,19.05,20,19,19.8,95356,187529
20250828,19.9,20.05,19.6,19.6,54452,107685
20250829,19.8,20.55,19.7,19.7,82517,165904
20250901,19.7,20.35,19.6,20.3,79269,159094
20250902,20.5,20.65,19.8,19.95,100968,203540
20250903,19.95,20.55,19.9,20.1,65369,132247
20250904,20.4,20.8,20.3,20.5,65653,134795
20250905,20.65,22.55,20.6,22.55,227254,499213
20250908,24.65,24.8,22.75,24.6,436612,1057209
20250909,24.4,24.9,23.7,24.55,237839,576427
20250910,24.85,25.7,24.5,24.95,285159,718918
20250911,25.7,26.6,24.7,25,311904,797844
20250912,26.15,26.55,24.9,25.45,275412,712522
20250915,26.95,27.1,25.7,26.8,468175,1247649
20250916,26.5,28.9,25.75,27.95,640414,1756415
20250917,28.1,29.8,27.3,29.4,444180,1261423
20250918,30.25,32.3,30.25,32.3,446562,1408114
20250919,34,34.3,32.5,33.5,581855,1945548
20250922,33.8,35.3,33.4,34.25,378939,1296243
20250923,35,36.85,34.9,36.45,534414,1917887
20250924,36,36.05,34.3,35.2,399525,1401446
20250925,34.2,35.7,33.2,33.4,453056,1550010
20250926,32.95,33.2,31.2,31.4,311944,991771
20250930,34,34.15,32.95,34.05,281480,950244
20251001,33.4,35.2,33.2,33.8,333620,1143738
20251002,36,36.5,35.05,36,466424,1672595
20251003,35.8,39.25,35.35,38.8,579287,2174218
20251007,40.75,42.65,40.75,42.65,272730,1146512
20251008,41.95,42.15,39.35,41.25,467416,1900126
20251009,42.9,44.35,41.7,43.45,546684,2356824
20251013,40.35,43.8,40.35,43,399485,1705776
20251014,44.9,45.55,40.15,40.7,598421,2550577
20251015,41.45,41.65,39.3,40,309480,1250005
20251016,41.1,44,41.1,44,437430,1902850
20251017,44,44.95,43.55,43.95,456669,2018310
20251020,45.6,48,44.05,46.35,578807,2647604
20251021,45.7,45.75,44.6,44.6,77972,351357
20251022,43.7,45.45,43.7,45.45,55912,249342
20251023,44.95,46.5,44.7,46.3,45232,207640
20251027,50.9,50.9,50.2,50.9,85726,434751
20251028,50.9,54.5,50.9,54,98212,520122
20251029,54.4,54.5,51.9,54,70727,380517
20251030,55.7,57,53.4,55.2,74032,409666
20251031,55.2,55.2,53.5,54.2,57762,313219
20251103,55.5,57.5,55.1,56.6,68488,387716
20251104,56.8,56.8,53,53.3,41116,224261
20251105,48.6,56,48.6,56,47931,247747
20251106,58.6,59,58,59,40871,239686
20251107,58.5,59.2,57.6,58.1,22850,133519
20251110,61.4,63.9,60.8,63.9,32006,200605
20251111,64.9,66.1,64.5,64.5,43521,283876
20251112,63.1,65.9,63,64.8,23238,150096
20251113,66,69.1,61.7,64.2,32553,211365
20251114,60,62.2,59.1,60.3,34689,209988
20251117,66.3,66.3,65.1,66.2,45242,298398
20251118,66.5,66.7,59.6,61.4,466710,2895208
20251119,59.5,61.4,58.1,59.4,262846,1566046
20251120,63.4,63.9,53.5,58,433182,2512839
20251121,52.2,53.2,52.2,52.2,153645,805397
20251124,53,55.5,52.3,54.6,233767,1267015
20251125,59.1,59.4,55.9,57.5,219802,1264847
20251126,57,57.8,52.7,53.6,194949,1064788
20251127,55.2,57,54.7,56.9,161181,900599
20251128,57.3,59.5,55.8,58,184303,1067226
20251201,57.9,59,56.3,57.6,113249,654880
20251202,58.9,58.9,56.1,56.6,116744,665566
20251203,57.3,58.5,55.5,55.8,142553,812772
20251204,55,58.9,53.7,57.8,244919,1398437
20251205,58.1,62.8,56.4,61.8,343693,2047781
20251208,63.5,67.9,63.5,67.9,312825,2072130
20251209,71,71.6,66.9,71.3,595084,4146930
20251210,71,73.4,67.3,67.5,408321,2859645
20251211,69.6,70.5,67.5,68.4,288346,1990700
20251212,69.2,75.2,68.5,74.6,543798,3982205
20251215,72,72.8,69,71.1,427984,3047073
20251216,70,71.9,68.8,70.6,347383,2444470
20251217,71.3,74.4,70.2,73.9,454004,3296460
20251218,75,77.8,73.9,74.5,531280,4031634
20251219,76.9,77.5,71.2,71.3,495026,3661527
20251222,73.9,75,72.8,73.1,238545,1759590
20251223,74,74.4,72.4,73,155196,1139720
20251224,73.6,77.2,72.5,76.9,321348,2432461
20251226,78,79.1,76,76.5,274964,2127357
20251229,76.9,77.9,75.6,76.9,166636,1278214
20251230,77.2,84.4,77.2,83.7,405327,3299078
20251231,84.1,86.5,82.2,82.6,340683,2863184
20260102,83.1,90.8,82.1,90.8,414794,3667457
20260105,95,96.8,91.6,95.5,435516,4122839
20260106,95.8,104.5,95,104,403567,4053426
20260107,109,110.5,104.5,106.5,351787,3774139
20260108,105.5,109.5,104,108.5,200419,2150086
20260109,103.5,103.5,97.7,97.8,83406,830363
20260112,98.1,102.5,96.5,102,56471,564062
20260113,104.5,104.5,98.5,99.8,42979,431362
20260114,99,100.5,99,99.8,23626,235708
20260115,99.8,100,99.1,99.2,22752,226245
20260116,102,108,100.5,106.5,51171,536587
20260119,115,117,115,116.5,54996,639938
20260120,105.5,114.5,105.5,113,52268,580852
20260121,112,112,103,105.5,65298,692444
20260122,113.5,113.5,104.5,104.5,57617,629871
20260123,107,107,99.4,103,49825,513780
20260126,107,113,107,113,59540,665291
20260127,113.5,120.5,110,115.5,280727,3250695
20260128,120.5,127,120,127,183206,2292530
20260129,133,136,124,130,391188,5110788
20260130,132.5,136,128.5,128.5,250735,3310412
20260202,121.5,122.5,116,116,166068,1955958
20260203,123.5,123.5,104.5,105.5,450169,5011210
20260204,105,111.5,104.5,108.5,210454,2271157
20260205,102.5,107.5,101,102.5,147384,1522887
20260206,100,102,95,97.8,234056,2294296
20260209,106,107.5,101,107.5,155358,1642628
20260210,108,109,102.5,103.5,199668,2100805
20260211,101.5,109,101.5,105.5,203300,2157372
20260223,114.5,116,112.5,115,172619,1989908
20260224,115,123.5,113,122,249188,2965942
20260225,122,124,115,118,171061,2019671
20260226,119.5,124,116,122.5,180885,2186003
20260302,115,127,115,124.5,155982,1910598
20260303,125,125,112.5,112.5,191959,2226767
20260304,106,109.5,102,104,182140,1909926
20260305,113.5,114,109,112,165823,1866981
20260306,110,113,105.5,106.5,122902,1340999
20260309,95.9,101,95.9,101,168057,1653292
20260310,108,109,101.5,105.5,164291,1735701
20260311,109,115,107.5,114,182017,2048963
20260312,114.5,117.5,109,109,167668,1897483
20260313,109,114.5,108,109,172609,1912619
20260316,113.5,118,113,117,201277,2338045
20260317,121.5,126,119.5,123.5,236549,2911343
20260318,129,129.5,120.5,128,296360,3735776
20260319,123.5,125.5,120,122,198122,2435133
20260320,124,124.5,110,110,338025,3851103
20260323,103.5,109.5,103.5,107.5,148726,1575230
20260324,109.5,109.5,97,99.5,226815,2304343
20260325,99,103,98.1,98.2,204011,2037029
20260326,100,104.5,96,96,190169,1905655
20260327,90.2,92.4,87.2,92.4,159719,1431940
20260330,91.2,96.8,90.6,93,152254,1432744
20260331,88,95.5,85.2,90.2,248003,2230255
20260401,97.1,97.2,91.3,93.1,205568,1925318
20260402,96,97.6,91.8,91.8,183486,1729920
20260407,95,95.8,89.1,89.4,169816,1550321
20260408,93.1,95.8,92.2,95.6,171450,1611886
20260409,96,96.2,90.3,91,135312,1258038
20260410,93,97.5,92.3,93.5,166460,1574950
20260413,93.8,95.2,91.5,94.4,95826,898259
20260414,96.8,98,93.5,93.5,167859,1612439
20260415,95.6,96.6,90.1,90.2,128417,1187172
20260416,90.6,90.9,88.3,89.6,112136,1002716
20260417,90,90.7,86.8,87.8,121007,1062981
20260420,87.5,88.4,83.8,85.7,164661,1407062
20260421,88.1,92.8,88,91.1,185989,1687056
20260422,91.5,91.5,88.9,90.6,94692,853449
20260423,93,93.4,84.3,87.8,171220,1526431
20260424,88.6,88.9,84,88.2,122540,1065717
20260427,89.8,95.6,89.1,93.9,270350,2515133
20260428,95.3,96.9,93.5,95.5,219581,2092756
20260429,94.5,96,92.1,92.7,129993,1217139
20260430,94.2,94.6,88.8,89.8,116065,1053286
20260504,91.9,98.4,91.1,95.4,198798,1884045
20260505,96.8,100.5,96.6,98.8,196656,1938978
20260506,108.5,108.5,104,108.5,241792,2612230
20260507,113,117,106.5,114,338650,3829867
20260508,111,115,103.5,107,174129,1892333
20260511,115,117.5,113,117.5,162760,1889478
20260512,118.5,123.5,116,121.5,317629,3795110
20260513,117,122,115,122,133243,1581201
20260514,127,134,124.5,134,419382,5473198
20260515,132.5,136.5,127.5,129.5,348302,4558290
20260518,126,134,119,130.5,192809,2404103
20260519,125,127,117.5,117.5,184931,2234816
20260520,117.5,119,112,115.5,150894,1743579
20260521,120,122.5,113.5,114,209614,2444401
20260522,116.5,125,115.5,125,193147,2371369
20260525,120.5,133,119,128.5,357613,4503654
20260526,133.5,141,133,141,336105,4677276
20260527,155,155,146,155,439028,6732890
20260528,151,156.5,142,144,362558,5447164
20260529,155,158,151,158,249880,3914143
20260601,168,173.5,166,168,295191,5013827
20260602,174,184.5,171.5,184.5,270430,4929463
20260603,188,193,177,177.5,332157,6111674
20260604,175,188,175,179.5,227016,4126703
20260605,169,172.5,162,162,228440,3743458
20260608,146,157,146,154,179965,2711293
20260609,160.5,161,153.5,156.5,203233,3187430
20260610,152,163.5,148,149,185310,2892163
20260611,154,162.5,149,156.5,237290,3697088
20260612,169.5,172,166,172,213496,3641921
20260615,179.5,189,175,189,229482,4229226
20260616,198.5,201,191.5,197,355003,6988149
20260617,195,199,186.5,199,226916,4387800
20260618,203.5,218.5,201.5,218.5,338004,7126480
20260622,229.5,233.5,219,222,403195,9139772
20260623,219,222,205.5,211.5,263315,5607631
20260624,208.5,217,201,205,253065,5245183
20260625,219.5,222.5,211,219.5,227329,4948593
20260626,220,225,203,206.5,254263,5435536
20260629,209,212.5,201,203,149900,3098831
20260630,209,210.5,197.5,207.5,217328,4436426
20260701,207,207.5,188,190,234325,4569077
20260702,176,186,176,183.5,164179,2989783
20260703,180.5,188,177,184.5,141901,2611779
20260706,191,200,183,183,163686,3125311
20260707,184,186,172,174,142096,2545371
20260708,177.5,181.5,165,168.5,146197,2480180
20260709,173.5,184,170,176.5,160890,2868189
20260713,181.5,183,166,167,149251,2589636
20260714,170,172.5,156,164.5,135442,2216914
20260715,175.5,180.5,173.5,180.5,95141,1708609
20260716,176,180.5,171,172,150613,2630162
20260717,159.5,162.5,155,155,110526,1731824
20260720,155,157,146,151,107223,1633852
20260721,156,158,152,155.5,104784,1629023
20260722,165,171,164.5,171,97387,1650099
20260723,172,172,157,161,157825,2591912
20260724,158.5,164,153.5,154.5,135375,2143757
20260727,155,161,150,160,110420,1717196
20260728,144,147,144,144,69129,997223
20260729,137,137.5,130,130,86091,1129766
20260730,123.5,133,117,118.5,211418,2639385
20260731,130,130,130,130,21043,273563
20260803,134,143,133.5,143,77515,1084091
20260804,145,157,144,157,121632,1850261
20260805,167,172.5,164.5,169,232657,3939095
20260806,165.5,173,162,171,185767,3120677
20260807,170,170.5,160.5,163.5,176709,2901982
20260810,169,179.5,168.5,179.5,154758,2720628
20260811,178,181,172.5,178,194694,3446261
20260812,186.5,193,174.5,177,207364,3765377
20260813,183,185,177,177,227422,4110051
20260814,183,191,180.5,183.5,241146,4475105
20260817,185.5,190,181.5,181.5,128522,2369835
20260818,186,192,176,176.5,183344,3369574
20260819,167,169.5,165,168,113062,1890169
20260820,174,180.5,172,176.5,149810,2642614
20260821,176,182,174.5,181,114129,2038125
20260824,179.5,184.5,175.5,177,99392,1788985
20260825,172,179,168.5,179,92924,1602604
20260826,179.5,182.5,178,181.5,85770,1547555
20260827,184,190,183,186,139733,2614439
20260828,188.5,192,180.5,181.5,153444,2842809
20260831,179.5,186,176,182.5,398679,7268826
20260901,183.5,184,175.5,176,136606,2424929
20260902,173.5,180,171.5,179,83568,1471899
20260903,181.5,185.5,168,169,161434,2844583
20260904,174,176,165.5,174,100506,1719104
20260907,181,183.5,178,180,118923,2150446
20260908,185,192,183.5,188,222261,4192769
20260909,190.5,190.5,180.5,183,140401,2585242
20260910,181,182.5,178,179.5,67915,1225193
20260911,173,173.5,170.5,171.5,74789,1287411
20260914,166.5,167.5,160,160,123412,2001477
20260915,162.5,164,158.5,159.5,71180,1145429
20260916,163.5,169.5,163.5,169,83219,1389224
20260917,177,180,170,170,120007,2091835
20260918,177,179.5,173.5,179.5,138585,2453544
20260921,180,180,174,174,76636,1346862
