# date,open,high,low,close,lot,wan
20250814,510,515,499.5,515,1912,97223
20250815,515,526,508,521,1918,99572
20250818,519,530,512,528,2481,129583
20250819,526,532,513,513,1696,88298
20250820,504,513,490,491,2721,135524
20250821,498.5,509,498.5,504,2255,113546
20250822,501,505,495,497,2262,112936
20250825,514,518,504,512,1936,98977
20250826,510,540,509,535,3382,179045
20250827,535,568,532,549,5993,331174
20250828,547,560,542,556,2018,111661
20250829,556,597,553,581,7754,451923
20250901,580,587,559,559,3393,192819
20250902,585,586,553,556,3761,213067
20250903,556,556,543,546,2400,131617
20250904,546,551,539,543,1641,89409
20250905,550,575,546,572,3247,183612
20250908,572,574,561,570,1924,109528
20250909,562,584,560,576,2958,169746
20250910,577,589,577,580,3060,178229
20250911,580,584,570,574,2163,124666
20250912,570,575,560,571,2397,136165
20250915,569,569,550,552,2076,115360
20250916,550,560,550,556,1727,95875
20250917,556,574,555,566,1745,98618
20250918,568,617,566,614,4596,276488
20250919,614,616,592,598,4795,289653
20250922,591,606,590,595,3224,192481
20250923,613,633,603,614,4822,297984
20250924,604,606,585,603,3167,189478
20250925,604,610,592,596,2748,164706
20250926,589,591,563,564,4985,282058
20250930,569,585,568,579,3198,184975
20251001,580,624,580,606,4129,250636
20251002,627,648,616,634,5679,360083
20251003,621,640,621,639,3332,210430
20251007,648,659,637,648,4137,267865
20251008,642,645,630,632,3472,220603
20251009,640,641,618,622,4436,277564
20251013,601,647,599,644,5683,360600
20251014,654,708,654,663,10067,688388
20251015,670,704,667,687,5561,382154
20251016,694,707,690,694,4831,337195
20251017,676,684,660,662,3942,263909
20251020,667,668,650,656,3242,213064
20251021,667,691,666,677,2861,195082
20251022,681,694,675,693,3306,227455
20251023,685,708,682,692,2638,183317
20251027,748,754,717,738,5648,417795
20251028,732,744,724,742,3906,287273
20251029,778,806,758,788,6341,495307
20251030,796,829,783,804,6308,505779
20251031,804,840,790,819,5344,439611
20251103,809,823,795,811,5010,407083
20251104,796,811,773,776,4948,390100
20251105,738,766,735,762,5864,440678
20251106,765,772,746,753,5534,418271
20251107,755,764,741,741,2938,220753
20251110,743,755,739,744,2925,218608
20251111,752,775,751,760,4709,360083
20251112,760,808,759,798,6119,483678
20251113,788,811,776,807,5482,435275
20251114,785,807,775,785,4636,365964
20251117,792,797,763,774,4334,337630
20251118,766,799,745,746,5509,423658
20251119,752,794,752,770,4992,385857
20251120,815,820,792,808,4281,346418
20251121,788,792,771,774,4130,321918
20251124,790,834,781,810,39538,3203721
20251125,834,864,820,829,7568,636657
20251126,848,848,798,800,4757,387321
20251127,805,826,802,811,2600,210995
20251128,817,845,811,819,5315,438729
20251201,820,821,782,785,4468,354862
20251202,790,797,763,778,6048,469929
20251203,787,805,782,805,3826,303918
20251204,811,811,776,776,2990,235263
20251205,776,800,776,796,2177,172463
20251208,796,810,796,805,1939,155905
20251209,814,825,804,808,3272,265893
20251210,818,818,795,800,2078,166763
20251211,800,818,795,796,2968,238301
20251212,808,814,786,805,2681,214486
20251215,779,784,757,769,4170,321069
20251216,763,782,741,746,4937,371503
20251217,744,756,738,740,2577,192212
20251218,739,748,728,728,3428,251975
20251219,740,763,737,741,13286,989013
20251222,750,770,746,756,3169,240655
20251223,760,783,755,763,2984,229559
20251224,777,778,762,771,1787,137614
20251226,780,799,779,789,2550,201713
20251229,797,797,775,781,1745,136459
20251230,780,790,777,790,1446,113431
20251231,792,795,771,775,2386,186082
20260102,787,802,776,796,2383,188197
20260105,800,813,791,811,2615,210811
20260106,825,873,819,856,4657,397990
20260107,941,941,906,922,5343,493592
20260108,922,948,913,925,4313,399093
20260109,920,936,914,923,2278,210251
20260112,931,963,921,954,3264,308600
20260113,990,993,952,984,3389,329817
20260114,990,1005,978,989,2876,285057
20260115,983,990,955,966,2114,204619
20260116,990,999,973,989,1841,181402
20260119,992,992,940,950,2893,276440
20260120,959,1030,958,1030,4547,457804
20260121,998,1050,988,995,3566,359978
20260122,1000,1035,994,1010,2785,281584
20260123,1010,1035,990,1025,1812,183695
20260126,1010,1025,1000,1015,2093,211548
20260127,1020,1040,1010,1035,1972,202372
20260128,1045,1080,1020,1035,2417,252167
20260129,1025,1045,1000,1015,2185,221497
20260130,1000,1010,976,980,3036,299551
20260202,975,994,960,971,2006,195680
20260203,998,1050,990,1040,3194,327226
20260204,1030,1060,1015,1030,2035,210221
20260205,1010,1015,958,974,3159,310634
20260206,944,979,928,967,2464,235415
20260209,1015,1050,1005,1030,2568,263418
20260210,1040,1040,1015,1040,1432,147662
20260211,1045,1060,1040,1050,1688,177114
20260223,1090,1155,1080,1155,3904,444167
20260224,1210,1270,1195,1225,5074,624397
20260225,1240,1270,1215,1255,3935,491836
20260226,1380,1380,1380,1380,2643,364697
20260302,1420,1515,1385,1515,10659,1585533
20260303,1560,1560,1365,1395,4451,636720
20260304,1300,1350,1260,1340,4740,613705
20260305,1440,1440,1260,1405,2835,385760
20260306,1375,1375,1330,1375,1580,214413
20260309,1240,1260,1240,1240,3029,376077
20260310,1315,1360,1315,1360,2795,377315
20260311,1445,1495,1445,1495,1745,258121
20260312,1520,1570,1440,1495,2224,334430
20260313,1435,1530,1415,1530,2668,390951
20260316,1520,1530,1450,1450,2102,309850
20260317,1460,1595,1445,1470,5889,893960
20260318,1480,1615,1475,1565,5154,805425
20260319,1560,1670,1530,1595,4712,761176
20260320,1590,1650,1525,1585,5104,810463
20260323,1475,1540,1470,1520,3535,533013
20260324,1550,1590,1465,1480,4243,642950
20260325,1545,1625,1540,1625,2325,375267
20260326,1630,1735,1610,1640,5841,978142
20260327,1560,1620,1540,1615,3637,578152
20260330,1565,1630,1545,1625,3136,496795
20260331,1580,1590,1465,1465,5248,785879
20260401,1530,1610,1505,1610,4429,695960
20260402,1620,1695,1520,1535,5963,942524
20260407,1580,1625,1555,1570,3326,526575
20260408,1725,1725,1720,1725,2434,419922
20260409,1765,1895,1745,1840,6397,1177354
20260410,1930,1930,1760,1785,4052,733964
20260413,1795,1905,1785,1880,4603,854626
20260414,1890,1900,1820,1840,3470,646612
20260415,1900,2020,1850,2020,2929,580921
20260416,2080,2110,1915,2050,6937,1415418
20260417,2000,2255,2000,2255,5890,1293413
20260420,2065,2155,2030,2050,8574,1783987
20260421,2050,2080,1995,2025,5852,1192174
20260422,2010,2110,2005,2030,4025,829470
20260423,2030,2070,1870,1940,5933,1168098
20260424,1910,1970,1885,1920,3338,642359
20260427,1980,2025,1850,1925,4957,948215
20260428,1985,2100,1970,2065,4472,918757
20260429,2085,2085,2005,2055,2979,611572
20260430,2115,2155,2085,2120,3996,849288
20260504,2265,2330,2145,2310,6654,1525865
20260505,2310,2315,2150,2235,4077,903842
20260506,2350,2450,2270,2345,6416,1513782
20260507,2530,2530,2270,2325,4128,970117
20260508,2325,2370,2210,2230,4059,919405
20260511,2210,2415,2205,2360,3303,771859
20260512,2450,2480,2400,2440,4455,1090857
20260513,2465,2465,2345,2405,2566,615219
20260514,2410,2435,2255,2260,4876,1127184
20260515,2345,2350,2210,2240,3109,702079
20260518,2125,2200,2125,2185,2304,498617
20260519,2130,2130,1975,2055,4295,876360
20260520,2090,2095,2020,2065,1915,394911
20260521,2210,2270,2190,2270,1519,341099
20260522,2380,2380,2245,2270,3643,836554
20260525,2345,2460,2310,2460,2663,643861
20260526,2550,2590,2450,2500,2806,706321
20260527,2550,2680,2495,2625,2643,691736
20260528,2560,2795,2530,2570,4838,1272505
20260529,2570,2610,2450,2520,5372,1347940
20260601,2520,2710,2500,2580,3918,1017737
20260602,2570,2605,2390,2420,3018,743528
20260603,2470,2555,2450,2545,1597,402628
20260604,2510,2670,2510,2620,2502,655023
20260605,2645,2660,2470,2565,2348,606723
20260608,2310,2470,2310,2450,3370,804735
20260609,2450,2480,2375,2390,3312,795624
20260610,2330,2370,2205,2210,3195,726535
20260611,2200,2240,2065,2190,3134,673929
20260612,2300,2320,2230,2295,1796,410255
20260615,2400,2400,2250,2265,1996,458217
20260616,2265,2385,2265,2325,2495,580712
20260617,2225,2255,2165,2230,2744,605692
20260618,2315,2360,2275,2310,1983,458680
20260622,2425,2435,2240,2310,2655,611185
20260623,2370,2370,2265,2265,1397,320729
20260624,2270,2270,2130,2160,3053,663396
20260625,2205,2225,2145,2185,1695,370419
20260626,2115,2155,2020,2035,2095,432973
20260629,2015,2140,2015,2080,2036,421524
20260630,2140,2210,2115,2160,2958,642692
20260701,2245,2325,2175,2270,2706,612748
20260702,2175,2265,2160,2210,1560,345698
20260703,2130,2280,2090,2265,1658,364002
20260706,2300,2300,2145,2180,1598,349404
20260707,2100,2150,1965,1965,2739,546681
20260708,1845,1875,1790,1855,5864,1075298
20260709,1845,1860,1790,1820,2970,541522
20260713,1840,1915,1830,1850,3248,606978
20260714,1885,1905,1730,1820,3376,607257
20260715,1845,1930,1800,1905,2379,448424
20260716,1880,2015,1830,1990,3587,703534
20260717,1810,1905,1810,1850,4068,760642
20260720,1870,1905,1745,1835,2311,425881
20260721,1870,2015,1870,2015,3471,688954
20260722,2065,2215,2065,2125,4034,865631
20260723,2185,2215,2105,2155,2350,506774
20260724,2140,2190,2075,2080,2187,465660
20260727,2100,2115,1980,2100,2201,452378
20260728,1990,2040,1920,1940,3354,660634
20260729,1940,1960,1765,1835,3726,684921
20260730,1800,2015,1765,1910,5148,1001917
20260731,2100,2100,1980,2100,6101,1260619
20260803,2170,2170,1890,1960,4883,974661
20260804,1960,2025,1890,1925,6068,1177497
20260805,2000,2015,1860,1885,3641,699901
20260806,1865,1990,1845,1975,2937,569594
20260807,2070,2140,2015,2030,3166,652765
20260810,1980,2115,1980,2030,1588,326119
20260811,2025,2130,1965,2080,1802,371423
20260812,2110,2230,2095,2195,2708,593522
20260813,2335,2395,2255,2300,3525,821136
20260814,2335,2365,2280,2300,1730,401717
20260817,2335,2400,2250,2360,2124,500990
20260818,2350,2390,2290,2305,1770,413637
20260819,2190,2235,2085,2120,3424,731883
20260820,2210,2210,2065,2140,1312,279403
20260821,2190,2190,2085,2100,1573,331981
20260824,2105,2130,2065,2070,1048,219461
20260825,2030,2035,1890,1965,2853,554613
20260826,1935,1990,1875,1980,2424,468718
20260827,2010,2085,1970,1990,1876,378794
20260828,2000,2065,1995,2010,1899,385792
20260831,1970,1990,1905,1960,2334,454493
20260901,1975,2055,1965,2030,1537,311159
20260902,2000,2010,1955,1975,1235,244668
20260903,2020,2095,2005,2015,1935,396599
20260904,2095,2150,1975,2030,1619,329134
20260907,2140,2230,2100,2230,1745,382779
20260908,2235,2340,2185,2265,4952,1125171
20260909,2270,2490,2265,2335,4875,1164636
20260910,2335,2340,2145,2180,2517,554716
20260911,2175,2235,2120,2160,2249,488171
20260914,2105,2180,2080,2140,1184,251610
20260915,2100,2155,2075,2080,985,207121
20260916,2090,2130,2070,2090,1119,233932
20260917,2115,2160,2085,2085,1269,267924
20260918,2135,2290,2135,2290,2681,601256
20260921,2515,2515,2315,2375,3797,910775
20260922,2395,2540,2350,2440,2947,721463
20260923,2445,2470,2305,2325,2628,619505
20260924,2285,2345,2270,2295,1979,454596
