# date,open,high,low,close,lot,wan
20250814,110,111,108.5,110,399,4382
20250815,112,116,111,111.5,760,8606
20250818,114,114,109,109.5,431,4780
20250819,110.5,110.5,102,102,945,9918
20250820,101.5,102,99,99.8,449,4495
20250821,101.5,109,100.5,106,860,9097
20250822,108.5,109.5,103.5,104,547,5801
20250825,106.5,107,96,96,1677,16616
20250826,96,96.6,94.7,95.1,646,6161
20250827,97.4,100,95.6,99.3,1408,13869
20250828,78.2,81.1,77.5,77.5,1681,13232
20250829,78.6,78.8,77,77.5,623,4848
20250901,78,78.1,73.2,74.3,771,5784
20250902,75.9,75.9,72.1,72.9,471,3456
20250903,72.9,74,72.4,73.8,289,2113
20250904,74.9,77.1,73.8,75.3,712,5388
20250905,76.3,77.4,75.3,76.8,374,2862
20250908,78.2,81.8,77.5,79.8,1100,8791
20250909,80.1,87,80,85.5,1577,13291
20250910,86.1,86.8,84,84.5,939,8010
20250911,85.4,85.4,81.1,81.3,790,6475
20250912,82.8,83.3,81,82.1,353,2895
20250915,82.1,82.1,80.5,81.7,228,1849
20250916,81.7,81.7,80.4,81,171,1384
20250917,80.9,81.2,79.8,80,218,1748
20250918,79.9,80.6,78.9,79,234,1862
20250919,78.8,78.8,77.2,78.2,382,2968
20250922,78.6,80.2,78.5,78.9,170,1344
20250923,79.1,79.5,78.1,78.1,174,1370
20250924,78.5,79.5,77.6,78.5,127,991
20250925,79.3,79.3,77.5,77.5,177,1384
20250926,77.8,77.8,75,75.1,241,1822
20250930,75.8,76.3,75,76.3,159,1199
20251001,76.8,76.8,74,74,260,1946
20251002,74.5,74.5,73.6,73.6,171,1262
20251003,73.9,74,72.6,73.5,219,1600
20251007,73.7,73.9,72.5,73,220,1614
20251008,72.6,73,72,72.3,207,1496
20251009,72.9,73.2,71.6,71.7,238,1710
20251013,69.3,71.2,68.2,71.1,229,1609
20251014,71.9,71.9,70,70,176,1250
20251015,70.5,71.9,70.1,71.6,105,746
20251016,72,72.5,71,71.8,93,665
20251017,70.8,71.5,70.5,70.6,142,1006
20251020,70.8,71,69.5,70,176,1232
20251021,70.2,71.7,70.2,70.3,188,1336
20251022,70.3,71,69.3,70.5,114,801
20251023,70.9,70.9,70.1,70.2,64,451
20251027,70.5,71.8,70.3,71.7,187,1331
20251028,71.7,71.7,69.7,70.3,222,1563
20251029,70.6,70.8,69.4,69.4,177,1237
20251030,69.4,69.5,68.7,69.3,127,876
20251031,69.8,70,69,69.4,91,634
20251103,70,70.2,69.4,70,61,428
20251104,70,70,68.4,68.5,140,962
20251105,66.8,68,66.3,67.6,190,1283
20251106,67.8,68.9,67.6,68,116,786
20251107,67,67.7,66.8,67.2,100,669
20251110,66.6,66.6,66.2,66.4,92,612
20251111,68.2,68.4,65.8,65.8,144,965
20251112,65.8,67.6,65.8,67.4,92,618
20251113,70,70,68,69,150,1035
20251114,71.2,75.9,71.1,75.9,1569,11683
20251117,80.4,82.3,76,76.8,3338,26630
20251118,75.9,75.9,72.1,72.1,832,6127
20251119,72.2,73.8,69.3,69.5,531,3752
20251120,70.9,71.4,69,69.9,312,2187
20251121,68.6,74.2,68,68.8,928,6571
20251124,69.2,69.4,66.8,66.8,593,3999
20251125,67.3,68.2,67,68.2,230,1553
20251126,69.2,69.8,68.2,68.2,303,2083
20251127,69.1,70.5,68.6,69.1,259,1794
20251128,69.7,69.8,68.8,69.7,124,860
20251201,69.7,70.5,69.1,70,152,1062
20251202,70.4,70.7,68.7,68.8,167,1159
20251203,69.2,69.6,68.7,68.9,115,798
20251204,69.4,69.4,68.4,68.9,83,567
20251205,68.9,70.4,68,68.5,153,1051
20251208,68.5,68.5,67.5,67.7,227,1541
20251209,67.3,67.6,66.9,67.2,220,1477
20251210,67.2,67.4,66.5,66.5,275,1836
20251211,66.6,67.4,66.6,66.9,165,1106
20251212,67.2,67.9,66.8,67.3,183,1228
20251215,67.2,67.5,66,67.1,173,1157
20251216,67,67,65.8,66.6,296,1956
20251217,66.6,67.6,66.6,67.3,188,1261
20251218,67.2,69.5,67.2,67.8,233,1583
20251219,68.4,70.1,67.9,68.5,390,2685
20251222,69.6,69.6,68.1,68.6,146,1004
20251223,68.9,68.9,68,68.4,101,692
20251224,68.4,69.9,67.8,68,200,1371
20251226,68.7,68.7,66.8,67.2,175,1180
20251229,67.3,67.8,67.3,67.6,63,426
20251230,67.5,67.5,66.5,66.8,165,1104
20251231,66.8,66.9,66.2,66.5,111,739
20260102,66.5,68.1,66.5,67.7,187,1263
20260105,68.5,68.5,65.9,66.5,353,2352
20260106,66.2,67.8,66.2,66.8,177,1181
20260107,67,68,66.5,67.3,199,1334
20260108,67.5,67.5,66.6,66.7,80,532
20260109,67.2,67.5,66.4,67.4,151,1013
20260112,66.6,67,66,66.1,457,3028
20260113,66,66,65,65.1,388,2539
20260114,65.2,66.2,65.2,66,103,675
20260115,65.9,65.9,65.2,65.4,155,1012
20260116,66,66,65.1,65.3,123,805
20260119,65.2,67,65,65.8,297,1965
20260120,65.8,66.7,65.8,66,139,919
20260121,65.4,65.4,64.5,64.9,373,2424
20260122,65.1,66.6,65.1,66,246,1616
20260123,65.9,66.8,65.5,65.6,110,726
20260126,65.2,65.9,65.2,65.8,83,544
20260127,65.8,66.5,64.5,64.6,208,1353
20260128,64.7,64.9,63.7,64,206,1321
20260129,64.2,64.3,63.5,63.5,154,979
20260130,63.5,63.5,62,62.8,190,1188
20260202,62.4,62.4,61.5,61.5,119,736
20260203,61.7,62.6,61.1,61.6,103,635
20260204,61.6,63,61.6,62.6,91,567
20260205,62.7,64.2,62.7,63.3,150,954
20260206,63.2,63.5,60.2,62.5,141,872
20260209,62.8,62.8,61.6,61.6,100,623
20260210,61.7,62.1,61,61.5,97,596
20260211,63.6,63.6,60.7,61.8,154,945
20260223,61.9,63.2,60.9,62.5,126,793
20260224,62.5,63.1,62,62.3,115,715
20260225,62.5,63.3,62.1,63.1,138,866
20260226,64,64.5,63,63.7,132,843
20260302,63.6,64.2,62.7,63.1,128,813
20260303,64,64.6,62.5,63.1,140,890
20260304,62,62,60.2,60.9,117,714
20260305,61.1,62.3,61.1,62.3,81,501
20260306,62.3,62.4,61.3,62.3,51,314
20260309,61.1,61.1,59.6,60.6,110,661
20260310,61.8,61.8,61.1,61.3,71,438
20260311,62.9,63,61.2,63,123,774
20260312,62.6,64.5,62.6,63.8,129,824
20260313,62.5,63.4,62.5,62.9,56,354
20260316,64.8,64.8,63.7,64.4,201,1288
20260317,64.8,66.6,64.4,64.5,320,2092
20260318,64.6,64.8,63.1,64.5,169,1079
20260319,64,64,63.5,63.7,43,277
20260320,64.5,64.5,62.9,62.9,90,573
20260323,62,62,61,61,100,610
20260324,61.8,61.8,60,61.3,88,536
20260325,61.4,61.8,61,61.8,47,288
20260326,61,62.8,61,61,83,514
20260327,60.5,61.5,60.4,61,71,429
20260330,60.4,60.7,60.1,60.1,49,297
20260331,60,60.4,59.5,59.5,131,786
20260401,60.4,60.9,59.8,60.2,47,285
20260402,62,66.2,62,66.2,874,5720
20260407,68.4,68.6,62.5,62.9,891,5850
20260408,63.2,64.6,63.2,63.8,107,688
20260409,65.5,65.5,63.3,64,61,388
20260410,64.3,64.7,63.8,63.8,99,633
20260413,63.8,64,62,62.8,152,958
20260414,63.8,63.9,62.8,63.1,114,719
20260415,63.6,63.7,63.2,63.4,176,1115
20260416,63.8,63.8,63.2,63.8,98,620
20260417,64,65.7,63.5,64.9,228,1484
20260420,64.9,65.7,63.7,63.7,232,1491
20260421,63.7,64.1,63.1,63.3,130,823
20260422,63.9,65.2,63.5,65.2,199,1286
20260423,66,66.2,63.8,65.1,266,1734
20260424,65.1,66.3,63.7,63.7,242,1557
20260427,64.9,64.9,63.1,64.1,142,902
20260428,64.7,64.7,63.5,63.9,71,456
20260429,63.9,64.6,63.6,64.1,69,443
20260430,65.1,65.1,63,63,76,486
20260504,63.3,64.2,63.1,63.7,61,386
20260505,63.5,64.2,63.5,63.8,141,898
20260506,64.3,65.4,64.1,65.1,231,1498
20260507,65.6,65.9,64.5,65.3,171,1111
20260508,65,65.2,63.7,63.9,116,747
20260511,66.6,70.2,66.6,70.2,1053,7308
20260512,70.9,72,68.3,70.9,1832,12845
20260513,70.2,72,69.2,71.1,609,4309
20260514,72.1,72.6,69,69,517,3615
20260515,69.4,71,66.8,66.9,343,2349
20260518,66.9,67.3,65.5,66.3,173,1150
20260519,66.6,67.3,65.1,65.6,193,1279
20260520,65.8,66.2,65.6,66,104,685
20260521,67,68,66.7,67.4,229,1547
20260522,68.4,70,67.8,69.7,343,2364
20260525,70.5,70.8,68.6,69.1,375,2596
20260526,69.9,70.5,68,68.6,239,1641
20260527,68.6,68.6,67.3,67.3,226,1533
20260528,67.4,68.8,66.9,67.3,207,1406
20260529,69,69,67.8,68.4,225,1536
20260601,69.8,71.8,69.1,71.6,551,3894
20260602,72.5,72.5,69.6,70.9,320,2254
20260603,73.2,77.9,72.3,77.9,1794,13860
20260604,83.3,83.6,78.1,80.6,4460,36246
20260605,80.8,80.8,74.6,76.1,1062,8107
20260608,68.5,70.8,68.5,70.8,749,5182
20260609,70.9,72.1,70.2,70.9,360,2559
20260610,70.9,71.4,68.4,68.6,553,3828
20260611,68.6,68.6,67.3,68,414,2816
20260612,68.9,69.9,68.7,69,310,2150
20260615,69.8,69.8,68.5,68.6,244,1686
20260616,68.9,68.9,67,67.6,271,1840
20260617,67,67.9,67,67.6,171,1156
20260618,68.5,69,67.8,67.9,194,1324
20260622,68.1,69.7,68.1,68.4,235,1618
20260623,69.3,69.3,67,67.2,248,1668
20260624,66.5,67.6,66.5,67.3,119,795
20260625,67.7,68.5,66.8,67,191,1282
20260626,67.7,67.7,64.6,64.6,398,2614
20260629,64.7,66.9,64.7,65.7,152,1002
20260630,67.6,67.6,66,67,104,693
20260701,67.2,69.1,66.7,67.6,220,1497
20260702,66.6,68.6,66.6,67.7,69,467
20260703,67.1,68.5,67.1,68.1,139,947
20260706,69.5,72,69.2,71.6,471,3348
20260707,71.6,71.7,69.1,69.1,295,2070
20260708,69.9,69.9,67.9,68.4,154,1053
20260709,69.1,69.1,68,68,113,774
20260713,71.2,71.2,67,69.3,225,1552
20260714,69.2,69.2,66.5,69,266,1802
20260715,69.1,70.2,68.8,70,164,1139
20260716,70.4,71.2,69,70.8,160,1127
20260717,69.1,70.2,66.8,67.1,272,1849
20260720,68.5,68.5,66.1,68.2,130,874
20260721,68.4,72.5,68.4,70.8,307,2164
20260722,71.3,72,70.7,71.4,224,1600
20260723,71.6,72.3,70.7,70.9,136,972
20260724,70.8,71.9,70.1,71.2,155,1108
20260727,71.2,71.5,70.2,70.7,104,732
20260728,70.2,70.4,68.1,68.4,160,1104
20260729,69.1,69.7,65.3,67.9,343,2286
20260730,67.9,68.1,66.6,67.7,120,806
20260731,69.2,70.8,69.2,70.3,269,1884
20260803,70.9,71,70,70.7,127,896
20260804,71.5,71.7,70.3,70.9,118,839
20260805,71,72.4,70.4,70.6,127,900
20260806,70.3,71.9,70,71.8,162,1150
20260807,71.8,74.8,70.9,72,419,3072
20260810,74.4,76.5,73.3,76.1,726,5468
20260811,76,76,74.1,76,236,1771
20260812,79.8,81.4,77.9,78.5,1034,8212
20260813,78.6,82.3,78.6,81.3,899,7307
20260814,82,82,80.2,81,554,4505
20260817,81.2,89.1,81.2,88.1,2045,17858
20260818,87.7,89.8,83.6,84.8,1194,10281
20260819,83.1,83.4,81.3,82.6,544,4488
20260820,83.4,85.3,81.6,82.1,471,3895
20260821,83.1,83.1,80,80.8,470,3812
20260824,81.2,81.2,74.4,74.6,1241,9539
20260825,74.8,75.1,72.2,75.1,611,4499
20260826,75.2,76.2,74.5,75,596,4473
20260827,76,78,75.1,76.8,1254,9640
20260828,69.8,70.2,67,67.6,1823,12500
20260831,65.6,67.1,65,66,482,3186
20260901,65.6,67.8,65.6,66.9,435,2913
20260902,67,68.4,66.5,67.5,335,2261
20260903,67.5,68.2,65.7,66,366,2437
20260904,66.2,67.6,66.1,67.4,285,1915
20260907,67.4,67.4,65.5,66.2,381,2513
20260908,66.5,66.5,65.4,65.7,206,1352
20260909,65.5,66,65.2,65.6,146,959
20260910,64.9,64.9,63.1,63.3,536,3406
20260911,62.1,62.9,61.9,62,241,1502
20260914,62.6,65.1,61.6,64.6,299,1916
20260915,65.1,65.3,63.8,64,165,1058
20260916,64.2,65,64,64,107,689
20260917,64.6,65.7,64.5,65,315,2051
20260918,65.6,66.1,64.2,64.6,166,1078
20260921,65.1,68.2,64.5,67.5,371,2476
20260922,68.1,69,67.1,67.5,359,2443
20260923,67.6,68.4,66,66.3,178,1188
