# date,open,high,low,close,lot,wan
20250814,135,136,134,135,885,11961
20250815,136.5,136.5,134,135,2121,28596
20250818,135.5,136,134.5,135,1315,17743
20250819,134.5,136.5,133.5,136,1990,26912
20250820,136.5,136.5,133.5,133.5,2355,31732
20250821,134,136.5,134,135.5,1329,18025
20250822,136,136,133,133,2044,27305
20250825,134.5,135,133.5,134,1257,16878
20250826,133.5,135,133,133.5,3096,41398
20250827,134,136.5,134,135,1727,23361
20250828,135,139,134.5,137,3477,47882
20250829,138,138.5,137,138,2025,27948
20250901,137.5,138,135.5,135.5,1407,19154
20250902,135.5,136.5,134.5,135.5,1016,13773
20250903,136.5,137.5,136,136,1082,14779
20250904,137,140,137,138,1722,23839
20250905,139.5,139.5,137.5,137.5,1698,23432
20250908,137.5,139,137.5,138,1383,19109
20250909,138.5,139,137.5,138.5,2742,37957
20250910,138.5,140,138.5,138.5,3245,45157
20250911,138.5,139,136.5,136.5,2822,38881
20250912,138,139,136.5,139,1823,25235
20250915,139.5,139.5,137,137,1684,23164
20250916,138,138,136,137.5,1902,26074
20250917,137,139,137,137.5,2884,39823
20250918,138.5,143.5,138,141,5767,81665
20250919,142.5,143.5,141,142.5,3526,50148
20250922,143.5,143.5,141.5,142,2183,31081
20250923,142.5,143.5,139,140,2394,33638
20250924,140.5,141.5,139.5,139.5,2131,29901
20250925,139.5,140,138.5,139.5,1643,22888
20250926,139,139,136,137,2334,31979
20250930,138.5,139,136.5,138,1249,17180
20251001,138,139,135,135.5,4277,58285
20251002,136.5,137.5,135.5,135.5,1916,26040
20251003,136.5,137.5,135.5,136,1362,18533
20251007,136,137.5,134.5,136.5,1869,25485
20251008,137,137,135.5,135.5,1373,18653
20251009,136,136,132,132.5,3541,47090
20251013,130,131.5,127.5,130.5,2603,33874
20251014,132.5,133,130,130,2201,28899
20251015,131,132.5,130.5,131,2443,32060
20251016,131.5,132.5,131,131,1060,13924
20251017,131,132.5,130.5,130.5,1272,16653
20251020,131,131.5,130.5,131,1330,17392
20251021,132,132.5,130.5,130.5,1458,19142
20251022,130.5,132.5,130.5,131.5,1847,24258
20251023,131.5,132.5,131,131,1731,22041
20251027,132.5,132.5,130.5,130.5,1781,23321
20251028,131,131.5,129.5,129.5,1922,24986
20251029,130.5,132.5,130,130,1693,22118
20251030,130.5,131,129,130,2175,28222
20251031,131,132,130,130,1506,19661
20251103,130.5,132.5,130.5,131.5,1545,20323
20251104,132.5,132.5,129,129.5,2121,27585
20251105,128.5,129.5,126.5,128.5,1583,20288
20251106,130,131.5,129,130.5,1540,20096
20251107,130,130,128,128,1715,22081
20251110,127.5,128.5,122.5,123.5,3637,45458
20251111,124,125,123,124.5,2266,28083
20251112,125,128.5,125,126,2482,31459
20251113,128.5,130,126,127,2143,27284
20251114,125.5,129,125.5,126.5,2127,27087
20251117,127,127.5,124,125,2136,26714
20251118,123,124.5,120.5,120.5,3780,45928
20251119,122,122.5,118.5,118.5,4151,49718
20251120,120,121.5,119.5,120,2095,25161
20251121,119,120.5,117.5,118,4282,50786
20251124,119,119,116.5,117.5,3935,46140
20251125,118.5,119,116,116.5,3313,38737
20251126,117.5,118.5,116.5,118,3139,36884
20251127,118,119.5,117,119.5,2812,33333
20251128,120,121,119,120,2312,27693
20251201,119.5,120,117.5,118,2275,26910
20251202,118.5,118.5,116.5,116.5,2286,26761
20251203,117,118.5,116.5,117.5,2326,27342
20251204,118.5,119.5,118,119,1637,19477
20251205,119.5,120.5,118,119.5,1572,18774
20251208,120.5,120.5,117.5,117.5,2080,24611
20251209,117.5,118,116,117,2272,26540
20251210,117,117.5,116,116,1152,13428
20251211,116.5,116.5,115,115,2271,26191
20251212,115.5,116.5,114,114,1751,20154
20251215,114,115,113.5,113.5,1376,15700
20251216,113,115,112,114,2421,27530
20251217,115,117,114,114,3453,39714
20251218,114.5,115,113.5,113.5,1922,21948
20251219,114.5,116,114,115.5,3404,39251
20251222,116.5,118,116,116,2260,26350
20251223,116,117.5,115.5,117,2733,31968
20251224,117.5,119.5,117,118,3076,36475
20251226,118.5,118.5,114.5,115,4986,57554
20251229,116,118,115.5,117,4910,57325
20251230,117.5,118.5,116,118,3775,44128
20251231,118.5,118.5,116,117,4411,51586
20260102,118,119.5,116,116.5,6310,73928
20260105,117.5,117.5,113,113,6945,79387
20260106,113.5,116,113,115.5,5848,67228
20260107,116.5,118,115,116,9399,109400
20260108,116.5,117.5,115.5,116,4783,55602
20260109,116.5,117,115,116,3536,41018
20260112,117,117.5,116,117,3008,35155
20260113,118,118.5,115,116,6895,80651
20260114,116.5,121,116,119,5776,68491
20260115,120.5,120.5,118.5,119,4898,58363
20260116,120,120,117.5,119,4024,47811
20260119,119,121,118,119,4361,52157
20260120,119,121,118.5,119.5,3617,43366
20260121,119.5,120.5,118,118.5,4076,48549
20260122,120,120.5,118.5,119.5,3183,38083
20260123,120,121,119.5,120,2453,29448
20260126,121,121,118,119,4493,53525
20260127,119.5,119.5,117.5,118,3934,46499
20260128,119,119.5,116,117.5,4410,51748
20260129,117.5,118,116.5,117,2099,24579
20260130,117,117,115,117,3944,45827
20260202,117,117,115,116,2600,30088
20260203,117,118,116,117,2335,27236
20260204,117,119,115.5,118,3458,40799
20260205,118,121,118,119,4652,55633
20260206,119,120,117.5,119.5,2548,30291
20260209,121,121,119,120,2185,26168
20260210,120,120,119,120,2011,24058
20260211,120,120,119,119.5,2449,29287
20260223,120.5,123.5,120,122.5,4710,57599
20260224,123.5,126,123.5,123.5,3770,46884
20260225,124,125,123,123.5,3316,41102
20260226,123.5,126,122.5,125,6126,76160
20260302,122,126.5,122,126,4811,60245
20260303,126,126.5,124,126,4398,55136
20260304,124.5,125,120,124,7263,89261
20260305,125,126,124,125.5,3518,44006
20260306,125,125.5,123,125.5,3882,48303
20260309,121,124.5,120,123.5,5199,64043
20260310,126,126,122.5,124,3040,37621
20260311,121,125,117,125,9555,115886
20260312,124,124.5,121,124,5646,69313
20260313,122,124.5,121.5,124,4171,51242
20260316,124,124,121.5,123.5,3830,47002
20260317,124,124.5,122,123.5,4988,61487
20260318,125,126.5,122.5,123,4916,60787
20260319,123,123,119.5,120.5,5253,63389
20260320,120.5,124.5,118.5,124.5,15234,186942
20260323,121,122,119.5,121,4952,59704
20260324,122,122,119,120,4199,50358
20260325,122,123.5,121,123,4318,52816
20260326,123.5,123.5,121.5,122,3263,39908
20260327,120.5,123,119,123,4118,49883
20260330,120.5,123,120,122,2543,30942
20260331,121.5,122.5,119,119.5,4079,49107
20260401,121.5,122,120,120,4289,51821
20260402,121.5,122.5,120,121,3610,43677
20260407,122,123,121,121.5,2858,34816
20260408,123,124.5,122.5,123.5,3098,38183
20260409,124,125,122.5,124.5,3059,37982
20260410,125.5,125.5,124,124.5,2034,25346
20260413,123.5,125.5,122.5,125,3139,39115
20260414,126,126,124,124,2950,36779
20260415,124.5,126,123.5,125,3569,44567
20260416,125.5,127.5,125,126,4494,56574
20260417,126,127,125,125.5,4518,56771
20260420,126,126,122,122,5432,66996
20260421,122.5,125,122.5,125,4098,50871
20260422,125,126.5,124,125,4189,52562
20260423,126,129,125,126,7275,91959
20260424,127,127,125,125,3616,45398
20260427,125,125,122.5,122.5,4371,53827
20260428,123,123.5,121.5,122,4368,53381
20260429,122,124.5,121.5,124.5,3195,39318
20260430,123,126,123,123.5,2564,31902
20260504,125,128.5,124,127.5,5271,67035
20260505,128,132,127.5,130,5379,70093
20260506,131.5,131.5,128,128.5,5027,65031
20260507,129,132.5,128.5,131,4440,57949
20260508,132,134.5,131,134,4903,65315
20260511,135,136.5,133.5,135,3835,51766
20260512,132.5,135,130,135,7142,94567
20260513,132.5,132.5,129,129,3298,43006
20260514,129,130,126,126.5,4167,53139
20260515,127,127,123,123.5,4622,57541
20260518,123,127.5,122.5,127,3224,40290
20260519,126,127.5,124,124.5,2560,32091
20260520,125.5,128.5,124.5,128.5,3866,49017
20260521,129,132,128,130,4468,58374
20260522,131,132,130.5,131.5,2058,27048
20260525,133.5,134,130.5,130.5,2989,39436
20260526,131,134,130.5,133,4123,54660
20260527,133.5,138,132.5,135.5,6099,82916
20260528,137,137.5,132,132,3385,45333
20260529,133,136,133,135.5,3427,46412
20260601,136.5,142.5,136,141.5,6641,93321
20260602,141.5,143.5,138.5,143.5,5328,75465
20260603,144.5,149.5,142,145.5,5761,84225
20260604,145.5,148,141.5,146.5,4975,72317
20260605,144,146.5,141.5,143,6145,88645
20260608,135,139,134,136,4547,62122
20260609,136,140,136,139.5,3732,51635
20260610,137,140,136.5,139,3887,54098
20260611,139,140.5,137,139,3859,54451
20260612,142,142,140,141,6278,89636
20260615,131,132,120.5,121.5,24021,294341
20260616,121.5,121.5,114,116.5,13725,160015
20260617,114.5,116.5,114,115,8243,94401
20260618,115.5,116.5,114,114,6989,80134
20260622,114.5,115.5,113.5,114,4220,48262
20260623,114,114,110,110,6497,72048
20260624,110,111,108,108.5,4855,52700
20260625,109.5,109.5,106,106,5554,59439
20260626,105.5,105.5,101,102,6857,70260
20260629,102,103,100.5,101,5107,51741
20260630,101.5,104,101,104,4245,43652
20260701,111,111,105,107,9557,102124
20260702,105.5,106.5,103.5,105.5,4914,51439
20260703,105,107.5,105,107,6186,65901
20260706,108.5,110.5,107,107.5,5942,64394
20260707,108,109,105.5,107,5587,59670
20260708,107.5,108,105.5,107.5,3767,40188
20260709,108,109,107,107,4291,46253
20260713,108,108.5,105.5,106,3724,39702
20260714,106.5,106.5,103.5,104.5,5182,54262
20260715,105.5,106.5,104.5,105.5,2187,23060
20260716,106,106.5,105,105.5,3943,41710
20260717,105.5,106,102.5,102.5,6905,71650
20260720,104,105.5,102,102.5,5823,60083
20260721,104,106,103.5,104.5,4532,47406
20260722,105.5,108,105.5,106.5,6317,67498
20260723,107,108,104.5,106,3813,40463
20260724,106,107,105.5,106.5,4098,43515
20260727,107,107,105,106,2242,23737
20260728,104.5,104.5,102.5,103,2918,30109
20260729,103,103.5,99.2,101.5,5355,53832
20260730,101.5,105,100.5,104.5,4293,44416
20260731,105.5,108,104.5,106,7151,76029
20260803,106,107,105.5,106,3059,32456
20260804,105,105.5,103.5,104,2552,26593
20260805,105,106,103.5,104,3716,38859
20260806,105,105.5,101.5,103.5,5227,53806
20260807,103.5,104,101,101.5,4320,44036
20260810,101.5,103.5,101,103,2836,28964
20260811,103,105,102,104.5,3325,34361
20260812,104.5,106,103.5,105,3021,31657
20260813,106,108,105.5,106,5935,63089
20260814,107,107.5,106,107.5,3094,33100
20260817,107.5,108,105.5,107,1652,17602
20260818,106.5,106.5,104,104.5,2018,21152
20260819,104,107,103.5,106,2195,23197
20260820,107,107.5,106.5,107,1551,16572
20260821,106.5,106.5,105.5,106,1489,15751
20260824,105.5,106.5,105.5,105.5,1005,10627
20260825,105.5,106.5,104.5,106,1682,17777
20260826,106,107,106,107,1754,18718
20260827,107,110.5,107,108,4922,53495
20260828,108,108.5,107,108,2669,28773
20260831,107.5,107.5,105.5,106.5,4668,49682
20260901,106.5,109,106.5,107,4935,52994
20260902,108,109.5,108,109.5,2450,26663
20260903,110,110.5,107,107.5,3457,37533
20260904,108.5,111,108,110.5,3414,37459
20260907,111.5,111.5,109,110.5,2873,31648
20260908,108,108,105,105.5,5370,56896
20260909,105,107,104,106.5,2563,27172
20260910,105.5,106,103,103.5,2998,31064
20260911,102.5,105.5,102,105,1802,18807
20260914,104.5,105.5,103.5,105.5,1337,14025
20260915,105.5,106.5,104.5,105.5,1455,15304
20260916,106,107,105,105.5,2414,25551
20260917,105.5,106.5,105,105.5,2373,25041
20260918,106,107,105,106,6299,66831
20260921,107,107,105,105.5,1252,13245
20260922,105.5,106,104,104,2197,22935
20260923,104,105,103,104,1863,19419
