# date,open,high,low,close,lot,wan
20250814,42.1,42.7,42.1,42.3,489,2077
20250815,42.5,42.5,41.8,42,788,3313
20250818,42.1,42.1,41.6,41.6,763,3190
20250819,41.55,41.8,41.05,41.5,562,2335
20250820,41.5,41.6,40.65,40.85,616,2522
20250821,40.9,41.75,40.9,41.55,333,1384
20250822,41.6,41.85,41.1,41.1,346,1430
20250825,41.35,41.9,41.3,41.65,358,1491
20250826,41.4,41.75,41.3,41.5,245,1019
20250827,41.3,42,41.3,41.6,377,1573
20250828,41.6,42,41.4,41.7,384,1606
20250829,41.95,42.1,41.8,41.85,448,1877
20250901,41.95,41.95,40.7,40.85,514,2111
20250902,40.9,41.5,40.7,40.95,296,1216
20250903,40.95,41.5,40.95,41.25,257,1063
20250904,41.25,41.8,41.25,41.5,377,1565
20250905,41.65,41.85,41.45,41.7,361,1503
20250908,41.95,42.95,41.95,42.15,613,2589
20250909,42.3,42.3,41.75,42,340,1427
20250910,41.9,41.95,41.3,41.3,783,3255
20250911,41.3,41.3,40.55,40.55,888,3626
20250912,40.6,41,40.4,40.85,428,1745
20250915,41.1,41.15,40.6,40.7,203,827
20250916,41.05,41.05,40.6,40.8,337,1376
20250917,40.9,41.7,40.9,41.15,536,2215
20250918,41.3,42.1,41.2,41.8,432,1806
20250919,41.9,42.2,41.55,41.85,753,3159
20250922,41.9,41.95,41.55,41.8,536,2238
20250923,41.7,41.9,41.5,41.7,355,1480
20250924,41.8,42.75,41.4,42.35,754,3182
20250925,42.5,42.75,41.95,41.95,644,2723
20250926,41.95,41.95,40.8,40.8,780,3223
20250930,40.8,41.35,40.8,41.25,305,1253
20251001,41.25,41.45,40.85,40.9,389,1597
20251002,41.05,41.05,40.75,40.85,367,1502
20251003,41,41.25,40.6,40.6,418,1707
20251007,40.6,40.9,40.1,40.6,604,2455
20251008,40.6,40.6,40.05,40.1,899,3614
20251009,40.2,40.5,39.9,40.05,1009,4044
20251013,39.6,41.3,38.65,41.15,1686,6761
20251014,42.2,44.45,41.25,41.3,4051,17296
20251015,41.4,41.95,40.8,41.6,3301,13722
20251016,41.6,43.3,41.6,43.15,1833,7843
20251017,43.2,43.75,43,43.25,1346,5842
20251020,43.35,43.65,42.6,42.9,1085,4650
20251021,43.35,43.4,42.8,42.8,742,3193
20251022,42.8,43.1,42.6,42.85,316,1353
20251023,42.85,42.9,42.3,42.35,456,1939
20251027,42.75,42.75,42.2,42.25,457,1937
20251028,42.45,42.45,41.65,41.75,500,2092
20251029,41.8,42.2,41.8,41.85,322,1352
20251030,42,42.05,41.7,41.8,393,1644
20251031,41.9,41.95,41.45,41.6,318,1325
20251103,41.7,41.75,41.3,41.45,342,1418
20251104,41.45,41.9,40.7,40.7,543,2235
20251105,40.35,40.5,39.8,40.4,354,1423
20251106,40.9,41.7,40.9,41.5,404,1669
20251107,41.45,41.45,40.85,40.85,263,1081
20251110,40.85,40.85,40.15,40.5,361,1458
20251111,40,40.05,39.2,39.3,1873,7387
20251112,39.4,40.95,39.4,40.7,877,3535
20251113,40.75,41.35,40.75,40.75,542,2218
20251114,40,40.85,39.1,39.95,594,2387
20251117,40,40,39.4,39.5,459,1820
20251118,39.15,39.5,39,39.45,567,2223
20251119,39.5,39.6,38.8,39.05,628,2458
20251120,39.45,39.9,39.35,39.35,273,1078
20251121,38.9,39.5,38.7,38.8,485,1897
20251124,39.2,39.3,38.7,38.8,259,1008
20251125,39.15,40,39.15,39.9,387,1531
20251126,39.9,40.4,39.85,40.15,411,1648
20251127,40.2,40.3,39.6,40.15,168,671
20251128,40,40.4,40,40.2,152,613
20251201,40.35,40.8,40.25,40.3,207,836
20251202,40.3,40.75,40.15,40.15,232,940
20251203,40.35,40.7,40.35,40.55,219,888
20251204,40.55,40.8,40.45,40.45,177,718
20251205,40.35,40.45,39.8,39.95,404,1615
20251208,39.8,40.05,39.8,39.85,199,794
20251209,39.85,39.85,38.95,39.15,505,1976
20251210,39.15,39.15,38.8,38.85,430,1676
20251211,39,39.1,38.8,39,152,593
20251212,39.15,39.7,39.15,39.25,348,1373
20251215,39.25,39.4,38.8,39,304,1189
20251216,39,39.05,38.3,38.9,600,2318
20251217,39,40,39,39.5,489,1938
20251218,39.3,39.4,39.05,39.05,118,460
20251219,39.15,39.7,39.1,39.55,166,656
20251222,39.75,39.95,39.45,39.6,343,1360
20251223,39.95,40.5,39.7,39.7,262,1046
20251224,39.9,40.15,39.4,39.5,227,902
20251226,39.55,39.55,38.85,39.05,318,1243
20251229,39.05,39.1,38.75,38.85,319,1240
20251230,39,39,38.2,38.5,692,2661
20251231,38.5,38.9,38.4,38.5,285,1100
20260102,38.55,39,38.5,38.5,380,1473
20260105,38.6,38.6,37.7,38.2,758,2884
20260106,38.15,38.6,38.1,38.3,289,1107
20260107,38.4,38.95,38.4,38.8,353,1367
20260108,39,39,38.3,38.4,298,1150
20260109,38.35,38.5,38,38.3,314,1200
20260112,38.35,38.85,38.25,38.8,275,1060
20260113,38.95,38.95,38.45,38.55,422,1630
20260114,38.55,39.5,38.55,39.4,605,2372
20260115,39.5,39.75,39.05,39.7,356,1405
20260116,39.7,39.95,39,39.55,416,1643
20260119,39.55,40.2,39.35,39.75,649,2590
20260120,39.8,40,39.45,39.7,323,1286
20260121,39.6,39.6,39.15,39.2,497,1955
20260122,39.4,40.1,39.4,40,539,2147
20260123,40,40.45,39.8,39.9,404,1617
20260126,39.9,39.9,39.35,39.45,347,1373
20260127,39.5,39.6,38.8,38.8,707,2757
20260128,38.55,39,38.1,38.45,1290,4949
20260129,38.45,38.45,37.95,38.1,538,2052
20260130,38.1,38.2,37.35,37.6,1082,4071
20260202,37.6,38.2,37.15,37.7,637,2405
20260203,38.1,38.4,37.55,37.9,382,1451
20260204,38,38.5,37.55,38.4,362,1387
20260205,38.3,38.95,38.15,38.35,352,1355
20260206,38.05,38.3,37.5,38.3,421,1598
20260209,38.8,39.55,38.3,39.3,917,3579
20260210,39.3,39.4,38.9,38.95,350,1369
20260211,38.95,39.1,38.6,39.1,328,1274
20260223,39.1,39.5,39.1,39.5,420,1652
20260224,39.5,39.8,39.2,39.4,284,1121
20260225,41.9,43.3,41.9,43.3,5721,24709
20260226,43.95,44.6,43.05,43.7,7505,32839
20260302,43.25,43.6,42.75,43.4,2286,9887
20260303,43.4,43.95,42.8,42.9,2171,9369
20260304,42.5,42.5,41.3,41.7,2210,9247
20260305,42.7,43,42,42.2,1543,6547
20260306,42.4,44.15,42.4,43.85,2750,11975
20260309,42.6,44.2,42.15,44.2,2433,10529
20260310,43.75,43.9,42.6,43.1,2253,9701
20260311,43.1,44,42.8,44,1749,7600
20260312,43.75,44.45,43.5,43.85,1746,7686
20260313,43.7,44.45,43.5,43.55,1487,6540
20260316,43.7,44.3,43.2,43.9,1782,7812
20260317,44.35,44.45,44.05,44.25,1501,6643
20260318,44.4,45.2,44.4,44.9,2445,10953
20260319,44.9,45.6,44.6,45.05,2532,11433
20260320,45.2,47,45.2,46.25,2718,12566
20260323,45.3,46.2,44.25,44.45,2726,12287
20260324,45.1,45.2,43.85,44.4,1707,7571
20260325,44.6,44.9,44,44.45,2003,8879
20260326,44.9,44.9,44.5,44.6,3403,15190
20260327,38,40.35,37.2,40.2,3127,12379
20260330,39.3,40.1,39.15,39.45,1104,4357
20260331,39,40.3,38.65,39.7,1145,4553
20260401,40,40.55,39.8,39.95,736,2946
20260402,40.05,40.3,39.25,39.5,733,2900
20260407,39.5,40.1,39.05,39.25,606,2387
20260408,40,40,39.15,39.2,502,1975
20260409,39.35,39.6,38.65,38.9,540,2099
20260410,39.6,41.1,39.6,40.6,1806,7353
20260413,41,41.1,40.55,40.85,906,3704
20260414,40.85,40.85,40,40,1019,4114
20260415,40,40.1,39.8,39.85,601,2399
20260416,40.15,40.5,40.1,40.1,533,2147
20260417,40.2,40.9,40.2,40.35,713,2894
20260420,40.6,40.9,40.35,40.7,659,2685
20260421,40.9,41.3,40.6,41.3,1055,4315
20260422,41.3,42.3,41.3,42.15,1277,5341
20260423,42.4,42.6,40.6,41.4,1231,5104
20260424,41.4,41.7,40.65,41.7,557,2292
20260427,41.7,42,41.05,41.1,511,2117
20260428,41.55,41.65,40.4,40.7,432,1761
20260429,40.7,40.8,40.2,40.55,405,1638
20260430,40.9,40.9,40.5,40.5,302,1225
20260504,40.4,41.2,40.4,40.8,461,1886
20260505,40.8,41.6,40.8,41.35,601,2483
20260506,41.8,41.8,40.7,41,594,2434
20260507,41,41.7,41,41.65,853,3540
20260508,41.65,41.85,40.6,40.75,816,3356
20260511,40.8,40.8,39.7,40,957,3831
20260512,39.35,39.35,38.05,38.5,1485,5724
20260513,38.4,38.4,37.85,38.15,1063,4043
20260514,38,38.9,38,38.55,643,2472
20260515,38.55,38.85,38,38.2,760,2921
20260518,38.05,38.7,37.9,38.5,334,1284
20260519,38.5,38.85,38.25,38.3,388,1493
20260520,38.25,38.8,38.25,38.5,309,1193
20260521,38.6,39.2,38.6,39.1,537,2093
20260522,39.1,39.95,38.95,39.65,590,2329
20260525,39.4,40,39.3,39.95,792,3131
20260526,40.05,41.55,40.05,41.4,1606,6595
20260527,41.5,41.5,40.25,40.35,1017,4156
20260528,40.2,41.1,40.05,40.35,707,2869
20260529,40.55,41.4,40.55,41.1,851,3492
20260601,41.1,43.1,41.1,42.45,2118,9001
20260602,42.6,43.5,42.45,43.25,1735,7470
20260603,43.5,43.9,42.75,43.5,1728,7478
20260604,43.5,43.5,42.2,42.3,678,2882
20260605,42.3,42.5,41.6,42.45,662,2787
20260608,39.15,41.75,39.15,41.65,817,3311
20260609,41.65,42.95,41.35,41.55,703,2952
20260610,41,41.5,40.05,40.2,815,3319
20260611,40.4,41,39.55,39.9,388,1551
20260612,40.55,40.9,40.1,40.1,514,2077
20260615,40.6,40.65,39.95,39.95,509,2045
20260616,40,40,39.1,39.25,895,3529
20260617,39.25,39.55,39.1,39.4,403,1586
20260618,39.5,39.9,39.3,39.5,492,1943
20260622,39.55,40,39.5,39.85,379,1506
20260623,39.85,39.85,38.7,38.7,816,3179
20260624,38.55,39.25,38.35,38.8,487,1891
20260625,39.15,39.5,39,39.1,449,1763
20260626,39.25,39.25,38.7,38.85,549,2140
20260629,39.1,39.25,38.7,38.9,617,2407
20260630,39.25,40.3,38.9,40.2,720,2874
20260701,40.6,41.6,40.2,41.35,2027,8365
20260702,41.35,41.35,40.05,40.8,1002,4069
20260703,40.7,41.35,40.6,41.05,836,3428
20260706,41,42.1,40.8,40.8,935,3875
20260707,40.8,40.95,40.2,40.4,442,1795
20260708,40.25,40.6,39.65,40.3,295,1182
20260709,40.3,40.4,39.7,39.85,253,1012
20260713,39.9,39.95,38.75,38.85,475,1857
20260714,39.25,39.25,38.05,38.4,765,2930
20260715,38.75,39,38.45,38.95,249,962
20260716,38.95,39.15,38.5,38.75,287,1116
20260717,38.75,38.75,37.8,38.1,783,2982
20260720,38.4,38.5,37.5,38,419,1590
20260721,38,39.05,38,39,285,1106
20260722,38.9,39.4,38.7,38.7,318,1240
20260723,38.7,39.1,38.4,38.85,303,1175
20260724,38.85,38.85,38.55,38.85,124,479
20260727,38.85,39.25,38.3,38.5,242,932
20260728,38.1,38.2,37.75,37.85,436,1657
20260729,38,38.1,36.7,37.6,881,3285
20260730,37.6,37.8,37.2,37.4,314,1176
20260731,37.6,38.4,37.5,37.7,325,1236
20260803,37.7,38.1,37.3,37.75,411,1555
20260804,37.4,37.6,37.3,37.5,429,1605
20260805,37.5,38.6,37.5,37.85,686,2608
20260806,37.75,38,37.7,37.95,255,966
20260807,37.95,38.5,37.95,38.4,303,1160
20260810,37.9,38,37.3,37.55,891,3345
20260811,37.55,37.55,37.05,37.15,660,2453
20260812,37.15,37.35,36.95,37.05,615,2278
20260813,37,37.2,36.9,36.95,436,1615
20260814,36.85,36.85,36.5,36.65,585,2143
20260817,36.7,36.7,36.35,36.4,630,2296
20260818,36.4,36.4,35.65,35.85,879,3160
20260819,35.85,35.9,35.5,35.8,224,799
20260820,35.85,36.35,35.85,36.25,238,862
20260821,36.3,36.55,36.2,36.4,164,597
20260824,36.4,36.5,36.2,36.35,220,801
20260825,36.2,36.75,36.15,36.7,162,591
20260826,36.7,36.75,36.4,36.55,257,942
20260827,36.55,36.75,36.5,36.6,120,440
20260828,36.6,36.85,36.6,36.8,251,924
20260831,36.85,36.9,36.45,36.6,159,583
20260901,36.65,37.05,36.6,36.9,252,930
20260902,36.9,37.15,36.9,37.05,215,795
20260903,37.25,37.25,36.6,36.6,239,879
20260904,36.7,36.7,36.3,36.4,354,1290
20260907,36.4,36.4,36,36.2,327,1181
20260908,36.15,36.35,35.75,36.25,236,852
20260909,36.2,36.95,36.2,36.7,265,969
20260910,36.55,36.9,36.45,36.7,141,515
20260911,36.7,36.9,36.3,36.35,210,767
20260914,36.35,36.35,36,36.1,123,442
20260915,36.1,36.3,35.9,36.1,121,437
20260916,36,36.45,35.95,36.35,134,487
20260917,36.15,36.5,36.15,36.35,168,609
20260918,36.35,36.85,36.15,36.85,253,926
20260921,36.85,37.15,36.5,37.05,208,768
20260922,37.05,37.45,36.9,37.4,264,982
20260923,37.4,37.4,37,37,247,921
20260924,36.8,36.8,36.6,36.65,104,383
