# date,open,high,low,close,lot,wan
20250814,48.5,52.5,47.85,52.5,61532,312075
20250815,54.5,57,53.3,56.5,86701,478525
20250818,56,58.5,55.4,56.8,52250,296989
20250819,58.5,61.5,57.8,59,50769,301939
20250820,59,60.2,57.5,58.1,40917,240742
20250821,60,63.4,59.4,60.6,49189,300556
20250822,61.3,62.5,59.9,61.1,32005,196182
20250825,63.5,64.8,60.9,61.2,31589,197240
20250826,60.8,61.6,60.2,61.5,15231,93144
20250827,62.5,63.2,60.5,60.8,24432,150702
20250828,61,61.4,59.9,60.8,12119,73726
20250829,61.7,62.3,60.3,61.3,16398,100813
20250901,61.5,61.8,56.6,56.9,21964,128496
20250902,59.6,59.9,55.5,58.1,28083,162067
20250903,58.4,61,57.7,59.9,33125,196215
20250904,60.4,60.4,56.3,56.4,21467,124511
20250905,56.6,57.4,55.9,56.7,9727,55125
20250908,57.2,57.3,54.8,55,12497,69272
20250909,56.3,56.5,55.2,55.4,6868,38306
20250910,55.4,59.7,55.1,58.5,19680,114131
20250911,58.7,58.7,55.5,55.6,13440,76688
20250912,56.5,56.6,55.1,56,5534,30896
20250915,56,56,53.7,54.1,7366,40053
20250916,54.3,54.9,53.3,54.2,4737,25675
20250917,54.2,55,53.8,54,3831,20790
20250918,54.3,54.7,52.6,53.6,6131,32832
20250919,53.9,54.6,53.4,53.5,4532,24449
20250922,54,54.9,53.8,54.5,4236,23060
20250923,54.7,55.1,53.1,53.5,5583,30004
20250924,53.5,53.7,52.6,53.3,3563,18892
20250925,53.5,53.9,51.4,51.9,5612,29404
20250926,51.9,51.9,49.65,49.95,6246,31399
20250930,50.9,52.1,50.1,52,4355,22380
20251001,51.9,53.7,51.8,52.5,4172,21998
20251002,53.6,54.1,52,52.7,9740,51499
20251003,52.7,53.6,51.6,51.9,6466,33965
20251007,51.9,52.8,51.4,52.5,4387,22901
20251008,52,52.8,51.7,52.3,2767,14496
20251009,52.8,52.8,51.4,51.5,2970,15382
20251013,47.1,50.4,47.1,50.1,4490,22094
20251014,50.5,50.8,48.2,48.4,6133,30284
20251015,48.7,49.2,48.3,49.2,2043,9989
20251016,50.4,51.3,49.3,50.2,3956,19853
20251017,50.2,51,49.3,49.35,5671,28384
20251020,50.3,51.2,49.65,50.1,4502,22596
20251021,50.2,50.7,50.1,50.3,2645,13309
20251022,49.9,51.9,49.75,51.3,5141,26220
20251023,50.6,50.9,49.85,49.95,3702,18559
20251027,50.4,50.8,49.8,50.5,2564,12903
20251028,50.5,50.6,49.9,50.5,2244,11264
20251029,50.6,54.7,50.6,54,17607,93910
20251030,53.2,53.4,50,50.4,12636,65114
20251031,50.4,51.3,49.75,51.1,3867,19600
20251103,51.1,52.3,51.1,51.7,4450,23013
20251104,52.5,53,50.5,50.5,6071,31473
20251105,49.8,52.2,49.25,52,6068,30856
20251106,52.3,52.3,50.4,51,5274,26976
20251107,50.1,50.6,48.7,49,7298,35952
20251110,48.85,48.85,47.5,48.25,4553,21837
20251111,48.5,49.1,48,48,3036,14737
20251112,48.1,49.5,48.1,49,2932,14370
20251113,49.5,50.5,49,49.65,4663,23228
20251114,48.8,49.35,48.2,48.3,3929,19093
20251117,49,50.8,48.6,48.6,5770,28648
20251118,48.6,48.8,45.85,46,7803,36591
20251119,46,46.1,44.8,46,6851,31073
20251120,47.1,48.2,46.1,47.05,6150,28848
20251121,46.05,47.3,45.8,46.3,2390,11098
20251124,46.5,46.75,45.4,45.4,1817,8342
20251125,45.9,46.95,45.9,46.85,1733,8075
20251126,47.9,49.45,47.35,49.2,4987,24264
20251127,49.6,49.75,48.8,49.25,1843,9050
20251128,50,50,48.7,49.2,2161,10649
20251201,49.65,51.6,48.85,50.1,4527,22725
20251202,48.8,49.25,47.1,48.4,6608,31954
20251203,48.9,50.9,48.7,49.7,6242,31171
20251204,50.2,51.9,49.7,51.2,7918,40468
20251205,51.2,51.8,50.1,51.7,4311,22000
20251208,52,56.3,51.4,55.5,15900,85923
20251209,56,61,55.7,61,40007,238440
20251210,62.1,67.1,62,67.1,29140,190911
20251211,68,68.6,62,62.8,72477,470690
20251212,63.5,65.4,59.2,63.8,46475,289447
20251215,62.5,64.1,60.6,61.2,16070,99595
20251216,61.3,61.7,57.2,58.7,14586,86316
20251217,58.7,59,55.9,56.3,11235,64025
20251218,55.6,58.2,54.6,55.2,12006,67230
20251219,56.1,58,55.5,56.2,9935,56185
20251222,57.2,61.8,56.7,61.8,21085,127489
20251223,62.1,65.6,60,64.5,48603,305117
20251224,64,66.6,63.1,65,38071,247956
20251226,65.5,65.7,63.4,63.8,17886,115145
20251229,64.3,66,61.6,64.3,30671,196013
20251230,64.3,65.6,63.5,65.5,17484,113403
20251231,65.5,65.8,63,63,12344,79283
20260102,64.1,66.5,63.5,63.5,15477,100122
20260105,64.7,64.7,58.7,60.6,18430,112501
20260106,60.8,61.6,58.6,59.1,13608,80979
20260107,59.9,60.2,58.6,58.6,6424,38046
20260108,58.5,58.6,56.2,56.3,9080,51903
20260109,56.5,57.7,55,57,6701,37919
20260112,56.5,58.7,56.2,57.3,10752,61622
20260113,57.5,57.9,55.6,56,8479,47767
20260114,57.8,59.8,57.1,57.5,15729,91539
20260115,57.6,57.6,55.2,55.5,12562,70368
20260116,56.7,56.8,55.3,55.9,7723,43277
20260119,55.9,56.4,55,55.4,6529,36287
20260120,55.9,56.5,55.4,56.4,6383,35768
20260121,56.4,56.6,53.3,54.2,9335,51390
20260122,55.1,56,54.7,55.9,5118,28397
20260123,56.7,57.4,55.2,55.7,7279,40929
20260126,56.2,57.1,55.6,56.4,6255,35289
20260127,57,57.5,55.6,56.1,8549,48277
20260128,56.7,56.9,55.8,56.3,4351,24506
20260129,56.7,57.2,55,55.1,5935,33022
20260130,55.1,55.2,52,53.2,7145,38048
20260202,53.3,53.5,51.1,52.1,5053,26304
20260203,53.8,56.3,53.2,55.5,9148,50232
20260204,55.3,55.9,54.4,54.8,3723,20475
20260205,54.2,54.8,52.5,52.5,4096,21790
20260206,52,52,50,50.8,4730,24019
20260209,52.5,53.5,51.8,52.9,3684,19401
20260210,53.2,53.2,52,53,2529,13284
20260211,53,53,51.8,53,3592,18858
20260223,53.8,54.4,52.9,54.1,3062,16459
20260224,54.1,55.5,53.7,55.3,4777,26327
20260225,55.6,55.6,54.1,54.9,3477,18971
20260226,55.4,57.5,54.6,57,18453,104593
20260302,55.8,62.7,54.5,61,33499,201495
20260303,64.2,64.2,54.9,55.2,39712,235947
20260304,53,53.5,49.7,50.1,13934,70998
20260305,51.8,52.7,50.3,51.3,7812,40270
20260306,50.7,52.1,50.5,51,3025,15483
20260309,45.9,47.7,45.9,47.2,7777,36112
20260310,48.5,50.4,48.25,49.95,3988,19684
20260311,50.3,51.9,50.3,51.4,3248,16651
20260312,51.1,52,50.2,50.3,3111,15808
20260313,49.4,51.4,49.25,51.3,2397,12152
20260316,51.7,51.7,50.2,50.8,2611,13253
20260317,51.7,51.8,50.6,50.6,2475,12651
20260318,51.6,51.6,50.2,50.5,3935,19913
20260319,50.5,53.8,49.7,51.6,6513,33713
20260320,52.3,53.7,50.7,51,6140,31952
20260323,49,50.5,48.6,49.6,3049,15119
20260324,50.5,51.4,48.7,51.1,4527,22815
20260325,51.5,52.6,50.8,51.3,10236,52979
20260326,51.6,52.4,51.1,51.3,5674,29409
20260327,51.5,53,50.4,53,7522,39165
20260330,52,52.6,51.1,51.9,4836,25073
20260331,51.4,52.1,48.85,49.15,5950,29805
20260401,51.2,52.4,50.2,51.6,4799,24769
20260402,52.7,56,52,52.8,22059,118190
20260407,52.7,54.2,51.4,51.8,11697,61591
20260408,52.9,56.9,52.5,56.9,18632,103076
20260409,56.6,57.6,55.4,55.8,17204,97130
20260410,57,61.3,56.9,61.3,28796,174721
20260413,61.8,67.4,61.4,67.4,39548,261281
20260414,71,74.1,67.4,72.4,69763,496623
20260415,74.3,75.9,71,72.4,36236,264611
20260416,69.3,72.1,65.6,70.7,54054,368947
20260417,70.7,77.7,70.7,77.7,39487,300988
20260420,78.5,79.8,74,77.3,64669,495380
20260421,83,85,75.5,77.1,70670,566317
20260422,77.7,78.2,75.5,76.9,28919,221821
20260423,78,78.5,69.3,71.6,35467,258139
20260424,72.2,73.1,70,70.6,18665,133128
20260427,72.5,72.5,66.6,69.4,18703,128466
20260428,69,70.3,67.6,69.5,10875,75032
20260429,68.9,69,67.8,68.4,6416,43863
20260430,68.9,70.4,67.7,70.2,11053,76849
20260504,72,74.4,70.1,72.3,20167,146216
20260505,72.9,73,70.9,72.6,10351,74607
20260506,73.3,73.7,68.2,70.8,14579,102881
20260507,71.4,73,69.6,70.1,8735,61995
20260508,70.7,70.7,66.7,68,8390,57420
20260511,68,69.6,67,69,4910,33568
20260512,69.3,73,68.9,70.8,17070,122633
20260513,69.9,70.7,67.7,68,8219,56364
20260514,68.8,69.2,67.1,67.9,5517,37447
20260515,67.9,68.3,63.5,63.9,10167,66237
20260518,63.2,64,61.2,64,5153,32434
20260519,63.8,65.3,62.9,63.1,4263,27233
20260520,63.2,63.5,61.6,61.9,4372,27229
20260521,63,63.8,62.1,62.4,3957,24895
20260522,62.4,66.3,62.4,65.9,6332,41229
20260525,67.2,70.2,65.6,67.8,15058,102180
20260526,68.4,71,67.5,70.1,25492,177165
20260527,70.5,70.5,67.9,68.7,12508,86301
20260528,68.7,69.6,65.9,66.1,8452,57042
20260529,68,70,66.8,69.4,12427,85944
20260601,69.3,71.5,69.3,69.9,10897,76443
20260602,70,70.1,68,68.7,6690,46059
20260603,69.1,72.5,69.1,69.7,18391,130954
20260604,69.7,70.3,68.2,69.3,8602,59613
20260605,68.9,69,65.6,66.3,7255,48496
20260608,59.8,63.9,59.7,63.5,6099,37244
20260609,63.6,64.5,62.6,63.8,3949,25105
20260610,63,64.5,59.7,59.7,5577,34487
20260611,60,61.1,57.6,60.6,5122,30492
20260612,62.2,66.6,62.1,66.6,9410,61932
20260615,67.6,70.4,67.5,68.5,10350,71126
20260616,68.7,71.4,67.3,70,10259,71363
20260617,71.5,71.7,69.5,70.9,23447,165729
20260618,70.9,71,69.3,70,7795,54558
20260622,70.8,72.3,70,71.3,11933,85002
20260623,71.6,71.7,67.9,68.3,7910,54823
20260624,67.4,68.9,67.2,67.6,3443,23374
20260625,68.4,68.4,66.8,66.9,2873,19351
20260626,66.7,67.4,63.9,64.1,3797,24865
20260629,64.9,65.9,63.4,64.3,2146,13833
20260630,64.8,66.1,64.5,64.8,1850,12085
20260701,65.7,67.8,63.8,67.1,3551,23460
20260702,67.9,69.2,67.1,68,5372,36509
20260703,68,68.4,67.3,67.5,2386,16177
20260706,68.1,70.2,67,69.1,5523,38101
20260707,71.1,72,65.3,65.9,21340,149090
20260708,66.5,66.9,64.3,65.6,2999,19650
20260709,65.9,66.4,64.4,64.4,2240,14593
20260713,65.1,65.2,62,62.2,2737,17291
20260714,62.2,63.6,59.8,63.6,3646,22362
20260715,64.2,64.8,63.2,64.1,2086,13365
20260716,63.6,64,62.6,63.3,1415,8947
20260717,61.3,62.2,58.5,58.5,4004,24047
20260720,59.3,59.6,55.3,56.4,2411,13772
20260721,57.5,58.3,57,58,1140,6569
20260722,59.4,59.8,58.6,58.6,1101,6515
20260723,59.6,59.6,57.7,59.5,1158,6812
20260724,58.9,59.2,58,58,1479,8643
20260727,58,58,56.1,56.7,1321,7490
20260728,56.2,57,55,55,2183,12174
20260729,53.3,53.6,47.75,49.8,4540,22599
20260730,48.5,50.9,48.25,48.4,1600,7900
20260731,51.5,51.9,50.7,51.8,1246,6418
20260803,51.5,54.2,51.4,53.2,1647,8770
20260804,53.6,54.1,52.7,53.8,1560,8362
20260805,54.9,55.4,53.8,54,1961,10680
20260806,53.8,54.9,52.6,54.9,1367,7372
20260807,54.7,55.5,54,54.1,1283,7015
20260810,55,56.2,54.7,55.5,1363,7578
20260811,55.1,56.1,54.7,55.6,1020,5646
20260812,56,57.5,55.9,56.7,1947,11100
20260813,57,57.8,55.2,55.3,2052,11514
20260814,56.3,56.3,54.5,54.8,1238,6815
20260817,54.8,55.3,54,54.4,1005,5465
20260818,54.4,54.4,52.3,52.4,1560,8283
20260819,51.6,52.8,51.1,52.2,1204,6284
20260820,52.6,53.2,52.1,53.1,777,4085
20260821,53.1,54.8,52.6,54.8,1211,6547
20260824,54.8,56.7,54.4,54.4,1432,7940
20260825,54.4,55.9,53,55.8,972,5287
20260826,55.8,56.7,55.5,56.1,1074,6036
20260827,56.6,57.4,55.8,56.7,1575,8949
20260828,57.5,57.7,56.6,56.6,1135,6484
20260831,56.6,61,56.5,59.7,7202,42898
20260901,60,63.2,59.9,62.2,6076,37563
20260902,59.3,60,58.6,59.3,4782,28285
20260903,59,59.5,57.2,57.3,2415,14058
20260904,58,58.4,56.4,57.1,1421,8120
20260907,57.9,57.9,56,56.1,1312,7408
20260908,56.1,56.4,54.5,54.6,1590,8770
20260909,54.6,55,54.2,54.6,1069,5832
20260910,54.5,54.9,54.1,54.2,797,4333
20260911,53.8,54.3,53.4,54,1034,5577
20260914,54,54.9,53.2,54.4,757,4094
20260915,55,55,53.3,53.4,1091,5880
20260916,53.6,54.5,53,54.5,592,3201
20260917,54.5,54.9,54.3,54.3,815,4443
20260918,55,55,54.1,54.1,796,4330
20260921,54.5,54.8,53.8,54,758,4119
