# date,open,high,low,close,lot,wan
20250814,16.5,16.8,16.45,16.65,650,1080
20250815,17.55,18.2,17.15,17.15,3839,6763
20250818,17.3,17.7,17.2,17.6,1172,2060
20250819,17.75,17.75,17.25,17.3,999,1740
20250820,17.3,17.3,16.8,16.85,571,969
20250821,17.1,17.35,17,17.15,324,556
20250822,17.2,17.3,17,17.3,517,887
20250825,17.5,17.85,17.5,17.6,1003,1770
20250826,17.45,17.9,17.45,17.8,741,1314
20250827,17.9,18.2,17.75,18.1,955,1717
20250828,18.25,19.05,18.1,18.5,1932,3594
20250829,18.95,19.15,18.55,19.1,1703,3212
20250901,19.1,19.3,18.65,19.15,1629,3098
20250902,19.3,19.35,18.35,18.45,1283,2407
20250903,18.65,18.8,18.15,18.25,639,1176
20250904,18.5,18.55,17.75,18.4,821,1486
20250905,18.3,18.3,17.75,17.75,876,1569
20250908,17.8,18,17.65,17.8,350,623
20250909,17.85,17.95,17.35,17.5,823,1442
20250910,17.5,17.5,17.25,17.4,502,872
20250911,17.4,17.4,16.9,16.95,923,1577
20250912,17.15,17.4,17.15,17.25,366,632
20250915,17.5,18.1,17.35,17.5,1062,1875
20250916,17.5,17.85,17.5,17.65,585,1035
20250917,17.6,18.15,17.6,17.9,785,1411
20250918,18,19,18,18.4,1893,3520
20250919,18.65,19,18.15,18.4,1383,2556
20250922,18.45,18.85,18.15,18.25,1356,2508
20250923,18.3,18.45,17.95,18.2,1050,1910
20250924,18.25,18.35,18,18.15,470,853
20250925,18.35,18.55,18.1,18.2,621,1137
20250926,18.25,18.4,17.7,17.8,693,1240
20250930,17.95,18.1,17.7,18,343,615
20251001,18.2,18.25,17.75,17.8,281,504
20251002,17.95,17.95,17.6,17.6,317,562
20251003,17.6,17.75,17.4,17.75,444,780
20251007,17.85,18,17.6,17.85,345,617
20251008,17.85,17.85,17.5,17.65,290,510
20251009,17.65,17.8,17.5,17.5,395,695
20251013,17,17.65,16.75,17.6,590,1013
20251014,17.6,18,17.35,17.45,527,933
20251015,17.7,17.7,17.2,17.35,361,626
20251016,17.45,17.55,17.2,17.4,480,835
20251017,17.25,17.5,17.2,17.45,357,619
20251020,17.5,17.5,17.15,17.25,512,884
20251021,17.45,17.8,17.3,17.55,412,725
20251022,17.65,17.7,17.4,17.55,286,502
20251023,17.6,17.75,17.5,17.6,286,503
20251027,17.8,18,17.6,17.95,600,1069
20251028,17.95,18.1,17.6,18,761,1362
20251029,18.2,18.55,18,18,616,1124
20251030,18,18.1,17.65,17.8,526,941
20251031,17.95,18,17.5,17.5,345,610
20251103,17.5,17.5,17.05,17.1,561,967
20251104,17.15,17.25,16.8,16.8,436,739
20251105,16.8,16.8,16.35,16.4,726,1197
20251106,16.7,16.7,16.35,16.5,418,688
20251107,16.4,16.4,16.1,16.15,765,1241
20251110,16.1,16.1,15.6,15.7,605,951
20251111,15.7,15.9,15.5,15.5,389,609
20251112,15.7,16.2,15.7,16.15,367,586
20251113,16.3,16.3,15.9,15.95,366,587
20251114,15.6,15.95,15.6,15.8,256,405
20251117,15.9,15.9,15.55,15.6,202,317
20251118,15.45,15.5,15.05,15.05,357,543
20251119,15.3,15.3,14.8,14.9,477,716
20251120,15.2,15.35,15.05,15.35,266,405
20251121,15.2,15.2,14.85,14.85,447,669
20251124,15.1,15.25,14.9,15.25,287,433
20251125,15.2,15.6,15.2,15.6,285,442
20251126,15.8,15.95,15.65,15.95,357,565
20251127,15.9,16.1,15.8,16.1,218,347
20251128,16.05,16.35,16,16.2,368,595
20251201,16.2,16.55,16.2,16.4,390,640
20251202,16.4,16.45,16.05,16.2,397,644
20251203,16.2,16.5,16.2,16.45,382,626
20251204,16.6,16.9,16.6,16.8,473,792
20251205,16.8,16.95,16.6,16.8,313,523
20251208,16.7,17,16.55,16.95,339,572
20251209,16.85,17.1,16.8,16.95,348,589
20251210,17.1,17.35,16.95,17.3,686,1179
20251211,17.45,17.7,16.9,16.9,636,1100
20251212,17.15,17.15,16.6,16.75,427,718
20251215,16.75,17.3,16.55,17.1,429,735
20251216,17.05,17.35,16.9,17.1,357,611
20251217,17.15,17.4,16.9,17.1,396,678
20251218,17,17.15,16.75,17,312,530
20251219,17,17.2,16.8,17.05,352,600
20251222,17.05,17.25,17.05,17.1,348,596
20251223,17,17.25,16.9,16.9,487,831
20251224,16.9,17.15,16.8,17,478,811
20251226,17,17.1,16.85,17.05,313,531
20251229,17.85,18.7,17.8,18.55,4889,8986
20251230,17.85,18,17.25,17.3,2054,3595
20251231,17.5,17.55,17.2,17.2,868,1500
20260102,17.2,17.4,16.9,17.25,982,1683
20260105,17.4,17.45,16.8,17,838,1426
20260106,17,17.4,16.8,17.35,666,1144
20260107,17.5,17.7,17.3,17.35,846,1478
20260108,17.4,17.5,16.7,16.7,885,1504
20260109,16.8,16.8,16.15,16.5,733,1207
20260112,16.5,16.95,16.45,16.8,636,1067
20260113,17.05,17.25,16.8,17,642,1094
20260114,17.15,18.2,17.15,17.95,1844,3291
20260115,17.95,17.95,17.4,17.55,664,1167
20260116,17.5,17.9,17.4,17.65,623,1098
20260119,17.8,18.75,17.8,18.35,1806,3326
20260120,18.6,20.15,18.3,20.15,9136,18117
20260121,20.15,21.65,19.4,19.9,12599,25892
20260122,20,20.6,18.9,19,5698,11194
20260123,19.35,19.85,18.85,19.05,2177,4191
20260126,19.15,19.55,19.05,19.2,1630,3134
20260127,19.3,19.45,18.7,18.95,1801,3414
20260128,19.2,19.25,18.8,18.9,1062,2018
20260129,19.15,19.15,18.35,18.4,1515,2821
20260130,18.65,19.7,17.9,19.45,3745,7170
20260202,19.25,20.2,18.45,19.3,3691,7123
20260203,19.45,19.75,18.95,19.05,1369,2638
20260204,19,19.4,18.9,19.1,1275,2434
20260205,19.1,19.7,18.9,19.15,2179,4201
20260206,19.05,19.1,18.2,18.7,1176,2192
20260209,19,19.05,18.4,18.4,923,1721
20260210,18.5,18.6,17.95,18.35,1013,1854
20260211,18.4,18.65,18.2,18.65,777,1435
20260223,18.75,20,18.75,19.7,3064,5979
20260224,19.7,20.05,19.5,19.7,1672,3307
20260225,19.8,19.95,19.25,19.4,1460,2846
20260226,19.7,19.7,19.3,19.4,913,1775
20260302,19.1,19.95,18.9,19.8,1452,2852
20260303,19.95,20.6,19.35,19.85,2019,4013
20260304,19.55,19.6,18.6,18.9,1625,3108
20260305,19.3,20.75,19.3,20.75,6503,13453
20260306,21.55,22.8,21.2,22.8,9266,20727
20260309,22,25.05,22,25.05,40257,95690
20260310,25.15,27.55,24.75,25.55,56727,147805
20260311,26.45,28.1,26.4,28.1,13036,36239
20260312,30,30.9,30,30.9,13888,42578
20260313,32.95,33.95,31.5,33.85,85312,283371
20260316,34.5,34.55,31.8,34.45,10795,36109
20260317,36.6,37.85,36.6,36.8,8992,33491
20260318,37.3,40,36.8,38.35,7424,28474
20260319,35.3,36,34.55,34.7,5277,18612
20260320,35,36,35,35,3660,13013
20260323,34.8,34.95,33.5,33.5,2643,9019
20260324,34.8,34.8,32.5,32.95,2243,7476
20260325,34.35,36.2,34.35,36.2,3720,13251
20260326,37.25,38.75,33.6,33.6,3199,11886
20260327,32.85,36,32.85,36,1994,6943
20260330,35.1,36,33.6,35,1593,5564
20260331,33.8,34.25,31.5,31.7,2417,7918
20260401,33.9,34.85,33.9,34.85,1561,5419
20260402,38.3,38.3,38.3,38.3,11959,45803
20260407,42.1,42.1,34.5,35.55,53446,199888
20260408,36.35,39.1,35.4,39.1,47309,178920
20260409,41.4,43,41.35,43,22925,98022
20260410,47.3,47.3,45.6,47.3,26363,124286
20260413,50.6,52,50,52,10051,51734
20260414,55.6,56,50,52.9,71718,379760
20260415,52,52,49.15,49.3,6659,33377
20260416,50,53.9,50,53.2,3546,18284
20260417,54,54.8,53,54.4,3992,21478
20260420,55.2,57.1,55,55.7,4690,26295
20260421,55.7,55.7,50.5,53.4,5378,27758
20260422,52,53,52,52.2,3001,15735
20260423,53,53,47,48.7,4845,23633
20260424,49,50,46.1,47.7,3057,14660
20260427,51,51,47.05,49.2,3402,16613
20260428,50.5,54.1,49.9,54.1,5896,30968
20260429,50.8,59.5,50.3,59.5,36420,204638
20260430,62.6,64.7,56,57.3,64170,384510
20260504,58.9,63,55.2,63,25246,152501
20260505,69.3,69.3,68.8,69.3,6019,41713
20260506,76.2,76.2,66.6,76.2,58847,436291
20260507,74.8,78.6,73,74,48812,366394
20260508,70.2,72.6,66.9,67.5,6152,42350
20260511,62.1,68,62.1,66.7,3973,25868
20260512,70,70.2,66.8,69.9,3001,20711
20260513,69.3,69.3,68,68,1706,11657
20260514,68.4,70.2,66.8,66.8,1228,8336
20260515,61,65,61,61.9,2632,16608
20260518,60.2,64.2,57.9,63.8,3927,23477
20260519,65,65.8,64.2,64.8,1603,10447
20260520,67,69,67,68.9,1840,12583
20260521,70,75.7,70,75.7,4141,30765
20260522,78.6,83.2,75.7,83.2,19053,154778
20260525,83.2,88.8,78,78.2,38478,319813
20260526,80.6,82.3,77.1,78.3,15597,124131
20260527,79.9,81.4,73.5,77.8,19383,151177
20260528,78.9,85.5,78.5,80.9,37925,314937
20260529,84.5,86.5,80.3,81.2,24537,203062
20260601,81.9,81.9,75,77,19361,151192
20260602,78,79.9,70,71.5,18850,139674
20260603,73.2,78.6,73.2,74.3,22782,175307
20260604,72.2,75,71.2,72.1,10170,73956
20260605,72.1,72.5,65.5,68.8,13575,92977
20260608,62,62,62,62,2521,15634
20260609,64,68.2,60.5,68.2,13214,85928
20260610,67.2,69.6,61.4,61.4,21342,139300
20260611,60.1,67,58,66.3,18412,115467
20260612,67.5,69.8,65,68,22535,153133
20260615,74.8,74.8,74.8,74.8,9142,68381
20260616,79.6,80.5,68.4,68.9,31512,230674
20260617,68.9,75,68.6,74.4,19375,140406
20260618,75.7,81.8,75.7,81.8,39099,316791
20260622,85,89.9,82.2,89.9,37157,327303
20260623,98.7,98.8,93.5,94.7,46452,450290
20260624,92,98,91,93.3,28728,269311
20260625,93.9,93.9,85,85.1,21764,190523
20260626,84.7,87.6,77.4,77.6,17967,147182
20260629,77.8,79.2,75.8,77.2,10798,83442
20260630,77.6,79.3,75.7,76.1,11927,92649
20260701,78,79.4,71.6,72.1,12283,92236
20260702,72.3,78.3,70.8,74.8,14558,109496
20260703,74.8,79.6,73.6,79,20307,156828
20260706,79,84.2,78.2,79.2,18578,150191
20260707,79.8,87.1,71.3,72.7,69962,569681
20260708,72,75.9,71.6,73.5,20894,154205
20260709,75,75.9,71.5,72,11174,81912
20260713,72.1,73.3,66,67.1,12465,85700
20260714,67.5,68.3,60.4,62.7,18235,114697
20260715,63.8,64.6,61.7,63.9,7583,47969
20260716,62,64,61.4,61.8,4938,30842
20260717,58.5,59.8,55.7,55.7,10111,57383
20260720,54.3,55.6,50.6,53.5,8885,47179
20260721,55,57.8,54.3,54.8,6213,34430
20260722,56.4,60.1,56,58.8,7309,42522
20260723,59,63.9,58,61.1,14053,86444
20260724,60,66.3,58.8,62,18086,114048
20260727,62,62.8,59.6,62,10278,63109
20260728,59,59.2,55.8,55.8,7227,41208
20260729,55.8,56.3,50.3,50.3,8413,43704
20260730,45.3,51.1,45.3,47.45,8960,43354
20260731,51.5,52,48.5,50.3,11056,55006
20260803,49.7,55.3,49.7,55.3,8273,44648
20260804,58,60.8,54.7,60.8,12274,71999
20260805,64.9,66.8,62.5,62.5,18384,119270
20260806,61.3,67,61.1,63.9,16913,108384
20260807,63.2,69.2,62.5,67.8,16805,110458
20260810,69,69.3,66.2,67.6,22369,150589
20260811,67,68.1,64.7,64.7,10893,71722
20260812,65,71,65,68.9,17393,120290
20260813,69.3,74.5,68.1,68.6,23304,166013
20260814,69.3,69.5,65.8,66.6,11683,78174
20260817,66.4,73.2,66,73.2,24340,172593
20260818,73.2,73.2,67,67.1,21819,151767
20260819,65.5,68.8,65.2,68,10942,73701
20260820,74.8,74.8,73.5,74.8,29242,218596
20260821,80,82.2,80,82.2,28510,233333
20260824,84.9,90.4,82.5,82.6,63455,548536
20260825,82.2,90.8,80.3,90.8,60849,518298
20260826,89.8,99.8,88.2,99.8,82191,794194
20260827,101.5,102,94.9,96.6,96713,946843
20260828,99,99.2,93.2,96.1,61918,595100
20260831,95.1,100.5,88.4,97.8,86618,830828
20260901,98.5,107.5,96.2,107.5,68553,698079
20260902,108,111,100,104.5,78466,818386
20260903,105,107.5,95,95,52237,520032
20260904,98,104.5,95.2,104.5,62193,627369
20260907,106,109.5,99.1,99.1,61028,629336
20260908,100.5,102.5,97.1,97.5,39993,399251
20260909,102,107,98.7,99.5,56170,580167
20260910,98.1,99.5,96.1,96.1,27182,264271
20260911,94,101.5,92.4,97.1,50681,496684
20260914,94,96.3,92.5,93.3,29582,278999
20260915,92.9,94.5,90.6,90.8,26181,241799
20260916,90.9,99.8,90.9,99.8,50844,495842
20260917,101.5,103.5,95.6,96,62011,614321
20260918,98.2,102,96.5,102,51479,512949
20260921,102,103,99.6,99.8,21381,215839
20260922,101.5,103.5,98,98.8,32316,324458
20260923,99.6,103,97.6,97.8,25572,254133
20260924,97.8,101,96.5,96.9,28496,280824
