# date,open,high,low,close,lot,wan
20250814,116.5,117.5,116,116,1388,16181
20250815,116,117.5,115.5,117.5,1584,18517
20250818,118,119,117.5,118,1638,19349
20250819,118,118.5,116.5,118.5,1494,17619
20250820,117,119,116.5,118.5,2525,29823
20250821,118.5,120,118,119,1568,18663
20250822,119,120.5,119,120,3837,46010
20250825,121,121,117.5,119.5,4030,47920
20250826,120,120,118,118,3859,45725
20250827,118.5,119,117,117,4602,54130
20250828,109.5,110,107,107.5,4035,43615
20250829,108.5,109,106.5,107.5,1532,16452
20250901,108,108,103,104.5,2240,23446
20250902,105,105.5,103,103,1598,16578
20250903,103.5,104.5,102.5,102.5,2024,20876
20250904,102,103.5,102,102.5,2163,22200
20250905,103.5,103.5,102,102,1547,15881
20250908,103.5,105,103,103,2283,23667
20250909,103.5,104,102,102,2483,25434
20250910,103.5,104.5,102,102.5,4252,43933
20250911,103,104.5,100,100,2786,28343
20250912,100.5,101.5,100.5,101,1737,17544
20250915,100.5,102.5,99.8,99.8,2157,21725
20250916,100,101,99.9,99.9,2441,24473
20250917,100.5,102.5,100.5,101,2692,27288
20250918,102.5,103,102,102.5,1644,16854
20250919,103,103.5,101,101,1827,18567
20250922,102,103.5,101,102,2232,22903
20250923,102,105,102,104,2636,27333
20250924,104.5,105,103,103.5,2181,22722
20250925,104,104.5,102,102,1486,15317
20250926,102,102.5,100,100.5,1418,14281
20250930,100.5,101.5,100,101.5,770,7764
20251001,101.5,102.5,100.5,100.5,957,9665
20251002,100.5,101.5,99.9,100,1566,15693
20251003,100,100.5,99.9,100,672,6726
20251007,100,103,100,101.5,1633,16589
20251008,103,106.5,101.5,102.5,10056,104093
20251009,103.5,104,102,102.5,2301,23665
20251013,100,102,98.3,101.5,3122,31329
20251014,102.5,103,99.7,99.8,1959,19845
20251015,100,103,99.6,102,3362,34117
20251016,103,103,101,101.5,1044,10654
20251017,101,102.5,100.5,101,1038,10514
20251020,102,102,101,101,721,7294
20251021,101.5,103,101.5,101.5,1440,14709
20251022,101.5,103.5,101.5,102.5,1338,13760
20251023,103,105.5,102.5,104.5,2420,25229
20251027,105.5,105.5,103.5,104,1499,15660
20251028,104.5,104.5,100.5,101,2320,23572
20251029,101,101,99.8,100,2409,24145
20251030,100.5,103,100.5,103,2256,23045
20251031,104,104,101,102.5,2976,30483
20251103,103,103.5,102,102.5,1364,14034
20251104,106,108,103,103,5097,53653
20251105,103,108,102,107.5,6530,69196
20251106,108,109,106.5,109,3659,39495
20251107,108.5,111.5,108,110.5,4272,46947
20251110,111,111,108.5,111,2724,30013
20251111,112.5,114.5,111.5,113,4858,54952
20251112,113.5,116.5,112.5,112.5,5146,58787
20251113,112.5,113.5,111,113,2366,26604
20251114,112,113.5,111,112,1863,20953
20251117,113.5,114,110.5,110.5,1725,19280
20251118,110,110,108,110,2191,23938
20251119,109.5,110.5,106.5,108,2186,23606
20251120,109.5,110,108,109,1628,17764
20251121,107,107.5,104.5,105,1289,13640
20251124,105,105.5,101,101.5,2866,29235
20251125,103,103,101.5,102.5,912,9344
20251126,103,104.5,103,103,1006,10425
20251127,104,104,102.5,104,870,8990
20251128,104,104.5,102,103,2408,24886
20251201,102.5,103,100.5,100.5,3044,30916
20251202,100.5,102,100,100,2168,21835
20251203,100.5,102,100.5,101,1486,15045
20251204,101.5,102.5,101.5,101.5,1281,13053
20251205,102,102,100.5,100.5,1228,12442
20251208,102,102,101,101,762,7733
20251209,101.5,101.5,100,100,1284,12926
20251210,101.5,101.5,98.8,98.8,2963,29519
20251211,99,100,98.7,99.6,1521,15149
20251212,99.7,101,99.7,99.7,955,9570
20251215,99.1,99.9,98.8,99.2,857,8523
20251216,99,99.1,95.5,96.3,5540,53425
20251217,97,98.5,96.4,97.1,4311,41883
20251218,96.3,97,95.1,95.5,5157,49488
20251219,96.5,96.7,94.9,96.7,4688,44916
20251222,96.9,97.7,96.1,97.7,3650,35366
20251223,98,98.9,97,98.9,3641,35564
20251224,99.4,99.7,97.7,98.2,3696,36377
20251226,99.1,99.7,97.2,97.8,4577,44718
20251229,98.3,99.5,97.8,99.3,1416,14012
20251230,99.4,99.4,97.1,98.3,1358,13293
20251231,98.3,98.9,97.5,97.7,884,8665
20260102,98.3,98.3,95.6,95.8,2505,24154
20260105,96.2,96.2,93.6,94.1,2694,25431
20260106,94.1,96.3,94,96.3,1470,14062
20260107,96,96.4,95.4,96.2,1043,10002
20260108,97,101.5,96.4,101,5573,55587
20260109,101,101,98.6,100,2529,25205
20260112,100,102,99.8,102,1892,19099
20260113,102.5,103.5,101.5,103.5,3148,32419
20260114,104,110.5,103.5,109.5,7102,76630
20260115,109,109,106,109,2305,24828
20260116,109,109,105.5,106.5,1597,17093
20260119,106,107.5,105.5,106,1250,13271
20260120,106,106,104,105.5,1342,14123
20260121,104.5,107.5,104.5,107.5,2664,28370
20260122,108,109.5,107,109.5,2203,23906
20260123,109.5,110,106,106,1624,17409
20260126,107,107.5,104.5,106,1070,11308
20260127,106,106.5,103,103.5,1142,11890
20260128,103.5,105,103,105,1077,11216
20260129,104.5,105,102.5,103,753,7771
20260130,103,103,99.5,99.8,1474,14774
20260202,99.7,99.7,98.6,98.9,608,6030
20260203,99.6,100.5,99,99.7,872,8694
20260204,99.7,99.7,98.5,99.2,909,8997
20260205,99.2,99.7,97.8,97.9,812,7988
20260206,97.9,98.5,96.3,98,1039,10110
20260209,99.2,99.3,97.6,97.6,662,6502
20260210,98.2,100,97.9,100,953,9462
20260211,99.6,99.9,98.8,99.7,693,6894
20260223,100,100.5,99.1,99.4,1750,17454
20260224,99.9,101,98.7,99,1687,16772
20260225,99.5,100,98,98.4,1796,17718
20260226,96.6,96.6,94,94.6,5059,48054
20260302,93.1,93.3,91.2,91.2,4571,41913
20260303,92.2,92.5,87.7,87.8,5161,45950
20260304,86,86.5,82.6,82.7,4965,41656
20260305,85,85.2,82.1,82.1,4062,33636
20260306,82.1,84.1,82.1,82.7,3078,25583
20260309,79.5,80,77.5,79.9,3525,27822
20260310,81,81.6,79.3,79.8,2799,22381
20260311,81,82.2,80.4,81.8,1445,11770
20260312,81.3,82.4,80.3,80.3,2048,16577
20260313,81,85.4,80.8,84.7,3688,30987
20260316,84.2,85.3,83.6,84.1,1688,14239
20260317,84.4,84.8,83.8,84.8,1680,14173
20260318,85.2,86.5,85.2,85.5,2125,18227
20260319,84.8,85.2,83.8,83.8,1426,12038
20260320,83.8,85.5,83.4,85.5,2386,20298
20260323,82.8,84.2,82.4,83.3,1093,9119
20260324,84.8,85.4,83.5,84.6,1213,10251
20260325,85,85.3,84.5,85.1,960,8141
20260326,85.1,85.5,84.7,85,915,7791
20260327,84,85.3,84,85.3,826,6993
20260330,84.1,85,84.1,84.6,729,6159
20260331,84.8,84.9,83.3,83.5,919,7726
20260401,85,85.4,84.7,85.3,808,6875
20260402,85.5,86,83.7,83.8,733,6189
20260407,84.5,87,84.5,86.7,1797,15479
20260408,87.9,89.2,87.1,88,2225,19617
20260409,88,88,85.8,85.8,1685,14573
20260410,86.2,86.8,85.3,86,1395,11987
20260413,85.6,87.4,85.1,86.8,1206,10390
20260414,87.8,87.8,86.7,87,1433,12500
20260415,88,89.5,87.7,88.2,2870,25336
20260416,88.2,90,88.2,88.9,2752,24501
20260417,89.6,90.8,89.5,90,2912,26261
20260420,90.4,90.6,87.8,88,2671,23693
20260421,88,89.8,87.5,89.2,2829,25067
20260422,89.5,89.5,88.3,89,1562,13872
20260423,89.1,89.8,85.4,86.7,2996,26047
20260424,87.5,89.3,86.5,86.7,2934,25717
20260427,87.6,89,86.4,88.7,2335,20538
20260428,88.5,89.2,87.5,87.8,1496,13165
20260429,87.7,88.6,87.4,88.4,2623,23051
20260430,87.9,88,85.4,86,3872,33419
20260504,86,89.4,85.7,88.6,3463,30569
20260505,89.2,89.9,88.5,89.5,2070,18474
20260506,90,90,86.5,87.2,3352,29338
20260507,87.2,87.2,85.7,86.5,2413,20802
20260508,86.5,87,85.8,86.2,1322,11430
20260511,86.2,86.5,85.3,86.4,1463,12567
20260512,86.4,86.4,85.5,85.6,1299,11145
20260513,85.1,85.1,84,84.2,1592,13449
20260514,84.3,85.2,83.9,84.2,1318,11117
20260515,84.7,85,83.3,83.7,1430,11998
20260518,83.1,85.8,82.7,85.2,1385,11702
20260519,85.4,86.5,85,85.2,1869,16008
20260520,85.8,86.3,84.7,85.3,2093,17884
20260521,86,86.9,85.5,85.8,2065,17751
20260522,86.1,88.5,86.1,88.3,4073,35642
20260525,88.8,89.2,87.4,88.2,3059,26968
20260526,88.5,93.1,88.2,92.3,10936,100467
20260527,93.1,93.1,90.2,90.7,7069,64472
20260528,90.4,92,89.7,91.5,3883,35442
20260529,92,92.5,91.3,91.8,2730,25097
20260601,92,93,91,91.6,3230,29728
20260602,92.6,94.2,91.2,93.5,4781,44460
20260603,94.1,95.4,93.2,94,3562,33525
20260604,94.8,95,92.6,92.6,2799,26157
20260605,92,92.4,90.9,91.9,2164,19822
20260608,86.8,90.8,86.2,90.1,2523,22386
20260609,91.3,91.9,89.8,90.6,1583,14398
20260610,90.6,91.6,89.5,89.5,1607,14537
20260611,88.9,90,87.6,89.4,1749,15514
20260612,90.7,94.1,90.1,92.3,5665,52490
20260615,92.6,92.7,90.8,90.8,3133,28706
20260616,90.8,91.3,89.5,89.5,1944,17519
20260617,89.6,93.4,89.2,92.8,4760,44014
20260618,92.6,92.8,91.8,92.4,2513,23221
20260622,93.1,93.3,92.6,92.8,1839,17074
20260623,93,93.2,91.1,91.1,1578,14487
20260624,90.1,92.1,89.9,91.8,1008,9180
20260625,92.1,93,91.6,91.6,1776,16407
20260626,91.6,91.6,89.6,89.6,2101,18964
20260629,88.8,90.1,88.7,89.6,1474,13200
20260630,89.8,90.2,89.2,90.2,1671,15000
20260701,90.1,91.3,88.9,89.5,2495,22328
20260702,89,90.2,88.9,90,1600,14333
20260703,89.9,92.6,89.9,92.2,2683,24659
20260706,92,93.2,91.6,91.8,2198,20300
20260707,92,92.2,89.2,89.4,1968,17767
20260708,89.9,90,89.1,89.3,744,6652
20260709,89.2,90,88.9,88.9,1054,9419
20260713,89.1,89.8,87,87,1991,17482
20260714,86.9,87.5,84.9,86,1884,16203
20260715,86.2,86.8,85.9,86.1,1206,10393
20260716,86,86.2,85.2,85.8,1069,9160
20260717,84.7,85.5,82.1,82.1,2248,18767
20260720,82,82.9,81.3,82.2,1364,11214
20260721,83.1,84.9,82.5,84.7,1019,8560
20260722,84.7,85.3,84.4,84.4,624,5285
20260723,84.2,85,83.1,83.6,735,6172
20260724,83,84.6,82.6,82.9,1032,8598
20260727,82.9,83.9,82.7,83.9,593,4941
20260728,82.6,83.2,81.7,81.9,1338,11024
20260729,81.7,83.1,80,81.3,1716,13989
20260730,82,82.8,80.6,80.9,1169,9528
20260731,81.2,82.3,80.2,80.2,2761,22264
20260803,80.1,80.8,78.8,80.7,1485,11858
20260804,79.2,81.6,79.2,81.2,1947,15697
20260805,81.5,82.3,81.1,81.4,1794,14656
20260806,81.5,81.5,79.7,80.2,1911,15347
20260807,80.7,81.2,80.1,80.2,1187,9558
20260810,80.8,82.6,80.8,82.3,1901,15535
20260811,82.3,82.6,81.1,81.9,2141,17504
20260812,82.5,82.5,81,81.1,1878,15297
20260813,81.3,82,81.3,81.5,845,6893
20260814,82,82,80.6,80.7,994,8065
20260817,80.2,80.5,79.7,79.7,1538,12296
20260818,79.1,79.7,79,79,1201,9517
20260819,78.8,79.4,78.3,79.1,1011,7973
20260820,79.7,82.5,79.6,82,2387,19432
20260821,81.7,82.5,81.4,82.5,2017,16548
20260824,82.4,82.4,81.8,82.4,1349,11096
20260825,82,82.4,81.7,82.3,924,7583
20260826,82.3,82.4,82,82.1,1650,13569
20260827,79.6,80.7,78.1,78.3,4288,33747
20260828,78.4,78.8,78.3,78.5,842,6602
20260831,78.5,79.3,77.8,78.8,1035,8133
20260901,78.5,79.3,78.5,78.6,838,6594
20260902,78.4,78.5,77.6,78.3,1180,9204
20260903,78.4,78.6,77.6,77.6,954,7433
20260904,77.9,78.3,77.2,77.9,1030,7990
20260907,77.8,77.8,76.5,76.9,1752,13470
20260908,76.5,76.6,75.7,76.1,1213,9213
20260909,75.6,75.8,74.4,74.9,2385,17880
20260910,74.7,77.3,74.7,77.2,2124,16243
20260911,76.1,76.9,76,76.5,743,5675
20260914,76.6,77.3,75.2,77.3,629,4824
20260915,78.3,78.5,76.6,76.6,920,7133
20260916,76.5,78,76.5,78,879,6803
20260917,78.5,79.3,78,79.3,1578,12450
20260918,78.1,79.1,77.7,78.2,1056,8262
20260921,78.8,78.9,78.2,78.6,629,4946
20260922,78.5,79,77.5,78.1,872,6797
20260923,78.1,78.5,77.7,78,1021,7965
20260924,77.7,78.4,77.5,78.2,781,6084
