# date,open,high,low,close,lot,wan
20250814,11.1,11.2,11.05,11.15,163,181
20250815,11.15,11.5,11.05,11.4,481,546
20250818,11.4,11.55,11.3,11.45,299,341
20250819,11.55,11.55,11.3,11.35,259,295
20250820,11.35,11.45,11.2,11.35,181,203
20250821,11.35,11.4,11.2,11.3,159,179
20250822,11.3,11.3,11.2,11.25,141,159
20250825,11.45,11.45,11.15,11.2,240,270
20250826,11.1,11.4,11.1,11.2,143,160
20250827,11.2,11.3,11.2,11.2,183,205
20250828,11.2,11.25,11.15,11.15,217,243
20250829,11.35,11.4,11.2,11.25,315,354
20250901,11.25,11.3,11.1,11.15,138,154
20250902,11.15,11.3,11.05,11.05,287,319
20250903,11.1,11.2,11,11.15,275,305
20250904,11.15,11.2,11.1,11.15,158,175
20250905,11.15,11.2,11.05,11.1,135,150
20250908,11.05,11.15,11,11,219,241
20250909,11.2,11.2,11,11,153,168
20250910,11,11.05,10.8,10.85,386,421
20250911,10.85,10.85,10.6,10.65,331,356
20250912,10.65,10.8,10.5,10.55,437,464
20250915,10.55,10.55,10.35,10.35,361,375
20250916,10.7,11.35,10.6,11.35,772,870
20250917,11.45,12.45,11.45,12.45,1690,2063
20250918,13.5,13.5,12.3,12.3,2641,3389
20250919,12.5,12.9,12.4,12.55,715,899
20250922,12.7,12.7,12.15,12.15,457,567
20250923,12.15,12.15,11.75,11.8,543,648
20250924,11.9,12.2,11.8,12.2,418,504
20250925,12.3,12.3,11.95,11.95,260,315
20250926,11.95,11.95,11.3,11.45,434,504
20250930,11.5,12,11.5,11.8,187,221
20251001,12,12.2,11.8,11.8,274,328
20251002,11.8,11.9,11.7,11.7,225,265
20251003,11.75,11.75,11.65,11.7,79,93
20251007,12.4,12.4,11.9,11.95,292,352
20251008,12.1,12.15,11.9,12,252,303
20251009,12,12.1,11.8,11.85,339,405
20251013,11.6,11.75,11.5,11.7,203,236
20251014,11.7,11.8,11.5,11.5,316,368
20251015,11.75,11.75,11.55,11.55,82,95
20251016,12.1,12.1,11.6,11.85,200,236
20251017,11.95,11.95,11.6,11.65,185,217
20251020,11.6,11.8,11.45,11.5,190,219
20251021,11.6,11.95,11.6,11.85,280,329
20251022,11.7,11.95,11.6,11.7,212,248
20251023,11.95,11.95,11.6,11.65,153,180
20251027,11.7,11.75,11.5,11.5,138,160
20251028,11.5,11.6,11.4,11.4,188,215
20251029,11.4,11.5,11.05,11.2,389,437
20251030,11.35,11.95,11.2,11.8,360,420
20251031,11.8,11.9,11.5,11.65,161,188
20251103,11.55,11.7,11.45,11.45,130,150
20251104,11.45,11.45,11.15,11.2,146,164
20251105,11.2,11.45,10.95,11.3,169,190
20251106,11.3,11.35,11.1,11.2,132,148
20251107,11.2,11.3,11.05,11.15,207,231
20251110,11.45,11.45,11,11.1,201,223
20251111,10.8,11,10.8,10.8,587,637
20251112,10.8,11.35,10.8,11.2,184,204
20251113,11.2,11.4,10.75,10.9,425,464
20251114,10.9,11.2,10.75,10.95,261,287
20251117,11.2,11.2,10.8,10.8,123,135
20251118,10.8,11.05,10.6,10.65,228,244
20251119,10.6,10.75,10.45,10.7,216,228
20251120,10.8,10.8,10.5,10.55,290,307
20251121,10.55,10.65,10.4,10.6,211,221
20251124,10.7,10.7,10.45,10.55,174,184
20251125,10.55,10.75,10.45,10.55,132,139
20251126,10.55,11.1,10.45,10.8,170,184
20251127,10.8,11.15,10.8,11.15,181,199
20251128,11.15,11.2,10.85,11.1,122,134
20251201,11.1,11.1,10.8,10.8,166,181
20251202,10.85,11.05,10.75,11.05,188,205
20251203,11.1,11.2,11,11.15,180,200
20251204,11.15,11.4,11,11.15,262,294
20251205,11.35,11.4,11.2,11.2,103,116
20251208,11.2,11.3,10.95,11.1,161,178
20251209,11,11.25,11,11.15,58,65
20251210,11,11.35,10.8,11,191,210
20251211,10.85,11.25,10.85,10.95,127,139
20251212,10.75,11,10.75,10.8,184,199
20251215,10.8,11,10.75,10.9,82,89
20251216,10.85,11.95,10.85,11.95,807,937
20251217,12.9,13,12,12.05,1777,2203
20251218,11.95,11.95,11.4,11.7,389,452
20251219,11.95,11.95,11.4,11.55,298,345
20251222,11.55,11.9,11.55,11.85,254,297
20251223,11.95,11.95,11.5,11.8,271,316
20251224,11.7,11.7,11.45,11.45,303,349
20251226,11.5,11.8,11.4,11.65,159,183
20251229,11.65,11.65,11.4,11.55,234,269
20251230,11.45,11.6,11.35,11.6,174,200
20251231,11.5,11.6,11.35,11.35,232,265
20260102,11.35,11.5,11.2,11.4,281,319
20260105,11.4,11.4,11,11,405,453
20260106,11,11.4,10.95,11.25,309,345
20260107,11.35,11.35,10.9,11.2,357,399
20260108,11.15,11.35,11.15,11.25,271,306
20260109,11.25,11.3,11.05,11.1,224,250
20260112,11.65,12.2,11.45,12.2,1506,1813
20260113,12.6,12.7,11.75,11.75,1895,2322
20260114,11.95,12.35,11.95,12.3,1111,1358
20260115,12.45,12.6,12.05,12.2,645,790
20260116,12.25,12.7,12.25,12.65,1088,1362
20260119,12.75,13.35,12.75,12.9,1622,2110
20260120,12.75,13,12.4,12.45,918,1161
20260121,12.45,13.65,12.25,13.65,3609,4870
20260122,13.8,15,13.6,15,5806,8443
20260123,15.35,15.65,13.5,14,3944,5704
20260126,14.2,14.45,13.55,13.7,2038,2830
20260127,14,14,13.2,13.35,1364,1827
20260128,13.35,13.35,13,13,1057,1383
20260129,13.1,13.5,12.85,13.4,1061,1392
20260130,13.4,13.4,12.6,12.7,818,1044
20260202,12.4,12.9,12.4,12.7,540,685
20260203,12.8,12.95,12.45,12.7,530,670
20260204,12.5,13,12.5,12.95,514,659
20260205,13,13.4,12.9,13,760,997
20260206,13.2,13.2,12.25,12.5,643,807
20260209,12.6,12.95,12.4,12.5,677,856
20260210,12.6,13,12.4,12.45,414,524
20260211,12.8,12.8,12.2,12.45,543,672
20260223,12.55,12.65,12.4,12.6,418,525
20260224,12.6,13,12.5,12.9,603,765
20260225,13,13,12.4,12.45,568,712
20260226,12.4,13.65,12.4,13.65,1437,1901
20260302,13.4,15,13.15,15,4910,7073
20260303,15.6,15.75,14.4,14.55,4204,6337
20260304,14.05,14.1,13.2,13.4,1702,2307
20260305,13.65,14.25,13.6,13.8,910,1265
20260306,13.7,14.05,13.25,13.75,529,726
20260309,13.2,13.25,12.75,13.1,1121,1453
20260310,13.2,13.4,12.75,12.95,560,723
20260311,13,13.15,12.65,12.95,662,856
20260312,12.95,13.25,12.7,13,351,455
20260313,13,13.8,12.7,13.2,648,859
20260316,13.4,13.55,12.9,12.9,581,763
20260317,12.9,14.15,12.9,14.15,1258,1758
20260318,14.65,15.3,13.95,14,2458,3582
20260319,13.85,14.35,13.7,14,946,1330
20260320,14.1,14.75,13.95,14.05,997,1415
20260323,14.3,14.3,13.2,13.6,978,1338
20260324,13.95,14.15,12.95,13,933,1233
20260325,13.35,13.7,13.25,13.35,373,500
20260326,13.5,13.5,12.95,12.95,509,668
20260327,12.9,13.15,12.8,13.1,342,443
20260330,12.9,13.05,12.65,12.85,519,664
20260331,12.85,12.85,12.35,12.35,504,631
20260401,12.4,12.8,12.3,12.3,398,499
20260402,12.35,12.5,12.2,12.3,279,344
20260407,12.25,12.45,12.15,12.4,264,324
20260408,12.55,12.6,12.3,12.5,368,458
20260409,12.5,12.65,12.2,12.55,569,706
20260410,12.45,12.6,12.25,12.3,444,548
20260413,12.35,12.35,12.1,12.2,395,482
20260414,12.2,12.35,12.1,12.1,388,474
20260415,12.1,12.8,12.1,12.55,604,759
20260416,12.9,12.9,12.5,12.65,388,490
20260417,12.7,13.9,12.7,13.9,2552,3518
20260420,13.65,14.75,13.5,13.6,1759,2439
20260421,13.85,14.2,13.7,14.05,1179,1647
20260422,14.4,14.4,13.85,14.15,1077,1510
20260423,14.3,14.75,13.3,13.9,1587,2183
20260424,14.05,14.15,13.4,13.7,702,962
20260427,13.9,13.95,13.45,13.45,644,881
20260428,13.45,13.6,12.8,12.95,723,954
20260429,12.95,13.75,12.95,13.35,513,688
20260430,13.7,13.7,13.2,13.35,403,539
20260504,13.5,13.7,13.4,13.45,482,653
20260505,13.5,13.9,13.5,13.7,579,795
20260506,13.6,13.8,13.5,13.8,684,931
20260507,13.8,14.25,13.7,13.85,628,870
20260508,13.9,14.2,13.15,13.15,1106,1504
20260511,13.15,13.45,12.85,12.9,890,1164
20260512,12.9,13.15,12.75,13,576,746
20260513,13,14.3,13,13.8,1501,2066
20260514,13.75,13.75,13.2,13.2,844,1130
20260515,13.1,13.7,12.9,12.95,729,963
20260518,12.7,13.15,12.65,13,438,564
20260519,13,13.45,12.85,12.9,418,546
20260520,12.9,13.1,12.65,12.85,402,513
20260521,12.85,13,12.7,12.75,452,580
20260522,12.8,13,12.6,12.65,727,923
20260525,12.65,13.1,12.35,12.75,1241,1566
20260526,12.75,12.85,12.45,12.45,624,783
20260527,12.7,12.7,12.2,12.3,831,1020
20260528,12.25,12.65,12.1,12.3,847,1048
20260529,12.35,12.45,12.2,12.4,831,1023
20260601,12.55,12.7,12.1,12.5,1174,1466
20260602,12.6,13.25,12.35,13.2,1135,1441
20260603,13.3,13.75,12.85,13.45,1843,2457
20260604,13.7,13.9,13.35,13.5,941,1276
20260605,13.5,13.75,13.15,13.5,922,1237
20260608,12.2,13.2,12.2,13.1,645,815
20260609,13.25,13.25,12.9,13.2,324,426
20260610,13.25,13.65,12.95,12.95,682,910
20260611,12.95,13,12.7,12.8,421,539
20260612,12.9,13.1,12.85,12.95,235,304
20260615,13.15,14.1,13.15,13.6,1380,1889
20260616,13.7,13.85,13,13,613,811
20260617,13.1,14.2,13.05,13.7,1474,2029
20260618,13.6,13.6,13.2,13.4,668,889
20260622,13.35,13.45,13.2,13.4,780,1040
20260623,13.5,13.5,12.95,13,462,604
20260624,13,13.35,12.9,13.1,366,479
20260625,13.1,13.1,12.7,12.95,718,923
20260626,12.65,12.8,12.4,12.4,738,928
20260629,12.55,12.75,12.4,12.55,362,453
20260630,12.9,13,12.65,12.9,331,425
20260701,13.15,13.15,12.65,12.65,262,335
20260702,12.65,12.9,12.55,12.7,163,207
20260703,12.5,12.9,12.5,12.9,587,753
20260706,12.95,13.05,12.55,12.7,402,515
20260707,12.85,12.85,12.4,12.4,637,795
20260708,12.75,12.75,12.3,12.65,409,508
20260709,12.6,12.7,12.4,12.4,278,348
20260713,12.4,12.6,12.1,12.2,590,725
20260714,12.35,12.35,11.55,11.65,902,1059
20260715,11.65,12.15,11.65,12.1,285,341
20260716,12.1,12.3,11.9,12.1,202,242
20260717,12.1,12.1,11.35,11.35,799,924
20260720,11.7,11.7,11.05,11.2,292,329
20260721,11.55,11.55,11.25,11.35,177,201
20260722,11.6,11.6,11.35,11.35,172,197
20260723,11.4,11.4,11.15,11.2,239,269
20260724,11.25,11.35,11.15,11.25,145,162
20260727,11.1,11.25,10.95,11.25,234,260
20260728,11,11.1,10.8,10.9,258,283
20260729,11.3,11.3,10.5,10.6,502,534
20260730,10.6,10.8,10.5,10.5,364,388
20260731,10.9,10.95,10.7,10.95,176,191
20260803,10.95,10.95,10.65,10.9,218,236
20260804,10.9,11,10.8,10.9,149,162
20260805,10.85,10.9,10.8,10.85,316,342
20260806,10.8,10.8,10.6,10.8,189,203
20260807,10.8,10.9,10.8,10.9,131,142
20260810,11,11.5,10.95,11.4,386,436
20260811,11.4,11.5,11.2,11.2,154,173
20260812,11.5,11.75,11.4,11.5,246,284
20260813,11.5,11.7,10.7,11.15,444,495
20260814,11.3,11.35,10.95,11,154,169
20260817,11.25,11.25,10.75,11.05,258,283
20260818,11.05,11.15,10.95,10.95,73,81
20260819,10.95,11.15,10.85,11,107,117
20260820,11,11.15,10.95,10.95,90,100
20260821,10.95,11.05,10.95,11,66,73
20260824,11.05,11.15,10.9,10.9,138,152
20260825,10.8,11.1,10.8,11,62,68
20260826,11,11.2,11,11.15,120,134
20260827,11.15,11.25,11.1,11.1,139,155
20260828,11.1,11.1,11,11,71,79
20260831,10.9,11.1,10.9,11,90,99
20260901,11.1,11.15,10.95,11,104,114
20260902,10.95,11,10.8,10.85,262,284
20260903,10.9,11.1,10.8,10.8,226,247
20260904,10.8,11.05,10.8,10.8,264,287
20260907,10.9,11.85,10.85,11.85,817,946
20260908,12.9,12.9,11.5,11.55,1186,1446
20260909,11.6,11.7,11.25,11.3,292,333
20260910,11.25,11.3,11.1,11.2,167,186
20260911,11.5,12.3,11.5,12.2,1487,1808
20260914,11.1,11.9,11,11.7,791,900
20260915,11.55,11.8,11.5,11.65,251,293
20260916,11.55,11.95,11.45,11.65,246,288
20260917,11.65,12.5,11.65,12.2,407,494
20260918,12.55,12.75,12.2,12.6,981,1227
20260921,13.6,13.85,13.6,13.85,2310,3193
