# date,open,high,low,close,lot,wan
20250814,1370,1395,1365,1390,4747,658461
20250815,1395,1400,1370,1370,4476,618772
20250818,1375,1410,1375,1410,7238,1014130
20250819,1415,1430,1390,1390,6590,927444
20250820,1380,1390,1350,1355,7114,972296
20250821,1350,1375,1345,1365,4554,619684
20250822,1365,1375,1355,1365,2800,382615
20250825,1385,1410,1380,1410,5280,740327
20250826,1405,1410,1380,1400,5465,762182
20250827,1405,1410,1395,1400,3507,491343
20250828,1395,1405,1385,1385,3889,541698
20250829,1390,1405,1370,1370,4056,559693
20250901,1370,1380,1350,1360,3937,536413
20250902,1360,1380,1360,1360,3365,459612
20250903,1380,1400,1370,1395,4796,665841
20250904,1405,1405,1380,1385,3501,487259
20250905,1400,1435,1395,1435,9435,1336968
20250908,1450,1460,1425,1430,6681,962763
20250909,1445,1515,1435,1510,11956,1772045
20250910,1520,1520,1485,1490,6863,1029237
20250911,1505,1510,1480,1480,4767,712216
20250912,1495,1500,1470,1485,4412,654459
20250915,1490,1495,1480,1485,2858,425370
20250916,1500,1545,1495,1535,8933,1366516
20250917,1545,1545,1510,1510,4850,739311
20250918,1525,1530,1495,1510,3899,588663
20250919,1500,1505,1440,1440,14627,2125595
20250922,1425,1430,1400,1405,9813,1385447
20250923,1390,1405,1375,1375,12576,1741663
20250924,1345,1355,1330,1330,12756,1712706
20250925,1330,1365,1330,1345,8287,1117652
20250926,1345,1350,1310,1310,7611,1004090
20250930,1310,1325,1290,1315,8306,1089986
20251001,1305,1305,1285,1285,7752,1003951
20251002,1290,1300,1280,1280,10089,1298661
20251003,1285,1325,1285,1320,7236,946695
20251007,1325,1335,1305,1325,7486,991263
20251008,1330,1350,1325,1335,5299,707931
20251009,1350,1370,1335,1345,5265,709754
20251013,1330,1330,1300,1315,8123,1067252
20251014,1330,1340,1300,1305,5948,783537
20251015,1325,1330,1300,1315,4632,609675
20251016,1320,1340,1320,1330,4052,538344
20251017,1340,1360,1325,1330,8663,1164251
20251020,1335,1345,1325,1340,3725,496970
20251021,1350,1355,1335,1340,4221,567977
20251022,1335,1345,1325,1330,3869,516601
20251023,1325,1330,1290,1295,8788,1142510
20251027,1320,1340,1310,1335,5937,786795
20251028,1330,1335,1310,1315,5361,706204
20251029,1305,1330,1300,1300,8509,1115437
20251030,1305,1325,1300,1310,5817,763314
20251031,1300,1325,1290,1310,7731,1008746
20251103,1310,1325,1280,1300,11818,1529760
20251104,1290,1315,1285,1315,6554,856066
20251105,1295,1330,1285,1330,7083,927075
20251106,1320,1330,1290,1290,8025,1046482
20251107,1285,1295,1260,1260,8573,1089913
20251110,1250,1260,1250,1250,5623,704430
20251111,1250,1270,1240,1240,6110,763394
20251112,1240,1260,1240,1245,4411,550991
20251113,1240,1255,1235,1245,3456,430617
20251114,1230,1255,1225,1230,4561,563284
20251117,1230,1250,1225,1230,4963,612926
20251118,1220,1220,1170,1170,10222,1217008
20251119,1150,1195,1150,1160,7084,827256
20251120,1180,1205,1170,1185,7618,902400
20251121,1130,1155,1130,1145,7913,903143
20251124,1155,1170,1145,1150,10115,1167323
20251125,1175,1205,1175,1185,7622,904166
20251126,1220,1300,1215,1300,12758,1641011
20251127,1360,1370,1325,1340,20618,2766480
20251128,1375,1410,1365,1395,20748,2886006
20251201,1420,1450,1400,1445,20715,2965194
20251202,1445,1460,1410,1415,11910,1701182
20251203,1405,1435,1400,1400,10102,1426534
20251204,1405,1415,1385,1405,6589,922824
20251205,1420,1445,1405,1425,7989,1137769
20251208,1430,1440,1405,1440,6112,871141
20251209,1435,1440,1415,1420,5330,759601
20251210,1435,1460,1425,1460,9200,1331389
20251211,1445,1450,1395,1395,10005,1416501
20251212,1390,1415,1380,1405,5428,756755
20251215,1385,1450,1385,1420,10012,1425004
20251216,1420,1450,1415,1420,9342,1337064
20251217,1435,1455,1425,1425,9223,1326941
20251218,1425,1445,1415,1420,5602,799526
20251219,1440,1445,1410,1410,8310,1182666
20251222,1430,1435,1390,1400,6074,851876
20251223,1405,1405,1380,1390,5671,787595
20251224,1395,1400,1380,1380,3386,469302
20251226,1390,1395,1380,1385,3219,446482
20251229,1390,1425,1380,1420,6672,942411
20251230,1405,1430,1400,1420,4492,636146
20251231,1420,1450,1415,1430,6748,968622
20260102,1450,1495,1440,1470,12571,1847112
20260105,1510,1530,1495,1525,14470,2199455
20260106,1505,1505,1480,1485,8514,1270421
20260107,1490,1505,1475,1490,7517,1121921
20260108,1495,1500,1435,1445,9056,1318461
20260109,1455,1460,1415,1420,8607,1232729
20260112,1445,1450,1425,1445,4497,647046
20260113,1455,1485,1450,1485,10707,1577899
20260114,1485,1500,1480,1500,6438,960393
20260115,1500,1500,1465,1490,8208,1214408
20260116,1500,1525,1490,1505,11160,1684967
20260119,1510,1510,1465,1485,5944,882506
20260120,1480,1500,1470,1485,6509,966251
20260121,1470,1495,1450,1465,8818,1298106
20260122,1495,1525,1465,1485,8379,1247342
20260123,1525,1630,1525,1630,24257,3907960
20260126,1740,1790,1720,1770,24725,4351708
20260127,1755,1820,1750,1775,12660,2254718
20260128,1755,1800,1740,1780,10481,1861740
20260129,1780,1815,1770,1780,10329,1849775
20260130,1770,1775,1735,1760,11235,1969590
20260202,1715,1740,1685,1705,10074,1717462
20260203,1740,1805,1720,1795,11842,2096354
20260204,1760,1810,1740,1800,11777,2092445
20260205,1750,1800,1740,1770,16289,2877409
20260206,1745,1755,1690,1710,11898,2039999
20260209,1760,1870,1760,1830,12809,2321291
20260210,1860,1865,1820,1845,11214,2066338
20260211,1795,1865,1795,1855,8732,1602632
20260223,1880,1880,1790,1795,17359,3175838
20260224,1810,1825,1795,1825,7064,1281819
20260225,1840,1870,1830,1870,8468,1570048
20260226,1895,1975,1850,1945,14552,2809384
20260302,1945,1945,1880,1900,9622,1842952
20260303,1900,1910,1815,1815,11048,2039042
20260304,1760,1780,1715,1720,12335,2139331
20260305,1760,1800,1750,1775,8337,1479639
20260306,1745,1790,1735,1765,4669,823105
20260309,1620,1665,1610,1665,12529,2045230
20260310,1730,1730,1685,1705,5621,959486
20260311,1760,1780,1720,1765,6110,1075319
20260312,1745,1815,1735,1785,6611,1173759
20260313,1730,1745,1720,1720,7255,1255659
20260316,1720,1740,1710,1710,4716,810798
20260317,1730,1740,1715,1730,4685,808964
20260318,1730,1745,1725,1730,6292,1090760
20260319,1700,1705,1665,1680,8012,1349441
20260320,1685,1715,1655,1700,8268,1400197
20260323,1630,1645,1600,1625,7226,1174630
20260324,1655,1665,1600,1620,5767,938885
20260325,1665,1665,1620,1620,6145,1006854
20260326,1610,1640,1590,1590,7834,1261564
20260327,1560,1585,1545,1585,7674,1196999
20260330,1540,1555,1505,1510,8235,1251404
20260331,1525,1540,1490,1490,11429,1722771
20260401,1550,1550,1460,1465,11746,1757859
20260402,1500,1510,1445,1465,9302,1365863
20260407,1480,1480,1430,1470,7646,1111585
20260408,1520,1585,1505,1580,14576,2256373
20260409,1600,1600,1550,1575,8423,1325868
20260410,1600,1605,1570,1575,5739,906848
20260413,1645,1665,1620,1620,9235,1513504
20260414,1645,1745,1640,1720,12903,2195575
20260415,1805,1845,1770,1790,22780,4128549
20260416,1850,1930,1810,1895,17932,3367392
20260417,1930,1955,1885,1925,16760,3225490
20260420,1960,1965,1895,1900,11656,2242906
20260421,1930,2090,1925,2090,19460,3967905
20260422,2120,2295,2110,2295,24343,5391464
20260423,2325,2335,2170,2215,29761,6722412
20260424,2340,2435,2330,2435,22985,5536222
20260427,2470,2575,2410,2435,25539,6302338
20260428,2490,2675,2485,2615,24314,6377241
20260429,2550,2595,2500,2575,13157,3355160
20260430,2665,2685,2565,2610,17532,4599690
20260504,2870,2870,2870,2870,4020,1153701
20260505,3155,3155,3155,3155,10092,3183990
20260506,3470,3470,3155,3430,39638,13483568
20260507,3430,3430,3295,3420,8465,2842477
20260508,3320,3670,3320,3630,9526,3397754
20260511,3575,3985,3565,3880,8691,3313849
20260512,3835,3910,3700,3700,11090,4201005
20260513,3625,3680,3400,3495,9694,3429174
20260514,3585,3590,3385,3405,7104,2455968
20260515,3425,3555,3200,3260,7341,2500120
20260518,3240,3550,3150,3400,7041,2352719
20260519,3475,3495,3100,3155,10055,3266712
20260520,3195,3350,3155,3230,9296,3020245
20260521,3415,3550,3405,3550,5983,2094867
20260522,3765,3880,3675,3860,20839,7886939
20260525,4245,4245,4245,4245,4616,1959616
20260526,4375,4440,4180,4265,19541,8412099
20260527,4475,4690,4450,4640,18261,8488309
20260528,4620,4685,4270,4410,16433,7337562
20260529,4460,4485,4235,4310,23110,10008197
20260601,4440,4710,4440,4555,20084,9144324
20260602,4970,4970,4380,4525,15627,7194381
20260603,4540,4650,4420,4545,10480,4751660
20260604,4600,4685,4430,4430,11204,5094322
20260605,4360,4430,4130,4300,11919,5117716
20260608,3935,4090,3935,4070,16219,6522341
20260609,4180,4475,4130,4475,16487,7190015
20260610,4315,4520,4120,4155,17413,7516774
20260611,4085,4150,3880,4085,17557,7078948
20260612,4410,4415,4165,4180,8765,3736133
20260615,4355,4545,4350,4470,12015,5348822
20260616,4550,4565,4415,4560,11310,5106764
20260617,4495,4535,4380,4460,9198,4096696
20260618,4535,4590,4375,4390,12998,5743672
20260622,4385,4565,4380,4465,11596,5192322
20260623,4720,4785,4515,4535,18450,8533964
20260624,4480,4515,4225,4285,16421,7098875
20260625,4400,4445,4215,4310,10274,4442901
20260626,4150,4185,3880,3880,24916,9840977
20260629,3870,4000,3825,3910,11358,4454179
20260630,4145,4300,4060,4245,16095,6796642
20260701,4315,4380,4225,4335,10164,4395680
20260702,4200,4380,4150,4345,8544,3686195
20260703,4160,4230,4120,4195,12778,5320005
20260706,4250,4325,4110,4125,6897,2893024
20260707,4200,4250,3955,4030,9083,3696571
20260708,4000,4040,3955,3995,6728,2684301
20260709,3970,4050,3925,3925,7371,2927810
20260713,4095,4095,3825,3825,7033,2755431
20260714,3830,3860,3515,3660,12480,4558372
20260715,3790,3790,3665,3740,7314,2735095
20260716,3735,3755,3620,3700,6010,2217676
20260717,3470,3570,3370,3370,10967,3783337
20260720,3355,3435,3240,3340,9228,3084961
20260721,3435,3670,3410,3670,7742,2756570
20260722,4000,4000,3830,3850,13767,5378200
20260723,3950,4050,3850,3875,8514,3358788
20260724,3805,4010,3750,3750,8980,3455679
20260727,3655,3710,3525,3680,9134,3299593
20260728,3425,3460,3315,3315,11959,4029263
20260729,3315,3335,2990,3150,16174,5032953
20260730,3145,3410,3060,3235,14126,4606858
20260731,3555,3555,3555,3555,4033,1433736
20260803,3910,3910,3780,3910,7516,2928763
20260804,4095,4095,3800,3865,17319,6764347
20260805,4095,4125,3980,4000,12935,5256598
20260806,4100,4100,3905,3920,7213,2851842
20260807,3990,4010,3825,3900,6607,2590062
20260810,3920,3995,3915,3960,5873,2324043
20260811,3900,4050,3810,4020,7709,3047439
20260812,3950,4030,3950,4015,6018,2406546
20260813,4130,4295,4115,4225,12264,5158941
20260814,4400,4400,4205,4210,10696,4579129
20260817,4205,4225,4025,4050,10560,4309031
20260818,4020,4050,3885,3885,9324,3668238
20260819,3750,3910,3750,3845,7037,2699743
20260820,3820,3870,3675,3700,13214,4943567
20260821,3725,3810,3695,3790,6657,2501708
20260824,3820,3825,3745,3765,3321,1254579
20260825,3725,3735,3655,3735,5403,1994665
20260826,3730,3965,3710,3945,8370,3248279
20260827,4005,4005,3865,3865,5703,2236921
20260828,3935,4000,3925,3985,5065,2002764
20260831,3885,3945,3820,3925,7222,2809570
20260901,4315,4315,4315,4315,4932,2128008
20260902,4450,4565,4230,4275,23567,10373341
20260903,4400,4420,4290,4340,9510,4147917
20260904,4435,4490,4340,4415,9052,3990163
20260907,4500,4855,4485,4760,17178,8119334
20260908,4800,4830,4685,4710,6512,3094780
20260909,4780,4780,4625,4625,5401,2526052
20260910,4560,4730,4520,4720,6662,3089246
20260911,4635,4655,4535,4585,7592,3488713
20260914,4475,4650,4435,4560,6122,2787149
20260915,4505,4575,4430,4430,6209,2793352
20260916,4435,4625,4435,4530,6641,3021804
20260917,4565,4700,4500,4500,6496,2987746
20260918,4600,4735,4545,4710,10365,4831311
20260921,4800,5035,4780,5010,11237,5560516
20260922,5280,5480,5150,5180,12132,6458510
20260923,5220,5265,5140,5185,6425,3336349
