# date,open,high,low,close,lot,wan
20250814,80.5,80.5,79.1,79.3,1666,13252
20250815,79.3,79.5,77.4,77.5,2409,18795
20250818,77.6,81.8,76.9,80.4,5041,40431
20250819,80.9,82.7,80.5,80.6,5535,45180
20250820,80.6,80.6,77,78,3110,24362
20250821,78.2,79.9,77.6,78.1,1862,14632
20250822,77.9,79.3,77.2,77.4,1751,13660
20250825,78.5,81.5,78.5,79,3852,30780
20250826,79.8,81.3,78.3,80.4,2655,21260
20250827,81,81.2,80.2,80.7,1978,15936
20250828,81.5,82.1,79.8,80.2,3969,32105
20250829,81.2,81.3,78.8,78.8,2629,20912
20250901,78.8,79,74.7,74.7,4011,30548
20250902,75.1,77.2,73.2,74.8,3014,22591
20250903,75,76,74.5,75.5,1222,9209
20250904,76.5,82.3,75.6,78.2,9463,75479
20250905,81.2,85.6,80,83,25044,207862
20250908,83.1,84.4,82.1,83.2,9010,74880
20250909,84,84.4,82.4,82.5,7377,61319
20250910,82.5,83.2,81.8,82,4347,35813
20250911,82.6,82.7,79.6,79.6,5209,42089
20250912,80.8,80.8,79,79.1,1979,15800
20250915,79.3,79.9,77.6,79,2734,21517
20250916,79.2,81.4,78.7,81.4,3650,29277
20250917,81.8,84.2,81.3,81.7,6035,49788
20250918,82.5,86.9,82.4,85,14327,121683
20250919,85,85.3,82.2,82.7,7045,58605
20250922,83.7,84.3,82.3,82.8,3029,25203
20250923,83.2,83.8,82.2,82.3,2169,17947
20250924,82.8,82.9,81.4,81.8,2848,23361
20250925,81.9,83.1,80,80.7,2840,23015
20250926,80.7,80.7,78.3,79.5,3547,28081
20250930,79.9,81.2,79.7,81,1738,13986
20251001,81,82.4,80.7,80.7,1802,14688
20251002,81.8,82.5,79,79,2476,19838
20251003,80.9,86.5,79.6,85.5,13492,112046
20251007,83.5,83.6,79.7,80.4,12927,104627
20251008,80.5,85.4,80.1,82.8,11393,95008
20251009,82.7,83.1,80.8,82,5813,47563
20251013,78.8,84.2,78.1,82.9,9883,80553
20251014,83.5,84.6,80.8,80.8,7504,61782
20251015,81.6,81.7,79.5,81.1,3397,27399
20251016,81.6,83.3,79.7,80.2,5328,43190
20251017,80.4,81.7,79.1,79.2,3421,27348
20251020,79.3,79.7,78.4,78.6,2837,22369
20251021,79,80,78.5,78.6,1932,15311
20251022,78.6,79.1,77.9,78.7,1181,9284
20251023,78.7,79.1,77.3,78.6,1932,15065
20251027,79.3,80.6,78.9,79.7,3561,28462
20251028,80,80.9,78,78,3877,30783
20251029,78.5,78.6,75,75,7317,55731
20251030,75.5,75.7,73.5,73.5,3064,22770
20251031,73.7,74.2,73.5,73.5,1208,8918
20251103,74.1,74.4,73.4,73.4,1368,10082
20251104,73.5,74.2,71.6,72.1,1954,14215
20251105,72.1,73.2,70.9,71.1,2044,14649
20251106,71.7,72.2,70.9,71.2,1384,9885
20251107,71.2,71.2,68.7,70,2200,15382
20251110,70.9,71,69.3,70,1871,13054
20251111,70.5,77,70.2,77,8891,66824
20251112,79,84.6,77.7,83.5,27479,226011
20251113,85,91.8,84,91.8,28078,251630
20251114,91.6,96.4,88.9,91.8,42788,397729
20251117,95.4,100.5,95.4,100.5,9537,94760
20251118,100.5,104.5,95.2,102,42886,427749
20251119,101.5,103,98,98.9,16388,163594
20251120,102,107,98,98.5,29150,297926
20251121,95,98.9,90,91.1,23475,221136
20251124,94.3,97.2,87.8,89.9,23083,213492
20251125,91,95.5,89,93.8,16737,155047
20251126,94.3,98,92.5,93.3,17653,166917
20251127,94,96.8,93.4,95.5,9471,90056
20251128,97.2,102,96.7,98.3,21649,214327
20251201,99.5,105,96.6,96.6,24353,242951
20251202,96.9,98.3,93.3,94.1,11515,109973
20251203,94.6,96.6,93.2,94.1,6891,65260
20251204,95,96.2,93.1,93.9,5022,47476
20251205,94.8,97.8,93.9,96.9,6387,61274
20251208,100.5,104,94.2,95.6,23762,233033
20251209,96,96.1,91.6,92.2,10366,96495
20251210,94.4,100,93.5,94,18620,179886
20251211,94,95.6,93,94.1,7046,66315
20251212,94.9,99,93.8,95.4,12112,116601
20251215,94,94.9,92.5,92.6,6263,58463
20251216,92.4,92.4,87.5,89.2,7775,69949
20251217,91.3,98.1,91.3,98,26261,253946
20251218,100,103,90.1,90.3,50263,480659
20251219,91,91.8,89.8,90.2,10332,93559
20251222,91.1,94.4,91,93.5,9469,88088
20251223,94.1,94.5,92.3,92.3,5136,47890
20251224,92.8,93.4,91.1,91.6,3761,34596
20251226,92,93.4,91.5,91.7,2338,21550
20251229,91.9,96.5,91.6,96.3,10160,96247
20251230,95.4,95.6,92.8,93.9,8714,81893
20251231,94.6,97.7,93.6,93.9,11998,114713
20260102,94.5,96.7,93.8,96.1,7811,74404
20260105,96,97.5,94,94.5,10145,97048
20260106,96.1,99.5,95.5,96.1,16566,161617
20260107,96.2,96.3,93.3,93.3,9118,86083
20260108,93.3,94.4,91.8,91.8,6433,59544
20260109,92,94.7,91.1,91.1,8177,75595
20260112,91.6,91.8,90.5,91,4156,37805
20260113,91.5,92.1,89.3,89.8,4197,37852
20260114,90.6,91.8,90.3,91.8,3089,28170
20260115,92.8,92.8,89.3,89.6,5342,48129
20260116,90.3,92.4,88.8,91.7,5194,47189
20260119,91.4,94.8,90.7,93.8,6251,58349
20260120,93.5,94.4,92,93,3660,34056
20260121,92,98,91.7,94,11527,109600
20260122,96.1,97.8,95.1,96,12096,116862
20260123,99.4,105.5,98.7,105.5,35630,368651
20260126,114.5,116,112.5,116,30166,348715
20260127,122,127.5,121,127.5,41437,520253
20260128,127.5,132,121.5,131,45008,572179
20260129,131,135,127,128,25925,337068
20260130,124,128.5,119,128,7954,97857
20260202,125,126,120,125,5639,68936
20260203,130,130,125.5,129,3983,51191
20260204,128,133,127.5,129.5,3682,48225
20260205,131.5,142,131.5,142,11032,154409
20260206,136,140,128,136,8294,111646
20260209,143,144.5,139,142,5648,80050
20260210,143,148,143,146,5580,81359
20260211,149,154,145.5,152,6519,97893
20260223,160,160,153,157.5,6860,107752
20260224,156,157,142,143,26727,391315
20260225,142,142.5,136,139.5,17495,242699
20260226,143,147.5,139,140,12816,182010
20260302,133,140,132.5,136.5,9553,130668
20260303,137,144,134.5,135.5,11018,152276
20260304,131,135.5,124.5,125,14933,192344
20260305,131.5,137.5,130,135.5,12557,168656
20260306,132.5,136,130,135.5,7182,95529
20260309,122,125.5,122,122,7516,92175
20260310,128,131,125.5,128.5,5057,64762
20260311,130.5,141,130.5,140.5,10138,139468
20260312,137,141.5,136,138.5,8111,112325
20260313,134,152,133,152,20136,297828
20260316,157,161,147,148,27320,415575
20260317,150,162.5,147,162.5,30394,482579
20260318,164,170.5,159,163,32248,529015
20260319,158.5,166,158,161,16142,261620
20260320,159,159,150,155,2772,43283
20260323,140,146,140,143,2283,32734
20260324,147.5,150,142,146,1876,27501
20260325,159,159,154,154.5,1701,26457
20260326,154.5,154.5,147.5,147.5,1514,22780
20260327,145,150,145,149,1307,19310
20260330,145,146.5,143,146.5,830,11999
20260331,146,146,132,132.5,2067,28138
20260401,140,145,140,145,721,10313
20260402,149,149,142.5,149,1726,25444
20260407,160.5,163,142.5,144.5,12908,192267
20260408,151.5,158.5,151.5,158.5,11773,185484
20260409,158.5,174,158.5,174,23819,409561
20260410,180.5,191,174.5,185.5,32680,598798
20260413,188,199,183,194,24114,461568
20260414,196,197,186.5,191.5,19874,382946
20260415,187,187,179,181,3706,67432
20260416,186,186,183,185.5,1456,26926
20260417,185,185,183,185,1641,30224
20260420,190,200,190,198,2831,55482
20260421,201,204.5,200,204.5,2700,54405
20260422,211,224.5,211,219,3333,73067
20260423,228,235,197.5,222,3363,72820
20260424,226,232,207,224,2225,49849
20260427,229,229,215,224.5,2167,47941
20260428,225,234,224.5,230.5,2287,52439
20260429,223,253.5,222,253.5,22024,541021
20260430,258,278,242,270.5,33489,863818
20260504,280,297.5,279,297.5,16434,479427
20260505,317,318,297,307,23372,715906
20260506,302.5,310.5,285,288,23969,710733
20260507,274.5,279,265,278,3599,98557
20260508,278,289,277.5,281.5,2255,63550
20260511,291,291,281.5,281.5,2264,64635
20260512,274.5,274.5,264.5,270.5,3038,82003
20260513,261,261,252.5,255,3535,90505
20260514,268,268,257,259,1915,50035
20260515,260,260,248.5,249,2235,56365
20260518,239,253,234,253,1968,47492
20260519,250,259,250,251.5,1064,26936
20260520,255,259,255,258,1760,45314
20260521,271,283.5,267.5,278.5,11888,328614
20260522,280,283.5,268.5,271,9762,268701
20260525,280,297.5,279,297.5,9152,267048
20260526,305.5,314,288,289,12805,379926
20260527,292,299,273,276,10121,287925
20260528,279.5,282,255,261,9778,262727
20260529,264,276,263,264.5,6617,176967
20260601,267,270,256,266.5,11621,302863
20260602,268.5,276,248,253.5,10774,279281
20260603,260,278.5,260,278.5,11998,324949
20260604,278.5,286,269,274.5,15630,432821
20260605,270.5,280.5,250.5,279.5,9640,257789
20260608,252,255.5,252,252,7660,193261
20260609,254.5,255.5,242,253,9185,230370
20260610,249,276,245,246,13561,352618
20260611,245,248,226.5,245,10779,256796
20260612,255,259,249,251.5,6520,165815
20260615,257.5,266.5,248,248.5,6628,168954
20260616,252,257,244,245.5,4721,117490
20260617,241.5,251.5,238,251.5,4633,113803
20260618,252,276.5,251,276.5,10685,288906
20260622,291.5,295,270,272,17859,505936
20260623,271.5,276.5,264.5,265,6306,169977
20260624,263,267,248.5,255,8014,204595
20260625,259,259,246.5,248.5,4806,120349
20260626,248,250,224.5,225,9898,230640
20260629,226,227,217.5,224.5,5356,119644
20260630,228,244,225.5,238.5,5065,119757
20260701,241.5,243,229,231,5546,130199
20260702,227.5,254,224.5,254,8482,210977
20260703,251,258,242,249,10740,266134
20260706,248.5,270,248.5,259.5,9691,254843
20260707,261.5,264,240,242,6451,161940
20260708,242,245,233,241.5,3981,95222
20260709,245,265.5,240.5,259,13569,354067
20260713,259,262.5,249.5,251,7094,181431
20260714,251,253.5,226,234,12824,299450
20260715,239,257,238.5,257,10903,275642
20260716,257,273.5,251.5,261.5,18966,499614
20260717,250,251.5,235.5,235.5,9630,231404
20260720,234,234,212,216.5,8987,196723
20260721,216,223.5,212,218.5,10026,216620
20260722,227.5,239,225.5,232.5,7525,174388
20260723,232.5,247.5,232,239,10236,246772
20260724,234,241.5,218.5,219,7279,165586
20260727,219,230,216.5,227.5,7113,158087
20260728,214.5,220,205,205,7783,163505
20260729,200,200.5,184.5,184.5,7654,144316
20260730,166.5,187.5,166.5,171,14133,247540
20260731,188,188,181,188,6259,116456
20260803,199,206.5,196,206.5,5071,103515
20260804,221,227,214.5,221,8720,193544
20260805,231.5,239,218,218.5,8316,187725
20260806,223,234,214,229,6890,154677
20260807,224.5,236,222,231,6856,157061
20260810,247,249.5,230,233,11372,269595
20260811,233.5,235,228.5,230.5,3756,86932
20260812,231,236,229.5,230,3679,85352
20260813,231.5,241.5,230,231.5,6364,149325
20260814,233.5,236,225.5,225.5,4286,98759
20260817,223,245,222,238,9215,218817
20260818,241.5,249,235,235,9207,221259
20260819,227,246.5,224.5,235,10319,245076
20260820,240,255,227,251,16748,402861
20260821,249,251,238.5,243.5,17124,417680
20260824,247,257,243.5,249,14006,349654
20260825,244.5,258,241,258,13936,348900
20260826,255,267.5,250,262.5,17556,456687
20260827,260,265,255.5,259,4349,113249
20260828,262,264,260,261,2531,66365
20260831,260,263.5,259.5,263,2420,63357
20260901,266,276,266,276,4977,134453
20260902,272,288,270.5,288,7157,201487
20260903,304.5,307.5,259.5,259.5,34953,960590
20260904,265,265,250.5,256,12714,326226
20260907,262.5,266,252,254.5,6478,167638
20260908,257,258.5,245,245.5,6411,159828
20260909,247.5,255.5,246,249.5,4247,106422
20260910,248,249,242,242,3985,97353
20260911,236,243,235,237.5,4035,96212
20260914,231.5,238.5,228,234.5,3668,85488
20260915,234,237.5,228,228,3063,70895
20260916,229,235,228,229.5,2992,69071
20260917,234.5,237,229,229,3145,73121
20260918,233.5,238,231,237.5,3776,89015
