# date,open,high,low,close,lot,wan
20250814,48.3,48.6,47.95,48.55,262,1265
20250815,48.55,48.65,48.2,48.2,156,753
20250818,48.2,48.4,48.15,48.25,116,559
20250819,48.75,48.9,48.4,48.45,208,1010
20250820,48.45,48.45,47.9,48.05,254,1221
20250821,48,48.5,47.9,48.3,138,662
20250822,48.25,48.25,48,48.1,113,546
20250825,48.2,49.65,48.2,49.35,631,3103
20250826,49.35,49.8,49.3,49.5,231,1143
20250827,49.5,50.3,49.5,49.95,544,2723
20250828,50,50.3,49.7,49.8,328,1635
20250829,50.1,50.1,49.75,49.8,214,1066
20250901,50,50,48.95,49.1,301,1484
20250902,49.1,49.95,49,49.25,253,1245
20250903,49.25,49.55,49.2,49.25,134,661
20250904,49.9,49.9,49.35,49.5,255,1266
20250905,49.65,49.8,49.45,49.55,226,1118
20250908,49.5,49.7,49.45,49.5,303,1502
20250909,49.75,49.75,49,49.35,341,1683
20250910,49.35,49.6,49.1,49.5,375,1850
20250911,49.5,49.8,49.25,49.35,774,3834
20250912,49.4,49.8,49.4,49.6,677,3356
20250915,49.7,49.75,49.25,49.55,670,3316
20250916,49.55,49.65,49.25,49.6,1299,6432
20250917,45.8,45.8,44.45,45.05,1336,6025
20250918,45,45,44.75,44.8,398,1782
20250919,44.8,44.8,44.25,44.25,469,2080
20250922,44.05,44.05,43.5,43.65,471,2060
20250923,43.7,43.9,43.3,43.8,449,1955
20250924,44.05,44.2,43.9,43.95,275,1213
20250925,44.05,44.65,44.05,44.5,250,1108
20250926,44.5,44.55,43.75,43.85,420,1848
20250930,44.4,44.5,44.1,44.45,143,634
20251001,44.45,44.45,44.1,44.2,146,647
20251002,44.5,44.5,44.25,44.25,161,714
20251003,44,44.2,44,44.05,100,441
20251007,44,44.3,44,44.2,119,527
20251008,44.15,44.4,44.05,44.35,188,833
20251009,45,45,44.35,44.35,160,715
20251013,44.4,44.6,43.8,44.6,245,1085
20251014,45.35,45.4,44.65,44.7,256,1156
20251015,44.95,45.05,44.65,44.7,212,949
20251016,45,45.75,44.95,45.7,222,1006
20251017,45.2,46,45.2,45.5,203,925
20251020,45.5,46.3,45.5,46.15,294,1351
20251021,46.3,46.5,46,46.05,108,501
20251022,46,46.6,45.85,46.5,163,757
20251023,46.5,46.55,46.35,46.5,84,391
20251027,46.5,46.8,46.2,46.75,198,918
20251028,46.7,46.7,46.1,46.1,190,881
20251029,46.3,46.4,46.15,46.2,93,432
20251030,46.25,46.6,46.05,46.1,91,421
20251031,46.1,46.35,45.95,46.05,106,490
20251103,45.9,46.05,45.35,45.4,154,703
20251104,45.4,45.85,45.3,45.3,177,807
20251105,44.4,45.7,44.35,45.45,278,1257
20251106,47.5,48.35,47.2,48.3,985,4722
20251107,48.1,49,48,48,460,2225
20251110,48.2,48.8,47.8,47.95,313,1507
20251111,46.35,47,46.35,46.55,591,2755
20251112,46.65,47.1,46.65,47,213,1002
20251113,47.05,47.45,46.6,46.6,195,912
20251114,46.05,46.6,46,46.25,161,747
20251117,47.05,47.2,45.8,45.8,150,693
20251118,45.65,45.65,45.15,45.3,163,739
20251119,45.05,45.5,45.05,45.15,85,383
20251120,46.2,46.2,45.25,45.4,71,324
20251121,45,45.4,44.75,44.85,183,822
20251124,44.85,45.4,44.65,44.75,104,466
20251125,45.35,45.35,44.7,45.05,105,474
20251126,45,45.65,45,45.4,90,409
20251127,45.85,45.85,45.35,45.55,65,297
20251128,45.55,45.75,45.55,45.6,67,307
20251201,45.3,45.8,45.3,45.8,106,484
20251202,45.8,46.3,45.75,45.85,79,363
20251203,46.15,46.15,45.85,45.9,77,355
20251204,46,46.25,45.85,45.95,39,181
20251205,46.2,46.2,45.7,45.85,86,394
20251208,45.85,45.85,45.75,45.8,47,216
20251209,46.05,46.05,45.55,45.6,58,264
20251210,45.6,46,45.6,45.75,64,292
20251211,45.6,45.6,45.35,45.4,97,441
20251212,45.4,45.95,45.4,45.5,85,385
20251215,45.15,45.75,45.15,45.45,36,165
20251216,45.2,45.8,44.95,45.25,150,681
20251217,45.25,45.55,45.25,45.35,63,284
20251218,45.35,45.7,45.05,45.35,94,428
20251219,45.4,45.65,45.4,45.5,58,262
20251222,45.9,45.9,45.5,45.6,60,274
20251223,45.95,45.95,45.55,45.55,91,417
20251224,46,46,45.55,45.65,41,189
20251226,45.9,46.25,45.75,45.9,152,700
20251229,46.3,46.3,46,46,91,418
20251230,46.4,46.4,45.7,45.8,165,758
20251231,46.15,46.15,45.8,45.9,237,1091
20260102,46,46.25,45.95,46.1,108,496
20260105,46.15,46.15,45.55,45.55,149,683
20260106,45.55,45.8,45.45,45.55,126,573
20260107,45.55,46.5,45.5,46.5,255,1173
20260108,46.4,46.4,45.95,46.1,31,143
20260109,46,46,45.75,45.85,53,241
20260112,45.6,45.6,44.75,45.05,656,2954
20260113,45.25,45.25,44.7,44.7,369,1654
20260114,44.95,45.15,44.9,45.1,109,492
20260115,45.1,45.2,45,45.1,75,340
20260116,45.25,45.35,45.2,45.25,95,431
20260119,45.05,45.55,45.05,45.45,203,919
20260120,45.45,45.9,45.3,45.8,182,833
20260121,45.8,46.1,45.8,45.9,193,886
20260122,46,46.15,45.9,46,173,798
20260123,46.05,46.4,45.9,46.4,230,1063
20260126,46.4,46.8,46.4,46.6,178,830
20260127,46.85,46.9,46.6,46.7,197,919
20260128,46.7,46.9,46.7,46.8,249,1167
20260129,46.6,46.85,46.55,46.55,212,989
20260130,46.55,46.55,45.8,46,131,602
20260202,45.65,45.65,45.2,45.3,152,688
20260203,45.65,45.8,45.35,45.5,88,398
20260204,45.4,45.75,45.35,45.7,44,199
20260205,46.15,46.15,45.55,45.9,54,247
20260206,45.5,46.2,45.4,46.05,146,667
20260209,46.25,46.65,46.25,46.5,162,752
20260210,46.8,46.9,46.6,46.8,147,687
20260211,47,47.4,46.9,47.3,328,1549
20260223,47.5,48.1,47.25,47.9,300,1431
20260224,48.3,48.3,47.7,47.9,197,946
20260225,47.9,48.6,47.75,48.6,290,1397
20260226,48.5,48.5,47.3,47.75,483,2311
20260302,47,48,46.95,47.75,129,614
20260303,47.75,47.75,47.15,47.25,168,797
20260304,47.25,47.25,46.1,46.2,293,1362
20260305,46.3,46.85,46.3,46.75,82,383
20260306,46.75,47.2,46.4,47.1,78,366
20260309,46.6,46.6,45.7,46,178,817
20260310,46.15,46.6,46.15,46.4,82,382
20260311,46.35,47.55,46.35,47.5,161,760
20260312,47.3,47.75,47.3,47.7,120,572
20260313,47.7,47.8,47.6,47.6,112,532
20260316,47.6,47.8,47.35,47.6,86,411
20260317,47.9,47.95,47.75,47.85,177,849
20260318,48.35,48.45,47.95,48.4,208,1003
20260319,48.4,48.45,48.1,48.35,108,521
20260320,48.35,48.35,48.1,48.15,105,508
20260323,47.8,48.1,46.8,47.35,139,662
20260324,48.35,48.35,47.2,47.65,118,558
20260325,48.25,48.25,47.8,48.1,137,656
20260326,48.25,48.25,47.9,48.1,88,424
20260327,48.1,48.35,47.9,48.35,97,468
20260330,47.85,48.3,47.85,48.15,63,305
20260331,48.1,48.4,48.1,48.15,192,926
20260401,48.75,48.9,48.4,48.9,282,1372
20260402,49.3,49.9,49,49.2,298,1471
20260407,49.7,49.7,49.2,49.55,285,1408
20260408,49.9,49.9,49.4,49.5,434,2150
20260409,49.1,49.85,49.1,49.75,348,1727
20260410,49.7,50.2,49.7,49.95,324,1617
20260413,49.2,50,49.1,49.55,511,2534
20260414,49.5,50.1,49.5,50,341,1703
20260415,50,50.7,50,50.4,300,1513
20260416,50.5,52.4,50.5,52.4,415,2132
20260417,52.6,52.7,50.4,50.8,608,3147
20260420,51.8,52.5,50.7,52.4,374,1934
20260421,52.5,52.6,52,52.1,199,1042
20260422,52,52,50.9,51.2,170,874
20260423,51.1,51.2,49.6,50.5,319,1607
20260424,51.3,51.3,50.4,50.6,132,669
20260427,50.9,51.5,50.7,51.3,225,1149
20260428,51.6,52,51.5,51.6,126,653
20260429,52,52,51,51.4,226,1161
20260430,51.4,52.5,51.4,51.8,293,1525
20260504,51.8,51.8,50.7,50.8,218,1111
20260505,51.2,51.3,50.4,51.3,180,919
20260506,51.7,51.7,50.4,51,230,1172
20260507,51,51.8,50.9,51.7,261,1346
20260508,52.3,52.3,51.6,51.9,160,831
20260511,51.9,52.6,51.8,52.5,181,946
20260512,52.7,52.7,51.9,51.9,168,874
20260513,51.7,51.9,51.2,51.7,169,872
20260514,51.7,51.8,51.6,51.8,109,561
20260515,52,52.5,51.3,51.3,217,1122
20260518,51.1,51.6,51.1,51.4,87,449
20260519,51.5,52,50.9,51.8,120,618
20260520,52.3,52.3,51.9,52.1,88,456
20260521,52.3,52.5,52.2,52.4,201,1054
20260522,52.9,54.5,52.6,54.4,594,3180
20260525,54.5,54.5,53.3,53.7,303,1623
20260526,54,54,53,53.2,223,1192
20260527,53.5,53.5,52.8,53.1,168,891
20260528,53.2,53.4,52.8,53,270,1431
20260529,53.8,53.9,53,53.1,129,686
20260601,53.1,54.1,53.1,54.1,166,892
20260602,54.1,54.4,53.6,53.7,223,1203
20260603,53.8,54.5,53.8,54.2,90,490
20260604,54.2,54.3,53.8,54,144,779
20260605,53.4,53.8,53.2,53.5,72,386
20260608,52.9,52.9,51.5,52.2,222,1159
20260609,52.3,53.3,52.3,53.1,131,695
20260610,52.6,53.9,52.5,52.7,121,642
20260611,52.7,53.1,52.4,52.9,128,675
20260612,52.5,53.6,52.5,53.2,108,576
20260615,53.4,53.9,53.4,53.5,153,819
20260616,53.6,53.9,53.5,53.5,100,536
20260617,53.6,54.2,53.4,54,157,848
20260618,54.3,55.4,54.2,54.8,282,1543
20260622,55,55.4,54.6,54.8,107,590
20260623,54.8,54.9,54.2,54.5,112,609
20260624,54.2,54.6,54.2,54.4,95,517
20260625,54.4,55.2,54.4,54.9,219,1197
20260626,54.4,54.7,53.9,54.1,167,906
20260629,53.6,54.4,53.6,54.1,159,859
20260630,53.9,54.4,53.9,54.3,68,370
20260701,54.4,54.5,54.1,54.4,118,642
20260702,54.2,54.4,53.8,54.1,244,1270
20260703,54,54.6,54,54.4,164,891
20260706,54.5,54.6,53.7,54.3,409,2215
20260707,54.3,54.4,53.6,53.7,244,1314
20260708,53.8,53.8,53.2,53.7,336,1797
20260709,50.5,50.5,48.3,48.4,773,3778
20260713,49.85,49.85,48.65,49.15,387,1900
20260714,49.3,49.3,47.9,48.8,443,2140
20260715,48.85,49.25,48.15,48.35,1164,5654
20260716,48.35,49.5,48.1,49.5,374,1829
20260717,49,49.5,48.7,49.1,173,848
20260720,49.8,50.5,49.5,49.65,209,1045
20260721,49.65,50.1,49.5,49.6,90,448
20260722,49.7,49.7,49.4,49.4,107,529
20260723,49.25,49.7,49.2,49.7,101,499
20260724,49.8,49.8,49.4,49.75,103,510
20260727,49.9,49.9,49.6,49.7,83,413
20260728,49.7,49.7,48.35,48.55,161,787
20260729,48.95,48.95,47.5,48.5,279,1339
20260730,49.1,49.4,48.5,48.7,146,713
20260731,49.7,50.7,49.45,50.6,201,1010
20260803,49.8,50.9,49.8,50.8,89,452
20260804,48.35,48.35,47.1,48.25,405,1938
20260805,48.4,48.75,48.35,48.5,211,1024
20260806,48.4,48.75,48.2,48.6,107,517
20260807,48.45,49.05,48.45,49,73,358
20260810,49.5,49.7,49,49.65,648,2922
20260811,49.9,50.6,49.4,50.3,192,959
20260812,50.3,50.8,50.2,50.4,134,679
20260813,50.4,50.4,49.6,50.1,103,517
20260814,49.85,50,49.6,49.85,61,302
20260817,50.5,50.6,49.65,49.65,81,402
20260818,49.3,49.95,49,49.15,99,487
20260819,48.9,48.95,48.5,48.6,37,182
20260820,48.6,48.85,48.55,48.7,37,178
20260821,48.75,49.05,48.6,48.85,94,460
20260824,48.85,48.9,48.4,48.9,138,668
20260825,48.3,48.65,48.25,48.35,60,291
20260826,48.4,48.9,48.2,48.45,74,357
20260827,48.4,48.8,48.35,48.5,72,351
20260828,48.5,48.85,48.5,48.5,40,193
20260831,48.1,48.5,48.1,48.5,58,280
20260901,48.25,48.65,48.25,48.25,76,369
20260902,48.05,48.4,48.05,48.3,36,176
20260903,48.75,48.75,48.35,48.4,63,307
20260904,48.65,48.65,48.4,48.55,68,328
20260907,49.45,49.45,48.5,48.7,128,623
20260908,48.35,48.5,48.35,48.35,48,233
20260909,48.4,49.3,48.25,48.25,105,510
20260910,48.5,48.5,48.15,48.15,47,228
20260911,49.1,49.1,48.25,48.55,159,773
20260914,48.25,48.7,48.25,48.35,80,390
20260915,48.2,48.85,48.2,48.3,55,267
20260916,48.3,48.75,48.3,48.6,20,97
20260917,48.5,48.8,48.5,48.65,101,489
20260918,48.65,48.85,48.5,48.75,58,284
20260921,48.75,48.95,48.7,48.75,47,230
20260922,49.1,49.8,48.8,49.1,154,757
20260923,49.45,49.5,48.9,49.1,31,151
20260924,49.45,49.8,48.85,48.85,43,212
