# date,open,high,low,close,lot,wan
20250814,13.15,13.55,13.15,13.35,4556,6101
20250815,13.4,13.45,13.2,13.35,1742,2321
20250818,13.35,13.9,13.3,13.65,3618,4936
20250819,13.65,13.8,13.35,13.7,3192,4331
20250820,13.55,13.6,13.15,13.2,3206,4263
20250821,13.25,13.6,13.25,13.55,2603,3509
20250822,13.55,13.65,13.25,13.3,1607,2150
20250825,13.45,13.7,13.35,13.35,2581,3491
20250826,13.35,13.45,13.25,13.35,1520,2029
20250827,13.5,14.15,13.5,13.8,6891,9565
20250828,13.8,13.95,13.65,13.9,2271,3140
20250829,14,14.05,13.65,13.75,2027,2793
20250901,13.7,13.9,13.55,13.65,2219,3047
20250902,13.7,13.75,13.3,13.4,1580,2126
20250903,13.35,13.45,13.3,13.45,1693,2266
20250904,13.5,13.75,13.5,13.6,1763,2403
20250905,13.65,13.8,13.5,13.75,1393,1902
20250908,13.8,14.1,13.7,13.8,2848,3949
20250909,13.85,13.9,13.6,13.7,1931,2646
20250910,13.7,13.9,13.45,13.8,3007,4112
20250911,13.8,13.8,13.15,13.2,3958,5296
20250912,13.25,13.45,13.25,13.3,1615,2151
20250915,13.3,13.45,13.15,13.2,1621,2150
20250916,13.25,13.35,13.1,13.3,2219,2933
20250917,13.25,13.75,13.25,13.45,4022,5453
20250918,13.45,13.65,13.35,13.5,2231,3007
20250919,13.6,13.7,13.4,13.6,3127,4243
20250922,13.7,13.75,13.5,13.55,2180,2962
20250923,13.6,13.7,13.45,13.55,3195,4330
20250924,13.5,13.6,13.3,13.35,3102,4155
20251007,13.7,13.9,13.5,13.7,2652,3639
20251008,13.9,15.05,13.85,15.05,10896,16071
20251009,15.25,16.05,15.05,15.8,20370,31688
20251013,15.2,16.2,15,16.2,9468,14870
20251014,16.35,16.5,15.15,15.25,8912,13994
20251015,15.3,15.5,15.05,15.2,3333,5053
20251016,15.3,15.5,15.2,15.25,2543,3888
20251017,15.3,15.4,15.1,15.2,2053,3127
20251020,15.35,15.4,15.05,15.25,2264,3455
20251021,15.4,15.75,15.3,15.3,3539,5494
20251022,15.3,15.65,15.25,15.5,2297,3561
20251023,15.6,15.75,15.45,15.6,3593,5610
20251027,15.2,15.3,15.05,15.05,3496,5300
20251028,15.1,15.2,14.65,14.7,2403,3561
20251029,14.65,14.75,14.4,14.5,2349,3409
20251030,14.5,14.5,14.15,14.2,3043,4349
20251031,14.4,14.4,14.05,14.05,1685,2377
20251103,14.2,14.3,14,14.1,1438,2028
20251104,14.1,14.15,13.85,14,2424,3397
20251105,13.95,13.95,13.65,13.9,1493,2060
20251106,14,14.25,13.9,14.15,2781,3911
20251107,14.05,14.25,13.7,13.75,3070,4249
20251110,13.8,14.2,13.7,14,2487,3479
20251111,14.15,14.35,14.1,14.2,2512,3576
20251112,14.3,14.75,14.25,14.65,3610,5247
20251113,14.95,15.55,14.9,15.3,7654,11688
20251114,15.25,15.4,15.05,15.15,2897,4414
20251117,15.25,15.45,15.1,15.1,2417,3676
20251118,15,15.35,14.8,15.2,4057,6154
20251119,15.4,15.4,14.65,14.75,3738,5569
20251120,14.9,15.05,14.65,14.7,2194,3243
20251121,14.6,14.85,14.5,14.65,2432,3561
20251124,14.75,15,14.25,14.3,2782,4024
20251125,14.45,14.6,14.4,14.6,1440,2089
20251126,14.7,15,14.7,14.8,1675,2494
20251127,14.85,15,14.7,14.95,1126,1673
20251128,15,15.25,14.85,15.15,2131,3208
20251201,15.15,15.25,15,15.1,2071,3133
20251202,15.1,15.2,15,15,941,1420
20251203,15.05,15.15,14.9,15,999,1501
20251204,15,15.25,14.95,15,1575,2374
20251205,15.05,15.15,14.8,14.95,1862,2779
20251208,14.95,15,14.75,14.75,1376,2040
20251209,14.6,14.75,14.45,14.55,1779,2590
20251210,14.55,14.65,14.35,14.35,2190,3170
20251211,14.5,14.7,14.3,14.65,2072,3009
20251212,14.75,14.9,14.35,14.4,3124,4569
20251215,14.35,14.9,14.3,14.85,2652,3899
20251216,14.7,14.85,14.55,14.8,2262,3330
20251217,14.85,15.05,14.5,14.6,3636,5364
20251218,14.65,14.75,14.45,14.55,2091,3050
20251219,14.55,14.85,14.55,14.75,1433,2113
20251222,14.9,15.55,14.9,15.2,6900,10523
20251223,15.25,15.35,14.75,14.75,3764,5629
20251224,14.85,14.95,14.5,14.6,2869,4205
20251226,14.7,14.7,14.5,14.6,1968,2872
20251229,14.6,15.15,14.6,14.9,4292,6413
20251230,14.9,15.05,14.75,15,2285,3402
20251231,15.1,15.4,15.05,15.15,4510,6869
20260102,15.3,15.7,15.25,15.4,4556,7048
20260105,15.7,16.15,15.6,15.75,9144,14484
20260106,15.9,17.3,15.9,17.3,28595,48583
20260107,17.6,18,16.75,16.75,35699,61725
20260108,16.75,16.8,15.75,15.8,11541,18629
20260109,15.8,16.05,15.3,15.65,5254,8194
20260112,15.6,16.2,15.35,15.75,6567,10394
20260113,15.8,15.9,15.5,15.8,4015,6303
20260114,15.9,16.5,15.85,16.45,7414,12054
20260115,16.45,16.45,16.1,16.3,3558,5776
20260116,16.5,16.6,16.3,16.4,3614,5935
20260119,16.25,18,16.25,18,17201,30373
20260120,19,19.8,18.85,19.15,54396,106278
20260121,19.15,21.05,19,21.05,34663,72408
20260122,23,23.15,22.6,23.15,33015,76301
20260123,23.1,23.9,21.6,22,95842,218603
20260126,22.2,24.2,22.2,24.2,28686,67701
20260127,24.1,24.9,22.85,23.55,64508,153648
20260128,23,23,22.4,22.4,8029,18084
20260129,22.75,22.8,21,21.15,9542,20628
20260130,21,21,19.4,20.3,10083,20080
20260202,20,21.2,20,20.5,5281,10870
20260203,21.2,21.45,21.05,21.35,4126,8788
20260204,21.35,22.95,21.35,22.8,5630,12603
20260205,22.8,23.6,22.8,22.9,7163,16607
20260206,22.9,23.1,21.8,22.75,3700,8366
20260209,23.7,24.25,22.4,23.75,10731,25323
20260210,24.3,25.25,24,25.2,19278,47922
20260211,25.85,27.7,23.25,27.1,96537,256355
20260223,29.8,29.8,29.8,29.8,15518,46244
20260224,32.75,32.75,32.75,32.75,9685,31718
20260225,36,36,36,36,15019,54069
20260226,38.5,39.6,37.75,39.6,57332,223849
20260302,41.05,43.55,41.05,43.55,24782,106348
20260303,47.9,47.9,39.2,40.3,40407,173593
20260304,42.6,42.6,37.95,41.5,17481,70682
20260305,45.5,45.65,41.5,43.45,17722,78440
20260306,43.45,44.9,42.2,43.65,8054,35277
20260309,39.3,39.3,39.3,39.3,2415,9493
20260310,39,39,35.4,35.4,16681,60501
20260311,38.9,38.9,37.25,37.45,12872,49185
20260312,37.75,38.85,37.1,37.6,6361,24039
20260313,36.8,41.35,36.8,41.35,8743,34940
20260316,42.85,42.85,40.95,41.9,6431,26742
20260317,42,44,39,39.9,9875,40537
20260318,39.9,39.9,38,39,21218,82501
20260319,40.35,42.9,39.8,42.9,23086,96578
20260320,47.15,47.15,38.65,38.65,145087,589535
20260323,34.8,36.1,34.8,34.8,27125,94756
20260324,36.45,36.8,31.35,31.5,92689,307753
20260325,33.9,34.65,31.5,32.6,100249,331106
20260326,32.8,33.1,29.45,31.9,72323,226581
20260327,31.4,35.05,31,35.05,58295,196785
20260330,35.05,35.5,32.1,32.7,72307,242454
20260331,32.85,34.15,30.9,31.25,59392,190845
20260401,33,34.35,32.65,33.4,53628,180504
20260402,33.65,34.7,31.8,32.2,50918,168246
20260407,33.1,35.4,33.05,35.4,59321,207520
20260408,38.45,38.9,38.15,38.9,34718,134625
20260409,41.3,42.75,41,42.75,63672,268440
20260410,44.6,47,40.6,45.3,226976,999132
20260413,47.05,49.8,46.35,47.7,167988,808968
20260414,46.5,47.3,44.2,45.7,93579,426948
20260415,44,44,42.15,42.25,16638,70995
20260416,43.3,45,42,44,7212,31147
20260417,44.45,46,44.4,44.65,5151,23169
20260420,44.95,44.95,42.6,42.6,7488,32571
20260421,43.5,44.5,41.6,44.5,6949,29687
20260422,43.1,44.5,43.1,44.1,4473,19733
20260423,44.75,44.75,39.8,41.4,8696,35581
20260424,42.3,42.55,38.5,38.5,8268,32506
20260427,37.1,37.1,34.65,35.25,14440,50822
20260428,37.5,38.75,36,38.2,9118,34451
20260429,38.85,42,37.5,42,85451,347846
20260430,42,45.5,41.5,42.1,108917,470945
20260504,42.1,42.8,41.25,42,42868,179816
20260505,41.55,46.2,40.35,46.2,87302,383492
20260506,47.9,48.85,43.55,44.4,129770,597075
20260507,44.4,46.2,43.9,44.25,52071,233618
20260508,43.8,44.9,41.4,41.6,38356,163753
20260511,42,43.95,41.6,43,25669,110052
20260512,42.6,44.8,41.75,41.8,35037,149513
20260513,41,41.5,40,41.3,21241,86294
20260514,41.6,42.45,40.25,40.55,24691,101523
20260515,40.65,41.4,39.05,40.35,21839,87751
20260518,40.3,40.3,37.5,39.75,22811,88832
20260519,39.75,42.65,39.5,41.5,33625,137870
20260520,41.55,44,40.55,42.55,66609,284032
20260521,44.3,46.8,43.2,46.8,97195,444465
20260522,50.7,51.4,50.7,51.4,29542,151414
20260525,56.5,56.5,56.5,56.5,6707,37892
20260526,57.5,57.7,50.9,51.7,127852,675554
20260527,53.1,53.2,48.3,50.7,80205,405382
20260528,50.7,52.8,47.2,48,70715,351308
20260529,48.6,50.4,48.35,49.5,37165,183190
20260601,50.1,50.4,48.65,48.65,31392,154944
20260602,49.7,50.8,47.15,47.8,31703,154110
20260603,48.5,52.5,48.5,50.1,76507,387226
20260604,49.1,49.4,48,49.05,24152,117343
20260605,48,49.3,46.2,48.4,24065,115218
20260608,43.6,43.6,43.6,43.6,7072,30835
20260609,43.65,44.6,42.15,44.25,30088,131061
20260610,43.6,45,40.7,40.8,26669,114230
20260611,40.9,42.5,39.5,41,21620,88476
20260612,42.8,43.4,41.65,41.65,12526,53033
20260615,42.7,45.8,42.45,45,23641,105905
20260616,45.5,49.5,45.45,45.9,64135,307752
20260617,46,49.6,45.5,48.6,59390,286174
20260618,49,49.2,47.7,48.15,27365,132150
20260622,48.25,51.9,48.2,50.7,62618,315472
20260623,51.1,51.2,47.35,47.35,37518,183924
20260624,46.2,48.75,46.15,47.1,20138,95380
20260625,47.4,48.3,46.05,46.1,13909,65390
20260626,46,46.9,42,42.15,21675,95243
20260629,43,43.5,41.5,42.35,10020,42624
20260630,43.1,43.9,42.55,43.3,8871,38269
20260701,44,45,40.8,40.9,24587,103622
20260702,40.2,42.1,39.6,41.6,12426,51036
20260703,40.8,42,40.55,41.7,6717,27753
20260706,42,42.6,41,41.05,9588,39949
20260707,41.25,42.25,38.4,39.05,18309,72704
20260708,39.1,39.25,37.9,38.65,8860,34172
20260709,39.05,39.35,38.2,38.4,6680,25906
20260713,39,40.3,36.5,38.25,15070,58031
20260714,38.35,39.25,34.45,36,17062,61060
20260715,36.8,37.2,35.8,36.6,7088,25846
20260716,36.6,36.65,35.15,35.2,6197,22038
20260717,34.4,34.5,32.05,32.15,14493,47683
20260720,32,32.3,29.5,30.6,13173,40479
20260721,31.5,31.5,30.25,30.65,8837,27128
20260722,31.5,32.2,31.05,31.6,6021,19109
20260723,32,32.85,31.1,31.75,6277,20026
20260724,31.4,31.6,30,30.1,5667,17323
20260727,30.1,30.3,28.9,30.05,8236,24310
20260728,29.2,29.2,27.4,27.45,12989,36376
20260729,27.45,27.8,24.8,26.1,15447,39781
20260730,25.2,26.6,24.05,24.5,10447,26398
20260731,26.75,26.95,25.95,26.7,9198,24477
20260803,26.65,28.1,26.3,27.9,7320,20195
20260804,27.9,30.25,27.45,30.1,9912,28718
20260805,31.15,33.1,31,33.1,23176,74945
20260806,33.05,33.05,30.5,31.7,27452,86457
20260807,32.15,33,30.75,30.85,11666,36864
20260810,31.9,33.7,31.75,33.4,15376,50144
20260811,33.4,33.7,32.3,32.75,10490,34499
20260812,33.05,33.3,32.75,33,6908,22829
20260813,33.3,33.55,32,32,8329,27061
20260814,32.3,32.35,31.15,31.5,6469,20478
20260817,31.5,32.25,30.8,32.2,7114,22603
20260818,32.4,32.45,30.8,31.1,5085,15933
20260819,30.45,31.8,30.2,31.3,6925,21588
20260820,31.55,32.6,30.7,32.45,6410,20179
20260821,33,35.65,33,35.65,35364,124219
20260824,37.65,39.2,36.85,36.9,70238,267394
20260825,36.15,40.55,34.5,40.55,70188,267014
20260826,40.9,43.5,40.7,41.5,127755,539173
20260827,40.5,42.35,39.8,40.05,50360,205746
20260828,40,42.5,39.1,40.2,49525,202182
20260831,40,44.2,40,42.2,89725,385284
20260901,42.2,45,41.75,42.8,102064,444084
20260902,42.5,44.95,42.15,42.25,64396,278902
20260903,42.6,43.3,39.9,40.9,40969,169765
20260904,41.05,41.45,39.2,41,30905,124854
20260907,41,41.65,40.55,40.9,18408,75474
20260908,41.15,41.5,39.15,39.15,14853,59302
20260909,39.85,40.55,39,39.45,16922,67208
20260910,39.15,39.15,38.4,38.6,8504,32955
20260911,36.7,37.65,36.7,36.9,12151,45047
20260914,36.8,40.4,36.2,39.3,20867,80919
20260915,39.3,39.6,37.4,37.5,15675,60538
20260916,37.8,41.25,37.6,41.25,36282,146679
20260917,42,44.75,41.35,43.2,123007,533934
20260918,43.65,44.5,42.65,44.15,79748,348313
20260921,44.5,45.5,42.55,43,43474,189286
20260922,43.1,43.7,41.9,41.95,29553,125916
20260923,42.25,42.65,40.85,41.05,14619,60722
