# date,open,high,low,close,lot,wan
20250814,41.65,42.2,41.3,41.4,218,914
20250815,41.05,41.4,41,41.35,152,626
20250818,41.25,42.9,41.25,42.1,321,1356
20250819,42.8,42.8,40.15,42.15,454,1870
20250820,41.75,41.75,40.7,41.45,260,1069
20250821,41.2,42.35,41.2,41.65,214,899
20250822,41,41,40.45,41,232,946
20250825,40.9,41.3,40.8,41.3,136,558
20250826,41,41.25,40.55,40.8,176,717
20250827,40.55,41.1,40.55,41,131,536
20250828,40.65,42.35,40.65,42,267,1115
20250829,42.2,42.45,41.55,42,89,371
20250901,42.5,42.95,41.15,41.3,136,567
20250902,41.3,43.5,40.8,43.5,338,1423
20250903,43.05,45.65,42.8,44.7,554,2460
20250904,45.45,49.15,45.05,49.15,999,4812
20250905,52.5,54,49.1,49.1,6044,31355
20250908,48.8,48.8,45,45.45,1107,5128
20250909,45.8,46.4,44.65,45.2,445,2028
20250910,45.5,45.5,44.2,44.35,243,1083
20250911,44.3,44.3,43.3,43.3,267,1165
20250912,43.2,46.6,43.2,46.05,991,4541
20250915,45.6,48.4,45.3,46.75,980,4592
20250916,47,51.4,46.95,50.3,2139,10683
20250917,50.1,52.5,49.25,51.6,1660,8484
20250918,51.6,52.5,49.3,49.35,961,4830
20250919,47.5,48.2,45.3,45.3,1261,5825
20250922,45.6,46.2,45.35,45.95,319,1461
20250923,45.85,48.65,45.6,47.4,547,2567
20250924,47.25,47.4,46.5,46.6,365,1710
20250925,46.9,47.5,46.75,46.95,249,1174
20250926,47.4,47.5,45.45,45.8,271,1240
20250930,46.45,46.5,45.4,46.4,187,862
20251001,46.9,47.8,45.6,45.85,222,1029
20251002,45.75,46.2,45.35,45.9,166,756
20251003,46.05,46.5,45.2,45.4,203,927
20251007,45.6,45.6,43.7,44.4,363,1610
20251008,44.5,45.2,44.25,44.75,128,574
20251009,44.75,45,44.55,44.55,130,581
20251013,44.7,45.15,43.2,44.8,191,849
20251014,44.35,45.6,43.6,43.9,256,1137
20251015,43.65,45.45,43.6,44.3,2007,8998
20251016,44.75,44.85,43.45,43.7,281,1232
20251017,43.95,44,43.45,43.85,50,218
20251020,43.55,43.6,42.85,43.35,269,1163
20251021,42.85,43.4,42.55,42.55,211,906
20251022,42.55,42.95,42.15,42.5,197,839
20251023,42.5,43.2,42.1,42.2,145,619
20251027,42.5,43.65,41.9,43.15,271,1166
20251028,43.6,43.6,42.5,42.6,133,569
20251029,42.7,42.7,42.25,42.35,86,367
20251030,42.4,43.35,42.2,42.2,134,569
20251031,42.35,42.35,41,41.75,415,1720
20251103,41.3,41.45,40.95,41.45,273,1123
20251104,41.1,41.1,40.5,40.5,320,1305
20251105,40.4,40.4,39.5,39.9,162,647
20251106,40.2,42.75,39.9,42.3,375,1557
20251107,41.7,42.5,40.9,41.5,303,1266
20251110,41.5,41.5,40.6,40.6,105,427
20251111,40.5,41.05,40,40.9,156,631
20251112,40.9,41.4,40.8,41,138,565
20251113,41.25,41.3,40.85,41,52,212
20251114,41,41.35,40.55,41.35,92,377
20251117,41.2,41.4,40.6,40.8,83,339
20251118,40.6,40.6,39.95,39.95,137,551
20251119,40.6,40.6,39.25,39.7,128,513
20251120,40,40.4,39.8,40.3,42,167
20251121,40.8,41.25,39.8,40.95,161,657
20251124,41.1,42,40.7,42,139,578
20251125,42,43.1,41.6,42.55,246,1052
20251126,42.6,44.1,42.6,44.1,306,1334
20251127,44.1,45,43.75,44.4,123,545
20251128,44.45,44.9,44.4,44.75,156,698
20251201,44.4,44.4,42.95,42.95,112,489
20251202,43,43.25,42.7,42.7,58,250
20251203,43.1,43.1,42.4,42.5,70,299
20251204,42.4,42.8,42.4,42.45,33,143
20251205,42.4,42.6,42.1,42.2,54,231
20251208,42.55,42.55,41.8,42.05,43,180
20251209,41.8,42.1,41.45,41.6,31,131
20251210,41.9,42.05,41.3,41.35,79,329
20251211,41.1,42,40.7,41.1,105,433
20251212,41.65,42.2,41.4,41.4,56,235
20251215,41.85,42,41.15,41.25,65,268
20251216,41.6,41.8,40.4,40.55,96,391
20251217,41.05,44.6,41.05,43.2,1342,5924
20251218,43.3,44.25,42,42.15,312,1329
20251219,42.9,43.2,42,42.4,161,686
20251222,42.75,42.75,41.8,42.35,133,559
20251223,42.6,42.8,42.35,42.6,78,332
20251224,43,45.45,43,44,511,2269
20251226,44.45,44.5,43.2,43.55,93,404
20251229,43.65,44.2,43.05,43.6,79,344
20251230,43.85,43.9,42.75,42.8,48,206
20251231,43.3,43.7,42.4,42.7,51,217
20260102,42.5,42.85,42.1,42.25,54,230
20260105,41.85,41.85,41.35,41.4,122,507
20260106,41.55,41.8,41.05,41.15,107,440
20260107,41.35,41.75,41.1,41.2,142,587
20260108,41.1,41.85,41.1,41.3,56,234
20260109,41.7,41.7,41.2,41.65,75,313
20260112,41.7,41.7,41.4,41.5,73,302
20260113,41.8,41.8,41.15,41.4,67,275
20260114,41.5,43.75,41.5,43.15,510,2203
20260115,43.55,43.55,42.7,43,143,614
20260116,44,44,41.8,41.95,161,684
20260119,41.4,44,41.3,43.2,443,1910
20260120,42.45,42.7,41.8,41.8,170,716
20260121,41.7,42.4,40.95,42.3,397,1644
20260122,42,42,41.6,41.6,80,333
20260123,41.8,41.8,41.35,41.5,60,251
20260126,41.5,41.55,41.15,41.2,88,365
20260127,41.5,42.8,41.2,42.3,176,740
20260128,42.3,42.3,41.65,41.8,64,266
20260129,42.25,42.25,41.4,41.75,69,287
20260130,41.5,42,41.15,41.5,155,648
20260202,41.2,41.2,40.75,40.75,105,430
20260203,40.6,41,40.55,40.7,103,419
20260204,40.6,41.05,40.55,41.05,67,272
20260205,41,41.5,41,41.05,83,343
20260206,40.7,40.7,39.65,40.35,56,226
20260209,40.15,41.25,40.15,40.3,82,332
20260210,40.95,41,40.6,40.9,106,434
20260211,40.75,41.45,40.3,41.4,131,538
20260223,42.4,42.4,41.55,42,181,761
20260224,42.5,43.9,42.05,43.1,382,1655
20260225,42.75,43,42.35,42.85,111,476
20260226,42.95,43.3,42.85,43.25,118,507
20260302,43,43,42.45,42.9,62,266
20260303,42.2,42.85,41.9,42.2,110,465
20260304,41.3,41.3,40.4,41,187,765
20260305,41.45,41.45,40.7,41.15,49,200
20260306,41.05,41.05,40.35,40.9,65,263
20260309,39.45,39.6,38.25,38.65,298,1161
20260310,39.25,40.55,39.15,39.85,201,800
20260311,39.8,40.25,39.8,40.25,55,219
20260312,40.5,41.45,40.05,40.45,324,1322
20260313,40.05,40.05,39.6,39.75,100,396
20260316,39.45,40,39,39.1,226,887
20260317,39.05,39.3,39,39.1,119,466
20260318,39.1,39.4,39,39.4,64,251
20260319,38.9,39.25,38.9,38.9,78,304
20260320,41,41.5,39.15,39.2,302,1218
20260323,38.5,38.6,37.65,37.9,221,839
20260324,37.9,38.25,37.05,37.5,157,587
20260325,38.2,39,37.7,38.3,120,459
20260326,38.7,38.7,37.55,37.55,41,155
20260327,37.55,37.8,37.45,37.8,26,99
20260330,37.1,37.35,37,37.05,69,257
20260331,36.7,37.55,36.6,37.45,138,511
20260401,37.2,39.15,37.2,38.75,143,555
20260402,38.4,38.5,38.05,38.1,41,158
20260407,38.4,38.4,38.1,38.15,40,153
20260408,38.75,39.35,38.2,39,111,433
20260409,38.85,38.85,38,38.5,76,293
20260410,38.5,39.3,38.5,38.6,87,338
20260413,38.8,39,38.3,38.7,63,243
20260414,39.1,39.1,38.5,38.95,108,417
20260415,38.5,39.4,38.5,38.95,84,328
20260416,39.25,39.85,39.15,39.85,144,572
20260417,39.75,39.75,39,39.75,100,395
20260420,39.4,40.3,39.3,39.7,71,280
20260421,39.7,40.1,39.45,39.85,82,328
20260422,40.1,40.1,38.5,39,67,261
20260423,38.75,38.85,37.4,37.5,101,382
20260424,37.45,37.7,37.05,37.5,70,262
20260427,37.35,37.35,36.75,36.8,86,317
20260428,36.95,37.25,36.7,36.9,59,218
20260429,37.35,38.05,36.9,37.7,191,720
20260430,37.35,37.35,36.75,36.75,83,309
20260504,37.25,37.25,36.4,36.4,73,267
20260505,36.2,36.4,36,36.1,68,245
20260506,36.55,36.55,36.15,36.35,80,291
20260507,36.25,36.45,35.85,36.4,136,491
20260508,36.6,38,36.3,36.85,246,915
20260511,36.95,37.2,36.55,36.8,42,155
20260512,37.05,37.05,36.2,36.35,76,276
20260513,36.6,36.6,35.05,35.5,125,445
20260514,35.55,35.55,34.25,34.25,158,550
20260515,34.6,34.6,33.2,33.2,234,783
20260518,33.2,35.95,32.8,34.8,242,836
20260519,34.4,35.1,34.25,34.45,37,128
20260520,34.05,34.45,33.75,34.3,39,132
20260521,34.1,34.6,34.1,34.2,44,152
20260522,34.05,34.15,33.3,33.35,79,266
20260525,33.2,33.2,32.5,32.7,451,1470
20260526,32.55,33.25,32.55,33.25,85,280
20260527,32.75,33.4,32.6,33.25,55,183
20260528,33.55,34.35,33.5,34.05,142,482
20260529,34.05,34.6,34,34.45,86,295
20260601,34.45,35.5,34.45,35.45,185,645
20260602,35.45,35.8,33.5,33.95,350,1191
20260603,34.45,36.35,34.45,35.75,314,1121
20260604,36.2,37.35,35.1,36.25,169,612
20260605,36.25,36.45,35.7,36.25,71,254
20260608,35,35,33.55,34.1,107,367
20260609,33.6,34.2,33.5,34.1,158,533
20260610,33.9,37.5,33.7,37.5,476,1748
20260611,38.45,39.75,35.8,35.9,1392,5275
20260612,36.7,38.4,35.45,36.8,716,2658
20260615,37.65,37.65,36,37,279,1022
20260616,36.8,37.55,36.6,37.25,175,649
20260617,37.9,38.95,36.85,38.95,330,1255
20260618,39.8,40.3,38.15,39.25,366,1432
20260622,38.25,38.35,36,36.5,298,1088
20260623,36.5,38.7,35.95,37.6,314,1183
20260624,37.6,38.2,36.75,37.05,135,504
20260625,37.1,37.35,36.65,36.8,66,245
20260626,36.35,36.75,35.2,35.2,136,488
20260629,35.3,35.95,35.25,35.3,89,314
20260630,35.3,35.45,35,35.4,90,317
20260701,36.25,36.25,35.1,35.7,78,276
20260702,36.1,37.2,35.8,36.15,92,333
20260703,35.25,36.95,35.25,36.7,120,440
20260706,36.85,36.9,36.25,36.4,56,204
20260707,36.4,36.4,35.3,35.8,60,213
20260708,35.4,35.4,35,35,64,223
20260709,35.4,36,35.05,35.5,64,227
20260713,35.5,36,35.05,35.45,60,213
20260714,36.05,36.05,35.3,35.8,124,442
20260715,36.7,36.7,35.45,36.6,85,307
20260716,36.75,38.5,35.5,38.45,313,1177
20260717,37.95,38.45,37.2,37.2,132,501
20260720,37.95,38.05,36.95,36.95,138,521
20260721,37.65,37.65,37.25,37.5,25,93
20260722,37.2,37.55,36.6,36.6,105,389
20260723,36.2,37.1,35.8,35.8,87,316
20260724,35.7,35.9,34.75,35.05,136,480
20260727,35.8,36.15,34.95,36.1,89,318
20260728,36,36,35.1,35.45,82,287
20260729,35.75,36.25,34.1,36.25,291,1036
20260730,36.55,36.55,35.2,35.3,93,333
20260731,35.85,36,35.45,35.8,94,336
20260803,35.15,35.95,34.7,35.6,81,288
20260804,35,35.25,34.7,35.05,85,298
20260805,35.05,35.5,34.95,34.95,65,226
20260806,34.8,35.05,33.95,34.05,190,651
20260807,34,34.85,34,34.15,71,242
20260810,34.4,34.4,34.15,34.25,35,121
20260811,34.2,34.65,33.95,34.6,65,224
20260812,34.4,34.7,34.2,34.65,70,241
20260813,35,36.4,34.4,35.3,126,444
20260814,35.3,35.3,34.7,34.9,29,100
20260817,34.8,35.3,34.8,35,32,113
20260818,34.65,34.75,34.35,34.35,91,313
20260819,34.25,34.7,34,34,107,368
20260820,34.35,35.2,34.35,35.05,96,335
20260821,34.85,35.4,34.5,35.4,55,191
20260824,34.85,35.1,34.2,35.1,36,125
20260825,35.1,35.55,34.6,34.8,49,172
20260826,34.75,35.8,34.75,35.8,77,274
20260827,35.95,36.3,35.2,35.5,37,131
20260828,35.45,35.6,35.05,35.2,64,227
20260831,35.15,35.15,34.4,34.75,57,198
20260901,34.5,35.05,34.5,34.9,54,188
20260902,34.55,34.55,34.3,34.3,97,333
20260903,34.25,34.45,34,34,41,140
20260904,34.15,34.75,34.1,34.7,54,186
20260907,35,35.7,34.7,35.7,67,236
20260908,35.05,36,34.9,35.7,78,279
20260909,35,35.75,35,35.25,33,117
20260910,35.05,35.2,34.75,35,31,110
20260911,34.55,34.6,34.05,34.3,59,203
20260914,33.9,34.3,33.8,34,68,231
20260915,33.9,33.9,33.3,33.3,89,298
20260916,33.4,33.6,33.15,33.25,62,208
20260917,33.45,34.25,33.3,34.1,105,357
20260918,37.5,37.5,37.5,37.5,240,902
20260921,37.2,37.2,34.9,35.25,426,1529
20260922,36,36,34.9,35.4,55,193
20260923,35.95,35.95,35,35,45,159
