# date,open,high,low,close,lot,wan
20250814,23.05,23.2,22.9,22.9,505,1160
20250815,23,23.35,22.9,23.15,772,1785
20250818,23.2,23.6,23.1,23.2,604,1409
20250819,23.2,23.2,22.75,22.75,672,1538
20250820,22.85,22.85,22.15,22.15,900,2017
20250821,22.4,22.65,22.3,22.35,402,901
20250822,22.3,22.4,22.05,22.35,521,1157
20250825,22.4,22.4,22,22.05,947,2096
20250826,22.05,22.1,21.4,21.4,1513,3269
20250827,21.4,21.65,21.35,21.4,627,1347
20250828,21.5,21.55,21.2,21.4,410,878
20250829,21.6,21.7,21.4,21.45,377,811
20250901,21.7,21.85,21.35,21.45,340,733
20250902,21.5,21.7,21.35,21.6,367,790
20250903,21.55,21.6,21.4,21.6,367,788
20250904,21.6,22.8,21.6,22.7,1456,3276
20250905,22.7,22.9,22.15,22.3,974,2185
20250908,22.3,22.3,21.95,22.1,525,1156
20250909,22.1,22.25,21.85,22.15,508,1118
20250910,22,22,21.7,21.95,726,1582
20250911,21.85,21.9,21.5,21.8,784,1703
20250912,21.8,22.2,21.8,22.1,477,1052
20250915,22.1,22.35,21.9,22.15,459,1016
20250916,22.3,22.95,22.15,22.55,854,1927
20250917,22.45,22.7,22.4,22.6,579,1309
20250918,22.7,22.9,22.1,22.45,742,1674
20250919,22.3,22.3,21.8,22.05,1042,2288
20250922,22.15,22.15,21.7,21.8,522,1139
20250923,21.7,21.8,21.5,21.7,358,775
20250924,21.7,21.95,21.7,21.7,194,422
20250925,21.8,22,21.65,21.7,298,648
20250926,21.75,21.75,21.2,21.4,748,1596
20250930,21.6,21.6,21.3,21.55,262,561
20251001,21.6,21.6,21.4,21.55,339,728
20251002,21.6,21.6,21.25,21.4,641,1368
20251003,21.25,21.45,21.1,21.4,409,868
20251007,21.2,21.6,21.2,21.6,888,1909
20251008,21.7,22.2,21.6,22.2,2662,5824
20251009,22.1,22.65,21.85,22.05,1536,3395
20251013,21.95,22.35,21.6,22.15,1154,2549
20251014,22.15,22.55,21.95,22.2,1343,2986
20251015,22.15,22.3,21.7,22,5314,11690
20251016,22.25,22.25,21.3,21.6,1417,3054
20251017,21.5,21.6,21.15,21.6,1086,2318
20251020,21.6,21.65,21.2,21.45,485,1035
20251021,21.6,21.6,21.3,21.3,305,653
20251022,21.3,21.45,21.25,21.3,323,688
20251023,21.3,21.6,21.2,21.45,336,720
20251027,21.6,21.7,21.45,21.55,342,738
20251028,21.55,21.55,21.2,21.25,619,1322
20251029,21.25,21.55,21.2,21.4,488,1044
20251030,21.45,21.45,21.35,21.4,898,2062
20251031,21.6,21.6,21.3,21.3,258,553
20251103,21.4,21.4,21.2,21.3,207,441
20251104,21.2,21.4,21.15,21.2,232,494
20251105,21.3,21.3,20.75,21.1,459,960
20251106,21.25,21.4,21,21.4,215,456
20251107,21.2,21.35,20.7,21,1217,2543
20251110,21,21.05,20.7,20.95,598,1247
20251111,20.95,21,20.8,20.9,348,728
20251112,21,21.05,20.8,20.95,560,1172
20251113,21,21,20.75,20.75,356,742
20251114,20.75,20.75,20.2,20.5,1232,2517
20251117,20.3,20.75,20.05,20.35,974,1974
20251118,20.2,20.2,19.8,20.1,799,1598
20251119,20.25,20.25,19.8,20.05,446,890
20251120,20.05,20.1,19.9,20,311,622
20251121,20,20.05,19.75,20.05,455,908
20251124,20.05,20.5,19.85,20.5,604,1224
20251125,20.4,20.45,20.25,20.25,200,407
20251126,20.25,20.45,20.25,20.35,421,857
20251127,20.25,20.4,20.25,20.4,399,812
20251128,20.4,20.4,20.25,20.35,242,491
20251201,20.25,20.5,20.15,20.3,286,579
20251202,20.25,20.35,20.2,20.25,271,549
20251203,20.4,20.75,20.4,20.55,278,572
20251204,20.55,20.6,20.25,20.4,366,746
20251205,20.35,20.35,20.05,20.2,543,1094
20251208,20.25,20.25,20.1,20.15,185,372
20251209,20.1,20.2,20.05,20.15,138,278
20251210,20.15,20.2,20,20.1,299,601
20251211,19.95,20.05,19.8,20.05,1033,2056
20251212,20.2,20.55,20.2,20.3,467,950
20251215,20.25,20.35,20.1,20.25,315,636
20251216,20.05,20.25,19.95,20.2,435,874
20251217,20.3,20.5,20.15,20.25,530,1080
20251218,20.45,20.65,20.25,20.6,600,1228
20251219,20.4,20.85,20.4,20.7,464,961
20251222,20.95,20.95,20.45,20.65,401,827
20251223,20.7,20.7,20.45,20.65,322,661
20251224,20.65,20.9,20.5,20.9,513,1064
20251226,20.85,20.85,20.55,20.8,364,754
20251229,20.8,20.8,20.55,20.7,466,961
20251230,20.85,20.85,20.6,20.8,311,643
20251231,20.8,20.85,20.65,20.8,223,462
20260102,20.85,21,20.65,20.8,399,830
20260105,20.7,20.7,20.25,20.55,748,1527
20260106,20.55,20.6,20.3,20.45,353,720
20260107,20.45,20.5,20.3,20.35,300,611
20260108,20.35,20.5,20.25,20.45,302,615
20260109,20.4,20.45,20.2,20.45,719,1462
20260112,20.45,20.45,20.05,20.35,1033,2087
20260113,20.25,20.25,20,20.15,690,1389
20260114,20.15,20.35,20.15,20.35,399,811
20260115,20.35,20.45,20.2,20.4,629,1278
20260116,20.35,20.35,20.1,20.3,689,1391
20260119,20.1,20.35,20,20.3,476,962
20260120,20.15,20.3,20,20,475,955
20260121,20,20.05,19.85,19.85,701,1397
20260122,20,20.1,19.9,20.1,257,513
20260123,20,20.2,19.95,20.15,436,873
20260126,20.15,20.2,19.9,20.15,436,872
20260127,20.15,20.2,19.9,20.2,439,880
20260128,20.15,20.15,19.9,20.15,592,1185
20260129,20.05,20.15,19.95,20.15,384,771
20260130,20.1,20.15,19.85,20.05,671,1341
20260202,19.85,20.15,19.7,19.9,630,1248
20260203,19.9,19.95,19.6,19.85,991,1957
20260204,19.85,20,19.8,20,144,287
20260205,20.1,20.3,20,20.2,421,850
20260206,20,20.15,19.75,20.1,358,714
20260209,20.1,20.2,19.8,19.8,954,1906
20260210,19.85,20,19.65,20,824,1632
20260211,20,20,19.6,19.8,1178,2321
20260223,19.9,20,19.65,20,535,1064
20260224,20,20.1,19.75,19.85,609,1212
20260225,19.95,20.05,19.75,20.05,432,859
20260226,20.05,20.1,19.9,19.95,419,839
20260302,20.15,20.15,19.8,20.1,296,591
20260303,19.9,20.05,19.75,20,280,557
20260304,19.85,19.85,18.95,19.4,1162,2264
20260305,19.6,20,19.6,20,659,1307
20260306,20,20.2,19.8,20,716,1438
20260309,19.8,19.95,19.4,19.9,824,1625
20260310,20,20.05,19.9,20.05,348,694
20260311,19.9,20.3,19.9,20.3,679,1371
20260312,20,20.45,20,20.25,555,1124
20260313,20.05,20.2,20,20.2,594,1193
20260316,20.05,20.2,20.05,20.2,394,793
20260317,20.05,20.25,20.05,20.25,354,714
20260318,20.2,20.3,20.15,20.2,291,587
20260319,20.1,20.15,19.9,20,769,1540
20260320,20,20.15,19.85,19.9,642,1284
20260323,19.65,19.7,19.35,19.7,810,1583
20260324,19.75,20,19.65,20,341,676
20260325,20.1,20.25,19.9,20.25,729,1466
20260326,20.25,20.3,20,20.05,608,1224
20260327,19.9,20.05,19.85,19.85,1231,2458
20260330,19.75,20,19.7,19.8,282,559
20260331,19.7,19.95,19.6,19.85,527,1041
20260401,19.8,19.85,19.7,19.8,438,866
20260402,19.8,19.9,19.65,19.75,237,466
20260407,19.8,19.8,19.6,19.6,422,829
20260408,19.8,19.9,19.7,19.9,257,509
20260409,20,20,19.7,19.95,302,599
20260410,19.95,19.95,19.75,19.8,307,610
20260413,19.85,19.9,19.7,19.9,155,307
20260414,19.95,20,19.7,19.9,420,832
20260415,19.95,19.95,19.7,19.8,456,902
20260416,19.85,19.95,19.7,19.9,266,528
20260417,19.9,19.9,19.7,19.9,373,738
20260420,19.9,19.9,19.5,19.7,842,1655
20260421,19.75,19.75,19.45,19.7,362,709
20260422,19.65,19.75,19.5,19.65,724,1421
20260423,19.55,19.6,19.2,19.2,1062,2057
20260424,19.2,19.4,19,19.4,605,1159
20260427,19.35,19.4,19,19.4,794,1520
20260428,19.4,19.4,19,19,705,1345
20260429,19.1,19.25,18.95,19.25,441,842
20260430,19.2,19.25,18.9,19.05,564,1073
20260504,19.05,19.05,18.6,18.9,1175,2204
20260505,18.75,18.8,18.6,18.75,799,1491
20260506,18.75,18.85,18.65,18.8,538,1009
20260507,18.7,18.95,18.65,18.9,533,1001
20260508,18.85,18.9,18.5,18.75,1162,2174
20260511,18.9,19.15,18.65,18.75,1186,2234
20260512,18.75,18.8,18.5,18.8,1064,1985
20260513,18.75,18.75,18.4,18.45,918,1700
20260514,18.4,18.45,17.8,17.8,1550,2800
20260515,17.9,18.25,17.6,17.75,895,1591
20260518,17.75,17.75,17.35,17.45,594,1040
20260519,17.45,17.65,17.4,17.5,474,831
20260520,17.5,17.8,17.3,17.8,332,583
20260521,17.8,18.35,17.7,17.9,556,992
20260522,17.85,18.1,17.75,18.1,384,686
20260525,18,18.1,17.6,17.7,924,1637
20260526,17.65,17.75,17.3,17.75,767,1344
20260527,17.7,17.7,17.4,17.55,1574,2755
20260528,17.55,17.55,16.95,17.3,2660,4567
20260529,17.3,17.3,16.9,17.3,1016,1736
20260601,17.3,17.3,17.05,17.3,1198,2059
20260602,17.2,17.2,16.95,17.15,1176,2005
20260603,17.15,17.8,17.05,17.8,1254,2185
20260604,17.85,18.05,17.65,18.05,600,1076
20260605,18,18.45,17.9,18.4,760,1388
20260608,17.8,18.05,17.75,18.05,3838,7410
20260609,17.95,18.35,17.95,18.1,2138,4145
20260610,17.95,19.05,17.95,18.75,3697,6799
20260611,18.75,18.75,18.1,18.55,1499,2741
20260612,18.6,18.85,18.45,18.6,1781,3464
20260615,18.8,18.8,18.55,18.7,2015,3954
20260616,18.8,18.8,18.25,18.25,1784,3419
20260617,18.35,18.5,18.15,18.45,1026,1879
20260618,18.45,18.8,18.3,18.3,1370,2531
20260622,18.35,18.4,18.2,18.3,2017,3690
20260623,16.8,16.85,16.55,16.8,1764,2949
20260624,16.6,16.85,16.6,16.8,891,1487
20260625,16.8,16.8,16.45,16.8,1352,2243
20260626,16.65,16.65,16.3,16.6,1420,2336
20260629,16.5,17.1,16.45,16.65,1406,2332
20260630,16.6,16.6,16.3,16.45,963,1579
20260701,16.45,16.55,16.3,16.5,521,855
20260702,16.5,16.7,16.4,16.55,365,603
20260703,16.45,17.15,16.45,17.1,2699,4574
20260706,17.2,17.3,17,17.15,1213,2080
20260707,17.2,17.2,16.3,16.35,1483,2467
20260708,16.35,16.55,16.3,16.5,460,756
20260709,16.35,16.55,16.3,16.5,283,465
20260713,16.4,16.6,16.35,16.6,315,519
20260714,16.7,16.7,16.3,16.6,639,1053
20260715,16.5,16.85,16.4,16.85,568,947
20260716,16.8,17.4,16.7,17.4,924,1582
20260717,17.15,17.35,16.8,17.05,595,1015
20260720,17.3,17.3,16.8,17.2,551,942
20260721,17.3,17.3,17.05,17.3,514,882
20260722,17.3,17.3,17.1,17.15,397,683
20260723,17.15,17.2,16.95,17.2,421,719
20260724,17.1,17.4,17.1,17.25,790,1362
20260727,17.25,17.45,17.15,17.4,359,622
20260728,17.4,17.4,17.1,17.2,485,834
20260729,17.25,17.4,16.95,17.2,977,1672
20260730,17.2,17.35,16.95,17.2,842,1446
20260731,17.2,17.4,17.1,17.1,534,919
20260803,17.1,17.15,16.9,17.15,323,550
20260804,16.95,17.05,16.75,16.9,520,876
20260805,17,17.1,16.9,17,230,391
20260806,16.85,17.1,16.85,17.1,307,521
20260807,16.95,17.1,16.95,17.05,148,252
20260810,17.15,17.2,17,17.15,245,420
20260811,17.15,17.15,17.05,17.05,212,361
20260812,17.05,17.15,17,17,167,286
20260813,17.15,17.15,16.9,16.9,336,571
20260814,16.9,16.9,16.65,16.7,677,1132
20260817,16.6,17,16.6,17,271,456
20260818,16.95,16.95,16.8,16.8,165,279
20260819,16.8,17,16.8,16.9,200,338
20260820,17,17.35,17,17.25,493,850
20260821,17.25,17.35,17.2,17.35,189,327
20260824,17.4,17.4,17.15,17.25,270,465
20260825,17.25,17.35,17.2,17.3,406,701
20260826,17.35,17.4,17.25,17.35,246,425
20260827,17.4,17.7,17.35,17.7,687,1207
20260828,17.7,17.7,17.4,17.5,211,370
20260831,17.55,17.6,17.2,17.4,309,535
20260901,17.2,17.35,17.1,17.15,292,502
20260902,17.15,17.15,16.95,17.05,202,343
20260903,17.1,17.15,17.05,17.15,211,360
20260904,17,17.15,16.9,17.1,342,581
20260907,17.15,17.15,16.9,16.95,211,359
20260908,17.1,17.1,16.9,16.9,144,245
20260909,16.85,17.05,16.85,17.05,216,367
20260910,16.9,17,16.8,16.8,149,252
20260911,16.75,16.8,16.7,16.75,142,238
20260914,16.8,16.9,16.7,16.75,196,328
20260915,16.65,16.95,16.65,16.7,213,357
20260916,16.85,16.85,16.65,16.8,136,228
20260917,16.9,17.1,16.85,17.05,305,520
20260918,17.35,17.35,16.9,16.9,752,1289
20260921,17,17.05,16.9,17,163,276
20260922,17.15,17.15,16.85,17,175,297
