# date,open,high,low,close,lot,wan
20250814,79.6,80.7,78.7,79.1,3566,28387
20250815,80.3,86,80,83.9,12678,105795
20250818,86.4,87.6,85.2,85.8,7338,63414
20250819,85.5,86.5,84.2,84.4,3046,25890
20250820,84,84.5,82,83.2,3450,28725
20250821,83.3,85.3,82,82.3,2937,24424
20250822,82.3,83,81.3,82.2,1530,12564
20250825,83.2,83.2,79,79.2,5909,47561
20250826,79.2,81.8,79,81.6,2686,21605
20250827,82,86,81.5,86,5776,48344
20250828,86,89.2,83.5,83.5,8190,70566
20250829,83.5,85.6,83.3,84.4,3559,30048
20250901,85.1,86.7,84.5,85.2,6112,52331
20250902,75,79.7,74.1,74.8,10652,81170
20250903,74.4,74.8,72.2,73.1,4497,32837
20250904,73.5,78.8,72,77.9,10402,79781
20250905,78.1,78.2,74.8,75.1,7346,55791
20250908,75.3,75.9,73.8,73.8,2517,18690
20250909,74.5,75.8,74,74.5,2275,16991
20250910,75.4,75.6,74.4,74.6,2325,17419
20250911,74.9,75.7,73.1,73.5,2498,18433
20250912,73.6,74.8,73.3,74.3,1617,11989
20250915,74.3,74.3,72.4,73.1,2605,19050
20250916,73.8,74.5,73,73,2142,15771
20250917,73.1,73.6,72.7,72.9,1329,9705
20250918,75,77.3,73.3,73.7,3855,28884
20250919,74.9,74.9,73.1,73.1,1839,13511
20250922,73.2,73.6,72.3,72.4,1726,12551
20250923,72.8,74.3,72.6,72.7,1750,12850
20250924,72.9,73.9,72.7,72.9,816,5961
20250925,73.3,73.7,72.6,72.9,1179,8603
20250926,73.5,73.7,71.3,71.3,3116,22414
20250930,72.4,74.8,71.4,74,2517,18499
20251001,74.3,74.5,72.9,73,1101,8077
20251002,73.2,73.5,72.3,72.3,1046,7602
20251003,72.3,73.4,72.2,73,1002,7307
20251007,73.8,74.7,73.1,74.2,2219,16452
20251008,73.7,76,73.7,73.9,2741,20537
20251009,74.4,74.4,72.3,72.7,1993,14586
20251013,72.4,74.1,71.5,74,2827,20502
20251014,74.5,77.7,72.5,72.5,7176,53949
20251015,73.5,75.7,73.4,73.9,3236,24031
20251016,74.1,75.5,73.1,74.3,3671,27218
20251017,73.8,74.8,72.8,72.8,2379,17423
20251020,73.2,73.3,71.6,71.6,2926,21093
20251021,72.5,72.7,71.6,71.7,1387,9982
20251022,71.8,72.3,71.5,71.7,1286,9227
20251023,71.3,71.5,70.4,70.4,2193,15540
20251027,72,72.5,70.3,70.3,2867,20401
20251028,70.9,71.4,69,69.2,3385,23642
20251029,69.6,70.1,69.3,69.5,1135,7898
20251030,69.8,72,68.2,70.9,4809,33807
20251031,71.1,71.4,69.3,69.4,2660,18646
20251103,69.7,71.4,68.9,70.5,2620,18379
20251104,70.6,71,69.7,70.1,2010,14108
20251105,70.1,70.6,69.1,69.3,2369,16548
20251106,70.1,70.4,69.7,70.1,1033,7234
20251107,70.1,70.7,69.2,69.4,1903,13285
20251110,70,70.3,67.6,67.9,2637,18030
20251111,67.4,67.6,61.2,61.2,17318,109672
20251112,60.5,62,59,60.2,7179,43321
20251113,61,61.4,59.5,61.1,4185,25242
20251114,62.5,63.1,61,62,4668,29001
20251117,62.5,62.5,60.6,60.8,2559,15692
20251118,60.4,62.1,58.3,58.4,4261,25494
20251119,58.4,62.3,58.1,60.9,4086,24848
20251120,61.5,62,60.6,61.4,2622,16084
20251121,61.4,61.5,58.2,58.6,3119,18481
20251124,60,60.5,59.3,60,1309,7840
20251125,60.6,61.2,60.2,60.5,1288,7817
20251126,60.9,61.8,60.7,61.8,1277,7836
20251127,62,62.2,61.4,62,1001,6193
20251128,62.4,62.8,61.6,62.4,1106,6880
20251201,62.5,62.5,60,60.9,1641,9978
20251202,60.9,61.1,60.1,60.2,1091,6587
20251203,60.6,60.8,58.9,59.3,2159,12842
20251204,59.6,60.1,58.9,59.5,1255,7449
20251205,59.7,60.5,58.9,60.3,1483,8851
20251208,60.4,61.3,60.4,60.7,846,5146
20251209,61.1,61.1,59.8,59.8,813,4886
20251210,60.5,60.5,59.7,59.8,717,4305
20251211,60.3,62,60.2,61.3,2629,16129
20251212,62.5,63.4,61.5,62.3,2584,16126
20251215,62,62.7,60.5,61,1978,12130
20251216,60.7,60.9,59.7,60.3,1506,9067
20251217,61.2,61.7,60.5,60.7,922,5622
20251218,61.4,61.9,59.9,61.9,1209,7346
20251219,62.3,63.5,62.3,62.7,1796,11278
20251222,63.2,63.6,61,61.1,1812,11194
20251223,61.8,62.5,61.1,62.1,1283,7954
20251224,62.9,63.6,62.6,62.7,1608,10144
20251226,62.7,62.8,61.7,62,817,5075
20251229,62.8,62.8,61.8,62.4,1089,6788
20251230,62.4,62.4,60.5,60.9,1492,9094
20251231,60.9,60.9,58.9,60.1,3537,21040
20260102,60,60.5,59.3,60.5,1462,8782
20260105,60.5,66.5,60.5,66.5,8948,58408
20260106,68.2,69.9,65.3,65.6,7224,48553
20260107,65.8,66,62,62.2,4699,29637
20260108,62.3,62.5,61.8,62.5,1210,7522
20260109,62.7,63.8,61.8,63.4,1640,10287
20260112,63.9,64.9,62.8,63.1,2477,15750
20260113,63.2,63.4,61.9,63.2,1335,8385
20260114,63.2,64.1,62.4,63,1368,8623
20260115,63.2,63.2,62,62.4,869,5433
20260116,62.3,63.4,62.3,62.9,1246,7845
20260119,63,64.5,62.9,63.3,2046,13023
20260120,63.9,63.9,62.3,62.4,1373,8600
20260121,62.4,62.4,61.1,61.5,1577,9690
20260122,61.5,67.6,61.5,66.3,4329,28313
20260123,64.9,65.7,63.2,63.3,3520,22562
20260126,63.6,64.9,63.4,64.7,1376,8845
20260127,65.2,65.2,64.2,65.1,1135,7354
20260128,65.1,65.5,63.9,64.7,1395,9015
20260129,65,65.5,64.3,64.9,1458,9479
20260130,65.8,66,64.9,65,2322,15205
20260202,65,65.3,63.1,65,1937,12416
20260203,65,65.2,62.6,62.6,2106,13356
20260204,63.2,63.5,62.2,62.6,699,4379
20260205,63,63,61.5,61.5,1082,6708
20260206,61.5,61.5,60,60.5,1227,7438
20260209,61.4,61.7,60.4,60.6,752,4572
20260210,61.1,61.2,60.1,60.4,816,4937
20260211,60.6,61.2,59.5,61.2,2000,11998
20260223,62,63.5,61.4,63.2,1911,11982
20260224,63.5,63.7,61.8,62.1,1690,10575
20260225,62.5,62.5,61.4,61.4,1149,7096
20260226,62,62.6,61.4,61.4,1156,7151
20260302,61.3,67.5,61.1,67.5,8096,53190
20260303,70.3,74.2,67.5,69.8,14007,99750
20260304,71.5,71.5,67,70,7416,51043
20260305,72.5,73,68.4,71.3,8724,62038
20260306,72,78.4,71.8,78.4,28762,220825
20260309,71.4,81.6,71.1,72.5,26632,200314
20260310,75.5,76.9,73.3,75.9,10009,75201
20260311,75.8,76.8,71.1,74,11431,84557
20260312,74.4,76.2,72.8,74.6,5293,39400
20260313,73.3,75.9,73.3,73.5,3857,28668
20260316,73.5,74.3,72.4,73.6,3823,27960
20260317,73.7,74.6,71.4,71.6,4047,29458
20260318,71.7,73.7,69.6,69.7,4206,29806
20260319,73.6,74,69.5,69.6,8485,60424
20260320,70.5,70.6,65.1,65.4,8627,57631
20260323,65.2,68.6,64.8,65,4822,32035
20260324,65.9,66.3,62.6,63.1,2392,15297
20260325,64.3,66.8,63.7,65.5,1925,12529
20260326,66.4,66.4,62.6,62.6,3410,21659
20260327,62.3,63.7,61.5,63.1,1571,9778
20260330,61.2,61.8,59.8,60,4332,26178
20260331,59.5,60.3,57.8,57.8,3155,18584
20260401,59.7,59.7,57.7,58,2518,14681
20260402,58.2,59.2,57.4,57.4,1586,9207
20260407,57.9,57.9,57.1,57.3,904,5197
20260408,58.7,58.9,58,58.5,1152,6747
20260409,58.5,58.5,57.5,57.5,1015,5871
20260410,58.1,58.6,57.6,57.9,982,5705
20260413,58,58.4,57.4,57.6,1223,7076
20260414,58,58.5,57.5,57.5,1351,7809
20260415,58.2,58.4,57.6,57.8,1083,6279
20260416,57.9,58.3,57.6,57.7,1004,5806
20260417,58.1,58.3,57.5,57.6,1049,6057
20260420,58.2,58.2,54.7,55.2,4563,25407
20260421,55.3,55.3,51.9,52.3,5168,27268
20260422,52.5,52.5,51.2,51.6,2900,15006
20260423,51.6,51.7,49.1,50,4425,22171
20260424,50,50.1,47.8,47.85,3889,18806
20260427,47.7,48,46,46.35,5169,24066
20260428,46,47.65,45.15,46.6,4620,21300
20260429,46.6,46.6,45.25,45.4,2364,10765
20260430,46,48.65,46,46.7,4728,22419
20260504,47,47,45.3,45.3,2624,12009
20260505,45,45.15,44.2,44.25,2815,12508
20260506,44.5,44.9,43.6,43.65,2910,12846
20260507,43.65,44.45,43.3,43.55,1573,6895
20260508,43.6,44.2,42.2,42.2,2759,11837
20260511,43.3,45.35,42.8,43.25,3864,17093
20260512,43.7,43.7,42.5,42.5,1939,8287
20260513,42.5,43.1,42,42,1651,7000
20260514,42,42.1,39.5,39.8,5287,21261
20260515,39.25,39.25,37.3,37.45,6326,24090
20260518,38,38.5,37.05,37.9,3503,13247
20260519,37.85,39.7,37.7,38.6,2790,10836
20260520,42.4,42.45,42.4,42.45,2373,10072
20260521,46.55,46.6,44.05,46.45,12034,54540
20260522,46.7,49.3,45.35,45.5,6869,32206
20260525,46,46,41.95,42.2,5389,23251
20260526,42.45,43,39.95,40.8,3719,15273
20260527,41.2,41.8,40.4,41.5,1973,8105
20260528,41.7,42.7,41,41.8,2299,9621
20260529,42,45.9,41.55,45.9,5023,22131
20260601,46.5,48.1,46.1,47,4006,18826
20260602,47,47.4,45.6,45.75,1920,8841
20260603,45.95,46,45.05,45.8,1353,6184
20260604,45.8,46.75,45.45,46.1,1973,9075
20260605,47,49.85,47,49.3,6513,31585
20260608,48.15,48.15,45.2,47.5,4812,22353
20260609,48.1,49.85,47.75,48.9,3069,14913
20260610,49.5,51.4,48.15,48.9,5928,29214
20260611,49.45,49.5,46.25,46.8,2777,13325
20260612,47.2,47.6,46.1,46.85,1702,7983
20260615,47,47.3,46.25,46.8,1475,6881
20260616,46.8,47.4,46.25,47,1599,7500
20260617,47,47.25,46.45,46.45,1106,5174
20260618,46.5,46.6,44.1,44.1,2754,12436
20260622,44.2,44.5,42.8,42.95,2056,8897
20260623,43,43.1,41.8,41.85,1634,6888
20260624,38.75,40.05,38.7,38.9,5820,22750
20260625,38.9,40.1,38.9,39.8,1684,6678
20260626,39.3,39.3,38.3,38.3,1676,6473
20260629,38.15,39.4,38.15,38.65,876,3399
20260630,38.4,39,38.1,38.55,1428,5499
20260701,39.05,39.25,38.3,38.3,959,3702
20260702,38.8,38.95,38.1,38.3,967,3715
20260703,38.1,39.4,38.1,39.2,851,3325
20260706,40.2,40.35,39.15,39.45,801,3174
20260707,39.35,39.8,38.3,38.5,838,3250
20260708,38.5,38.8,38.15,38.7,440,1696
20260709,38.85,39.15,38.45,38.8,861,3344
20260713,39.65,40.75,39.45,39.75,1873,7502
20260714,40.7,40.7,38.4,38.7,1494,5835
20260715,38.55,39.65,38.55,39.55,788,3090
20260716,39.85,40.25,39.1,39.75,866,3451
20260717,39.5,40.6,38.2,38.25,2345,9194
20260720,38.7,39.3,37.75,38.5,1322,5068
20260721,38.65,41,38.65,40,1591,6375
20260722,39.9,40.35,39,39,1054,4152
20260723,39,39.25,38.75,39.05,614,2390
20260724,39.05,39.8,38.55,38.6,676,2619
20260727,40.1,40.8,38.35,39,1384,5403
20260728,38.7,39.4,38.4,38.75,1324,5143
20260729,38.85,39.5,35.9,36.5,2975,11131
20260730,37,37,35.45,35.55,1720,6201
20260731,36.55,37.3,36.55,37,1172,4342
20260803,36.75,37.95,36.5,37.45,1034,3861
20260804,36,36.75,35.95,36.65,752,2726
20260805,36.65,37.55,36.4,37.45,932,3446
20260806,37.1,37.7,37.1,37.7,531,1984
20260807,37.5,40.5,37.5,39.25,2681,10639
20260810,39.4,39.6,38.35,38.9,1033,4012
20260811,38.75,39.65,38.7,39.3,879,3447
20260812,39.75,41,38.95,41,2088,8415
20260813,41.15,41.75,39.2,39.65,1883,7507
20260814,39.65,39.65,38.8,38.9,682,2663
20260817,38.7,38.85,38.4,38.75,650,2508
20260818,38.75,38.8,38.2,38.25,532,2044
20260819,38,38.65,37.8,38.1,998,3813
20260820,38.6,39.45,38.45,38.95,1012,3954
20260821,38.9,38.95,38.5,38.95,431,1669
20260824,38.7,39.5,38.6,38.65,415,1612
20260825,38.6,38.9,38.35,38.5,485,1869
20260826,38.75,38.8,38.2,38.6,539,2076
20260827,38.8,39.1,38.5,38.6,543,2109
20260828,38.7,38.8,38.3,38.3,472,1814
20260831,38.35,39.8,38.05,39.8,1341,5243
20260901,39.25,39.45,38.55,38.65,1280,4985
20260902,38.55,38.8,38.15,38.3,557,2138
20260903,38.45,38.95,38.25,38.35,672,2586
20260904,38.4,38.7,38.3,38.45,431,1655
20260907,38.9,38.9,38.25,38.65,661,2548
20260908,38.65,39.2,38.35,39.05,879,3415
20260909,38.8,39.6,38.8,39.4,638,2501
20260910,39.25,39.5,38.45,39.1,620,2414
20260911,38.5,38.75,37.9,37.9,1345,5140
20260914,37.8,38,37.2,37.6,550,2071
20260915,37.5,37.8,37.35,37.35,525,1971
20260916,37.5,39.25,37.5,38.7,923,3575
20260917,38.8,39.3,38.65,39,1150,4482
20260918,39.95,40.4,39.2,39.45,1833,7282
