# date,open,high,low,close,lot,wan
20250814,6.16,6.26,6.12,6.22,2408,1498
20250815,6.24,6.28,6.17,6.24,1716,1067
20250818,6.23,6.36,6.21,6.29,1924,1210
20250819,6.27,6.36,6.2,6.28,1709,1074
20250820,6.32,6.32,6.1,6.19,1806,1118
20250821,6.2,6.28,6.2,6.27,986,617
20250822,6.27,6.27,6.09,6.12,1590,979
20250825,6.15,6.17,6.04,6.06,1115,679
20250826,6.03,6.05,5.91,5.97,1443,861
20250827,5.96,6.04,5.96,5.98,711,426
20250828,5.97,6.06,5.96,6,736,442
20250829,6.03,6.03,5.95,5.97,626,374
20250901,5.93,6.03,5.88,5.91,624,369
20250902,5.9,5.96,5.85,5.9,546,322
20250903,5.9,5.95,5.88,5.88,390,230
20250904,5.89,5.97,5.89,5.92,699,415
20250905,5.93,5.93,5.89,5.93,713,422
20250908,5.92,5.94,5.85,5.86,878,517
20250909,5.86,5.9,5.83,5.87,1036,607
20250910,5.85,5.93,5.83,5.91,706,417
20250911,5.89,5.93,5.83,5.83,951,558
20250912,5.83,5.88,5.81,5.83,1033,603
20250915,5.77,5.83,5.76,5.8,840,487
20250916,5.8,5.82,5.77,5.81,675,391
20250917,5.81,5.93,5.8,5.86,679,399
20250918,5.89,5.93,5.89,5.93,983,580
20250919,5.92,5.93,5.85,5.9,699,412
20250922,5.9,5.9,5.7,5.79,961,557
20250923,5.78,5.78,5.68,5.71,1545,882
20250924,5.7,5.75,5.68,5.69,1077,615
20250925,5.68,5.9,5.68,5.8,1173,680
20250926,5.79,5.94,5.7,5.79,994,572
20250930,5.79,5.8,5.72,5.75,912,524
20251001,5.71,5.79,5.71,5.75,586,337
20251002,5.75,5.77,5.69,5.73,1157,661
20251003,5.73,5.75,5.69,5.74,796,454
20251007,5.7,5.76,5.7,5.71,1118,640
20251008,5.71,5.75,5.7,5.72,558,319
20251009,5.74,5.9,5.74,5.81,2050,1194
20251013,5.78,5.8,5.69,5.77,916,527
20251014,5.8,6.25,5.8,6.07,6183,3774
20251015,6,6.03,5.85,5.88,2740,1619
20251016,5.95,6,5.9,5.95,1209,719
20251017,5.98,6.09,5.95,5.96,1549,931
20251020,5.98,6,5.85,5.85,1095,645
20251021,5.8,5.9,5.8,5.8,1058,615
20251022,5.8,5.87,5.8,5.81,1000,583
20251023,5.8,5.85,5.75,5.82,751,435
20251027,5.83,5.84,5.77,5.77,1555,900
20251028,5.77,5.8,5.73,5.75,863,496
20251029,5.77,5.8,5.73,5.77,1015,585
20251030,5.8,5.93,5.74,5.9,2288,1343
20251031,5.9,5.9,5.76,5.76,1171,678
20251103,5.76,5.76,5.7,5.72,882,505
20251104,5.72,5.75,5.69,5.7,709,405
20251105,5.7,5.7,5.6,5.68,986,557
20251106,5.68,5.8,5.68,5.77,954,547
20251107,5.78,5.8,5.7,5.71,843,484
20251110,5.72,5.72,5.63,5.65,819,463
20251111,5.65,5.74,5.6,5.65,909,513
20251112,5.65,5.7,5.62,5.65,1069,605
20251113,5.65,5.7,5.64,5.66,1027,582
20251114,5.61,5.75,5.61,5.65,859,488
20251117,5.71,5.71,5.58,5.58,1017,571
20251118,5.58,5.65,5.51,5.52,1080,599
20251119,5.56,5.56,5.5,5.53,787,434
20251120,5.53,5.58,5.51,5.52,738,409
20251121,5.48,5.53,5.35,5.37,1844,996
20251124,5.37,5.4,5.34,5.36,705,378
20251125,5.37,5.47,5.36,5.4,856,463
20251126,5.41,5.68,5.41,5.62,1721,965
20251127,5.68,5.68,5.51,5.55,704,390
20251128,5.52,5.59,5.51,5.52,762,422
20251201,5.52,5.65,5.5,5.53,1017,565
20251202,5.54,5.67,5.53,5.57,1245,697
20251203,5.57,5.62,5.53,5.58,640,357
20251204,5.62,6.11,5.62,6.01,6640,3964
20251205,6,6,5.73,5.81,3367,1960
20251208,5.81,5.81,5.72,5.75,1340,772
20251209,5.75,5.75,5.69,5.69,887,506
20251210,5.7,5.72,5.6,5.62,1074,607
20251211,5.6,5.67,5.59,5.61,835,469
20251212,5.62,5.64,5.6,5.63,724,407
20251215,5.67,5.7,5.6,5.67,1037,587
20251216,5.67,5.67,5.57,5.61,880,494
20251217,5.6,5.66,5.59,5.6,747,419
20251218,5.64,5.64,5.49,5.49,1364,755
20251219,5.51,5.56,5.49,5.53,889,491
20251222,5.55,5.56,5.49,5.54,786,434
20251223,5.55,5.58,5.51,5.54,470,260
20251224,5.54,5.6,5.51,5.52,639,354
20251226,5.43,5.5,5.43,5.47,1498,817
20251229,5.47,5.55,5.45,5.49,810,444
20251230,5.48,5.48,5.43,5.47,824,448
20251231,5.42,5.47,5.4,5.43,1039,563
20260102,5.43,5.45,5.38,5.38,936,506
20260105,5.38,5.38,5.33,5.34,1530,819
20260106,5.34,5.4,5.33,5.35,1089,584
20260107,5.35,5.54,5.35,5.53,1813,989
20260108,5.57,5.68,5.51,5.53,1609,892
20260109,5.55,5.55,5.45,5.52,854,469
20260112,5.52,5.56,5.48,5.5,1039,572
20260113,5.49,5.52,5.43,5.44,1107,603
20260114,5.42,5.65,5.42,5.65,3247,1815
20260115,5.64,5.73,5.54,5.65,1140,641
20260116,5.65,5.65,5.52,5.55,1186,658
20260119,5.51,5.66,5.5,5.61,2084,1165
20260120,5.68,5.68,5.59,5.59,1392,781
20260121,5.59,5.65,5.55,5.56,1261,703
20260122,5.58,5.65,5.58,5.59,1385,777
20260123,5.55,5.59,5.5,5.51,1422,785
20260126,5.5,5.77,5.5,5.66,2731,1543
20260127,5.67,5.75,5.66,5.72,1973,1128
20260128,5.79,5.99,5.74,5.75,3057,1784
20260129,5.73,5.73,5.59,5.6,2023,1141
20260130,5.62,5.63,5.51,5.52,1109,613
20260202,5.53,5.53,5.39,5.39,2153,1169
20260203,5.49,5.49,5.34,5.37,1312,706
20260204,5.37,5.47,5.37,5.46,1044,568
20260205,5.42,5.49,5.42,5.45,835,456
20260206,5.45,5.56,5.35,5.38,1610,869
20260209,5.4,5.41,5.37,5.4,1007,543
20260210,5.42,5.45,5.36,5.42,888,478
20260211,5.33,5.4,5.33,5.37,1476,792
20260223,5.37,5.42,5.36,5.4,1789,964
20260224,5.4,5.47,5.39,5.41,1157,626
20260225,5.41,5.43,5.38,5.41,1359,733
20260226,5.4,5.42,5.36,5.4,1358,732
20260302,5.51,5.6,5.4,5.44,2227,1219
20260303,5.44,5.98,5.42,5.98,9331,5377
20260304,6.57,6.57,6.57,6.57,10367,6811
20260305,7.22,7.22,6.69,7.19,35661,25236
20260306,7.22,7.24,6.66,6.79,11667,8083
20260309,6.85,7.15,6.29,6.91,9529,6460
20260310,6.88,6.88,6.45,6.45,5761,3757
20260311,6.44,6.65,6.3,6.53,4333,2812
20260312,6.5,6.6,6.4,6.42,4154,2684
20260313,6.44,6.44,6.12,6.22,4664,2900
20260316,6.22,6.31,6.1,6.13,2798,1743
20260317,6.17,6.41,6.14,6.41,3136,1961
20260318,6.45,6.45,6.23,6.24,3087,1944
20260319,6.15,6.27,6.1,6.12,2247,1384
20260320,6.13,6.26,6.12,6.14,2383,1471
20260323,6.19,6.32,6,6.02,2994,1840
20260324,6.08,6.11,5.89,6.03,2224,1332
20260325,6.05,6.09,5.96,6,1334,800
20260326,5.97,6.12,5.96,6.04,1153,697
20260327,6.03,6.08,5.92,6.01,1171,702
20260330,5.99,6.2,5.99,6.16,2399,1467
20260331,6.15,6.16,5.91,5.93,1669,1002
20260401,6.03,6.03,5.95,5.98,730,438
20260402,6.06,6.06,5.9,5.91,801,476
20260407,5.9,5.9,5.77,5.79,1252,727
20260408,5.85,5.85,5.71,5.77,1293,747
20260409,5.75,5.75,5.66,5.67,1650,939
20260410,5.67,5.71,5.65,5.7,1408,800
20260413,5.7,5.7,5.58,5.65,1112,626
20260414,5.65,5.7,5.6,5.65,1705,965
20260415,5.66,5.83,5.66,5.71,1829,1048
20260416,5.73,5.78,5.7,5.72,1251,718
20260417,5.7,5.72,5.6,5.64,1192,672
20260420,5.64,5.64,5.51,5.53,1679,931
20260421,5.5,5.62,5.48,5.55,1455,805
20260422,5.55,5.61,5.51,5.54,1056,586
20260423,5.52,5.53,5.41,5.46,1747,953
20260424,5.5,5.5,5.38,5.4,1373,743
20260427,5.4,5.4,5.31,5.33,1915,1022
20260428,5.34,5.37,5.33,5.37,1016,544
20260429,5.3,5.31,5.17,5.18,4324,2253
20260430,5.1,5.1,4.9,5.01,4690,2342
20260504,4.96,5,4.85,4.94,3115,1536
20260505,4.94,5.04,4.91,4.96,2673,1327
20260506,4.98,5,4.87,4.89,3129,1537
20260507,4.87,4.94,4.79,4.92,3152,1527
20260508,4.93,4.95,4.86,4.91,1804,883
20260511,4.91,4.99,4.9,4.97,1639,812
20260512,5.1,5.1,4.92,4.93,2403,1195
20260513,4.98,4.98,4.82,4.82,2030,986
20260514,4.82,4.9,4.75,4.76,1850,883
20260515,4.94,4.94,4.75,4.75,2080,998
20260518,4.76,4.81,4.7,4.8,1104,525
20260519,4.88,5.1,4.84,5,3649,1830
20260520,5.02,5.15,4.89,4.95,2034,1011
20260521,5,5.03,4.92,5.01,2324,1158
20260522,5.01,5.05,4.95,5.03,2223,1111
20260525,5.16,5.18,4.99,5.08,3206,1625
20260526,5.11,5.11,5,5.05,2094,1056
20260527,5,5.05,4.98,5,2247,1124
20260528,5,5.06,4.96,5.06,2113,1058
20260529,5.1,5.25,5.05,5.24,4604,2369
20260601,5.24,5.76,5.15,5.76,5897,3325
20260602,6.33,6.33,6.27,6.33,6290,3981
20260603,6.89,6.89,6.36,6.4,17417,11490
20260604,6.15,6.2,6,6.08,6913,4224
20260605,6.08,6.38,6.02,6.17,5436,3358
20260608,5.71,6,5.71,5.89,3466,2042
20260609,5.89,6.09,5.86,5.88,2035,1204
20260610,5.88,5.99,5.82,5.83,1899,1116
20260611,5.89,5.89,5.55,5.71,1530,868
20260612,5.68,5.84,5.68,5.75,1794,1036
20260615,5.84,5.98,5.81,5.85,1370,803
20260616,5.85,5.85,5.7,5.72,1467,844
20260617,5.81,6.05,5.55,5.9,2769,1612
20260618,5.97,5.98,5.8,5.81,1743,1020
20260622,6,6,5.6,5.68,2765,1591
20260623,5.68,5.68,5.5,5.57,2282,1270
20260624,5.55,5.61,5.46,5.54,1255,695
20260625,5.54,5.6,5.49,5.49,1722,951
20260626,5.38,5.56,5.35,5.35,2115,1140
20260629,5.35,5.45,5.35,5.39,1120,604
20260630,5.45,5.45,5.36,5.45,1578,853
20260701,5.45,5.49,5.37,5.43,1082,585
20260702,5.51,5.51,5.42,5.46,1259,689
20260703,5.46,6,5.46,6,5252,3087
20260706,6.6,6.6,6.6,6.6,5809,3834
20260707,6.95,7.2,6.7,6.87,28262,19546
20260708,7,7.55,6.95,7.55,26883,19759
20260709,7.8,8.28,7.8,7.98,37810,30423
20260713,8.02,8.18,7.24,7.31,21520,16531
20260714,7.37,7.45,6.91,7.2,12551,8925
20260715,7.2,7.2,6.92,7.14,7086,4988
20260716,7.14,7.15,6.95,6.96,4797,3356
20260717,6.95,6.95,6.67,6.7,5726,3863
20260720,6.75,6.92,6.56,6.57,3877,2594
20260721,6.66,7.2,6.58,6.85,3124,2131
20260722,6.85,7.02,6.75,6.75,3066,2104
20260723,6.86,6.95,6.51,6.53,3038,2014
20260724,6.5,6.69,6.5,6.65,2195,1446
20260727,6.75,6.8,6.46,6.5,2087,1361
20260728,6.44,6.44,6.2,6.24,3079,1931
20260729,6.3,6.3,6,6.2,3693,2269
20260730,6.18,6.2,6,6.09,2303,1397
20260731,6.2,6.28,6.13,6.16,1657,1025
20260803,6.16,6.27,6.06,6.24,1905,1182
20260804,6.25,6.38,6.2,6.26,1591,1001
20260805,6.3,6.65,6.3,6.5,3416,2202
20260806,6.4,6.5,6.2,6.27,2650,1671
20260807,6.27,6.36,6.24,6.25,1197,753
20260810,6.25,6.34,6.17,6.32,1480,928
20260811,6.34,6.34,6.13,6.23,1374,851
20260812,6.16,6.23,6.08,6.16,2349,1447
20260813,6.16,6.21,6.12,6.18,1065,656
20260814,6.18,6.23,6.11,6.2,1733,1070
20260817,6.2,6.3,6.12,6.2,1522,944
20260818,6.5,6.82,6.5,6.82,4866,3303
20260819,6.86,7.2,6.5,6.92,12759,8753
20260820,7,7,6.66,6.72,5344,3641
20260821,6.78,7.39,6.76,7.39,12207,8927
20260824,8.03,8.03,7.1,7.22,20912,15761
20260825,7.1,7.43,7.02,7.17,7586,5489
20260826,7.08,7.17,6.88,6.9,6398,4455
20260827,6.86,6.97,6.79,6.86,2320,1589
20260828,6.87,6.87,6.75,6.78,2327,1581
20260831,6.8,6.9,6.76,6.8,1900,1295
20260901,6.81,6.83,6.75,6.76,1727,1171
20260902,6.8,6.83,6.73,6.83,1669,1133
20260903,6.85,6.99,6.74,6.74,2358,1614
20260904,6.69,6.98,6.69,6.79,1738,1178
20260907,6.79,6.85,6.72,6.8,2021,1369
20260908,6.8,6.85,6.77,6.8,1726,1175
20260909,6.81,6.88,6.77,6.85,2233,1524
20260910,6.84,6.88,6.63,6.66,3166,2124
20260911,6.66,6.69,6.52,6.54,2501,1654
20260914,6.52,6.52,6.35,6.38,1879,1205
20260915,6.38,6.38,6.21,6.23,2026,1268
20260916,6.23,6.28,6.19,6.21,1684,1047
20260917,6.21,6.33,6.2,6.3,2345,1473
20260918,6.3,6.3,5.92,5.92,23990,14259
20260921,5.8,5.99,5.79,5.93,6718,3968
