# date,open,high,low,close,lot,wan
20250814,34,34.75,34,34.65,331,1142
20250815,34.65,34.75,34.3,34.75,184,636
20250818,34.55,34.8,34.55,34.8,113,391
20250819,34.9,34.9,34.65,34.75,115,399
20250820,34.85,34.85,34.4,34.85,210,728
20250821,34.85,35.1,34.85,35.05,194,679
20250822,34.7,35.05,34.7,35.05,90,314
20250825,34.9,35,34.85,34.9,136,474
20250826,34.75,34.8,34.4,34.4,155,534
20250827,34.3,34.65,34.3,34.4,102,351
20250828,34.3,34.65,34.3,34.35,74,255
20250829,34.35,34.35,34.15,34.25,72,247
20250901,34.25,34.6,34.25,34.45,104,359
20250902,34.45,34.75,34.45,34.75,102,354
20250903,34.75,34.75,34.35,34.5,136,471
20250904,34.45,34.85,34.45,34.75,103,357
20250905,34.8,35.3,34.75,35.05,328,1150
20250908,34.95,35.4,34.8,34.85,209,731
20250909,34.85,34.95,34.75,34.8,81,284
20250910,34.6,34.8,34.55,34.65,148,514
20250911,34.5,34.85,34.45,34.65,200,691
20250912,34.65,34.65,34.45,34.65,56,193
20250915,34.8,34.8,34.35,34.35,177,612
20250916,34.35,34.5,34.25,34.25,90,311
20250917,34.2,34.45,34.2,34.2,92,314
20250918,34.3,34.4,34.15,34.15,115,393
20250919,34.15,34.3,34,34.25,75,257
20250922,34.35,34.4,34.2,34.2,98,336
20250923,34.1,34.25,34.1,34.2,118,401
20250924,34.45,34.5,34.2,34.25,107,365
20250925,34.6,34.6,34.25,34.4,86,294
20250926,34.4,34.4,34.15,34.25,74,255
20250930,34.4,34.55,34.25,34.35,68,234
20251001,34.4,34.4,34.3,34.35,53,183
20251002,34.35,34.35,34.2,34.2,76,262
20251003,34.2,34.3,34.05,34.1,101,343
20251007,34.1,34.1,33.85,34,278,944
20251008,34.1,34.1,33.85,33.95,137,466
20251009,33.95,34,33.8,34,224,759
20251013,34.2,34.2,33.6,33.6,233,785
20251014,33.7,33.8,33.45,33.45,265,889
20251015,33.55,33.7,33.55,33.6,89,300
20251016,33.85,33.85,33.6,33.85,98,331
20251017,33.85,34.1,33.8,33.95,181,616
20251020,34.1,34.15,33.9,34.05,115,389
20251021,34.15,34.3,34.05,34.3,136,467
20251022,34.2,34.5,34.2,34.5,76,260
20251023,34.5,34.55,34.35,34.45,66,226
20251027,33.8,33.95,33.6,33.85,844,2850
20251028,33.85,33.85,33.6,33.85,191,645
20251029,33.7,33.95,33.65,33.95,231,780
20251030,33.95,34,33.75,33.9,198,669
20251031,33.95,33.95,33.6,33.6,172,579
20251103,33.6,33.95,33.6,33.95,142,480
20251104,34,34.25,34,34,178,605
20251105,34.15,34.2,33.8,34,173,587
20251106,34.2,34.2,33.95,34.1,75,256
20251107,34.05,34.05,33.8,33.8,39,134
20251110,33.8,33.95,33.75,33.8,57,193
20251111,33.8,33.95,33.75,33.9,69,234
20251112,33.9,33.95,33.7,33.95,186,630
20251113,33.95,34,33.7,33.9,205,694
20251114,34,34,33.65,33.75,88,297
20251117,33.7,33.85,33.6,33.8,129,434
20251118,33.7,33.75,33.45,33.5,309,1036
20251119,33.5,33.5,33.3,33.35,192,641
20251120,33.35,33.55,33.25,33.55,173,577
20251121,33.8,33.8,33.35,33.65,117,392
20251124,33.9,34,33.5,34,249,844
20251125,34,34,33.5,33.55,76,257
20251126,33.5,33.9,33.5,33.9,96,323
20251127,33.65,33.75,33.6,33.75,36,122
20251128,33.6,33.85,33.6,33.85,54,182
20251201,33.55,33.8,33.55,33.55,81,273
20251202,33.6,33.9,33.55,33.7,92,308
20251203,33.55,33.75,33.55,33.6,92,310
20251204,33.6,33.75,33.55,33.7,41,138
20251205,33.7,33.85,33.55,33.7,63,213
20251208,33.7,33.7,33.55,33.55,91,305
20251209,33.55,33.6,33.45,33.5,148,495
20251210,33.45,33.6,33.45,33.45,80,268
20251211,33.45,33.45,33.35,33.45,115,384
20251212,33.7,33.8,33.45,33.45,82,276
20251215,33.45,33.5,33.3,33.4,204,682
20251216,33.15,33.35,33.15,33.25,205,683
20251217,33.5,33.5,33.1,33.15,179,593
20251218,33.45,33.45,33.15,33.15,90,300
20251219,33.15,33.35,33.15,33.25,92,306
20251222,33.35,33.4,33.2,33.25,162,540
20251223,33.2,33.3,33.05,33.15,115,382
20251224,33.15,33.3,33.15,33.25,104,346
20251226,33.25,33.25,33.15,33.25,51,171
20251229,33.3,33.3,33.25,33.3,78,261
20251230,33.3,33.3,33.15,33.3,90,299
20251231,33.3,33.3,33.1,33.15,110,365
20260102,33.15,33.3,33.05,33.1,172,568
20260105,33.05,33.1,33,33.1,310,1025
20260106,33.1,33.1,33,33.05,221,731
20260107,33,33.1,33,33.05,260,860
20260108,33.05,33.15,33,33.05,109,360
20260109,33.3,33.3,33,33,216,715
20260112,33.05,33.1,32.9,33.1,265,874
20260113,33.15,33.15,32.9,33,150,494
20260114,33,33.3,33,33.3,270,894
20260115,33.4,33.4,33.1,33.15,116,384
20260116,33.15,33.4,33.1,33.2,224,746
20260119,33,33.05,32.95,33,296,975
20260120,33,33,32.9,32.95,157,518
20260121,32.9,33,32.8,33,180,592
20260122,32.85,32.95,32.8,32.95,221,727
20260123,32.95,33,32.8,33,102,336
20260126,33,33,32.8,33,116,380
20260127,32.95,33,32.8,32.95,250,823
20260128,33,33,32.85,32.95,255,840
20260129,32.85,33,32.8,32.9,174,571
20260130,32.8,32.8,32.6,32.6,314,1027
20260202,32.65,32.65,32.25,32.4,251,812
20260203,32.4,32.55,32.35,32.5,97,315
20260204,32.5,32.8,32.5,32.8,123,401
20260205,32.7,32.7,32.5,32.5,116,379
20260206,32.5,32.5,32.25,32.4,113,367
20260209,32.3,32.5,32.3,32.45,97,313
20260210,32.45,32.8,32.45,32.75,173,565
20260211,32.6,32.75,32.55,32.65,244,797
20260223,32.3,32.4,31.95,32.15,987,3169
20260224,32.15,32.15,31.9,32,560,1793
20260225,32,32,31.6,31.75,779,2474
20260226,31.75,31.85,31.5,31.55,4079,12874
20260302,31.55,32.05,31.55,31.85,554,1764
20260303,31.85,31.85,31.45,31.7,527,1665
20260304,31.7,31.7,31.2,31.2,706,2214
20260305,31.5,31.65,31.3,31.3,407,1282
20260306,31.15,31.9,31.1,31.55,283,894
20260309,30.95,31.55,30.7,31.1,607,1893
20260310,31.4,31.8,31.35,31.35,361,1141
20260311,31.4,31.65,31.35,31.45,173,547
20260312,31.45,31.8,31.45,31.55,364,1149
20260313,31.25,31.45,31.15,31.15,371,1161
20260316,31.3,31.4,31.1,31.1,293,916
20260317,31.05,31.3,31,31,361,1123
20260318,31.15,31.25,30.95,31.1,333,1034
20260319,31,31.25,30.95,31.05,305,947
20260320,30.95,31.1,30.8,30.8,597,1845
20260323,30.55,30.55,30.2,30.4,327,995
20260324,30.45,30.8,30.45,30.7,223,685
20260325,31,31.1,30.6,31.05,294,907
20260326,31.4,31.4,31.05,31.1,143,447
20260327,31,31.2,31,31.1,149,462
20260330,30.35,31,30.35,30.9,211,649
20260331,30.75,30.9,30.7,30.7,235,723
20260401,31.2,31.2,30.7,30.95,181,558
20260402,31.25,31.25,30.85,30.9,114,353
20260407,30.9,30.95,30.8,30.9,83,255
20260408,31.2,31.2,30.8,30.85,289,894
20260409,31.15,31.15,30.7,30.85,168,519
20260410,30.85,31.1,30.85,30.9,172,534
20260413,30.9,31,30.8,30.9,173,533
20260414,31.15,31.15,30.9,30.9,251,776
20260415,30.9,31.1,30.9,31,214,664
20260416,31.2,31.2,31.05,31.1,254,791
20260417,31.1,31.25,30.85,30.85,311,964
20260420,30.9,31.1,30.8,30.8,366,1131
20260421,31.1,31.1,30.8,30.95,226,697
20260422,31.15,31.15,30.8,30.8,237,732
20260423,30.7,30.75,30.4,30.5,424,1295
20260424,30.6,30.6,30.15,30.25,486,1472
20260427,30.1,30.15,29.9,30.05,470,1411
20260428,30,30.2,29.95,30,313,941
20260429,30,30.25,29.95,30.1,201,605
20260430,30.15,30.3,30,30.25,310,934
20260504,30.25,30.25,29.95,29.95,447,1343
20260505,29.95,30.05,29.9,30,314,940
20260506,30.35,30.35,29.8,29.95,491,1467
20260507,29.85,30,29.85,30,329,985
20260508,30.1,30.1,29.95,30,357,1072
20260511,30,30,29.9,29.95,331,991
20260512,30.15,30.15,29.8,29.8,247,739
20260513,29.8,29.8,29.65,29.7,446,1325
20260514,29.65,29.75,29.6,29.6,337,1001
20260515,29.6,29.6,29.2,29.25,565,1664
20260518,29.25,29.35,29,29.25,449,1311
20260519,29.25,29.35,29.15,29.15,412,1204
20260520,29.15,29.15,29.05,29.05,265,772
20260521,29.35,29.35,29,29.1,305,888
20260522,29.1,29.1,28.9,29,570,1652
20260525,29,29,28.65,28.8,598,1719
20260526,28.8,29,28.7,28.75,433,1244
20260527,28.75,28.75,28.5,28.6,860,2457
20260528,28.6,28.8,28.4,28.6,869,2482
20260529,28.9,29.25,28.8,29.1,679,1971
20260601,29.1,29.55,28.8,29.4,584,1709
20260602,29.4,29.75,29.3,29.75,403,1190
20260603,29.95,30.05,29.75,29.95,540,1618
20260604,30,30.35,29.8,30.15,423,1274
20260605,30.2,30.35,29.95,30.1,261,786
20260608,29.45,30,29.45,29.9,867,2677
20260609,29.9,30.65,29.9,30.15,777,2350
20260610,30.2,30.5,30.05,30.4,616,1868
20260611,30.5,30.5,30.2,30.35,379,1148
20260612,30.35,30.5,30.2,30.2,867,2631
20260615,29,29.15,28.8,28.95,774,2240
20260616,29.15,29.15,28.95,29.05,283,822
20260617,29,29.15,28.95,29.05,376,1091
20260618,29.1,29.1,28.95,29.1,245,710
20260622,29.1,29.15,28.9,28.95,345,999
20260623,29,29.15,28.9,29.15,390,1131
20260624,29.15,29.15,29,29,197,573
20260625,29.1,29.15,29,29,143,417
20260626,28.85,28.9,28.7,28.75,297,854
20260629,28.9,29,28.7,28.7,120,345
20260630,28.7,28.95,28.7,28.85,131,376
20260701,29,29,28.6,28.95,201,577
20260702,28.95,28.95,28.7,28.85,262,756
20260703,28.7,29.2,28.7,29.2,384,1117
20260706,29.2,29.35,29.2,29.25,196,573
20260707,29.25,29.25,29.1,29.2,267,780
20260708,29.2,29.5,29.2,29.4,314,924
20260709,29.3,29.45,29.25,29.45,169,496
20260713,29.5,29.5,29.2,29.35,348,1022
20260714,29.5,29.5,29.05,29.1,202,589
20260715,29.3,29.4,29.15,29.4,170,499
20260716,29.45,29.45,29.15,29.35,189,554
20260717,29.35,29.6,29.25,29.4,398,1174
20260720,29.4,29.7,29.3,29.35,366,1080
20260721,29.4,29.45,29.2,29.25,148,434
20260722,29.15,29.3,29.1,29.1,171,498
20260723,29.25,29.25,29.05,29.15,86,252
20260724,29.05,29.3,29.05,29.3,105,307
20260727,29.5,29.6,29.25,29.55,318,936
20260728,29.55,29.55,29.2,29.5,228,669
20260729,29.5,29.95,29.45,29.75,911,2703
20260730,30,30,29.35,29.55,414,1226
20260731,29.75,29.75,29.05,29.1,539,1575
20260803,29.1,29.1,28.8,28.85,408,1180
20260804,28.6,28.7,28.45,28.7,402,1150
20260805,28.7,28.8,28.55,28.6,256,734
20260806,28.5,28.65,28.5,28.6,143,408
20260807,28.65,28.8,28.65,28.65,204,586
20260810,28.7,28.95,28.55,28.6,222,636
20260811,28.6,28.6,28.5,28.6,281,802
20260812,28.6,28.7,28.55,28.6,264,756
20260813,28.75,28.75,28.4,28.55,269,768
20260814,28.55,28.55,28.35,28.5,233,663
20260817,28.55,28.7,28.5,28.5,164,469
20260818,28.5,28.6,28.5,28.5,103,293
20260819,28.6,28.65,28.4,28.4,209,596
20260820,28.6,28.65,28.5,28.65,145,414
20260821,28.65,28.9,28.65,28.8,389,1120
20260824,28.95,28.95,28.6,28.7,340,976
20260825,28.7,29.05,28.7,28.7,213,615
20260826,28.7,28.85,28.65,28.8,175,504
20260827,28.8,28.8,28.55,28.65,220,630
20260828,28.65,28.65,28.55,28.6,141,404
20260831,28.6,28.65,28.45,28.55,164,467
20260901,28.5,28.75,28.5,28.6,72,207
20260902,28.5,28.65,28.5,28.55,52,149
20260903,28.55,28.65,28.45,28.45,157,448
20260904,28.55,28.55,28.4,28.5,255,724
20260907,28.85,28.85,28.4,28.55,256,731
20260908,28.55,28.55,28.4,28.4,108,307
20260909,28.4,28.5,28.4,28.45,81,230
20260910,28.45,28.95,28.45,28.7,598,1721
20260911,28.7,29.3,28.7,28.9,1016,2945
20260914,28.8,28.8,28.6,28.75,178,512
20260915,28.65,28.65,28.5,28.6,112,320
20260916,28.7,29.05,28.6,28.8,690,1877
20260917,28.9,28.95,28.75,28.9,271,783
20260918,28.9,29.1,28.8,29.1,342,990
20260921,29.1,29.15,28.6,28.85,353,1015
20260922,29,29.1,28.75,28.8,94,272
20260923,28.9,29,28.8,28.8,136,393
