# date,open,high,low,close,lot,wan
20250814,28.1,28.1,27.85,27.85,1808,5052
20250815,27.8,27.85,27.6,27.6,2819,7796
20250818,27.6,27.9,27.6,27.9,3066,8520
20250819,27.8,28,27.7,28,2789,7775
20250820,28.1,28.1,27.7,27.7,2215,6146
20250821,27.9,28,27.7,27.9,1283,3577
20250822,27.85,27.85,27.65,27.7,1148,3180
20250825,27.8,27.85,27.75,27.85,1174,3263
20250826,27.75,27.8,27.6,27.65,6340,17533
20250827,27.6,27.8,27.6,27.65,2563,7097
20250828,27.65,27.8,27.6,27.6,2444,6763
20250829,27.7,27.75,27.6,27.6,1658,4581
20250901,27.6,27.8,27.5,27.55,1907,5259
20250902,27.6,27.9,27.6,27.9,2585,7195
20250903,27.95,27.95,27.75,27.75,1172,3261
20250904,27.8,27.85,27.7,27.8,1289,3583
20250905,27.8,27.9,27.75,27.9,1215,3383
20250908,27.85,28,27.85,28,2129,5950
20250909,28,28.35,27.95,28.15,3847,10817
20250910,28.2,28.3,28,28.2,3593,10128
20250911,28.1,28.2,27.9,27.9,2293,6417
20250912,27.9,28.1,27.85,28.1,1965,5510
20250915,28.1,28.15,27.95,28,1523,4270
20250916,28,28.1,27.9,27.95,1876,5250
20250917,27.9,28,27.85,27.85,1446,4037
20250918,27.8,27.9,27.8,27.8,1548,4307
20250919,27.7,27.85,27.65,27.85,6931,19256
20250922,27.95,27.95,27.8,27.95,1425,3974
20250923,27.9,27.95,27.8,27.9,1643,4582
20250924,27.9,28.05,27.85,27.9,1403,3916
20250925,28.05,28.05,27.95,28.05,2544,7129
20250926,28.05,28.1,27.85,27.9,1794,5017
20250930,28.1,28.15,27.95,28.1,3838,10771
20251001,28.2,28.25,27.95,28.1,1539,4321
20251002,28.05,28.1,27.95,27.95,1747,4890
20251003,27.95,28.05,27.8,27.8,1812,5045
20251007,27.8,27.8,27.5,27.55,4856,13389
20251008,27.65,27.65,27.35,27.35,3963,10875
20251009,27.6,27.6,27.2,27.25,3881,10596
20251013,27.25,27.25,26.8,27,4131,11148
20251014,27,27.45,27,27.15,3450,9395
20251015,27.1,27.3,27.05,27.3,1444,3925
20251016,27.35,27.4,27.2,27.2,1428,3893
20251017,27.25,27.5,27.25,27.35,1866,5110
20251020,27.35,27.55,27.3,27.3,2607,7146
20251021,27.45,27.45,27.3,27.35,1290,3531
20251022,27.35,27.55,27.3,27.55,1919,5266
20251023,27.45,27.65,27.35,27.6,1329,3663
20251027,27.75,28,27.55,27.8,3555,9850
20251028,27.8,27.8,27.4,27.4,3043,8373
20251029,27.4,27.6,27.3,27.5,3919,10742
20251030,27.35,27.7,27.3,27.65,3728,10255
20251031,27.7,27.7,27.35,27.35,3172,8712
20251103,27.35,27.5,27.25,27.25,1976,5406
20251104,27.25,27.45,27.2,27.3,2019,5508
20251105,27.2,27.5,27.1,27.5,2837,7764
20251106,27.7,27.8,27.6,27.65,3541,9810
20251107,27.65,28.25,27.6,28,9600,26921
20251110,28.4,29.2,28.35,28.7,14625,42061
20251111,28.7,28.85,28.5,28.6,6574,18845
20251112,28.8,29.1,28.45,28.45,6666,19135
20251113,28.45,28.6,28.3,28.35,3329,9458
20251114,28.25,28.65,28.15,28.35,3502,9937
20251117,28.2,28.45,28.15,28.45,4176,11630
20251118,28.25,28.3,27.85,27.9,3579,10022
20251119,28.1,28.1,27.7,27.8,2612,7259
20251120,27.95,28.1,27.7,27.9,2069,5781
20251121,28,28,27.35,27.35,4865,13361
20251124,27.4,27.85,27.3,27.85,7337,20343
20251125,27.8,27.85,27.55,27.85,1958,5432
20251126,27.85,28.1,27.85,28.05,1878,5256
20251127,27.9,27.95,27.55,27.85,4488,12445
20251128,27.85,28.05,27.7,27.95,3731,10410
20251201,27.75,28,27.7,27.95,3894,10866
20251202,28,28.05,27.85,28,2808,7857
20251203,27.9,28,27.85,28,2768,7738
20251204,28,28,27.75,27.9,3665,10198
20251205,27.8,27.9,27.5,27.55,3509,9695
20251208,27.55,27.75,27.4,27.65,3889,10717
20251209,27.55,27.65,27.5,27.55,3431,9459
20251210,27.55,27.65,27.5,27.6,3555,9804
20251211,27.5,27.75,27.5,27.7,3504,9695
20251212,27.8,27.8,27.6,27.7,3413,9458
20251215,27.65,27.75,27.55,27.6,1544,4266
20251216,27.45,27.65,27.45,27.45,4221,11598
20251217,27.55,27.55,27.25,27.4,4529,12404
20251218,27.3,27.5,27.3,27.4,2453,6717
20251219,27.3,27.85,27.3,27.85,6895,19137
20251222,27.8,27.95,27.7,27.95,3332,9289
20251223,27.9,28.15,27.9,28.05,3369,9456
20251224,28.05,28.05,27.9,27.95,982,2743
20251226,27.95,27.95,27.75,27.9,1829,5084
20251229,27.9,28,27.85,27.95,1406,3927
20251230,27.9,28,27.75,27.95,4813,13418
20251231,27.85,28.05,27.85,28,2381,6663
20260102,28,28.15,27.9,28,2018,5654
20260105,27.9,28.05,27.8,27.85,5055,14122
20260106,27.9,28,27.7,28,4316,12030
20260107,28.05,28.05,27.8,27.85,4415,12327
20260108,27.85,27.95,27.5,27.9,5477,15187
20260109,27.9,28,27.55,28,4234,11768
20260112,27.95,27.95,27.6,27.6,3354,9286
20260113,27.7,27.75,27.4,27.4,5548,15255
20260114,27.4,27.5,27.3,27.4,4016,11002
20260115,27.45,27.5,27.35,27.35,3773,10333
20260116,27.45,27.6,27.3,27.35,5199,14229
20260119,27.35,27.4,27.25,27.25,5281,14415
20260120,27.2,27.25,27.1,27.1,7307,19828
20260121,27.15,27.15,27,27,7246,19591
20260122,27,27.1,26.95,27,7343,19822
20260123,27.15,27.3,26.95,26.95,7331,19816
20260126,26.95,27.25,26.85,27.25,5473,14797
20260127,27.25,27.35,27.15,27.15,5354,14569
20260128,27.05,27.2,27.05,27.2,5239,14220
20260129,27.2,27.6,27.2,27.6,7456,20440
20260130,27.6,27.65,27.1,27.35,7755,21118
20260202,27.3,27.3,27.05,27.1,4129,11190
20260203,27.1,27.25,27.1,27.1,4504,12212
20260204,27.1,27.2,27.1,27.1,3199,8677
20260205,27.1,27.35,27.05,27.1,3582,9731
20260206,27,27.15,27,27,3864,10449
20260209,27.15,27.25,27.05,27.15,3904,10604
20260210,27.15,27.35,27.15,27.35,4423,12050
20260211,27.35,27.35,27.1,27.15,5295,14400
20260223,27.4,27.45,27.15,27.35,7198,19668
20260224,27.35,27.4,27.1,27.3,6647,18093
20260225,27.3,27.3,27.1,27.1,5859,15903
20260226,27.1,27.2,27,27.05,12486,33763
20260302,27.25,27.25,26.9,27.25,6757,18323
20260303,26.9,27,26.85,26.85,7541,20273
20260304,26.75,26.75,26.45,26.55,9995,26541
20260305,26.55,26.75,26.5,26.6,5535,14718
20260306,26.5,26.65,26.35,26.5,4583,12157
20260309,26.1,26.3,26,26.15,6277,16428
20260310,26.4,26.45,26.2,26.2,5235,13743
20260311,26.2,26.35,26.15,26.25,3543,9314
20260312,26.2,26.25,26,26,11007,28665
20260313,25.9,26,25.65,25.9,6907,17848
20260316,25.9,26.25,25.75,26.15,4679,12170
20260317,26.1,26.3,26,26.25,6195,16193
20260318,26.35,26.35,26.05,26.1,5026,13123
20260319,26.15,26.3,25.95,26.15,5235,13688
20260320,26.05,26.35,26.05,26.35,7202,18911
20260323,26.1,26.1,25.8,25.9,5362,13899
20260324,25.95,26.1,25.85,26.05,3796,9848
20260325,26.35,26.45,26.1,26.45,5512,14475
20260326,26.3,26.5,26.25,26.25,5285,13927
20260327,26.3,26.4,26.15,26.15,4860,12747
20260330,25.85,26.5,25.85,26.5,9821,25879
20260331,26.5,26.5,26,26.35,6916,18087
20260401,26.45,26.9,26.15,26.8,6708,17777
20260402,26.9,26.9,26.5,26.6,4346,11570
20260407,26.65,26.65,26.3,26.45,3293,8695
20260408,26.9,26.9,26.5,26.6,5857,15578
20260409,26.4,27,26.3,27,5310,14100
20260410,26.8,26.95,26.55,26.95,4773,12739
20260413,26.8,26.9,26.6,26.9,3856,10306
20260414,26.9,26.9,26.5,26.85,5446,14524
20260415,26.9,26.95,26.65,26.9,4208,11276
20260416,26.9,26.95,26.75,26.95,3303,8869
20260417,27,27,26.7,27,4406,11829
20260420,26.75,26.9,26.7,26.75,4330,11582
20260421,26.85,26.85,26.6,26.7,8232,21950
20260422,26.6,26.65,26.5,26.5,5099,13542
20260423,26.4,26.5,26.25,26.3,6219,16371
20260424,26.3,26.7,26.25,26.7,5043,13330
20260427,26.5,26.7,26.35,26.35,5703,15064
20260428,26.55,26.6,26.25,26.45,4895,12901
20260429,26.6,26.7,26.25,26.65,6224,16471
20260430,26.6,26.6,26.4,26.5,5489,14543
20260504,26.55,26.55,26.3,26.4,4245,11206
20260505,26.4,26.45,26.35,26.4,4067,10732
20260506,26.6,26.6,26.4,26.4,4549,12047
20260507,26.3,26.6,26.25,26.35,7624,20097
20260508,26.6,26.65,26.35,26.55,5513,14617
20260511,26.6,26.9,26.6,26.75,5763,15425
20260512,26.75,26.85,26.65,26.75,4232,11320
20260513,26.6,26.6,26.15,26.15,7519,19748
20260514,26.15,26.25,25.8,25.9,11289,29325
20260515,25.7,25.85,25.65,25.7,11160,28692
20260518,25.65,25.7,25.55,25.6,6139,15736
20260519,25.7,26.1,25.55,25.95,8652,22350
20260520,25.95,26.05,25.85,25.85,4181,10834
20260521,25.85,26.05,25.75,25.95,2727,7077
20260522,25.8,25.95,25.8,25.8,8569,22148
20260525,25.75,25.8,25.3,25.3,24174,61375
20260526,25.25,25.3,25.05,25.05,16179,40696
20260527,25.1,25.55,24.8,25.25,16971,42598
20260528,25.25,25.25,24.8,24.8,19395,48298
20260529,25.05,25.3,24.8,24.85,222475,553208
20260601,25.2,25.4,25,25.1,14497,36412
20260602,25,25.5,25,25.3,15382,38927
20260603,25.35,25.85,25.35,25.75,9149,23485
20260604,25.75,25.75,25.55,25.55,5391,13808
20260605,25.55,25.8,25.5,25.5,8674,22187
20260608,25.2,25.4,25.1,25.1,15151,38209
20260609,25.1,25.55,25.1,25.4,8625,21902
20260610,25.25,25.8,25.25,25.8,9343,24025
20260611,25.8,25.8,25.3,25.35,8313,21155
20260612,25.4,25.6,25.35,25.45,4364,11132
20260615,25.7,25.7,25.5,25.55,5521,14131
20260616,25.65,26.25,25.55,26.15,17820,46452
20260617,26.15,26.6,26,26.15,16104,42360
20260618,26.15,26.45,26.15,26.15,18796,49264
20260622,26.2,26.3,25.9,25.95,18556,48426
20260623,25.95,26.1,25.7,25.75,16449,42510
20260624,25.7,26.05,25.65,25.95,18107,46871
20260625,26.05,26.75,26,26.25,21130,55887
20260626,26.2,26.4,26.05,26.05,16661,43619
20260629,26.35,26.5,26.05,26.5,12792,33746
20260630,26.5,26.65,26.35,26.5,14291,37669
20260701,26.5,26.6,26.15,26.5,10251,27070
20260702,26.35,26.5,26.2,26.4,6143,16207
20260703,26.2,26.85,26.2,26.8,8111,21662
20260706,26.8,26.9,26.6,26.6,5322,14208
20260707,26.6,26.7,26.3,26.4,6680,17666
20260708,26.4,26.75,26.35,26.6,5023,13334
20260709,26.6,26.7,26.5,26.7,5344,14239
20260713,26.75,26.85,26.4,26.45,14796,39284
20260714,25.55,25.6,25.2,25.5,18826,47764
20260715,25.5,26.05,25.45,25.95,6954,17965
20260716,25.95,26.15,25.9,26.15,3918,10201
20260717,26,26.25,25.8,25.95,6460,16818
20260720,26.3,26.35,25.8,25.85,4152,10796
20260721,25.9,26.25,25.85,26.1,4014,10483
20260722,26,26.15,25.8,25.95,4689,12157
20260723,26.1,26.1,25.85,25.95,3826,9930
20260724,25.85,26.15,25.85,26.05,5493,14279
20260727,26,26.15,25.95,26.05,2794,7270
20260728,25.9,26.1,25.85,26,3246,8417
20260729,26.1,26.25,25.7,26.05,8524,22165
20260730,26.2,26.35,26,26.3,9436,24738
20260731,26.35,26.6,26.05,26.05,6689,17639
20260803,26,26.15,25.9,25.9,6421,16669
20260804,25.8,25.9,25.65,25.75,6064,15608
20260805,25.7,25.9,25.7,25.9,4631,11952
20260806,25.7,25.85,25.7,25.8,4266,10995
20260807,25.85,25.95,25.8,25.8,2780,7188
20260810,26,26,25.65,25.9,4579,11796
20260811,25.75,25.9,25.6,25.7,7019,18027
20260812,25.8,25.85,25.75,25.8,3217,8299
20260813,25.85,25.95,25.7,25.95,5019,12967
20260814,25.95,25.95,25.8,25.9,4165,10782
20260817,26,26.2,25.95,26,5474,14289
20260818,25.95,26.1,25.9,25.9,2961,7689
20260819,25.9,26.1,25.8,25.9,2699,7001
20260820,25.9,26.15,25.9,26,2572,6694
20260821,25.95,26.2,25.95,26.15,2955,7712
20260824,26.1,26.2,26,26.2,1463,3824
20260825,26.1,26.3,26.05,26.3,2506,6572
20260826,26.25,26.35,26.15,26.35,2433,6396
20260827,26.35,26.45,26.25,26.35,2267,5975
20260828,26.3,26.35,26.15,26.25,2418,6346
20260831,26.25,26.25,26,26,5271,13728
20260901,25.9,26.3,25.9,26.25,3030,7933
20260902,26.2,26.25,26.05,26.2,1880,4918
20260903,26.1,26.3,26.1,26.2,3120,8175
20260904,26.2,26.25,26,26.1,3709,9672
20260907,26.1,26.15,25.95,26,5294,13791
20260908,26,26.2,25.95,26.1,2675,6981
20260909,26,26.1,26,26.1,1909,4975
20260910,26,26.1,25.95,26,2438,6336
20260911,25.85,26.15,25.85,26.05,3739,9716
20260914,25.95,26.1,25.95,26,2520,6550
20260915,25.9,26,25.85,25.85,4196,10858
20260916,25.95,26.1,25.85,25.95,4835,12559
20260917,25.95,26.05,25.9,26.05,3640,9453
20260918,25.95,26,25.7,25.75,18318,47207
20260921,25.75,25.8,25.65,25.7,3582,9212
20260922,25.85,25.85,25.55,25.6,5708,14625
20260923,25.7,25.75,25.55,25.6,3045,7813
20260924,25.55,25.6,25.5,25.55,3475,8880
