# date,open,high,low,close,lot,wan
20250814,129,129,128.5,129,16,206
20250815,129.5,130.5,128.5,130.5,58,751
20250818,130.5,131,130,130.5,49,639
20250819,130.5,130.5,130,130.5,19,248
20250820,130.5,130.5,128,129,74,955
20250821,130,130,128.5,129,19,245
20250822,129,129.5,129,129,9,116
20250825,129.5,130,129.5,130,7,91
20250826,129.5,129.5,129.5,129.5,3,39
20250827,130,130,129,129.5,80,1038
20250828,130.5,130.5,129,129,20,259
20250829,129,129,128.5,128.5,6,77
20250901,129,129,128,128.5,22,282
20250902,128.5,129,128.5,129,32,412
20250903,129,129,129,129,14,181
20250904,129,129,129,129,17,219
20250905,129,129.5,129,129,19,245
20250908,128.5,129,128.5,129,20,258
20250909,129,129,128,128.5,72,927
20250910,129,129.5,128.5,128.5,28,361
20250911,129,129,128.5,128.5,37,476
20250912,128.5,129,128.5,129,27,348
20250915,129,129,129,129,23,297
20250916,129.5,129.5,129,129,28,362
20250917,129.5,130,129,129,27,350
20250918,129,129.5,129,129,26,336
20250919,129.5,129.5,128.5,128.5,20,258
20250922,128.5,129.5,128.5,129,44,569
20250923,129,129.5,129,129.5,18,233
20250924,129,129.5,127.5,129.5,57,734
20250925,128.5,129.5,128.5,128.5,24,310
20250926,129,129.5,128,128.5,26,335
20250930,128.5,130,128.5,129,40,517
20251001,129.5,129.5,128.5,128.5,37,478
20251002,128.5,128.5,128,128,25,321
20251003,128.5,128.5,128,128,11,141
20251007,128.5,128.5,127.5,127.5,12,154
20251008,127.5,127.5,127.5,127.5,21,268
20251009,127.5,127.5,126.5,127,20,254
20251013,127,127,126,127,35,442
20251014,128.5,128.5,127.5,128,9,115
20251015,128,128.5,128,128.5,2,26
20251016,127.5,128.5,127.5,128,6,77
20251017,128,128.5,127.5,128.5,7,90
20251020,127.5,127.5,127.5,127.5,2,26
20251021,127.5,128.5,127.5,128.5,12,154
20251022,128,128.5,128,128,15,192
20251023,128.5,129.5,127,129.5,77,987
20251027,129.5,132,129,131,49,641
20251028,130,131,130,131,8,104
20251029,131,132,131,132,53,695
20251030,131,132.5,131,132,25,330
20251031,135,135,132,132,18,238
20251103,130.5,132,130,132,23,303
20251104,131,131.5,131,131.5,7,92
20251105,130,132,130,132,8,104
20251106,131,131,131,131,2,26
20251107,130.5,132,130.5,132,7,92
20251110,131,131,130,130.5,14,183
20251111,130.5,130.5,129,130,14,181
20251112,128.5,131.5,128.5,131.5,20,261
20251113,131.5,132.5,131.5,132.5,14,185
20251114,131,131,126,128,104,1328
20251117,129,129,127.5,128,9,115
20251118,128,129,127.5,127.5,14,180
20251119,127.5,127.5,127.5,127.5,3,38
20251120,127.5,128,127.5,127.5,12,153
20251121,128,128,127.5,128,7,89
20251124,128,128,127,127.5,12,153
20251125,127.5,127.5,127,127,14,178
20251126,128,128.5,127,127.5,58,740
20251127,127.5,128.5,127.5,128,15,192
20251128,128,128,127.5,128,7,90
20251201,128,130,127.5,129.5,29,374
20251202,128.5,131,128.5,130.5,25,326
20251203,131,132,131,131.5,50,658
20251204,131.5,131.5,128.5,128.5,51,668
20251205,128.5,128.5,128,128,65,832
20251208,128.5,129,128,128.5,57,731
20251209,128.5,129.5,128.5,128.5,35,451
20251210,129.5,130.5,129,130,41,531
20251211,130.5,131,130,130.5,54,703
20251212,130,130.5,130,130.5,21,274
20251215,129.5,130,129.5,130,19,246
20251216,130,130,129.5,129.5,4,52
20251217,129.5,130.5,129,130.5,18,233
20251218,129.5,130,129,130,25,323
20251219,129,132,128.5,130.5,29,376
20251222,132.5,133,130,132,26,343
20251223,132,132,130,130,29,378
20251224,130,132,129.5,132,18,236
20251226,131.5,131.5,131,131,10,131
20251229,131,132,130,131.5,44,575
20251230,130.5,131,130,131,11,144
20251231,131,143.5,130.5,143.5,75,1041
20260102,137.5,137.5,134.5,135.5,120,1626
20260105,135,136.5,134,135.5,42,569
20260106,135,136,134,134.5,38,513
20260107,134.5,134.5,132,132.5,44,587
20260108,132.5,132.5,131,131.5,23,303
20260109,132.5,132.5,130,131,43,563
20260112,130,130.5,128,130,80,1033
20260113,131,131,127.5,128.5,75,964
20260114,129,129,128,128.5,51,654
20260115,128.5,128.5,127.5,128.5,32,410
20260116,128.5,129,127,128,85,1085
20260119,127.5,128.5,125,128,215,2721
20260120,127.5,127.5,125.5,127.5,100,1267
20260121,126.5,126.5,125,125,82,1029
20260122,125.5,126,124.5,125,57,713
20260123,125,127,124.5,125,109,1368
20260126,126,129,125.5,128,98,1245
20260127,128,129.5,126,128.5,175,2223
20260128,128.5,128.5,126,127,91,1153
20260129,127,127,126.5,126.5,16,203
20260130,125.5,126,125,125.5,42,527
20260202,125,125.5,124,125,54,674
20260203,125.5,125.5,124,124,65,809
20260204,124,124.5,123.5,123.5,35,434
20260205,124,124.5,123.5,123.5,20,248
20260206,123,125.5,122.5,123.5,80,988
20260209,124.5,125.5,123.5,124.5,86,1068
20260210,125,125.5,124,124,83,1034
20260211,125,125,123.5,124,58,722
20260223,124.5,124.5,123,124,85,1051
20260224,123.5,124,123,123.5,81,999
20260225,123.5,124,122.5,122.5,94,1156
20260226,123,126,123,125.5,65,811
20260302,125.5,127,122.5,123,512,6328
20260303,124,124.5,123.5,124,31,385
20260304,123,124,122.5,124,76,937
20260305,123.5,124,123,124,29,358
20260306,124,124,124,124,16,198
20260309,124.5,129.5,124,129.5,260,3327
20260310,129.5,132.5,128,132,99,1296
20260311,132,140.5,132,139,299,4125
20260312,138.5,141.5,137,141.5,114,1595
20260313,137.5,141.5,137.5,141.5,84,1176
20260316,139.5,146,139.5,145,174,2493
20260317,146,146.5,140,141,125,1787
20260318,141,144.5,140.5,143,65,927
20260319,142,145.5,142,144.5,47,680
20260320,146,153,146,152.5,176,2656
20260323,149.5,154.5,149.5,153,76,1162
20260324,156.5,166,156.5,164,293,4737
20260325,163.5,170,163.5,170,189,3169
20260326,170,180,170,180,288,5075
20260327,180,197,178.5,195,703,13532
20260330,196,199,187,194,441,8543
20260331,189.5,198,189.5,190,252,4868
20260401,197.5,197.5,188,188,229,4351
20260402,187.5,187.5,171.5,179,321,5711
20260407,181,181,166.5,168,180,3114
20260408,173.5,173.5,163,168,125,2106
20260409,169.5,173,166.5,168.5,63,1067
20260410,170,170,163,166,75,1249
20260413,166.5,182.5,166.5,181,146,2614
20260414,179,181.5,175.5,178,98,1747
20260415,178.5,183,178.5,179,67,1207
20260416,179.5,184,179.5,183,47,855
20260417,182.5,189,181,187,83,1525
20260420,187,191.5,186,188,100,1881
20260421,190,190,182,183.5,50,918
20260422,185,185,179,179,67,1216
20260423,180,180,171.5,171.5,78,1371
20260424,169,171,168.5,170,50,849
20260427,168.5,175,164.5,174.5,85,1437
20260428,170.5,176,170.5,173,24,416
20260429,172,174,172,173.5,18,311
20260430,174.5,180.5,174,178.5,51,903
20260504,175.5,178,175.5,177,43,758
20260505,177,177,173,175.5,45,786
20260506,175,175.5,173.5,175.5,25,435
20260507,173,174,172,173,39,675
20260508,172,172,168.5,169.5,48,818
20260511,168,169,165,166.5,47,785
20260512,165,166,163,163.5,51,838
20260513,163.5,163.5,159,160,72,1153
20260514,160,166,160,165,26,425
20260515,166,166,161.5,162.5,18,295
20260518,161,165,160,165,20,326
20260519,165,165,163.5,164.5,43,707
20260520,163,165,163,164,9,148
20260521,165,167.5,165,165,24,397
20260522,164,165,163,164,32,524
20260525,164,165,161,162.5,39,635
20260526,166,166,162,162.5,25,407
20260527,162,163.5,160,162.5,81,1312
20260528,160.5,161.5,160.5,161,9,145
20260529,162,162,160.5,160.5,25,402
20260601,160,160.5,159.5,160.5,21,336
20260602,159.5,160,157,157,35,555
20260603,157,159.5,154.5,159,41,646
20260604,158,159,157,158,15,237
20260605,159,163,158.5,163,3,48
20260608,160,163,157,157,20,320
20260609,161.5,161.5,159.5,160,10,160
20260610,160,160,157.5,158,42,666
20260611,158,158,155,155,9,141
20260612,156,161.5,156,157.5,36,571
20260615,160,164,157,158,71,1136
20260616,158.5,158.5,155,155.5,44,688
20260617,156,156.5,154,154.5,36,559
20260618,155,155,152.5,152.5,39,599
20260622,154,154,151.5,152.5,53,811
20260623,153,153,149,150.5,45,677
20260624,149.5,151.5,149.5,149.5,31,465
20260625,150,151.5,149,151.5,28,420
20260626,151,151.5,150,150,11,165
20260629,150,152,149.5,151.5,28,422
20260630,151,159.5,149,159.5,158,2409
20260701,157.5,158,155,155.5,47,735
20260702,155.5,158.5,155.5,156.5,16,252
20260703,157,163,157,162,62,999
20260706,162,165,161.5,161.5,44,716
20260707,159.5,160,158.5,158.5,19,302
20260708,158.5,159,155,156.5,39,612
20260709,161,161,155,158,88,1376
20260713,158,158,155,157.5,39,611
20260714,157.5,157.5,155.5,156,35,547
20260715,156,157,156,157,8,125
20260716,156.5,158,156.5,157,17,267
20260717,157,162,156,161,58,922
20260720,152,153,138,145.5,291,4120
20260721,143.5,146,143.5,145.5,20,290
20260722,143.5,148,143,146.5,33,482
20260723,146.5,146.5,145,145.5,13,189
20260724,147,151.5,147,148.5,30,448
20260727,148,148.5,147,147,9,133
20260728,147,147,142.5,143,37,534
20260729,144,146,141.5,143,44,628
20260730,146,147,143,145,24,348
20260731,147,148,147,148,29,427
20260803,146,147,143,147,73,1058
20260804,148,148,144.5,146,21,306
20260805,147,147,145,145,11,160
20260806,146,146,146,146,1,15
20260807,146,146,144.5,144.5,7,102
20260810,145,147.5,144.5,147,31,453
20260811,147,151.5,147,148.5,40,598
20260812,149,151,149,149,19,285
20260813,151.5,151.5,147,148,37,552
20260814,149,152,148.5,150.5,44,662
20260817,151,155.5,151,155,60,925
20260818,154,155,153,154,27,415
20260819,155,155,153,154.5,18,277
20260820,154,156,154,155.5,28,434
20260821,155,155.5,155,155.5,21,326
20260824,159,159,156,157,27,424
20260825,157,157,155.5,157,20,313
20260826,155.5,158,154.5,157,32,501
20260827,157,157,155,156.5,20,312
20260828,158,158,156.5,158,13,205
20260831,156.5,158,155.5,157,33,516
20260901,157.5,160.5,156.5,156.5,56,888
20260902,157.5,158.5,156.5,158.5,33,520
20260903,157,157,156.5,156.5,15,235
20260904,156,156.5,156,156,9,140
20260907,157.5,157.5,154,154,23,358
20260908,155,155,154,154,10,155
20260909,154,154,153.5,154,8,123
20260910,155.5,155.5,155,155,16,248
20260911,153.5,154.5,153.5,153.5,13,200
20260914,154,154.5,153.5,154.5,13,200
20260915,155,157,155,156,46,716
20260916,155.5,160.5,155.5,159,40,632
20260917,159,172,159,172,191,3176
20260918,172.5,176,169,170.5,83,1429
