# date,open,high,low,close,lot,wan
20250814,13.4,13.45,13.35,13.45,74,99
20250815,13.45,13.45,13.4,13.45,48,64
20250818,13.35,13.5,13.35,13.45,59,79
20250819,13.4,13.45,13.35,13.35,64,86
20250820,13.45,13.45,13.3,13.3,85,114
20250821,13.4,13.45,13.3,13.4,49,65
20250822,13.4,13.4,13.35,13.35,43,57
20250825,13.4,13.4,13.3,13.35,126,168
20250826,13.3,13.65,13.3,13.4,324,437
20250827,13.45,13.45,13.35,13.35,209,280
20250828,13.3,13.4,13.3,13.35,86,115
20250829,13.35,13.45,13.35,13.45,54,73
20250901,13.45,13.45,13.4,13.4,46,62
20250902,13.4,13.55,13.4,13.4,83,111
20250903,13.45,13.45,13.35,13.4,61,81
20250904,13.5,13.5,13.45,13.45,27,36
20250905,13.5,13.55,13.45,13.5,48,65
20250908,13.85,14,13.7,13.8,1032,1432
20250909,13.8,13.95,13.75,13.85,194,268
20250910,13.95,14.05,13.85,13.85,173,240
20250911,13.9,13.9,13.75,13.8,229,316
20250912,13.75,13.85,13.75,13.85,108,149
20250915,13.75,13.9,13.75,13.85,136,189
20250916,13.8,13.85,13.75,13.8,81,112
20250917,13.9,13.9,13.75,13.75,193,267
20250918,13.45,13.45,13.4,13.4,158,213
20250919,13.4,13.4,13.3,13.35,184,245
20250922,13.3,13.4,13.3,13.35,100,133
20250923,13.35,13.35,13.25,13.25,102,135
20250924,13.25,13.3,13.25,13.25,68,91
20250925,13.2,13.3,13.2,13.25,126,167
20250926,13.25,13.25,13.15,13.2,149,196
20250930,13.25,13.35,13.2,13.35,93,124
20251001,13.4,13.45,13.3,13.3,72,96
20251002,13.3,13.3,13.2,13.25,76,100
20251003,13.3,13.3,13.2,13.2,60,80
20251007,13.3,13.3,13.15,13.2,108,142
20251008,13.2,13.2,13.1,13.15,105,138
20251009,13.15,13.2,13.15,13.15,86,113
20251013,13.15,13.15,13.05,13.05,147,192
20251014,13.05,13.1,12.95,13,383,499
20251015,13.1,13.1,12.95,12.95,158,205
20251016,12.95,13.1,12.95,13.05,140,183
20251017,13.1,13.15,13.05,13.1,136,178
20251020,13.15,13.2,13.1,13.2,35,46
20251021,13.1,13.2,13.1,13.1,131,172
20251022,13.15,13.15,13.05,13.1,87,114
20251023,13.1,13.1,13,13.05,241,315
20251027,13.1,13.15,13,13.1,103,135
20251028,13.1,13.1,13,13.05,77,101
20251029,13.05,13.05,13,13,64,83
20251030,13,13.05,12.9,12.95,225,292
20251031,13,13,12.9,12.95,244,316
20251103,13,13,12.9,12.95,44,57
20251104,13,13,12.95,13,132,172
20251105,13.05,13.05,13,13,192,250
20251106,13,13.15,13,13.05,180,235
20251107,13.1,13.25,13.1,13.2,396,520
20251110,13.2,13.25,13.1,13.15,56,74
20251111,13.1,13.15,13,13.05,163,212
20251112,13.05,13.15,13.05,13.1,209,274
20251113,13.05,13.15,13.05,13.15,171,225
20251114,13.15,13.2,13.1,13.1,136,179
20251117,13.2,13.2,13,13.1,145,190
20251118,13.1,13.1,12.9,12.95,254,329
20251119,13.05,13.05,12.9,13,45,58
20251120,13.05,13.05,12.9,12.95,70,91
20251121,12.85,13,12.85,12.95,96,124
20251124,13.05,13.05,12.95,13.05,47,61
20251125,13,13.05,12.95,13.05,20,25
20251126,13.1,13.15,13,13.15,125,164
20251127,13.15,13.15,13.05,13.1,49,64
20251128,13.05,13.1,13.05,13.1,24,31
20251201,13.2,13.2,13.1,13.2,64,84
20251202,13.2,13.2,13.15,13.2,66,87
20251203,13.25,13.25,13.15,13.15,44,58
20251204,13.15,13.2,13.15,13.15,34,45
20251205,13.15,13.15,13.1,13.1,54,71
20251208,13.15,13.15,13.05,13.1,84,111
20251209,13.05,13.1,13,13.05,45,59
20251210,13.05,13.1,13,13.1,19,25
20251211,13.05,13.1,13.05,13.05,31,40
20251212,13,13.1,13,13.05,76,99
20251215,13,13.05,13,13,102,133
20251216,13,13,12.9,12.95,149,193
20251217,13,13,12.9,12.95,112,146
20251218,12.95,13,12.9,12.95,87,113
20251219,12.95,13,12.9,13,60,78
20251222,12.95,13,12.95,13,67,87
20251223,13,13,12.85,12.9,145,188
20251224,12.95,12.95,12.85,12.9,158,204
20251226,12.95,12.95,12.9,12.9,39,51
20251229,12.9,12.95,12.9,12.95,68,88
20251230,12.95,12.95,12.85,12.9,112,145
20251231,12.9,12.95,12.85,12.9,84,108
20260102,12.9,12.9,12.85,12.85,76,97
20260105,12.9,12.9,12.8,12.8,146,187
20260106,12.9,12.9,12.75,12.8,108,139
20260107,12.85,12.95,12.8,12.85,249,320
20260108,12.9,12.9,12.8,12.85,61,78
20260109,12.9,12.9,12.8,12.85,98,125
20260112,12.85,12.9,12.85,12.85,118,152
20260113,12.95,12.95,12.8,12.8,119,152
20260114,12.9,12.9,12.8,12.9,115,148
20260115,12.9,12.95,12.85,12.95,168,216
20260116,13,13,12.9,12.9,106,137
20260119,12.9,13,12.9,12.9,160,207
20260120,12.9,13,12.85,12.85,157,202
20260121,12.85,12.85,12.8,12.85,131,168
20260122,12.9,12.95,12.8,12.85,65,83
20260123,12.85,12.9,12.8,12.85,67,86
20260126,12.9,12.9,12.8,12.8,114,147
20260127,12.85,12.9,12.8,12.85,94,121
20260128,12.95,13,12.85,12.9,62,79
20260129,12.9,12.9,12.85,12.9,52,66
20260130,12.9,12.9,12.8,12.85,66,85
20260202,12.85,12.85,12.6,12.75,238,302
20260203,12.75,12.85,12.7,12.8,56,71
20260204,12.8,12.85,12.75,12.85,98,125
20260205,12.9,13.1,12.85,12.9,323,419
20260206,12.9,12.9,12.8,12.8,144,184
20260209,12.9,12.9,12.8,12.85,183,235
20260210,12.85,12.85,12.75,12.85,96,123
20260211,12.85,12.9,12.8,12.9,113,145
20260223,12.95,13,12.9,12.95,182,235
20260224,12.95,13,12.85,12.9,105,136
20260225,12.9,12.9,12.7,12.85,396,507
20260226,12.8,12.9,12.8,12.9,114,147
20260302,12.95,12.95,12.85,12.95,60,78
20260303,12.85,12.9,12.8,12.9,73,94
20260304,12.85,12.85,12.65,12.65,210,267
20260305,12.85,12.85,12.7,12.7,88,112
20260306,12.7,12.8,12.65,12.75,63,80
20260309,12.65,12.7,12.5,12.5,405,510
20260310,12.6,12.65,12.5,12.55,106,134
20260311,12.6,12.75,12.55,12.65,197,249
20260312,12.6,12.65,12.5,12.55,120,151
20260313,12.5,12.55,12.45,12.5,125,157
20260316,12.55,12.55,12.45,12.45,110,137
20260317,12.45,12.6,12.45,12.5,81,101
20260318,12.6,12.6,12.45,12.55,121,152
20260319,12.45,12.5,12.4,12.4,94,118
20260320,12.4,12.45,12.4,12.4,134,167
20260323,12.35,12.5,12.2,12.4,299,369
20260324,12.4,12.4,12.3,12.35,73,90
20260325,12.4,12.45,12.35,12.4,79,97
20260326,12.45,12.45,12.35,12.35,89,110
20260327,12.35,12.35,12.3,12.35,47,58
20260330,12.35,12.4,12.25,12.35,84,103
20260331,12.25,12.35,12.25,12.25,68,84
20260401,12.4,12.5,12.4,12.5,122,151
20260402,12.5,12.5,12.3,12.3,41,51
20260407,12.3,12.4,12.3,12.3,18,22
20260408,12.4,12.55,12.35,12.45,170,211
20260409,12.45,12.5,12.35,12.5,100,125
20260410,12.45,12.5,12.4,12.45,69,86
20260413,12.8,12.85,12.7,12.7,436,557
20260414,12.7,12.75,12.55,12.7,165,210
20260415,12.75,12.8,12.65,12.7,230,293
20260416,12.7,12.8,12.7,12.75,172,220
20260417,12.75,12.8,12.65,12.7,88,112
20260420,12.7,12.75,12.55,12.6,139,175
20260421,12.6,12.65,12.55,12.6,76,96
20260422,12.7,12.7,12.5,12.55,120,151
20260423,12.6,12.6,12.3,12.35,234,291
20260424,12.4,12.4,12.25,12.25,178,218
20260427,12.25,12.35,12.2,12.3,111,136
20260428,12.35,12.45,12.35,12.4,47,58
20260429,12.5,12.5,12.4,12.4,46,58
20260430,12.5,12.5,12.3,12.4,82,101
20260504,12.4,12.55,12.35,12.45,171,213
20260505,12.45,12.5,12.4,12.45,68,85
20260506,12.5,12.6,12.4,12.5,207,258
20260507,12.55,12.55,12.4,12.4,141,176
20260508,12.5,12.55,12.4,12.5,120,149
20260511,12.5,12.5,12.35,12.35,111,137
20260512,12.4,12.4,12.2,12.25,107,132
20260513,12.3,12.3,12.2,12.25,209,256
20260514,12.3,12.3,12.15,12.15,175,213
20260515,12.2,12.2,11.95,12.05,222,269
20260518,12.2,12.2,11.9,11.95,227,273
20260519,11.95,12,11.9,11.95,98,117
20260520,11.95,12,11.9,12,40,48
20260521,12,12.05,11.95,12,69,83
20260522,12,12.05,11.95,11.95,194,232
20260525,12.05,12.05,11.9,11.9,179,214
20260526,11.95,11.95,11.9,11.95,94,112
20260527,11.95,12,11.85,11.95,263,314
20260528,11.95,12,11.85,11.9,226,269
20260529,12,12,11.9,11.95,79,94
20260601,11.95,12.05,11.9,11.9,196,235
20260602,12,12.05,11.8,12,221,264
20260603,12,12.25,12,12.2,173,210
20260604,12.2,12.4,12.2,12.35,197,244
20260605,12.35,12.35,12.2,12.35,107,131
20260608,12.3,12.3,12.05,12.15,230,279
20260609,12.1,12.25,12.1,12.2,143,173
20260610,12.1,12.15,12.05,12.15,130,157
20260611,12.15,12.2,12.05,12.2,78,94
20260612,12.2,12.25,12.15,12.2,87,107
20260615,12.3,12.5,12.3,12.35,188,234
20260616,12.4,12.5,12.3,12.4,81,101
20260617,12.4,12.45,12.3,12.4,73,90
20260618,12.45,12.5,12.35,12.5,147,183
20260622,12.5,12.55,12.45,12.5,225,281
20260623,12.6,12.6,12.25,12.45,286,356
20260624,12.5,12.6,12.4,12.55,153,192
20260625,12.55,12.55,12.5,12.5,109,137
20260626,12.4,12.45,12.35,12.4,118,146
20260629,12.35,12.5,12.35,12.45,100,124
20260630,12.5,12.5,12.4,12.5,73,91
20260701,12.5,12.55,12.5,12.55,138,172
20260702,12.55,12.6,12.5,12.6,214,269
20260703,12.6,12.7,12.6,12.65,263,333
20260706,12.65,12.75,12.6,12.65,138,174
20260707,12.7,12.7,12.55,12.65,161,203
20260708,12.55,12.7,12.55,12.6,55,70
20260709,12.65,12.65,12.55,12.55,57,72
20260713,12.6,12.6,12.5,12.55,156,195
20260714,12.65,12.65,12.5,12.6,239,299
20260715,12.65,12.75,12.6,12.75,219,277
20260716,12.75,12.8,12.6,12.75,250,319
20260717,12.75,12.8,12.55,12.75,335,424
20260720,12.9,13.35,12.7,12.8,461,601
20260721,12.9,12.9,12.75,12.9,55,70
20260722,12.85,12.95,12.75,12.8,86,110
20260723,12.85,12.95,12.65,12.85,103,132
20260724,12.75,12.8,12.7,12.8,107,137
20260727,12.75,12.85,12.7,12.75,128,164
20260728,12.7,12.75,12.55,12.65,186,235
20260729,12.7,12.7,12.45,12.7,298,375
20260730,12.7,12.7,12.5,12.55,197,248
20260731,12.65,12.65,12.5,12.6,194,244
20260803,12.55,12.55,12.5,12.55,51,64
20260804,12.5,12.5,12.4,12.45,168,210
20260805,12.55,12.55,12.4,12.4,157,195
20260806,12.5,12.5,12.4,12.45,63,78
20260807,12.45,12.5,12.4,12.45,68,85
20260810,12.45,12.5,12.4,12.5,75,94
20260811,12.45,12.55,12.45,12.5,22,28
20260812,12.6,12.6,12.45,12.5,59,73
20260813,12.55,12.55,12.45,12.5,32,40
20260814,12.5,12.5,12.45,12.5,35,44
20260817,12.5,12.55,12.45,12.5,36,45
20260818,12.5,12.5,12.45,12.45,39,49
20260819,12.45,12.5,12.4,12.4,65,81
20260820,12.4,12.5,12.35,12.5,284,352
20260821,12.5,12.55,12.45,12.55,127,159
20260824,12.6,12.8,12.5,12.5,191,241
20260825,12.5,12.5,12.4,12.45,117,146
20260826,12.55,12.6,12.5,12.6,53,66
20260827,12.5,12.55,12.5,12.5,62,78
20260828,12.5,12.6,12.5,12.5,51,64
20260831,12.6,12.6,12.45,12.6,103,129
20260901,12.55,12.6,12.5,12.5,112,141
20260902,12.55,12.55,12.45,12.5,155,194
20260903,12.5,12.6,12.5,12.5,68,85
20260904,12.5,12.55,12.5,12.55,76,96
20260907,12.55,12.6,12.45,12.55,314,393
20260908,12.15,12.25,12.15,12.2,158,192
20260909,12.2,12.2,12.15,12.2,57,70
20260910,12.25,12.25,12.2,12.25,172,210
20260911,12.2,12.25,12.15,12.2,89,109
20260914,12.2,12.2,12.1,12.15,86,104
20260915,12.15,12.15,12.1,12.1,68,82
20260916,12.1,12.15,12.1,12.1,56,67
20260917,12.15,12.2,12.1,12.15,90,109
20260918,12.15,12.2,12.15,12.15,125,151
20260921,12.15,12.2,12.1,12.1,118,143
20260922,12.2,12.2,12.1,12.15,23,28
20260923,12.1,12.15,12.1,12.1,114,138
20260924,12.15,12.15,12.1,12.1,32,39
