# date,open,high,low,close,lot,wan
20250814,38.2,38.2,37.8,38.05,27,103
20250815,38.5,38.6,37.9,38,15,57
20250818,38,38.5,38,38,21,80
20250819,37.95,37.95,37,37.25,37,139
20250820,38.1,38.4,37.4,37.65,28,106
20250821,37.65,38,37.65,38,21,79
20250822,37.1,37.9,37.1,37.5,17,64
20250825,37.55,37.55,37.15,37.25,18,67
20250826,37.25,38,37.25,38,20,75
20250827,38,38,37.4,37.4,24,90
20250828,37.4,37.95,37.4,37.9,6,23
20250829,37.4,38,37.4,38,6,23
20250901,38.05,39,36.8,37.3,23,88
20250903,37.45,37.45,37,37.05,30,111
20250904,37.1,37.3,37,37.3,11,41
20250905,37.15,37.5,37.15,37.5,12,45
20250908,36.7,37.65,36.7,37.1,13,48
20250909,37,37.15,36.95,37.1,28,104
20250910,37.05,37.4,36.9,36.95,19,70
20250911,37,37.3,36.55,36.55,33,121
20250912,36.6,36.7,36.55,36.7,10,37
20250915,36.05,36.55,36,36.55,29,105
20250916,36.55,36.8,36.3,36.3,12,44
20250917,35.75,36.65,35.7,36.15,10,36
20250918,36.15,36.2,36,36.2,18,65
20250919,36.2,36.85,36.2,36.4,66,242
20250922,36.6,36.95,36.25,36.25,19,69
20250923,36.3,36.3,36,36,17,61
20250924,36,36,35.35,35.35,9,32
20250925,35.5,35.55,35.4,35.4,18,64
20250926,35.25,35.25,35,35.05,18,63
20250930,35.75,35.75,35.5,35.5,3,11
20251001,35,35.05,35,35,15,53
20251002,34.85,35,34.55,34.55,11,38
20251003,34.6,34.6,33.85,34.05,26,89
20251007,34.05,34.05,33.05,33.65,65,217
20251008,33.65,33.65,33.2,33.35,23,77
20251009,32.75,33,32.7,32.8,17,56
20251013,30.1,31.85,30.1,31.35,54,168
20251014,31.4,31.7,31.4,31.55,13,41
20251015,32.2,32.5,31.55,32.05,14,45
20251016,31.55,32,31.55,31.6,30,95
20251017,32.7,34.75,32.7,34.75,107,367
20251020,36,37.05,34,34.2,210,741
20251021,34.2,34.2,33.45,33.9,23,78
20251022,33.6,34.05,33.55,34.05,14,47
20251023,34.95,34.95,33.9,33.9,17,58
20251027,33.9,33.9,33.55,33.8,11,37
20251028,33.8,33.85,33.6,33.6,8,27
20251029,33.25,33.25,33.1,33.15,6,20
20251030,33.35,34.15,33.35,33.95,12,41
20251031,34.3,35.1,34.3,34.5,36,125
20251103,34.5,34.7,33.85,34.05,17,58
20251104,35.1,35.1,34.1,34.4,13,45
20251105,37.2,37.8,35.9,37.8,291,1094
20251106,38.25,40,38,38.05,832,3219
20251107,38.4,38.45,37.75,38.45,96,364
20251110,40.15,40.15,37.5,37.5,70,268
20251111,37.9,37.9,35.45,35.65,59,212
20251112,36,36.2,35.75,35.75,33,119
20251113,35.2,35.55,35,35,41,144
20251114,35.1,35.45,35.1,35.1,21,74
20251117,34.1,34.6,33.6,33.6,36,122
20251118,33.15,33.9,32,32,77,250
20251119,31.7,31.8,31.7,31.75,9,29
20251120,31.85,32.35,31.8,31.8,15,48
20251121,31.8,31.8,30.6,30.95,32,100
20251124,31.05,31.45,31.05,31.2,18,56
20251125,31.2,31.3,31.2,31.3,9,28
20251126,31.3,31.45,31.3,31.45,5,16
20251127,31.05,31.15,31.05,31.1,8,25
20251128,32,32,31.3,31.9,20,63
20251201,31.9,32,31.9,32,5,16
20251202,31.15,31.2,31.15,31.2,6,19
20251203,31.35,31.35,31.35,31.35,4,13
20251204,31.4,31.6,31.4,31.5,4,13
20251205,30.95,30.95,30.65,30.9,11,34
20251208,30.9,30.95,30.5,30.5,15,46
20251209,30.35,30.95,30.35,30.4,9,27
20251210,31.9,31.9,31,31.3,29,92
20251211,31.15,31.15,31,31.05,10,31
20251212,31,31.6,31,31.2,8,25
20251215,30.5,31.25,30.5,30.7,4,12
20251216,30.7,30.7,30.7,30.7,2,6
20251217,30.7,30.7,30.6,30.7,22,67
20251218,30.55,30.55,30.55,30.55,4,12
20251219,30.55,30.95,30.5,30.95,11,34
20251222,30.8,30.8,30.8,30.8,2,6
20251223,30.85,30.85,30.6,30.6,11,34
20251224,30.3,30.95,30.3,30.6,9,28
20251226,30.4,30.5,30.2,30.3,12,36
20251229,30.3,30.4,30.2,30.25,18,55
20251230,30.2,30.3,30.2,30.3,5,15
20251231,30.3,30.4,30,30,20,60
20260102,30,30.2,30,30.2,7,21
20260105,30.4,30.4,30.2,30.2,21,64
20260106,30.2,30.75,29.85,30.75,25,76
20260107,31.15,31.15,29.9,29.9,15,46
20260108,30,30.2,29.9,30.2,31,93
20260109,30,30,29.7,30,33,99
20260112,30,30,29.55,29.6,25,74
20260113,29.65,31.2,29.5,30.35,61,184
20260114,30.1,30.5,29.5,30.5,11,33
20260115,30.5,30.8,30.15,30.75,6,18
20260116,30.75,30.75,30,30.05,11,34
20260119,30.1,30.1,29.85,29.85,20,60
20260120,29.5,30.1,29.5,29.7,22,65
20260121,29.05,29.35,29,29.35,16,47
20260122,30.45,30.45,29.45,29.45,12,36
20260123,29.6,30,29.6,29.8,23,69
20260126,29.85,30.95,29.75,30.6,35,106
20260127,30,30.2,28.65,29.1,36,105
20260128,28.8,29.35,28.65,29.35,29,84
20260129,29.85,29.85,28.9,28.9,26,76
20260130,28.8,28.8,28.05,28.8,16,46
20260202,28.75,28.75,28.1,28.15,17,48
20260203,28.15,28.15,28.05,28.05,12,34
20260204,28.4,28.4,28.1,28.1,14,40
20260205,28.8,30.9,28.8,30.9,135,416
20260206,29.6,30.1,29.1,29.65,104,308
20260209,29.65,29.65,29,29,14,41
20260210,29,29,28.6,28.9,17,49
20260211,28.9,28.9,28.15,28.35,34,97
20260223,28.35,28.4,28.05,28.05,43,122
20260224,28,28.1,28,28.1,42,118
20260225,28.1,28.15,28.1,28.1,6,17
20260226,28.1,28.2,28,28.2,16,45
20260302,27.05,27.6,27.05,27.5,13,36
20260303,27.5,27.5,27.2,27.2,24,66
20260304,27,27,27,27,2,5
20260305,27,27.05,27,27,26,70
20260306,27,27,26.95,26.95,4,11
20260309,26.15,26.9,26.15,26.2,11,29
20260310,26.25,26.25,26.2,26.2,11,29
20260311,26.2,26.35,26.2,26.35,12,32
20260312,26,26.35,25.3,25.75,14,36
20260313,25.7,25.75,25.5,25.75,19,49
20260316,25.75,27,25.75,27,11,29
20260318,27,27,26.9,26.9,3,8
20260319,26.5,26.5,26.5,26.5,20,53
20260320,25.35,26.9,25.35,25.7,20,52
20260323,25.7,25.7,25.3,25.3,19,48
20260324,25.35,25.4,25.35,25.4,8,20
20260325,25.3,26.45,25.3,26.45,11,28
20260326,26.4,27.05,25.45,27.05,22,59
20260327,26.55,26.7,26.35,26.35,4,11
20260330,26.3,26.3,26.3,26.3,1,3
20260331,26,26.3,26,26.3,2,5
20260401,26.3,26.6,26.3,26.6,4,11
20260402,26.6,27.1,26.6,27.1,22,59
20260407,27.2,27.2,27.2,27.2,1,3
20260408,27,28,27,27.3,22,61
20260409,27.3,27.3,27.3,27.3,1,3
20260410,26.8,26.8,26,26.7,7,19
20260413,29.35,29.35,29.35,29.35,103,302
20260414,32.25,32.25,29,29.7,459,1447
20260415,28.05,28.85,28.05,28.8,48,137
20260416,29.85,29.85,29.1,29.25,29,85
20260417,30,30,29.3,29.75,21,62
20260420,29,29.8,28.9,28.95,18,52
20260421,28.9,29.1,28.9,29.1,19,55
20260422,29.05,30.2,29,30.2,19,56
20260423,29.2,29.2,27.45,28.75,33,93
20260424,28.35,28.35,28.35,28.35,5,14
20260427,27.95,28,27.5,27.6,27,75
20260428,27.6,27.7,27.45,27.7,12,33
20260429,26.15,27.85,26.15,27,16,43
20260430,27,27,27,27,3,8
20260504,27,27.1,27,27.1,4,11
20260505,27,27.05,27,27.05,5,14
20260506,26.7,27.25,26.7,26.8,9,24
20260507,28,28,25,26.15,43,110
20260508,26.15,26.4,26.15,26.35,15,39
20260511,26.9,26.9,26,26.15,13,34
20260512,26.15,26.2,26,26,11,29
20260513,27.85,27.85,25.75,26.05,33,87
20260514,26,26.4,25.9,25.9,9,24
20260515,25.95,25.95,25.55,25.55,12,31
20260518,24.85,25.7,24.85,25.7,17,43
20260519,26,26,25.7,25.7,11,29
20260520,25.75,25.75,25.7,25.7,4,10
20260521,25.7,25.85,25.7,25.85,4,10
20260525,25.8,26,25.6,26,24,62
20260526,26,26.2,25.8,26.1,25,65
20260527,25.7,25.75,24.95,25.2,18,46
20260528,25.15,25.15,25.15,25.15,4,10
20260529,24.9,25.6,24.9,25.4,21,53
20260601,24.9,25.3,24.9,25.1,30,75
20260602,25,25.05,25,25,29,73
20260603,25,25.55,25,25.4,15,38
20260604,25.4,26.5,25.3,26,49,126
20260605,25.8,25.8,25.25,25.4,22,56
20260608,24.5,25.1,24.5,24.65,17,42
20260609,24.7,25,24.65,24.9,9,22
20260610,25.1,25.15,24.9,24.9,10,25
20260611,25,25,24.5,24.95,19,47
20260612,24.9,24.95,24.7,24.8,17,42
20260615,24.75,24.9,24.6,24.9,30,74
20260616,24.9,25,24.9,25,5,12
20260617,25.15,25.7,25,25.7,32,81
20260618,26,26,25.05,25.2,26,66
20260622,25.2,25.2,24.75,25.2,41,102
20260623,25.1,25.1,25.05,25.05,9,23
20260624,25.05,25.65,24.9,25.65,27,68
20260625,25.9,25.9,25.05,25.1,48,122
20260626,25,25,24,24.3,27,66
20260629,24.1,24.1,24.05,24.05,12,29
20260630,24.65,24.65,24.1,24.25,11,27
20260701,24.95,24.95,24.2,24.5,18,44
20260702,24.4,24.4,24.4,24.4,1,2
20260703,24.7,24.8,24.3,24.3,56,137
20260706,24.35,24.7,24.3,24.7,10,24
20260707,24.3,24.3,24.05,24.1,8,19
20260708,24.05,24.05,24,24,15,36
20260709,23.9,24.35,23.9,24.3,12,29
20260713,24,24,23.3,23.35,13,31
20260714,23,23.05,21.5,21.6,39,86
20260715,22,23.75,22,23.75,140,332
20260716,26.1,26.1,25.15,26.1,193,503
20260717,26.1,28.7,23.85,23.85,929,2544
20260720,24.25,24.3,22.3,22.55,172,398
20260721,23,24.1,22.35,23.4,31,73
20260722,23.8,24.1,23.35,23.65,18,42
20260723,23.65,23.65,23.25,23.65,11,26
20260724,23,23,22.65,22.65,14,32
20260727,22.7,23.4,22.35,22.35,38,86
20260728,22,22.35,21.75,22.25,27,60
20260729,21.7,22.25,21.2,21.25,40,86
20260730,21.4,21.55,21.4,21.55,6,13
20260731,21.5,21.75,21.2,21.75,19,41
20260803,21.5,21.9,21.2,21.6,24,51
20260804,21.45,21.7,21.4,21.6,17,37
20260805,21.6,21.6,21.35,21.6,15,32
20260806,21.8,21.9,21.4,21.65,10,22
20260807,21.65,21.65,21.65,21.65,4,9
20260810,21.65,21.65,21.65,21.65,2,4
20260811,21.4,21.4,20.85,21.2,28,59
20260812,21.2,21.2,21.2,21.2,3,6
20260813,21.05,21.05,21,21,13,27
20260814,21,21,21,21,3,6
20260817,21,21,21,21,2,4
20260818,21,21,21,21,3,6
20260819,21,21,21,21,5,10
20260820,20.85,20.9,20.85,20.9,3,6
20260821,20.9,20.9,20.35,20.75,57,118
20260824,20.9,20.9,20.5,20.7,32,66
20260825,20.3,20.6,20.25,20.6,10,20
20260826,20.3,20.65,20.3,20.5,16,33
20260827,20.5,20.6,20.35,20.4,8,16
20260828,20.4,20.4,20.3,20.3,5,10
20260831,20.35,20.35,20.35,20.35,5,10
20260901,20.35,20.35,20.3,20.3,3,6
20260902,20.25,20.4,20.25,20.4,5,10
20260903,20.35,20.35,19.7,19.8,18,36
20260904,19.85,19.95,19.85,19.9,8,16
20260907,19.75,19.9,19.75,19.9,8,16
20260908,19.7,19.75,19.3,19.3,41,80
20260909,19.3,19.3,19.15,19.15,22,42
20260910,19.15,19.35,19.1,19.35,10,19
20260911,20,20.3,19.4,19.4,42,83
20260914,19.4,19.5,19.3,19.45,7,14
20260916,19.35,19.55,19.35,19.55,2,4
20260917,19.5,19.5,19.45,19.5,4,8
20260918,19.5,19.8,19.5,19.5,14,27
20260921,19.7,19.7,19.4,19.65,9,18
20260922,19.65,19.65,19.65,19.65,2,4
