# date,open,high,low,close,lot,wan
20250814,29.5,29.5,29.35,29.4,14,40
20250815,29.85,29.85,29.25,29.3,25,73
20250818,29.8,29.8,29.1,29.1,15,43
20250819,29,29.4,29,29.1,21,62
20250820,29.1,29.25,28.9,28.9,46,135
20250821,29.4,29.4,28,28.65,28,81
20250822,28.85,28.85,28.2,28.2,32,91
20250825,28.75,28.75,28.1,28.35,56,160
20250826,28.5,29.4,28.45,28.6,56,160
20250827,28.6,29,28.6,28.65,18,51
20250828,29.2,29.2,28.5,28.7,23,65
20250829,28.6,29,28.3,28.65,52,150
20250901,29.3,29.7,28.75,29.7,91,264
20250902,30.9,30.9,29.3,29.5,62,187
20250903,29.95,29.95,29.2,29.5,13,39
20250904,29.9,30.15,29.15,29.85,101,302
20250905,30.4,30.4,29.5,29.8,16,48
20250908,30.3,30.3,29.5,29.7,17,52
20250909,29.95,29.95,29.4,29.4,15,45
20250910,29.3,29.4,29,29.05,51,148
20250911,29.15,29.15,28.9,29,47,135
20250912,29.65,29.7,28.85,29,32,94
20250915,29.15,29.15,28.75,28.85,15,45
20250916,29.2,29.2,28.7,28.8,19,55
20250917,29.2,29.2,28.5,28.5,28,81
20250918,28.9,28.9,28.5,28.5,30,86
20250919,28.7,28.7,28.3,28.35,30,86
20250922,28.35,28.35,28.05,28.2,51,143
20250923,28.5,28.6,28.05,28.1,24,67
20250924,28.15,28.2,28.1,28.15,17,47
20250925,28.3,28.3,27.9,27.9,67,188
20250926,28.2,28.2,27.6,27.75,28,78
20250930,27.75,27.85,27.65,27.7,17,48
20251001,28,28,27.5,27.55,23,65
20251002,27.95,27.95,27.5,27.55,11,29
20251003,27.55,27.55,27.15,27.15,27,74
20251007,26.85,27.45,26.85,27.15,33,90
20251008,27.25,27.25,26.55,26.55,60,162
20251009,26.75,26.75,26.45,26.45,44,117
20251013,26.4,26.5,25.7,26.2,53,138
20251014,26.9,26.9,26.05,26.05,57,149
20251015,26.5,26.5,25.85,25.85,25,64
20251016,26.3,26.3,25.7,26.1,54,140
20251017,26.1,28.7,26.05,28.7,384,1084
20251020,31.5,31.55,29.05,30.8,780,2391
20251021,30.55,30.6,28.7,28.7,245,722
20251022,28.6,28.6,28.15,28.55,113,320
20251023,28.2,28.3,27.95,28.15,43,120
20251027,29,29,27.5,28.15,63,175
20251028,28.1,28.5,27.5,27.85,68,189
20251029,28.3,28.3,27.3,27.5,74,204
20251030,27.8,27.8,26.5,27.35,107,289
20251031,27.65,27.65,26.75,27.3,36,97
20251103,27.8,27.8,27.1,27.1,28,75
20251104,27.4,27.4,27,27.35,31,86
20251105,27.9,30.05,27.8,30.05,818,2412
20251106,29.15,30.35,28.7,28.75,612,1796
20251107,28.75,28.85,28.1,28.25,84,240
20251110,28.45,29.75,28.45,29.65,614,1797
20251111,30,30.1,28.9,28.95,92,270
20251112,29.7,29.7,28.8,28.9,80,233
20251113,29.4,29.4,28.65,28.65,52,149
20251114,30.2,30.2,28.9,29.15,252,745
20251117,29.3,29.3,28.55,28.55,72,208
20251118,28.9,28.9,27.75,28,63,177
20251119,28.4,28.4,27.5,27.55,33,92
20251120,28,28,27.35,27.65,33,92
20251121,27.35,27.65,27.35,27.65,23,62
20251124,28.6,28.7,27.8,28.25,54,154
20251125,28.3,28.6,28.25,28.55,27,76
20251126,28.65,29,28.45,28.95,68,196
20251127,28.9,29,28.6,28.6,40,115
20251128,29.25,29.3,28.5,28.65,21,60
20251201,29.3,29.3,28.25,28.25,24,68
20251202,28.75,28.75,28.2,28.25,17,47
20251203,28.75,28.75,27.9,28,48,136
20251204,28.3,28.3,27.7,28.05,43,121
20251205,28.4,28.4,27.8,28.05,39,109
20251208,28.4,28.4,28.05,28.05,8,21
20251209,28.15,28.15,27.6,27.6,37,101
20251210,27.75,27.75,27.2,27.2,57,156
20251211,27.05,27.5,27,27.1,55,150
20251212,27.35,27.4,27.15,27.25,17,47
20251215,27.4,28.1,27.3,27.3,23,64
20251216,27.7,27.7,26.8,26.8,47,128
20251217,26.5,26.95,26.5,26.55,59,157
20251218,26.85,26.85,26.4,26.4,20,53
20251219,26.8,26.8,26.35,26.75,17,46
20251222,26.15,26.5,26.15,26.45,52,137
20251223,26.85,26.85,26.3,26.4,53,139
20251224,26.7,26.75,26.1,26.15,38,100
20251226,26.4,26.4,26.1,26.2,40,104
20251229,26.25,26.25,26,26.15,43,113
20251230,26.25,26.3,26,26.3,21,54
20251231,26.9,27,26.15,26.15,42,111
20260102,26.5,26.5,26.1,26.1,50,132
20260105,26.1,26.1,24.7,24.95,170,434
20260106,25.5,25.5,24.4,24.6,72,178
20260107,24.85,25,24.5,24.8,77,190
20260108,25.25,25.25,24.65,24.9,43,108
20260109,25.15,25.4,24.8,25.2,34,86
20260112,25.2,25.2,24.95,25.1,28,71
20260113,25.3,25.6,25.15,25.4,22,56
20260114,25.5,26,25.35,25.55,74,190
20260115,26.4,26.4,25.85,26.1,43,111
20260116,26.35,26.35,25.55,25.55,44,113
20260119,25.8,25.8,25.35,25.35,34,87
20260120,25.25,25.25,24.95,25.2,40,101
20260121,25.5,25.5,24.65,24.75,103,257
20260122,24.75,25,24.65,24.7,97,240
20260123,25.15,25.15,24.75,24.8,22,56
20260126,25.3,25.3,24.8,24.9,34,85
20260127,25.45,25.6,25.1,25.1,110,277
20260128,25.3,25.45,25,25.3,75,188
20260129,25.3,25.5,25.15,25.5,47,118
20260130,25.45,25.45,24.8,25.35,22,55
20260202,25,25.45,24.8,24.85,34,85
20260203,24.85,25,24.75,24.8,26,65
20260204,24.9,24.9,24.7,24.7,28,70
20260205,25.3,26.85,25.2,25.8,363,948
20260206,25.75,25.9,25,25.5,81,206
20260209,26,26,25,25.1,26,65
20260210,25.7,25.7,25.15,25.4,51,129
20260211,25.9,25.9,25.05,25.45,61,155
20260223,25.45,25.95,25.35,25.7,121,309
20260224,25.55,25.95,25.45,25.45,43,109
20260225,25.45,25.6,25.1,25.6,36,92
20260226,25.8,25.8,25,25.5,103,260
20260302,25.8,25.8,24.9,25.1,54,136
20260303,25.1,25.1,24.35,25,82,202
20260304,24.5,24.95,24.05,24.05,108,262
20260305,24.2,24.25,24,24.05,33,80
20260306,24.35,24.35,24.15,24.2,25,61
20260309,23.1,24,23,23.4,89,207
20260310,23.45,24.1,23.35,23.45,39,91
20260311,23.75,23.95,23.55,23.95,40,96
20260312,23.85,23.85,23.45,23.5,37,86
20260313,23.3,23.3,23.1,23.15,61,141
20260316,23.15,23.15,22.95,23,72,166
20260317,23.35,23.35,22.9,23.3,40,92
20260318,23.3,23.35,23.05,23.35,17,40
20260319,23.3,23.3,23,23.1,15,34
20260320,23.6,23.6,23.1,23.3,45,105
20260323,23.05,23.05,22.6,22.7,40,90
20260324,23.4,23.4,22.6,22.8,26,59
20260325,23.35,23.35,22.95,22.95,26,61
20260326,23.3,23.3,22.85,23,23,54
20260327,22.9,23,22.9,23,14,33
20260330,22.4,22.9,22.4,22.85,27,62
20260331,22.9,23,22.6,22.75,57,131
20260401,23,23.65,22.85,22.95,25,59
20260402,23.4,23.7,23.05,23.5,96,224
20260407,24.05,24.05,23.45,23.5,31,73
20260408,23.95,24.15,23.5,23.85,62,149
20260409,23.4,23.6,23.1,23.1,48,112
20260410,23.15,23.3,23,23.2,25,57
20260413,25.5,25.5,25.5,25.5,202,514
20260414,26.1,26.5,24.35,25,371,941
20260415,25.2,25.2,24.8,25,69,172
20260416,24.9,25.15,24.85,24.9,44,109
20260417,25.4,25.4,24.5,24.6,72,179
20260420,24.5,24.75,24.05,24.15,144,349
20260421,24.3,24.55,24.3,24.5,44,107
20260422,25.15,25.15,24.25,24.4,34,82
20260423,24.45,24.45,23.55,23.7,58,138
20260424,24.2,24.25,23.55,23.9,50,118
20260427,23.75,23.75,23,23.3,52,120
20260428,23.85,23.85,23.3,23.4,15,36
20260429,23.7,23.7,23.15,23.4,23,53
20260430,23.2,23.5,23.2,23.3,72,167
20260504,23.75,23.75,23.4,23.4,28,66
20260505,23.6,23.65,23.4,23.4,39,91
20260506,23.3,24,23.3,23.5,34,79
20260507,23.65,23.65,23.35,23.4,17,40
20260508,24.1,24.25,23.4,23.5,51,121
20260511,23.85,23.85,23.5,23.5,23,55
20260512,23.8,23.8,23.4,23.4,35,83
20260513,23.6,23.75,23,23.7,50,116
20260514,23.2,23.9,23.15,23.3,50,116
20260515,23.55,23.55,22.85,23.05,41,94
20260518,23,23,22.4,22.5,93,209
20260519,22.55,22.55,22.15,22.5,20,45
20260520,22.6,22.6,22.25,22.3,24,54
20260521,22.75,22.75,22.2,22.35,24,53
20260522,22.6,22.65,22.2,22.65,22,48
20260525,23.1,23.1,22.15,22.55,46,105
20260526,22.85,22.85,22.3,22.4,44,99
20260527,22.95,22.95,22.3,22.6,66,150
20260528,22.55,22.75,22.35,22.35,31,71
20260529,22.7,22.7,22.25,22.35,76,169
20260601,22.3,22.6,22.15,22.5,46,103
20260602,22.8,22.8,22.5,22.6,49,112
20260603,22.75,23.1,22.75,22.8,34,79
20260604,22.8,23.4,22.8,23.15,67,155
20260605,23.25,24.45,23.25,23.35,124,295
20260608,22.65,23,22.5,22.7,63,142
20260609,22.6,23.35,22.5,22.8,99,225
20260610,22.6,23,22.55,22.65,51,116
20260611,22.95,23.1,22.5,23.1,57,131
20260612,22.8,23.2,22.8,23.05,54,123
20260615,23.1,23.55,23,23.45,79,185
20260616,23.55,23.55,23.1,23.1,40,92
20260617,23.1,23.25,22.9,23.15,31,71
20260618,23.8,23.8,23.25,23.3,23,54
20260622,23.65,23.65,22.7,23.05,87,200
20260623,23.05,23.05,22.6,22.8,78,177
20260624,22.75,22.95,22.5,22.8,78,176
20260625,23,23.45,22.95,23.1,57,131
20260626,24.1,24.1,22.9,22.95,101,238
20260629,22.95,23.3,22.95,23,47,107
20260630,23.4,23.4,22.8,23.2,20,46
20260701,23.2,23.2,22.6,22.75,104,236
20260702,22.95,22.95,22.5,22.95,43,99
20260703,22.9,23.05,22.75,23.05,44,100
20260706,23.35,23.35,22.8,23,40,91
20260707,23.15,23.15,22.65,22.85,28,64
20260708,22.85,22.85,22.5,22.6,26,59
20260709,22.9,22.9,22.6,22.7,15,35
20260713,23,23,22.5,22.7,68,153
20260714,22.85,22.9,22.25,22.65,56,126
20260715,23.1,23.1,22.2,22.95,87,197
20260716,22.95,22.95,22,22.45,160,359
20260717,22.5,22.7,21.85,22.15,132,293
20260720,22.55,22.55,22.1,22.1,44,98
20260721,22.4,22.4,22.05,22.2,57,126
20260722,22.35,22.35,22,22.1,40,89
20260723,22.25,22.35,21.9,22,50,110
20260724,22.2,22.2,21.7,21.95,55,121
20260727,22.25,22.25,21.45,21.6,72,157
20260728,22.2,22.2,21.2,21.2,47,100
20260729,21.6,21.6,20.8,21.3,108,229
20260730,21.3,21.35,20.9,20.9,60,127
20260731,21.5,21.9,21.2,21.75,51,110
20260803,21.75,22.4,21.25,22.15,68,149
20260804,21.6,22.75,21.55,22.2,60,133
20260805,22.35,22.35,21.55,21.7,45,98
20260806,21.35,22.3,21.35,22.05,50,108
20260807,22.25,22.25,21.75,21.9,24,54
20260810,21.9,22.5,21.75,22,20,44
20260811,22.2,22.25,21.55,22,24,53
20260812,22.05,22.1,21.6,21.8,29,63
20260813,21.95,21.95,21.5,21.85,54,118
20260814,22,22,21.6,21.75,24,53
20260817,22.25,22.25,21.6,21.75,12,26
20260818,21.6,21.85,21.55,21.55,13,28
20260819,21.85,21.85,21.15,21.5,41,88
20260820,21.65,22,21.4,21.9,46,101
20260821,22.5,23.65,22.15,22.45,229,516
20260824,22.8,22.8,22.05,22.05,69,153
20260825,22.1,22.15,21.85,22.1,21,45
20260826,22,22.3,22,22.3,36,80
20260827,22.2,22.2,21,21.65,95,207
20260828,21.9,21.9,21.55,21.55,19,42
20260831,21.65,21.75,21.55,21.6,32,69
20260901,21.6,21.8,21.55,21.65,32,70
20260902,21.9,21.9,21.45,21.45,21,44
20260903,21.4,21.7,21.25,21.3,43,93
20260904,21.7,21.85,21.4,21.45,47,101
20260907,21.6,22.05,21.4,21.85,34,73
20260908,21.9,21.9,21.55,21.55,26,57
20260909,21.65,21.65,21.45,21.45,16,35
20260910,21.7,21.7,21.4,21.4,16,35
20260911,21.7,21.7,21.35,21.45,17,37
20260914,21.8,21.85,21.25,21.25,12,26
20260915,21.7,21.7,21,21.15,52,110
20260916,21.4,21.4,21,21.05,18,37
20260917,21.3,21.3,21,21,31,66
20260918,21.5,21.5,21,21.25,29,62
20260921,21.25,21.25,21.05,21.15,15,32
20260922,21.1,21.2,21,21.2,26,54
20260923,21.5,21.5,21.1,21.15,21,44
