# date,open,high,low,close,lot,wan
20250814,15.75,15.85,15.65,15.75,96,151
20250815,15.85,15.95,15.3,15.6,199,311
20250818,15.5,15.55,15.4,15.4,104,161
20250819,15.55,15.55,15.35,15.4,49,75
20250820,15.3,15.4,15.1,15.15,123,187
20250821,15.3,15.35,15.25,15.3,59,90
20250822,15.35,15.35,15.15,15.2,82,125
20250825,15.2,15.2,15,15,152,229
20250826,15.1,15.15,15,15.05,43,65
20250827,15.05,15.05,14.95,14.95,97,145
20250828,15,15.4,14.95,15.4,174,264
20250829,15.4,15.45,15.2,15.3,81,124
20250901,15.5,16.15,15.25,15.75,405,638
20250902,15.95,15.95,15.5,15.75,140,220
20250903,16.4,16.4,15.7,15.75,152,243
20250904,15.85,15.95,15.75,15.9,164,260
20250905,15.8,15.9,15.7,15.75,52,82
20250908,15.85,16.05,15.75,15.75,109,173
20250909,15.8,15.85,15.7,15.7,64,101
20250910,15.7,15.8,15.7,15.7,61,96
20250911,15.8,15.85,15.6,15.75,108,170
20250912,15.9,15.9,15.5,15.8,128,201
20250915,15.8,15.8,15.45,15.45,91,142
20250916,15.75,15.75,15.35,15.45,73,113
20250917,15.45,15.7,15.25,15.55,108,167
20250918,15.65,15.65,15.55,15.55,76,119
20250919,15.7,15.75,15.5,15.55,74,115
20250922,15.8,16,15.65,15.75,290,460
20250923,15.75,15.9,15.6,15.6,87,137
20250924,15.6,15.6,15.5,15.5,62,96
20250925,15.7,15.7,15.5,15.55,59,92
20250926,15.4,15.55,15.3,15.5,73,113
20250930,15.7,15.75,15.4,15.4,75,116
20251001,15.5,15.6,15.4,15.55,35,54
20251002,15.55,15.55,15.4,15.45,56,86
20251003,15.45,15.45,15.2,15.2,145,222
20251007,15.25,15.35,15.25,15.25,48,73
20251008,15.3,15.3,15.1,15.15,100,152
20251009,15.35,15.5,15.3,15.3,79,121
20251013,15.1,15.1,14.85,14.95,128,191
20251014,15.1,15.15,14.8,14.9,150,225
20251015,15,15.1,14.95,15,60,90
20251016,15.1,15.2,15,15.1,73,110
20251017,15.3,16,15.2,15.85,905,1429
20251020,16.15,16.65,15.85,15.85,872,1413
20251021,15.85,15.9,15.55,15.6,190,298
20251022,15.75,16.15,15.7,16.15,179,286
20251023,16.2,16.25,15.7,15.75,177,283
20251027,16,16,15.7,15.7,146,231
20251028,15.8,15.8,15.6,15.65,64,100
20251029,15.65,15.65,15.35,15.45,128,198
20251030,15.45,15.6,15.4,15.5,74,115
20251031,15.6,15.9,15.45,15.7,169,265
20251103,15.75,15.85,15.5,15.6,69,108
20251104,15.7,15.7,15.4,15.55,54,84
20251105,15.7,17.05,15.7,16.7,1325,2200
20251106,16.75,17,16.3,16.35,874,1457
20251107,16.4,16.4,16.05,16.3,128,207
20251110,16.3,16.4,16,16,226,365
20251111,16.25,16.25,15.65,15.75,220,348
20251112,15.95,16,15.8,15.85,91,145
20251113,15.95,15.95,15.75,15.75,76,120
20251114,15.95,16.3,15.85,15.9,243,390
20251117,16.15,16.15,15.75,15.75,136,216
20251118,15.95,15.95,15.25,15.4,152,236
20251119,15.4,15.4,15,15.1,155,235
20251120,15.3,15.3,15,15,118,178
20251121,15.05,15.45,15,15.25,155,236
20251124,15.45,15.45,15.1,15.1,77,117
20251125,15.2,15.25,15.1,15.1,66,100
20251126,15.2,15.25,15.1,15.15,50,76
20251127,15.25,15.45,15.15,15.4,143,219
20251128,15.5,15.5,15.25,15.25,83,127
20251201,15.4,15.45,15.15,15.15,115,175
20251202,15.15,15.4,15.1,15.15,75,114
20251203,15.3,15.3,15.1,15.15,122,185
20251204,15.35,15.35,15.15,15.25,35,53
20251205,15.45,15.45,15.05,15.2,148,224
20251208,15.2,15.25,15.05,15.05,114,172
20251209,15.05,15.15,15,15.05,42,63
20251210,15.2,15.2,15,15.05,58,87
20251211,15,15.05,14.85,14.95,138,206
20251212,15,15,14.75,14.85,140,208
20251215,14.7,14.9,14.7,14.9,40,60
20251216,15.2,15.2,14.85,14.9,103,155
20251217,15.05,15.1,14.9,15,51,76
20251218,14.85,15,14.7,14.85,36,53
20251219,15.05,15.1,14.65,14.85,99,146
20251222,14.9,14.9,14.7,14.75,138,204
20251223,14.85,14.85,14.7,14.75,48,71
20251224,14.85,14.9,14.65,14.65,147,217
20251226,14.75,14.75,14.55,14.55,71,104
20251229,14.55,14.75,14.55,14.75,129,189
20251230,14.7,14.7,14.55,14.55,61,89
20251231,14.55,14.75,14.5,14.5,106,155
20260102,14.5,14.65,14.5,14.55,97,141
20260105,14.55,14.65,14.15,14.25,120,172
20260106,14.25,14.55,14.2,14.3,125,179
20260107,14.35,14.5,14.2,14.35,169,242
20260108,14.5,14.65,14.45,14.45,117,170
20260109,14.55,14.65,14.35,14.65,65,95
20260112,14.65,14.65,14.5,14.55,43,63
20260113,14.85,14.85,14.45,14.55,105,153
20260114,14.5,14.7,14.5,14.5,120,175
20260115,14.75,14.75,14.55,14.7,71,104
20260116,14.75,14.8,14.6,14.6,66,97
20260119,14.65,14.65,14.5,14.5,65,95
20260120,14.45,14.55,14.35,14.5,75,108
20260121,14.4,14.55,14.25,14.35,98,141
20260122,14.35,14.75,14.35,14.55,131,190
20260123,14.7,14.7,14.3,14.3,151,218
20260126,14.35,14.4,14.25,14.3,58,83
20260127,14.3,14.3,14.15,14.25,115,163
20260128,14.3,14.4,14.25,14.25,69,99
20260129,14.25,14.25,14.1,14.1,96,136
20260130,14.1,14.2,13.9,13.95,133,186
20260202,13.9,14,13.8,13.85,83,115
20260203,13.85,13.95,13.7,13.85,115,159
20260204,13.85,13.85,13.65,13.8,94,130
20260205,14.05,15.15,13.8,15.15,1693,2538
20260206,14.65,14.9,14.15,14.15,857,1232
20260209,14.3,14.35,13.95,14.2,176,248
20260210,14.3,14.3,13.85,13.9,111,156
20260211,13.85,14.05,13.85,13.9,241,335
20260223,13.95,14.05,13.8,14,171,238
20260224,14.05,14.05,13.8,13.8,125,173
20260225,13.85,14,13.7,13.8,120,166
20260226,13.75,13.8,13.7,13.8,73,100
20260302,13.65,13.65,13.45,13.55,82,111
20260303,13.5,13.5,13,13.05,222,293
20260304,13.1,13.1,12.8,12.8,139,180
20260305,13.2,13.2,12.8,12.8,65,84
20260306,12.7,13.05,12.7,13.05,82,106
20260309,12.8,12.8,12.6,12.6,50,63
20260310,12.75,13.15,12.5,12.65,74,94
20260311,13.1,13.1,12.75,13,85,110
20260312,12.8,12.95,12.7,12.85,85,109
20260313,12.85,12.9,12.65,12.75,29,37
20260316,12.55,12.8,12.55,12.6,46,58
20260317,12.8,12.8,12.6,12.6,47,60
20260318,12.65,12.8,12.6,12.65,15,19
20260319,12.75,12.95,12.75,12.75,70,90
20260320,12.9,12.95,12.7,12.8,62,79
20260323,12.65,12.85,12.55,12.55,56,70
20260324,12.65,12.65,12.5,12.5,95,119
20260325,12.5,12.55,12.45,12.5,29,36
20260326,12.5,12.75,12.4,12.55,42,53
20260327,12.55,12.65,12.35,12.65,87,109
20260330,12.35,12.75,12.35,12.65,55,69
20260331,12.65,12.75,12.45,12.55,66,83
20260401,12.7,13.05,12.7,12.8,67,86
20260402,12.95,13.05,12.8,12.95,95,123
20260407,13.1,13.45,13.1,13.15,101,134
20260408,13.15,13.5,13.15,13.2,115,152
20260409,13.2,13.25,12.95,13,60,78
20260410,13.2,13.4,13.1,13.25,121,160
20260413,14.55,14.55,14.55,14.55,1084,1577
20260414,15.2,15.2,14.15,14.15,896,1321
20260415,14.45,14.45,13.4,13.5,252,347
20260416,13.55,13.85,13.55,13.75,188,257
20260417,14.25,14.25,13.7,13.75,109,151
20260420,13.8,13.85,13.25,13.35,101,136
20260421,13.35,13.85,13.1,13.6,95,127
20260422,13.35,13.4,13.15,13.35,85,113
20260423,13.45,13.45,13.05,13.05,133,175
20260424,13,13.2,13,13.15,48,63
20260427,13.4,13.4,12.8,12.95,78,101
20260428,12.95,13,12.85,12.95,65,84
20260429,12.85,13,12.8,12.8,44,57
20260430,13.05,13.05,12.8,12.85,39,50
20260504,13.05,13.1,12.8,12.95,58,75
20260505,12.85,13,12.8,13,81,104
20260506,13,13,12.55,12.7,96,122
20260507,12.7,12.7,12.5,12.6,61,77
20260508,12.6,12.65,12.5,12.5,49,62
20260511,12.5,12.5,12.4,12.45,74,92
20260512,12.45,12.5,12.3,12.4,59,73
20260513,12.4,12.65,12.4,12.5,42,53
20260514,12.4,12.6,12.3,12.35,43,53
20260515,12.35,12.35,12,12,136,165
20260518,11.95,12.35,11.65,11.95,60,72
20260519,12.05,12.05,11.8,11.85,41,49
20260520,11.85,12.15,11.8,11.85,26,31
20260521,11.9,12,11.85,12,56,67
20260522,12,12.3,12,12.3,128,155
20260525,12.3,12.65,12.2,12.2,85,105
20260526,12.35,12.35,12.15,12.2,57,70
20260527,12.1,12.7,12.1,12.25,122,150
20260528,12.25,12.25,12.05,12.05,89,108
20260529,12,12.05,11.95,12,82,98
20260601,12,12.1,12,12,57,69
20260602,12.05,12.2,12,12.1,65,79
20260603,12.1,12.15,12,12.15,78,94
20260604,12.1,12.35,12.1,12.3,94,115
20260605,12.4,12.4,12.15,12.35,63,77
20260608,11.9,12.4,11.7,12.15,81,97
20260609,12.15,12.15,11.85,12,70,84
20260610,11.9,12,11.9,11.95,22,26
20260611,11.9,12,11.85,11.9,38,45
20260612,12,12.05,11.85,11.85,33,39
20260615,12,12.15,11.95,12.05,60,72
20260616,12,12.2,11.95,11.95,42,51
20260617,12,12.1,11.95,11.95,41,49
20260618,12.1,12.1,12,12.05,67,81
20260622,12.1,12.2,11.95,11.95,72,87
20260623,12,12.1,11.8,11.9,59,70
20260624,11.9,12.05,11.85,11.85,68,81
20260625,11.95,12,11.9,11.95,61,73
20260626,12,12,11.7,11.8,104,123
20260629,12,12.05,11.8,11.8,38,45
20260630,11.85,11.9,11.75,11.85,94,111
20260701,12.1,12.1,11.85,11.85,28,33
20260702,11.85,12.05,11.85,11.95,38,45
20260703,12.25,12.25,12.05,12.1,137,166
20260706,12.15,12.25,12.05,12.1,38,46
20260707,12.05,12.05,11.8,11.9,112,133
20260708,11.9,11.9,11.75,11.85,102,120
20260709,11.85,11.85,11.75,11.8,64,75
20260713,12.1,12.1,11.8,11.8,55,65
20260714,11.75,11.75,11.5,11.7,165,192
20260715,11.7,11.85,11.7,11.8,43,51
20260716,11.9,11.95,11.8,11.85,40,47
20260717,12,12,11.65,11.75,71,83
20260720,11.75,11.9,11.5,11.75,91,107
20260721,11.9,11.95,11.75,11.8,49,58
20260722,11.75,11.8,11.75,11.8,61,72
20260723,11.95,12.1,11.7,11.95,46,55
20260724,11.95,12,11.7,11.85,48,57
20260727,11.95,12,11.75,11.9,43,51
20260728,11.75,11.8,11.7,11.8,96,112
20260729,11.7,11.7,11.4,11.6,192,222
20260730,11.6,11.6,11.3,11.55,100,115
20260731,11.95,11.95,11.6,11.65,40,47
20260803,11.8,11.8,11.6,11.6,24,28
20260804,11.6,11.75,11.6,11.65,26,30
20260805,11.9,11.95,11.45,11.5,85,99
20260806,11.45,11.5,11.3,11.45,75,86
20260807,11.6,11.65,11.4,11.5,18,21
20260810,11.5,11.5,11.3,11.45,53,61
20260811,11.45,11.5,11.45,11.45,30,34
20260812,11.45,11.65,11.45,11.5,58,67
20260813,11.4,11.5,11.4,11.45,41,47
20260814,11.4,11.55,11.35,11.35,63,72
20260817,11.5,11.5,11.3,11.45,30,34
20260818,11.4,11.5,11.4,11.4,17,19
20260819,11.35,11.45,11.3,11.4,28,32
20260820,11.4,11.55,11.4,11.5,8,9
20260821,11.6,12.4,11.6,11.9,406,487
20260824,12,12.3,12,12.1,317,385
20260825,12.1,12.2,12,12.2,71,86
20260826,12.15,12.35,12.1,12.3,97,119
20260827,12.4,12.4,12.2,12.3,43,53
20260828,12.3,12.3,11.85,12.05,73,88
20260831,12.15,12.2,11.95,12,54,65
20260901,12.2,12.2,11.7,11.75,105,124
20260902,11.7,11.7,11.45,11.55,87,100
20260903,11.6,11.65,11.4,11.55,63,73
20260904,11.45,11.6,11.45,11.55,28,32
20260907,11.5,11.6,11.5,11.5,26,30
20260908,11.4,11.6,11.4,11.6,12,14
20260909,11.55,11.65,11.4,11.55,47,54
20260910,11.55,11.55,11.4,11.45,42,48
20260911,11.5,11.55,11.4,11.45,35,40
20260914,11.45,11.45,11.3,11.4,29,33
20260915,11.4,11.45,11.35,11.4,16,18
20260916,11.4,11.45,11.3,11.35,25,28
20260917,11.35,11.4,11.35,11.4,29,33
20260918,11.5,11.55,11.35,11.4,23,26
20260921,11.35,11.55,11.3,11.35,45,51
20260922,11.35,11.35,11.3,11.3,22,25
20260923,11.35,11.35,11.25,11.25,68,77
