# date,open,high,low,close,lot,wan
20250814,29.45,29.9,29,29.75,6,18
20250815,31.35,32.35,29.05,29.2,14,42
20250818,29.6,31.6,27.65,31.55,20,58
20250819,31.55,33.85,28.6,29.45,20,61
20250820,28.1,29.1,27.5,28,15,42
20250821,28.5,28.95,28.5,28.95,2,6
20250822,28.2,28.8,28.2,28.8,12,34
20250825,27.8,28.95,27.8,28.75,11,31
20250826,27.6,28.45,26.95,27.85,13,36
20250827,27.5,27.8,26.95,27.8,7,19
20250828,27.8,28.3,26,27.3,22,59
20250829,27.25,27.25,25.8,25.95,15,39
20250901,25.9,25.9,25,25.8,8,20
20250902,25.2,25.75,25,25.75,13,33
20250903,25.7,25.7,24.8,24.85,7,18
20250904,24.25,26.5,24.25,24.8,13,33
20250905,26.8,27.25,26.8,27.25,91,248
20250908,25.6,25.65,24.55,24.65,98,242
20250909,24.65,24.7,23.95,24.5,23,56
20250910,24.5,25.4,24.2,24.45,28,69
20250911,24.5,24.95,23.8,24,51,123
20250912,24.2,24.35,23.2,23.85,13,31
20250915,23.95,24.75,23.5,23.8,25,59
20250916,23.8,24.6,23.4,23.75,21,49
20250917,23.4,23.7,23.4,23.7,2,5
20250918,23.35,23.45,22.15,23.45,19,44
20250919,23.3,23.3,23.3,23.3,1,2
20250922,23.6,25.2,23.6,24.6,10,24
20250923,24.95,25.7,24.95,25.2,7,18
20250924,25.05,25.05,23.65,24.45,12,29
20250925,24.45,25.65,24.3,24.55,7,17
20250926,24.55,24.55,24.55,24.55,1,2
20250930,25.05,25.05,23.8,23.8,4,10
20251001,24.6,24.6,23.55,24.1,10,24
20251002,24.05,24.1,22.7,22.95,20,46
20251003,23.75,23.75,23.75,23.75,1,2
20251007,24.25,24.25,23,23.9,4,9
20251008,23.85,23.85,22.5,22.8,27,62
20251009,22.7,22.8,22.6,22.8,23,52
20251013,22.15,23,22,23,9,20
20251014,23.7,23.7,22.8,23.1,9,21
20251015,23.4,23.4,22.75,22.75,5,11
20251016,23.25,23.25,22.85,22.85,13,30
20251017,23.5,23.5,23.5,23.5,1,2
20251020,23.65,23.65,22.2,22.3,36,81
20251021,22.65,22.65,21.95,22.45,9,20
20251022,22.3,22.55,21.65,22.4,4,9
20251023,22.1,22.3,22,22.3,16,35
20251027,22.45,22.45,21.35,21.6,16,35
20251028,21.15,21.3,20.6,21.3,7,15
20251029,21.9,21.9,21.1,21.7,4,9
20251030,21.7,21.7,20.95,21.3,10,21
20251031,21.25,21.95,21,21.95,8,17
20251103,21.9,21.9,21,21.1,13,28
20251104,20.5,20.75,19.95,20.7,17,34
20251105,19.95,20.4,19.95,20.4,3,6
20251106,20.35,21.75,20.35,21.75,17,36
20251107,21.5,21.5,21.45,21.5,3,6
20251110,21,22.45,21,22.45,6,13
20251111,22.4,22.65,22.2,22.65,7,16
20251112,22.6,24.9,22.6,24.1,80,197
20251113,24,26.5,23.5,24.35,65,162
20251114,24.15,24.95,21.95,22.6,37,84
20251117,23.2,24.85,23.2,24.3,69,166
20251118,24.3,25.15,22.6,22.6,44,102
20251119,23.45,23.45,21.95,22.9,28,63
20251120,22.75,23.4,22.65,22.7,12,28
20251121,23.45,23.45,22.7,22.7,4,9
20251124,23.45,23.45,21.55,22.9,9,20
20251125,22.9,23.7,20.85,21.55,30,64
20251126,21.5,22.55,21.05,22.3,32,70
20251127,22.95,22.95,22.95,22.95,1,2
20251128,22.95,24.65,22.5,22.5,23,53
20251201,23.4,23.5,23.25,23.25,6,14
20251202,23.5,25.55,23.45,24.7,48,120
20251203,26,27,23.6,27,53,140
20251204,27.8,28,24.85,27.5,41,108
20251205,25.2,28.35,24.9,25.8,61,156
20251208,25.35,27.2,24.05,26.8,39,101
20251209,27.4,27.4,26.05,27.2,24,64
20251210,27.2,27.25,26.1,27.2,68,181
20251211,27.1,27.4,26.8,27.35,22,60
20251212,27.5,30.05,27.5,29.9,64,189
20251215,28.85,30.6,28.25,28.25,46,137
20251216,29.2,29.9,28.3,29.55,16,47
20251217,30.5,30.5,28.5,29.45,45,130
20251218,29.95,29.95,26.55,27.35,44,120
20251219,28.15,28.15,27.8,28.05,6,17
20251222,27.55,30.45,27.55,29.7,28,81
20251223,29.55,29.6,26.75,28.85,67,186
20251224,28.8,29.2,28.55,29.2,11,32
20251226,28.8,28.8,26.8,28.7,16,45
20251229,27.1,28.15,27.1,27.85,7,19
20251230,27.85,27.85,26.3,26.95,74,197
20251231,27.85,28.15,26.95,27.7,18,50
20260102,28.55,28.65,27.35,28.05,20,56
20260105,27.95,28.45,27.95,28.45,4,11
20260106,28.4,28.4,27.5,27.5,2,6
20260107,27.9,29,27.9,29,7,20
20260108,28,30.45,27.35,28.65,50,142
20260109,29.2,29.2,29.15,29.2,3,9
20260112,28.65,30,28.65,29,14,41
20260113,29,29,28.05,28.05,3,9
20260114,28.05,29.85,27.9,28.9,20,57
20260115,28.85,29.75,28.75,28.9,22,64
20260116,29.2,29.2,29.2,29.2,2,6
20260119,29.15,30,29,29.4,18,53
20260120,29.35,32.2,29.35,29.85,43,130
20260121,29.95,29.95,28.45,29.45,9,26
20260122,29.2,32.35,29.2,30.45,67,207
20260123,30.45,31.5,29.4,31.4,34,104
20260126,30.5,34.5,29.8,34.5,130,433
20260127,34.35,37.95,34,37.95,105,387
20260128,37.95,41.7,37.95,41.7,128,527
20260129,40,44.45,38,40,113,465
20260130,39.3,42.25,37.8,40.45,37,150
20260202,37.85,40.95,37.85,40.6,33,131
20260203,40.95,42.95,39.15,42.6,39,161
20260204,46.3,46.4,43,45.25,20,90
20260205,47.45,47.45,44.9,45,33,151
20260206,44.6,46.5,44,45.95,17,78
20260209,42.2,46.8,42.2,45.85,23,102
20260210,46.65,46.65,42.65,44.7,20,88
20260211,44.4,44.4,40.8,42.25,19,80
20260223,42.15,44.4,39.3,43.15,20,85
20260224,44.7,44.7,40.35,43.1,11,48
20260225,44.85,44.85,41.05,43.1,15,64
20260226,43.1,43.9,43.1,43.2,5,22
20260302,44.05,44.05,39,41.95,21,86
20260303,38.65,41.3,38.5,41.3,16,63
20260304,40.7,40.7,37.2,37.2,9,34
20260305,38.5,39.6,37.95,39.3,15,58
20260306,40.65,40.95,40.65,40.95,2,8
20260309,40.95,40.95,37.05,39.9,8,32
20260310,40.85,40.85,40.8,40.8,3,12
20260311,41.8,41.95,41.8,41.95,2,8
20260312,41.95,41.95,39.5,41.85,8,33
20260313,40,44.75,40,41.75,9,37
20260316,41.75,43.45,41.45,41.45,4,17
20260317,42.85,42.85,38.7,39.95,7,29
20260318,40.65,40.65,40,40,2,8
20260319,40.5,40.5,40.5,40.5,1,4
20260320,42.45,42.45,39,42.15,6,25
20260323,43.6,43.6,39.95,41.55,7,29
20260324,42.5,42.5,40,40,4,17
20260325,41.45,41.7,41.45,41.7,2,8
20260326,41.65,42.7,39.2,39.9,19,77
20260327,39.95,39.95,37,39.3,20,76
20260330,38.55,38.55,38.1,38.1,2,8
20260331,37.95,37.95,37.5,37.5,2,8
20260401,37.95,37.95,37.7,37.7,2,8
20260402,38.05,38.05,38.05,38.05,1,4
20260407,38.3,38.3,38.3,38.3,1,4
20260408,38,38.35,35.2,38,21,78
20260409,37.7,38.7,34.8,37.25,74,270
20260410,35.9,35.9,34,35.55,10,35
20260413,35.4,35.4,35.4,35.4,1,4
20260414,35.4,35.4,35.4,35.4,1,4
20260415,35.35,35.35,33.8,34.65,4,14
20260416,35.2,35.3,35.2,35.3,6,21
20260417,35.3,38.8,35.2,38.5,48,180
20260420,37.35,41.8,37.35,41.25,5,20
20260421,42.3,43.2,37.9,38,11,45
20260422,38,39.9,38,39.9,5,19
20260423,39,40.85,39,40.85,5,20
20260424,41.65,43.2,41.65,42,10,42
20260427,42.9,44,42.9,43.55,3,13
20260428,43.5,43.5,43,43,3,13
20260429,41.95,41.95,38.7,39.45,14,56
20260430,41.95,41.95,41.15,41.15,2,8
20260504,41,41,41,41,1,4
20260505,41,42.15,41,42.15,2,8
20260506,40.95,40.95,37.95,39.4,7,28
20260507,39.35,41.85,39,41.85,9,36
20260508,42.65,42.65,37.7,39.85,10,39
20260511,40.45,40.45,38,38.9,6,23
20260512,38.9,38.9,38.9,38.9,1,4
20260513,38.85,38.85,35.05,37.95,43,152
20260514,37.5,37.5,37.5,37.5,1,4
20260515,37.9,37.9,33.9,37.2,7,25
20260518,37,37,35.75,36.75,4,15
20260519,37.9,38.15,33.95,36.7,5,18
20260520,36.65,36.65,36.65,36.65,1,4
20260521,36.65,36.65,36.45,36.45,4,15
20260522,36.2,36.2,35.95,35.95,5,18
20260525,36.95,37.75,35.9,35.9,6,22
20260526,36.8,36.8,35.85,35.85,5,18
20260527,36.45,36.45,33.3,35.7,15,52
20260528,36.2,36.2,32.8,35.5,11,37
20260529,35.45,35.85,34.95,34.95,3,11
20260601,34.85,34.85,31.8,34.35,5,17
20260602,34.75,36.4,34.75,36.4,5,18
20260603,37.5,37.5,33,33,13,44
20260604,34,34,29.75,30,49,151
20260605,30,30,27.65,29.35,11,31
20260608,26.45,28.45,26.45,26.95,19,51
20260609,27.75,28.35,27.75,28.35,2,6
20260610,28.1,28.1,28.1,28.1,1,3
20260611,27.95,27.95,27.35,27.8,5,14
20260612,27.8,29.7,25.7,29.2,14,39
20260615,29.95,29.95,26.65,27.6,22,60
20260616,27.4,27.4,24.85,25.6,28,71
20260617,24.9,26.8,23.9,26.1,11,28
20260618,26,28.45,26,27.45,5,14
20260622,27.9,28.65,27.9,28.65,2,6
20260623,28.2,29.45,28.2,29.45,4,12
20260624,29,29.6,29,29.6,5,15
20260625,29.95,31.3,27.5,30.4,7,21
20260626,30.4,30.4,30.4,30.4,1,3
20260629,30.35,32.05,30.35,32.05,4,12
20260630,31.9,31.9,31.9,31.9,1,3
20260701,31.3,31.3,28.75,30.25,6,18
20260702,30.1,32.6,28.1,31.15,28,84
20260703,30.75,30.75,28.15,29.95,4,12
20260706,31.75,32.85,31.75,32.4,4,13
20260707,31.4,32.95,31.25,32.45,11,35
20260708,32.8,33.2,32.8,33.2,2,7
20260709,34.1,34.1,34.1,34.1,1,3
20260713,34.1,34.1,34.1,34.1,1,3
20260714,34.1,34.1,34.1,34.1,1,3
20260715,34.1,34.35,34.1,34.35,2,7
20260716,34.3,34.3,34.3,34.3,1,3
20260717,34.2,34.2,34.2,34.2,1,3
20260720,34.15,34.15,34.15,34.15,1,3
20260721,33.9,33.9,33.9,33.9,1,3
20260722,33.85,33.85,33.85,33.85,1,3
20260723,33.8,33.9,33.8,33.9,2,7
20260724,33.85,33.85,33.85,33.85,1,3
20260727,33.75,33.75,33.75,33.75,1,3
20260728,33.4,33.4,33.4,33.4,1,3
20260729,33.4,33.4,33.4,33.4,1,3
20260730,33,33.25,33,33.25,2,7
20260731,32.9,33.65,32.9,33.65,2,7
20260803,33.65,33.65,33.65,33.65,1,3
20260804,33.5,33.5,33.5,33.5,1,3
20260805,32.95,33.35,30.2,33,8,25
20260806,32.75,32.75,30.4,30.4,2,6
20260807,30.9,30.9,30.9,30.9,1,3
20260810,31.7,31.7,31.7,31.7,1,3
20260811,30.85,30.85,30.85,30.85,1,3
20260812,30.75,30.75,30.75,30.75,1,3
20260813,30.75,30.75,28.45,30.25,4,12
20260814,30.75,30.75,30.75,30.75,1,3
20260817,30.75,30.75,28.2,29.9,5,15
20260818,29.9,30.15,27.3,30.15,5,15
20260819,29.7,29.7,29.7,29.7,1,3
20260820,29.5,29.5,29.5,29.5,1,3
20260821,29.95,30.6,29.95,30.6,2,6
20260824,30.6,30.6,30.6,30.6,1,3
20260825,30.45,31.55,30.45,31.55,5,16
20260826,31.4,31.4,31.4,31.4,1,3
20260827,30.9,30.9,30.9,30.9,1,3
20260828,30.5,30.9,30.5,30.9,2,6
20260831,30.5,30.95,30.5,30.95,2,6
20260901,30.85,30.85,30.85,30.85,1,3
20260902,30.8,30.8,30.8,30.8,1,3
20260903,30.7,30.7,30.6,30.6,2,6
20260904,31.4,31.45,30.3,30.3,6,19
20260907,30.25,30.25,28,30.25,6,17
20260908,29.5,30.95,28.2,30.95,6,18
20260909,30.95,31.25,30.95,31.25,2,6
20260910,31.2,31.25,31.2,31.25,2,6
20260911,31,31.15,31,31.15,2,6
20260914,31.6,32.15,31.6,32.15,5,16
20260915,32.1,32.1,32.1,32.1,1,3
20260916,32,32,32,32,1,3
20260917,31.8,31.8,31.8,31.8,1,3
20260918,31.5,31.5,31.5,31.5,1,3
20260921,31.15,31.15,31.15,31.15,1,3
20260922,31.15,31.15,31.15,31.15,1,3
20260923,30.85,30.85,30.85,30.85,1,3
20260924,30.25,30.7,30.25,30.7,2,6
