# date,open,high,low,close,lot,wan
20250814,117,117,114,116,1085,12520
20250815,116,117,107.5,108,2578,28520
20250818,109.5,110.5,108,108,680,7407
20250819,108,109.5,107,108.5,331,3584
20250820,109,113,108.5,111.5,766,8526
20250821,113,114,111.5,112.5,315,3557
20250822,112.5,112.5,111,111,196,2191
20250825,111.5,112.5,111,111.5,239,2669
20250826,112.5,114,111.5,113,280,3163
20250827,114,114,112,112,202,2283
20250828,112,115,112,114,356,4054
20250829,115,115,113,113,221,2511
20250901,113.5,115.5,112.5,113.5,287,3265
20250902,114.5,114.5,112.5,112.5,236,2670
20250903,113,115.5,113,114,311,3561
20250904,115,116,113,115.5,382,4397
20250905,116.5,121.5,115,120.5,1216,14420
20250908,122.5,126.5,122,125,1170,14589
20250909,125.5,125.5,120,121,865,10529
20250910,121.5,122,119,121,991,11930
20250911,114.5,114.5,111,112,695,7868
20250912,113.5,114.5,111.5,114.5,292,3305
20250915,114.5,116.5,114.5,116.5,450,5204
20250916,116,117,115,115,220,2546
20250917,116,117,113.5,113.5,307,3523
20250918,115.5,117,114.5,114.5,260,3002
20250919,115,117.5,114.5,115.5,376,4383
20250922,116,116.5,113,113,463,5317
20250923,114,114,111,112,296,3317
20250924,112,113,111.5,112.5,95,1067
20250925,113.5,113.5,111.5,112,136,1530
20250926,112.5,113.5,110,110.5,278,3085
20250930,111,112.5,111,111.5,106,1183
20251001,111.5,114,111,112.5,137,1542
20251002,112.5,112.5,110,110.5,182,2019
20251003,111,111.5,110.5,111.5,103,1144
20251007,112.5,114,112,113,176,1994
20251008,113,113.5,112,112.5,88,992
20251009,112.5,112.5,111,112.5,218,2437
20251013,110.5,111.5,110.5,111,159,1765
20251014,112.5,113.5,111,111.5,318,3582
20251015,113.5,114.5,112.5,113.5,217,2464
20251016,114,114.5,113,114,139,1580
20251017,114.5,119,114.5,115,1036,12120
20251020,117,117,113,114,274,3135
20251021,114.5,114.5,113.5,114,139,1582
20251022,114,114,113,114,82,933
20251023,114.5,114.5,112.5,112.5,146,1655
20251027,113.5,113.5,110.5,112,312,3476
20251028,111.5,111.5,110,110,181,2003
20251029,110.5,110.5,109,110,192,2102
20251030,109.5,110,108,108.5,146,1590
20251031,110,111.5,110,111.5,100,1110
20251103,112.5,112.5,111,112,163,1827
20251104,113,113.5,112,112,151,1701
20251105,113,114.5,108.5,108.5,1260,13980
20251106,112.5,117.5,110.5,111,2079,23608
20251107,111,112.5,110,111.5,307,3419
20251110,116,117,114.5,117,1181,13704
20251111,116,116,112.5,112.5,1029,11706
20251112,113.5,115,112.5,114,318,3616
20251113,114,116,113,115.5,333,3822
20251114,114,117,113.5,115.5,453,5237
20251117,115.5,118,114.5,118,893,10410
20251118,119.5,119.5,114,114.5,911,10660
20251119,115.5,116,112.5,113,385,4391
20251120,115,115,113,113.5,257,2927
20251121,111,112.5,110.5,110.5,316,3514
20251124,112,114,112,113,217,2457
20251125,113.5,113.5,111.5,112,168,1882
20251126,112,113,111.5,112,184,2067
20251127,113.5,113.5,112.5,112.5,93,1050
20251128,113,113,112,112,104,1169
20251201,112,112,109,109.5,392,4322
20251202,110.5,110.5,109.5,109.5,84,921
20251203,109.5,110.5,109.5,109.5,68,746
20251204,110.5,110.5,109.5,109.5,71,780
20251205,111,111.5,109.5,110,111,1226
20251208,110.5,112,110,111.5,112,1243
20251209,111.5,111.5,108.5,109,332,3629
20251210,109,109,107.5,108.5,215,2320
20251211,108.5,108.5,105.5,106.5,413,4400
20251212,107,108,106.5,106.5,67,719
20251215,106.5,107,105,105.5,144,1525
20251216,105.5,105.5,102.5,103,219,2272
20251217,104,105.5,104,105.5,86,902
20251218,104,105,104,105,19,199
20251219,105,106,104.5,105.5,87,916
20251222,105.5,107,105,107,80,849
20251223,106.5,107,106,106,58,617
20251224,107,107,105.5,105.5,71,754
20251226,105.5,106.5,105.5,106,69,731
20251229,105.5,106,104.5,105,117,1231
20251230,105,105,103,104.5,105,1089
20251231,105.5,105.5,104,105,53,555
20260102,106,108.5,105.5,108,220,2368
20260105,108,108,106,107,126,1346
20260106,107,110,107,108.5,281,3058
20260107,110,110,108.5,108.5,236,2579
20260108,108.5,109,108,108,95,1029
20260109,108,109.5,108,109.5,105,1143
20260112,110.5,110.5,107,107.5,283,3056
20260113,108,108.5,107,108,90,972
20260114,108.5,110,108,109.5,158,1721
20260115,109.5,111,109.5,110,243,2675
20260116,109.5,110,107,108.5,281,3042
20260119,108.5,108.5,107.5,108,116,1254
20260120,108,110,108,108.5,139,1515
20260121,108,110.5,107.5,108.5,219,2387
20260122,110,110,109,110,170,1863
20260123,109,110,108.5,108.5,164,1794
20260126,109.5,109.5,108.5,109,194,2113
20260127,110.5,111.5,109,109,312,3432
20260128,108,108,106,107,594,6332
20260129,107,107,104,106,229,2411
20260130,105,106,104,104,166,1732
20260202,104,104,102.5,103,115,1184
20260203,104.5,105,103,103.5,141,1460
20260204,103,104,103,103.5,69,714
20260205,107,109.5,106.5,107.5,707,7628
20260206,107.5,108,104,107.5,388,4094
20260209,109,109,106.5,108,176,1897
20260210,108,108,104.5,105,267,2818
20260211,104.5,106,104.5,105.5,127,1336
20260223,106,108.5,106,107.5,363,3916
20260224,108,108.5,106.5,106.5,227,2443
20260225,107,107.5,105.5,106,169,1794
20260226,106.5,107,105,107,118,1253
20260302,103,105.5,103,105.5,189,1978
20260303,105,105,103.5,104.5,260,2713
20260304,103,103,99.1,99.3,352,3541
20260305,102,102.5,99.2,100.5,146,1469
20260306,99.4,104.5,99.4,104,153,1576
20260309,100.5,101.5,99.9,101,169,1696
20260310,105,106.5,104.5,106.5,458,4837
20260311,107.5,107.5,106,106.5,256,2728
20260312,106,106.5,105,105.5,120,1265
20260313,105,105.5,104,105.5,129,1355
20260316,105.5,105.5,103.5,104,134,1395
20260317,104,104.5,103,103.5,145,1504
20260318,104,104,103,103,150,1547
20260319,102.5,103.5,102,102.5,79,810
20260320,102.5,103,102,102,79,809
20260323,100.5,102,99.5,100.5,126,1271
20260324,102.5,102.5,100,101,130,1312
20260325,102,105,101.5,104.5,259,2693
20260326,105.5,105.5,103,103,91,948
20260327,103,103,102.5,102.5,32,329
20260330,101,103,99.8,101.5,123,1247
20260331,102.5,102.5,100,102,116,1177
20260401,102,107,102,106,268,2824
20260402,106.5,107.5,105,106.5,188,1998
20260407,107.5,107.5,105,105.5,104,1100
20260408,106.5,107,105.5,106.5,230,2447
20260409,106.5,106.5,103,104,215,2244
20260410,104,106,103,106,184,1928
20260413,112,116,108.5,108.5,2105,23664
20260414,109.5,109.5,105,105.5,391,4149
20260415,106,106,102,104,267,2775
20260416,104.5,106,104.5,106,176,1860
20260417,106,106,104.5,104.5,133,1397
20260420,104.5,104.5,103.5,104,179,1867
20260421,104.5,105,104,104.5,94,983
20260422,104.5,105,104,104,172,1795
20260423,104.5,104.5,101.5,102.5,295,3025
20260424,102,102.5,101,101.5,152,1545
20260427,101.5,102.5,101,102,271,2760
20260428,102,103,102,102.5,86,881
20260429,103,103,101.5,101.5,94,960
20260430,102,104.5,102,102.5,135,1392
20260504,103.5,106,103.5,106,305,3192
20260505,104,104,101,102.5,619,6317
20260506,102,102.5,101,101.5,309,3137
20260507,103,103.5,102,103,167,1712
20260508,103,103.5,101.5,101.5,198,2026
20260511,102,102.5,101.5,101.5,241,2456
20260512,101.5,102.5,101.5,101.5,139,1415
20260513,101.5,102.5,101,102,134,1364
20260514,102.5,102.5,101,101,201,2046
20260515,102.5,102.5,100.5,101,143,1447
20260518,101,101,100.5,100.5,135,1359
20260519,101,102,100.5,100.5,88,888
20260520,101.5,101.5,100.5,101,53,535
20260521,101.5,101.5,101,101.5,97,982
20260522,102.5,102.5,101,101.5,99,1008
20260525,102,102,101.5,101.5,119,1208
20260526,102,103.5,102,103.5,212,2178
20260527,103.5,104,102.5,102.5,151,1554
20260528,102.5,103,101.5,101.5,136,1390
20260529,102,103,101.5,102.5,127,1302
20260601,102.5,104,102.5,104,245,2531
20260602,104,104,102,103,290,2974
20260603,103.5,104,102,103.5,244,2521
20260604,103.5,109.5,103.5,108,829,8885
20260605,109,109,106,106.5,407,4361
20260608,105,105.5,104,104.5,256,2679
20260609,105.5,106,103,104,266,2765
20260610,104.5,106,104,104,262,2751
20260611,104.5,105,103,103.5,209,2172
20260612,104.5,106,104,105,242,2554
20260615,106.5,106.5,105,105.5,139,1470
20260616,106.5,106.5,105,105,155,1637
20260617,106,109,106,108,444,4775
20260618,108.5,109.5,107.5,108,250,2712
20260622,109,109,107,107.5,272,2927
20260623,108,108,105,106,203,2152
20260624,106.5,108,105.5,106.5,206,2194
20260625,106.5,109,106.5,108.5,328,3544
20260626,108,108.5,106.5,107,217,2332
20260629,107,108,105.5,105.5,118,1254
20260630,106,106.5,105,106.5,152,1611
20260701,107.5,107.5,106.5,106.5,173,1847
20260702,105.5,107.5,105.5,107,130,1387
20260703,107,108,107,107.5,108,1160
20260706,108.5,109,107.5,108.5,214,2318
20260707,108.5,108.5,105.5,106,196,2086
20260708,106,106,105,105.5,106,1118
20260709,106,106.5,105.5,106,109,1155
20260713,105,105.5,103.5,103.5,275,2874
20260714,103.5,104.5,101,102.5,247,2526
20260715,103,103.5,103,103.5,107,1105
20260716,103.5,104,103,103.5,80,830
20260717,103.5,103.5,101.5,102,226,2316
20260720,103,103,100.5,101,218,2206
20260721,102,102.5,101.5,101.5,317,3230
20260722,103.5,103.5,101.5,103,375,3835
20260723,95.5,95.5,94.6,94.7,355,3377
20260724,94.2,95.4,94.1,94.2,133,1256
20260727,94.6,94.6,93.8,93.9,158,1487
20260728,93.9,93.9,89.9,90,323,2956
20260729,90.2,90.3,85,87.2,292,2555
20260730,85.6,87.6,84,85.7,122,1053
20260731,88.1,88.9,86.4,87.6,146,1276
20260803,88.1,88.1,87,87.7,78,682
20260804,87.9,88,86.5,86.6,152,1325
20260805,87.5,88.3,85.8,86.6,178,1543
20260806,87,88.7,87,88.4,80,703
20260807,89.5,89.5,88.1,88.5,58,513
20260810,88.5,90,88.4,89.9,76,677
20260811,89.8,89.9,88.2,88.8,140,1244
20260812,88.8,89.5,88.3,88.5,81,718
20260813,88.4,88.5,88.1,88.5,53,468
20260814,88.2,88.3,87.7,88.1,59,519
20260817,88.1,88.3,87.8,88.1,40,352
20260818,88.2,88.4,87.8,87.8,49,432
20260819,87.5,88.3,87.2,87.8,43,377
20260820,88.8,88.8,87.9,88.3,102,902
20260821,89.5,90.3,88.8,89.7,184,1649
20260824,89.8,90,88.7,88.7,70,624
20260825,88.3,88.5,88,88.5,31,273
20260826,89,90,88.5,89.3,49,438
20260827,89.6,89.6,89.1,89.5,35,313
20260828,89.8,89.9,89.1,89.4,97,867
20260831,89.8,89.8,88.1,89,39,347
20260901,88.2,88.9,88.1,88.3,65,574
20260902,88.3,88.3,87.9,87.9,26,229
20260903,87.9,87.9,87,87,51,446
20260904,87.2,87.3,86.5,87.2,62,538
20260907,88.5,88.5,87,87.6,38,333
20260908,88.2,88.2,87.3,87.6,38,333
20260909,87.9,87.9,87,87.5,34,297
20260910,87,87.4,86.4,86.8,68,590
20260911,86.8,86.8,85.2,85.4,99,848
20260914,85.1,85.1,83.8,84.5,79,667
20260915,84.2,84.2,83.6,83.7,65,545
20260916,84,84.1,83.4,83.6,63,528
20260917,83.7,84.8,83.5,84.5,55,462
20260918,84.6,84.6,84.1,84.6,40,338
20260921,84.6,84.6,84,84.1,49,412
20260922,84.1,84.4,83.8,84.3,84,707
20260923,84.3,85.1,84.3,84.9,87,738
