# date,open,high,low,close,lot,wan
20250814,197,198,190,194,754,14544
20250815,194.5,197,193.5,196.5,414,8102
20250818,197.5,201,195.5,198,808,16001
20250819,199,201.5,197,200,884,17631
20250820,200,201.5,195.5,195.5,373,7376
20250821,195.5,196.5,192.5,193.5,591,11459
20250822,193.5,196,193.5,196,301,5864
20250825,198,198,188.5,189.5,1076,20469
20250826,189.5,192.5,189,192,349,6663
20250827,190.5,192,189.5,192,212,4055
20250828,192.5,192.5,190,190,170,3254
20250829,189.5,191.5,189,191,211,4011
20250901,189.5,197.5,189.5,196.5,657,12833
20250902,197,198,195,196.5,251,4928
20250903,198.5,206,197.5,203.5,1354,27372
20250904,204,205.5,201,202.5,422,8555
20250905,204.5,205,198,201.5,560,11315
20250908,202,202.5,198.5,198.5,280,5596
20250909,201,201,195.5,198,494,9742
20250910,197,200,196,199,233,4616
20250911,201,205,200.5,205,772,15727
20250912,206,209.5,203,205.5,831,17106
20250915,206.5,209.5,205,206.5,485,10080
20250916,205.5,205.5,197.5,200,676,13526
20250917,202,204,199,200.5,239,4803
20250918,201,202.5,199,202,172,3463
20250919,200.5,201.5,199,200,227,4544
20250922,202,205.5,202,204.5,362,7386
20250923,205.5,206,203,205,261,5355
20250924,205.5,205.5,202.5,205,297,6057
20250925,206,207,198.5,200,798,16062
20250926,200.5,201.5,198.5,201.5,305,6118
20250930,202.5,207,201.5,207,602,12368
20251001,205,205.5,198.5,199.5,1016,20314
20251002,200,200.5,197,197.5,545,10815
20251003,197.5,197.5,194.5,197.5,487,9543
20251007,198,198.5,196,196.5,227,4466
20251008,196.5,196.5,193.5,195,399,7776
20251009,194,195,188,190.5,1234,23483
20251013,188.5,190.5,186.5,188.5,718,13520
20251014,188.5,191.5,188,188.5,368,6985
20251015,190,191.5,189,190.5,805,15324
20251016,190,190.5,187.5,187.5,283,5337
20251017,187.5,190.5,187,188.5,266,5031
20251020,190,192.5,189.5,190.5,424,8097
20251021,191.5,192,190,191,269,5122
20251022,190.5,192,186,187.5,863,16250
20251023,187.5,188.5,183.5,186,480,8904
20251027,186,193,185.5,189,796,15136
20251028,191,191,188.5,188.5,227,4295
20251029,190,190.5,187.5,188,308,5814
20251030,189.5,192.5,189.5,191,500,9563
20251031,191,193.5,191,192.5,348,6710
20251103,192.5,196,191,195,380,7392
20251104,195,200.5,194,200,871,17313
20251105,199.5,200.5,196,198,310,6118
20251106,200,200,197,199.5,146,2902
20251107,200,202,197,200,298,5962
20251110,201,202,200,201,224,4501
20251111,203,203,200.5,201.5,347,7008
20251112,210,221.5,208.5,217,2107,45741
20251113,218.5,219,201.5,201.5,1116,23108
20251114,201,202.5,197.5,199.5,450,9000
20251117,200,202.5,199.5,201,191,3830
20251118,201,202,194,195,471,9239
20251119,194,196,193.5,193.5,220,4280
20251120,194.5,196,191.5,192,279,5375
20251121,192,194,190,191.5,368,7052
20251124,193,196,193,195.5,183,3564
20251125,195.5,195.5,189.5,190,476,9125
20251126,192,194.5,192,194.5,181,3488
20251127,194.5,195.5,193,194,172,3345
20251128,194,196.5,194,194.5,203,3950
20251201,194,194,190,191.5,291,5579
20251202,193,193,189.5,190,329,6279
20251203,192,192,190,190.5,121,2309
20251204,192,193.5,191.5,192,137,2646
20251205,192,192,190,191.5,226,4303
20251208,191,193,191,192.5,106,2038
20251209,192.5,192.5,190,191.5,332,6342
20251210,191.5,191.5,189,190.5,323,6133
20251211,191.5,193,191,191.5,188,3609
20251212,192.5,199.5,191.5,196.5,512,9991
20251215,195,198,194.5,194.5,242,4733
20251216,194,195,192.5,194.5,196,3796
20251217,195.5,195.5,194,194,436,8081
20251218,194,195,192.5,193.5,167,3236
20251219,194.5,196,194.5,195.5,148,2882
20251222,197,197,195.5,197,236,4626
20251223,198,198.5,196.5,197,300,5923
20251224,194,194,190,190.5,473,9045
20251226,191.5,191.5,189,190,229,4338
20251229,191.5,192,190.5,191.5,159,3043
20251230,191.5,191.5,189.5,191,175,3320
20251231,191,191,190,190.5,105,1998
20260102,191,192.5,189,190,288,5470
20260105,190,190.5,189,189,264,5003
20260106,189,189.5,188.5,188.5,266,5026
20260107,188.5,191,188.5,190,151,2864
20260108,190.5,193,190.5,191,234,4483
20260109,192,192.5,190.5,192.5,156,2982
20260112,192.5,193,191,192.5,170,3272
20260113,192,192,183,184.5,1636,30339
20260114,186.5,187.5,185,186,367,6824
20260115,186.5,187.5,186.5,187,226,4216
20260116,187,187,184.5,185.5,387,7173
20260119,187,187,184,184.5,304,5626
20260120,184.5,185.5,184,184,190,3516
20260121,183.5,184,182,182,409,7465
20260122,183.5,185,183,184.5,166,3049
20260123,185,185,182.5,182.5,235,4296
20260126,182.5,183,182,183,123,2246
20260127,182.5,182.5,178.5,179,935,16834
20260128,179.5,180,178,180,341,6118
20260129,179,180,178,178,303,5413
20260130,177.5,178,176,177,194,3444
20260202,176,177,175,175.5,367,6443
20260203,176.5,178.5,176.5,178.5,152,2702
20260204,179.5,180,177.5,178.5,172,3084
20260205,178.5,184,178.5,182.5,323,5879
20260206,181,182.5,179.5,181,208,3771
20260209,181,182.5,179,179.5,236,4271
20260210,180,182.5,179.5,182.5,181,3287
20260211,183,184,181.5,184,266,4871
20260223,185,187,184.5,185.5,296,5494
20260224,185.5,186,184.5,184.5,203,3750
20260225,185,185.5,184.5,185,157,2896
20260226,187,188,183.5,184.5,453,8375
20260302,184.5,185.5,182,184,177,3249
20260303,186.5,186.5,183.5,184.5,161,2972
20260304,184,184,180.5,181,294,5339
20260305,184,184,182,182.5,75,1364
20260306,183,186.5,183,185.5,213,3952
20260309,181,184.5,179.5,183,273,4981
20260310,185,187,184.5,187,310,5771
20260311,190.5,196,190.5,193,1393,26961
20260312,192,192,187,187.5,758,14301
20260313,187.5,187.5,185.5,185.5,321,5991
20260316,185,188,185,186.5,217,4048
20260317,186.5,187.5,185.5,185.5,240,4463
20260318,186.5,186.5,184.5,185,228,4227
20260319,185,186,183,183.5,325,5965
20260320,183.5,184,181,181.5,306,5584
20260323,179.5,181,179,179.5,253,4558
20260324,181.5,181.5,180,181,152,2755
20260325,182.5,183,181,182,132,2397
20260326,182.5,182.5,180,180,274,4961
20260327,180.5,182,180,181,213,3851
20260330,181,181,179.5,180.5,147,2646
20260331,179.5,181.5,179,179,111,2004
20260401,181,181,180,180.5,148,2662
20260402,182,182,179.5,179.5,77,1392
20260407,180,182,180,180.5,72,1306
20260408,182.5,182.5,179.5,180,189,3426
20260409,180,181.5,179,179.5,170,3053
20260410,180,181.5,180,180.5,101,1832
20260413,181.5,184,181,182.5,218,3990
20260414,182.5,184,182.5,183,146,2686
20260415,184,184.5,183,183.5,168,3092
20260416,184.5,184.5,183,183,164,2999
20260417,183,183.5,181.5,181.5,155,2816
20260420,181.5,182.5,179,181.5,339,6106
20260421,182.5,182.5,180,180,194,3496
20260422,182,182,180,180,146,2638
20260423,180.5,181,178.5,180,304,5460
20260424,180,180,178.5,179,262,4689
20260427,178.5,179,177,179,277,4928
20260428,179.5,179.5,177.5,178,192,3419
20260429,178,180.5,177.5,179,201,3600
20260430,179,180.5,177.5,177.5,298,5302
20260504,177.5,179.5,177,178.5,227,4038
20260505,178.5,181,178.5,179.5,260,4683
20260506,179.5,180.5,179,180.5,150,2701
20260507,180.5,181.5,180,180.5,185,3347
20260508,181,182.5,180.5,180.5,182,3298
20260511,181.5,181.5,178,179.5,579,10365
20260512,179,179.5,178,178.5,256,4566
20260513,181,181.5,178.5,178.5,568,10196
20260514,180,180,177.5,177.5,377,6712
20260515,178,178.5,177,177,221,3921
20260518,177,177,174,175.5,502,8781
20260519,175.5,176.5,174,174,291,5099
20260520,174.5,174.5,172.5,173,345,5988
20260521,173.5,175,172.5,173.5,447,7742
20260522,174.5,174.5,172.5,173.5,464,8037
20260525,175,176.5,173.5,174.5,375,6548
20260526,174,174.5,173.5,174.5,277,4815
20260527,175.5,175.5,173,173,325,5643
20260528,173,174,172,172,283,4893
20260529,173.5,176,172.5,175.5,357,6245
20260601,175.5,178,174.5,177,312,5519
20260602,178,179,176.5,179,234,4162
20260603,180,183,178,180.5,498,9009
20260604,181,183.5,180,182.5,336,6114
20260605,182.5,182.5,180.5,180.5,164,2963
20260608,177,182,176,180,417,7458
20260609,179,186,179,183.5,486,8952
20260610,184,187,183.5,185.5,513,9524
20260611,186.5,187,183.5,186,341,6326
20260612,188.5,191,188.5,190.5,738,14023
20260615,192,192,187.5,188,449,8500
20260616,189,189.5,186,188,371,6972
20260617,188,188.5,186.5,187,231,4321
20260618,187,189,183,187,339,6343
20260622,190,192,189,190,711,13499
20260623,191,191,189,190,471,8946
20260624,190,190.5,188.5,190,392,7433
20260625,190.5,192,190,190.5,468,8936
20260626,190.5,190.5,188,190,474,8985
20260629,190,191,188,189,346,6561
20260630,188,189.5,187.5,187.5,523,9832
20260701,187.5,189,185.5,188.5,1020,19111
20260702,182,182.5,181,181.5,449,8163
20260703,181,184,181,182.5,339,6195
20260706,182,182,180.5,180.5,298,5391
20260707,180.5,181,178.5,178.5,341,6130
20260708,178.5,180,177.5,179,219,3904
20260709,178,178,175.5,176,366,6454
20260713,176.5,178.5,175.5,177,233,4120
20260714,178,178,174,175.5,436,7646
20260715,176,177.5,174,177,182,3212
20260716,175.5,178.5,175.5,178.5,285,5047
20260717,175,177.5,175,175,317,5587
20260720,177,177.5,175.5,175.5,199,3513
20260721,179,179.5,176.5,179,306,5451
20260722,179,179,176.5,176.5,183,3246
20260723,177,177.5,175,176,155,2727
20260724,176.5,178.5,176.5,178.5,278,4934
20260727,179,179,177,177.5,138,2455
20260728,176.5,178,176.5,177,184,3264
20260729,178,179.5,174,176,372,6563
20260730,177.5,182,176.5,179,447,8018
20260731,181.5,182.5,180,181.5,485,8790
20260803,181.5,182,179.5,179.5,255,4609
20260804,179,179,176.5,178.5,244,4337
20260805,178.5,179.5,178,179,135,2415
20260806,179,179.5,178.5,179.5,99,1776
20260807,179.5,182,179.5,181,234,4242
20260810,182.5,185,181.5,184.5,344,6311
20260811,184.5,184.5,182.5,183,108,1981
20260812,184,184.5,181.5,183,154,2811
20260813,184,184,181,182.5,260,4746
20260814,182,183,181,182.5,164,2977
20260817,182,183,181.5,183,112,2044
20260818,183,183.5,182,182.5,93,1693
20260819,182.5,186,182,185,287,5275
20260820,185,187,185,186.5,143,2660
20260821,186.5,188,186.5,188,254,4759
20260824,188,188.5,186.5,188.5,261,4893
20260825,187.5,188.5,187.5,188.5,174,3274
20260826,180.5,180.5,179,179,236,4244
20260827,180,180,178.5,179,108,1928
20260828,179,180,178,180,96,1720
20260831,179,182.5,179,182,147,2674
20260901,182,182.5,179,179.5,160,2883
20260902,179.5,182,179.5,182,129,2329
20260903,182,182,180,180,65,1177
20260904,180.5,180.5,179.5,179.5,82,1481
20260907,180,180,179,179.5,82,1463
20260908,179.5,180,179,179,67,1198
20260909,178.5,179,178.5,178.5,109,1939
20260910,178.5,178.5,177.5,178,154,2741
20260911,178,178.5,177.5,178,115,2044
20260914,178.5,178.5,176.5,177,107,1906
20260915,177,178.5,176.5,176.5,174,3086
20260916,177,178,177,178,58,1038
20260917,178.5,179,178,178.5,159,2833
20260918,178.5,181,178.5,180,142,2550
