# date,open,high,low,close,lot,wan
20250814,19.8,20.05,19.75,19.8,26065,51849
20250815,19.8,19.85,19.4,19.5,28813,56405
20250818,19.5,19.8,19.5,19.8,24302,47741
20250819,19.75,19.8,19.6,19.65,12946,25499
20250820,19.7,19.8,19.4,19.5,18958,37058
20250821,19.55,19.6,19.45,19.5,9665,18869
20250822,19.45,19.6,19.45,19.5,8201,16016
20250825,19.6,19.6,19.4,19.4,20914,40705
20250826,19.35,19.45,19.2,19.25,32034,61853
20250827,19.25,19.35,19.25,19.25,9649,18615
20250828,19.25,19.55,19.25,19.4,19145,37200
20250829,19.5,19.5,19.2,19.2,15776,30397
20250901,19.25,19.55,19.25,19.35,16404,31863
20250902,19.4,19.55,19.4,19.45,8538,16620
20250903,19.5,19.55,19.3,19.35,10072,19537
20250904,19.4,19.45,19.35,19.4,10405,20174
20250905,19.45,19.55,19.4,19.45,10997,21411
20250908,19.45,19.5,19.35,19.4,16825,32678
20250909,19.4,19.55,19.4,19.45,15455,30081
20250910,19.45,19.5,19.3,19.4,19683,38143
20250911,19.4,19.5,19.3,19.4,26416,51181
20250912,19.45,19.8,19.4,19.75,35641,69923
20250915,19.8,19.85,19.65,19.65,16439,32465
20250916,19.7,19.75,19.5,19.5,15450,30223
20250917,19.5,19.55,19.35,19.35,10955,21264
20250918,19.4,19.45,19.25,19.3,17058,32936
20250919,19.3,19.4,19.25,19.4,14829,28703
20250922,19.4,19.5,19.35,19.5,14172,27584
20250923,19.5,19.6,19.45,19.5,14070,27477
20250924,19.55,19.65,19.55,19.6,13315,26106
20250925,19.6,19.8,19.55,19.65,23131,45501
20250926,19.65,19.7,19.5,19.55,12991,25403
20250930,19.65,19.65,19.5,19.65,17183,33687
20251001,19.65,19.8,19.65,19.8,18799,37122
20251002,19.85,20.2,19.85,20.1,30739,61632
20251003,20.15,20.3,19.95,20.15,16404,32955
20251007,20.15,20.3,19.95,20.2,20145,40621
20251008,20.2,20.55,20.15,20.35,20390,41579
20251009,20.45,20.55,20.3,20.5,14165,28941
20251013,20.35,20.4,20.05,20.2,32475,65632
20251014,20.2,20.45,20.15,20.2,21776,44175
20251015,20.2,20.65,20.2,20.55,20266,41460
20251016,20.7,20.8,20.3,20.4,19666,40282
20251017,20.6,20.65,20.2,20.3,15668,31890
20251020,20.45,20.5,20.15,20.15,15701,31723
20251021,20.3,20.3,20.1,20.2,11674,23529
20251022,20.25,20.25,20.1,20.2,11446,23088
20251023,20.15,20.15,20.05,20.1,13271,26661
20251027,20.15,20.2,20,20.15,24246,48709
20251028,20.2,20.2,19.95,19.95,20349,40765
20251029,20.05,20.05,19.95,19.95,11951,23879
20251030,19.95,20.05,19.9,20,19246,38421
20251031,20.1,20.1,19.8,19.8,23026,45773
20251103,19.8,20.1,19.75,20.05,19045,38066
20251104,20,20.2,20,20.15,14884,29967
20251105,20.1,20.35,19.9,20.35,19838,40003
20251106,20.3,20.35,20.2,20.25,8908,18064
20251107,20.25,20.55,20.2,20.45,34618,70763
20251110,20.6,20.75,20.4,20.45,18690,38449
20251111,20.6,20.7,20.4,20.5,17097,35066
20251112,20.6,20.65,20.4,20.4,13328,27300
20251113,20.45,20.55,20.3,20.3,15796,32237
20251114,20.3,20.5,20.2,20.35,20336,41400
20251117,20.4,20.4,20.05,20.15,20689,41748
20251118,20.1,20.15,19.85,19.9,38357,76566
20251119,20,20.05,19.75,19.8,37071,73669
20251120,20,20.2,19.9,20.05,26003,52209
20251121,20.05,20.3,19.95,19.95,40102,80358
20251124,20.1,20.4,20.05,20.05,93149,187217
20251125,20.2,20.25,20,20.15,28025,56378
20251126,20.2,20.4,20.15,20.35,21627,43937
20251127,20.3,20.5,20.25,20.45,13935,28455
20251128,20.4,20.5,20.15,20.2,16974,34423
20251201,20.15,20.35,20.15,20.2,8582,17345
20251202,20.3,20.5,20.3,20.45,12137,24784
20251203,20.5,20.55,20.3,20.45,10199,20813
20251204,20.5,20.55,20.35,20.45,8634,17639
20251205,20.4,20.6,20.4,20.6,12750,26177
20251208,20.55,20.8,20.4,20.55,28740,59195
20251209,20.5,20.7,20.45,20.55,12501,25699
20251210,20.6,20.6,20.35,20.35,14705,30040
20251211,20.4,20.55,20.35,20.55,8023,16433
20251212,20.6,20.75,20.55,20.7,17506,36173
20251215,20.6,20.8,20.55,20.8,19349,40022
20251216,20.6,20.85,20.5,20.6,23188,47817
20251217,20.6,21,20.55,20.7,28732,59717
20251218,20.7,20.85,20.6,20.75,13262,27498
20251219,20.75,21.1,20.7,21.1,34505,72392
20251222,21.3,21.3,21,21.15,17017,36049
20251223,21.2,21.25,20.95,21,12414,26119
20251224,21,21.05,20.8,20.85,13048,27268
20251226,20.9,20.9,20.7,20.7,10736,22313
20251229,20.7,20.75,20.4,20.5,30356,62308
20251230,20.5,20.6,20.4,20.45,19565,40058
20251231,20.5,20.6,20.45,20.45,19322,39606
20260102,20.45,20.7,20.35,20.4,73042,149549
20260105,20.5,20.75,20.45,20.45,81991,168492
20260106,20.6,20.7,20.5,20.5,16675,34310
20260107,20.55,20.65,20.4,20.45,17682,36248
20260108,20.5,20.6,20.4,20.5,20758,42542
20260109,20.55,20.6,20.4,20.5,16024,32808
20260112,20.6,20.6,20.45,20.55,14485,29698
20260113,20.55,20.55,20.35,20.4,17758,36251
20260114,20.5,20.55,20.35,20.35,17556,35800
20260115,20.35,20.45,20.3,20.4,10927,22290
20260116,20.4,20.45,20.35,20.35,16540,33726
20260119,20.35,20.5,20.3,20.4,16178,33005
20260120,20.4,20.5,20.35,20.5,16961,34637
20260121,20.45,20.45,20.2,20.2,30906,62714
20260122,20.35,20.35,20.2,20.25,15764,31954
20260123,20.35,20.35,20.2,20.25,15713,31842
20260126,20.35,20.4,20.2,20.4,12962,26344
20260127,20.4,20.6,20.4,20.4,14834,30378
20260128,20.45,20.5,20.35,20.4,12419,25329
20260129,20.4,20.5,20.3,20.45,12817,26183
20260130,20.45,20.5,20.25,20.4,24126,49109
20260202,20.4,20.4,20.1,20.15,22406,45213
20260203,20.2,20.5,20.2,20.45,13686,27943
20260204,20.35,20.6,20.35,20.45,16628,34029
20260205,20.45,20.55,20.4,20.5,11040,22630
20260206,20.4,20.5,20.35,20.5,8263,16891
20260209,20.6,20.65,20.5,20.55,13519,27794
20260210,20.6,20.75,20.55,20.65,19933,41199
20260211,20.7,20.8,20.65,20.75,19891,41274
20260223,21,21.85,21,21.65,62906,135502
20260224,21.8,21.95,21.55,21.9,33322,72716
20260225,21.9,21.95,21.65,21.65,23205,50570
20260226,21.65,21.85,21.55,21.6,41290,89482
20260302,21.4,21.4,20.9,20.9,59803,126119
20260303,20.9,21.2,20.85,21.15,20749,43679
20260304,21,21,20.5,20.55,41489,85413
20260305,20.95,20.95,20.55,20.65,17547,36309
20260306,20.55,20.8,20.55,20.75,12725,26347
20260309,20.4,20.45,20.15,20.35,34017,69057
20260310,20.65,20.7,20.4,20.45,15979,32814
20260311,20.55,20.85,20.5,20.7,14801,30685
20260312,20.55,20.7,20.5,20.6,16191,33362
20260313,20.5,20.8,20.5,20.6,18932,39090
20260316,20.6,20.7,20.55,20.6,11495,23703
20260317,20.65,20.75,20.6,20.75,12744,26364
20260318,20.8,20.85,20.7,20.8,10960,22766
20260319,20.75,20.75,20.55,20.6,14055,28978
20260320,20.6,20.7,20.5,20.5,19563,40211
20260323,20.35,20.4,20.2,20.3,30470,61804
20260324,20.4,20.55,20.25,20.5,14389,29334
20260325,20.75,20.75,20.5,20.7,13938,28790
20260326,20.75,20.8,20.6,20.75,14766,30611
20260327,20.6,20.7,20.55,20.6,9460,19489
20260330,20.4,20.5,20.3,20.35,19447,39715
20260331,20.45,20.6,20.35,20.4,19905,40677
20260401,20.65,20.7,20.5,20.7,13913,28715
20260402,20.75,20.75,20.5,20.5,10999,22613
20260407,20.65,20.8,20.55,20.8,14171,29321
20260408,20.95,20.95,20.75,20.9,17324,36167
20260409,20.9,21,20.75,21,15651,32675
20260410,21.15,21.2,21,21.15,22521,47530
20260413,21.1,21.15,20.9,21.15,12279,25860
20260414,21.25,21.25,21.1,21.2,14911,31558
20260415,21.2,21.4,21.15,21.4,18834,40120
20260416,21.4,21.45,21.25,21.35,18895,40337
20260417,21.45,21.6,21.2,21.6,19142,40993
20260420,21.6,21.65,21.5,21.6,16967,36632
20260421,21.7,21.75,21.4,21.45,15194,32748
20260422,21.45,21.5,21.3,21.35,12145,25987
20260423,21.35,21.4,21.05,21.15,22856,48441
20260424,21.15,21.2,21.05,21.05,11840,24992
20260427,21.05,21.15,20.85,21,20464,43035
20260428,21.2,21.3,21,21.2,9131,19297
20260429,21.3,21.4,21.2,21.35,15146,32295
20260430,21.3,21.45,21.15,21.15,16152,34344
20260504,21.25,21.25,20.8,20.8,38271,79993
20260505,20.85,20.9,20.8,20.8,10876,22653
20260506,20.8,20.95,20.8,20.9,13561,28335
20260507,20.95,21.15,20.9,20.9,18991,39839
20260508,21.05,21.1,20.8,20.95,18932,39579
20260511,21.05,21.05,20.9,20.9,13351,27991
20260512,20.9,20.95,20.6,20.6,32750,67855
20260513,20.55,20.65,20.45,20.5,25054,51408
20260514,20.5,20.6,20.4,20.4,25145,51426
20260515,20.45,20.55,20.25,20.25,32154,65500
20260518,20.25,20.3,20.15,20.2,16584,33557
20260519,20.3,20.65,20.2,20.5,20855,42754
20260520,20.6,20.6,20.35,20.35,15209,31022
20260521,20.35,20.5,20.3,20.3,17271,35156
20260522,20.3,20.45,20.25,20.3,25691,52296
20260525,20.35,20.35,20.15,20.2,29063,58732
20260526,20.25,20.3,20.15,20.15,19854,40159
20260527,20.3,20.3,20.15,20.15,25379,51257
20260528,20.15,20.3,20.05,20.05,28409,57229
20260529,20.2,20.4,20.05,20.25,52956,107179
20260601,20.3,20.55,20.15,20.45,26991,54973
20260602,20.4,20.65,20.3,20.6,36953,75735
20260603,20.7,21.2,20.6,21.1,49123,103009
20260604,21,21.6,20.95,21.4,53338,114170
20260605,21.35,21.5,21.05,21.45,33929,72389
20260608,21,21.2,20.8,21,31519,66034
20260609,21.05,22.4,21.05,22.3,92514,202715
20260610,22.05,22.5,22,22.35,62205,138860
20260611,22.3,22.4,21.95,22.35,42758,94717
20260612,22.5,22.95,22.45,22.6,39882,90518
20260615,22.95,23.05,22.5,22.65,31499,71555
20260616,22.75,22.9,22.6,22.8,21365,48677
20260617,22.95,23.1,22.65,22.95,26549,60820
20260618,22.95,23.15,22.65,22.85,38635,88323
20260622,22.85,22.85,22.65,22.85,20843,47431
20260623,22.85,23.3,22.8,23.2,28134,64985
20260624,23.2,23.2,22.9,22.9,18305,42094
20260625,23,23.6,22.9,23.5,30190,70514
20260626,23.4,23.5,23.2,23.4,21400,49931
20260629,23.5,23.6,23.35,23.55,21670,50881
20260630,23.65,24,23.4,24,70966,169339
20260701,24,24.2,23.2,23.85,140474,333945
20260702,23.6,23.85,23.25,23.35,32523,76292
20260703,23.1,23.75,23.1,23.3,12978,30491
20260706,23.4,23.65,23.4,23.5,12605,29615
20260707,23.45,23.85,23.45,23.5,15798,37334
20260708,23.65,23.95,23.5,23.9,21317,50701
20260709,24,24.25,23.9,24.05,21556,51976
20260713,24.05,24.2,23.85,23.85,22220,53346
20260714,24,24,23.35,23.6,16497,38825
20260715,23.6,23.9,23.6,23.75,12944,30780
20260716,23.8,24.05,23.7,23.95,15103,36169
20260717,23.75,24.05,23.75,23.9,26104,62395
20260720,24.15,24.2,23.55,23.85,36648,87477
20260721,23.85,24.3,23.85,24.3,39441,95407
20260722,24.2,24.65,24.2,24.65,38540,94602
20260723,24.75,24.75,24.1,24.25,37915,91905
20260724,24.05,24.45,24,24.35,21111,51214
20260727,24.55,24.85,24.35,24.7,35947,88762
20260728,24.5,24.75,24.35,24.55,31436,77311
20260729,24.7,24.8,24,24.45,41421,100919
20260730,24.55,24.8,24.2,24.8,39504,97477
20260731,24.9,25.7,24.85,25.2,72322,183269
20260803,25.25,25.75,25.2,25.4,50228,128100
20260804,25.3,25.65,25.15,25.2,68817,174354
20260805,24,24.1,23.55,23.65,66851,158627
20260806,23.5,23.75,23.15,23.15,36697,85658
20260807,23.2,23.3,23,23.15,18173,42045
20260810,23.2,23.3,23,23.2,15481,35837
20260811,23.2,23.2,23.05,23.1,16532,38231
20260812,23.1,23.7,23.1,23.7,24739,58099
20260813,23.75,23.8,23.3,23.55,17736,41821
20260814,23.45,23.7,23.35,23.55,12839,30191
20260817,23.5,23.75,23.45,23.75,10364,24481
20260818,23.65,24,23.65,23.9,14905,35530
20260819,23.8,23.9,23.65,23.9,10550,25116
20260820,23.9,23.9,23.65,23.85,7446,17722
20260821,23.85,24.15,23.7,24.1,13355,32013
20260824,24.1,24.2,23.85,24,8839,21228
20260825,24,24.15,23.75,23.75,13186,31540
20260826,23.8,24,23.75,23.9,10526,25169
20260827,24,25.15,23.95,24.7,30075,74482
20260828,25.15,25.15,24.7,24.85,19035,47310
20260831,24.75,25.15,24.65,25.15,28220,70486
20260901,24.95,25.3,24.9,25.2,25542,64118
20260902,24.95,25.8,24.95,25.7,28838,73481
20260903,25.7,26.9,25.7,26.6,46745,124064
20260904,26.6,26.7,26.2,26.6,25691,67995
20260907,26.8,26.8,26.2,26.5,24267,64192
20260908,26.5,27.3,26.3,27.25,35458,95621
20260909,27.25,27.55,26.85,26.85,29010,78448
20260910,26.65,27.1,26.5,26.85,26974,72146
20260911,26.75,27.95,26.55,27.9,38087,104401
20260914,27.9,28.65,27.8,28.55,54168,153732
20260915,28.65,28.65,27.75,28,38455,107674
20260916,28.05,28.9,27.8,28.9,40587,115969
20260917,28.95,29.75,28.85,29.6,55926,164647
20260918,29.7,29.7,28.8,28.95,45993,133882
20260921,28.75,28.8,28.25,28.45,24241,69042
20260922,28.7,28.7,28.3,28.35,14996,42708
20260923,28.4,28.4,27.75,27.85,32125,89723
