# date,open,high,low,close,lot,wan
20250814,56.3,56.6,56.2,56.5,2947,16621
20250815,56.6,56.6,56.2,56.2,1432,8072
20250818,56.1,56.4,55.9,56.1,1481,8304
20250819,55.9,56.3,55.9,56,1789,10041
20250820,56,56.2,55.9,56.2,3056,17139
20250821,56.2,56.7,55.9,56.1,1800,10124
20250822,56,56.1,55.8,55.9,1519,8488
20250825,56,56,55.4,55.5,1354,7521
20250826,55.2,55.4,54.8,55,3072,16898
20250827,55.4,55.8,55.2,55.6,1433,7971
20250828,55.5,55.7,55.4,55.4,451,2503
20250829,55.6,55.6,55.1,55.3,1514,8374
20250901,55.3,55.6,55.3,55.5,1114,6183
20250902,55.5,56.1,55.4,56.1,4569,25545
20250903,56.2,56.3,56,56.2,1187,6654
20250904,56.1,56.5,56.1,56.5,3749,21088
20250905,56.5,56.6,56.3,56.5,1218,6876
20250908,56.5,57,56.5,57,5020,28523
20250909,57,57.4,57,57.4,2767,15842
20250910,57.4,57.6,57.2,57.6,3303,18968
20250911,57.7,57.8,57.3,57.4,2796,16073
20250912,57.4,57.7,57.4,57.6,3288,18912
20250915,57.7,57.7,57.2,57.2,1809,10370
20250916,57.2,57.4,57.1,57.1,3868,22137
20250917,57.2,57.4,56.5,56.6,20310,115121
