# date,open,high,low,close,lot,wan
20250814,16.2,16.55,16.2,16.45,3311,5427
20250815,16.5,16.55,16.25,16.3,1631,2666
20250818,16.4,16.6,16.3,16.4,1668,2748
20250819,16.4,16.5,16.25,16.4,1473,2415
20250820,16.6,16.75,16.5,16.6,2481,4125
20250821,16.65,16.75,16.6,16.65,1092,1819
20250822,16.65,16.7,16.55,16.6,1431,2380
20250825,16.65,16.75,16.65,16.65,897,1498
20250826,16.6,16.6,16.4,16.55,2220,3662
20250827,16.55,16.6,16.4,16.5,1319,2179
20250828,16.5,16.7,16.5,16.6,698,1158
20250829,16.65,16.65,16.5,16.6,486,805
20250901,16.7,16.75,16.6,16.6,983,1639
20250902,16.65,16.9,16.65,16.85,1884,3166
20250903,16.85,17.2,16.85,17.05,3431,5854
20250904,17.05,17.1,16.85,17.05,1490,2532
20250905,17.05,17.05,16.9,17,850,1444
20250908,17,17,16.8,16.9,1446,2444
20250909,16.9,17,16.9,17,705,1196
20250910,16.95,17.1,16.9,17.1,1360,2315
20250911,16.8,17,16.65,16.65,4147,6961
20250912,16.75,16.9,16.7,16.75,1168,1960
20250915,16.75,16.75,16.5,16.6,1197,1986
20250916,16.6,16.6,16.2,16.25,2345,3830
20250917,16.25,16.35,16.2,16.25,1208,1966
20250918,16.35,16.35,16.25,16.25,879,1432
20250919,16.25,16.3,16.15,16.3,671,1090
20250922,16.4,16.4,16.25,16.25,334,544
20250923,16.25,16.3,16.1,16.2,915,1480
20250924,16.2,16.3,16.2,16.25,272,441
20250925,16.3,16.3,16.15,16.15,836,1353
20250926,16.15,16.2,16.1,16.2,454,733
20250930,16.25,16.3,16.2,16.25,597,970
20251001,16.4,16.4,16.2,16.4,625,1020
20251002,16.45,16.5,16.3,16.35,719,1178
20251003,16.35,16.4,16.25,16.4,560,914
20251007,16.35,16.35,16.2,16.3,726,1183
20251008,16.4,16.4,16.25,16.3,527,859
20251009,16.3,16.3,16.15,16.25,649,1054
20251013,16.35,16.55,16.3,16.55,1459,2395
20251014,16.6,16.7,16.5,16.65,1562,2600
20251015,16.65,16.8,16.55,16.75,1232,2058
20251016,16.75,16.8,16.65,16.75,839,1405
20251017,16.85,17,16.85,16.85,1426,2410
20251020,16.85,16.85,16.7,16.8,551,924
20251021,16.85,16.85,16.6,16.6,1046,1743
20251022,16.75,16.75,16.6,16.75,419,699
20251023,16.75,16.8,16.7,16.8,207,347
20251027,16.8,16.85,16.7,16.8,569,955
20251028,16.8,16.8,16.65,16.65,531,887
20251029,16.65,16.7,16.6,16.6,533,887
20251030,16.7,16.75,16.65,16.75,475,793
20251031,16.8,16.85,16.6,16.65,684,1143
20251103,16.65,16.8,16.65,16.7,1165,1948
20251104,16.7,16.85,16.7,16.8,713,1197
20251105,16.8,16.8,16.6,16.65,594,990
20251106,16.7,16.8,16.65,16.75,721,1204
20251107,16.7,16.75,16.65,16.7,247,412
20251110,16.65,16.7,16.6,16.65,432,719
20251111,16.65,16.7,16.6,16.65,406,676
20251112,16.7,16.7,16.6,16.65,323,538
20251113,16.65,16.65,16.5,16.55,832,1378
20251114,16.5,16.6,16.5,16.55,1103,1826
20251117,16.55,16.55,16.3,16.35,2521,4137
20251118,16.35,16.4,16.3,16.3,937,1531
20251119,16.5,16.55,16.35,16.5,2359,3886
20251120,16.6,16.7,16.55,16.55,1751,2907
20251121,16.7,16.7,16.45,16.55,1257,2078
20251124,16.55,16.65,16.55,16.65,1190,1976
20251125,16.65,16.65,16.5,16.6,666,1105
20251126,16.65,16.65,16.55,16.6,332,550
20251127,16.55,16.65,16.55,16.65,414,688
20251128,16.65,16.7,16.55,16.7,376,625
20251201,16.55,16.7,16.55,16.7,423,703
20251202,16.7,16.7,16.6,16.65,363,604
20251203,16.65,16.7,16.6,16.65,319,531
20251204,16.6,16.65,16.55,16.65,342,568
20251205,16.65,16.7,16.55,16.55,667,1105
20251208,16.6,16.7,16.55,16.6,589,978
20251209,16.65,16.7,16.6,16.65,605,1007
20251210,16.7,16.85,16.65,16.75,1308,2192
20251211,16.85,17,16.8,16.85,1127,1903
20251212,16.9,16.95,16.85,16.85,616,1041
20251215,16.85,16.85,16.8,16.8,594,999
20251216,16.8,16.85,16.75,16.85,808,1358
20251217,16.85,16.9,16.8,16.8,673,1133
20251218,16.8,16.9,16.8,16.8,743,1252
20251219,16.8,16.9,16.8,16.9,390,658
20251222,16.9,16.95,16.8,16.95,848,1432
20251223,16.95,16.95,16.9,16.9,273,462
20251224,16.9,16.95,16.85,16.85,404,682
20251226,16.85,16.95,16.85,16.9,525,888
20251229,16.9,16.95,16.85,16.95,367,620
20251230,16.9,16.95,16.85,16.9,294,497
20251231,16.95,16.95,16.85,16.9,353,597
20260102,16.85,16.9,16.85,16.85,431,727
20260105,16.8,16.8,16.3,16.5,3797,6272
20260106,16.5,16.6,16.45,16.5,869,1434
20260107,16.5,16.5,16.4,16.45,1053,1732
20260108,16.45,16.5,16.4,16.4,751,1237
20260109,16.4,16.5,16.4,16.4,621,1020
20260112,16.4,16.45,16.4,16.4,651,1069
20260113,16.4,16.45,16.3,16.45,1169,1913
20260114,16.45,16.55,16.4,16.45,726,1196
20260115,16.45,16.5,16.4,16.45,557,916
20260116,16.4,16.45,16.35,16.35,913,1496
20260119,16.35,16.4,16.3,16.35,781,1278
20260120,16.35,16.4,16.35,16.35,732,1197
20260121,16.35,16.35,16.3,16.35,767,1252
20260122,16.35,16.35,16.3,16.3,671,1096
20260123,16.35,16.4,16.3,16.35,408,667
20260126,16.45,16.45,16.3,16.3,1432,2336
20260127,16.3,16.35,16.3,16.3,744,1214
20260128,16.35,16.35,16.25,16.35,1922,3134
20260129,16.35,16.35,16.25,16.35,742,1210
20260130,16.35,16.35,16.25,16.25,1081,1762
20260202,16.25,16.3,16.05,16.15,1754,2840
20260203,16.15,16.35,16.15,16.3,1459,2377
20260204,16.25,16.35,16.25,16.35,674,1100
20260205,16.35,16.45,16.35,16.45,843,1383
20260206,16.35,16.45,16.3,16.35,531,868
20260209,16.35,16.5,16.35,16.4,768,1262
20260210,16.8,17,16.75,17,4298,7256
20260211,17,17.25,17,17.25,4137,7109
20260223,17.3,17.65,17.25,17.45,3449,6030
20260224,17.25,17.4,17.25,17.35,1552,2690
20260225,17.3,17.35,17.1,17.2,1585,2723
20260226,17.2,17.25,17.15,17.15,1113,1913
20260302,17,17.25,16.9,17.25,2129,3641
20260303,17.1,17.25,17.1,17.15,796,1363
20260304,17.05,17.1,16.7,16.8,2916,4908
20260305,17,17.05,16.8,16.85,832,1406
20260306,16.85,17,16.85,16.95,613,1039
20260309,16.75,16.85,16.6,16.75,4204,7049
20260310,16.85,17,16.8,16.9,827,1399
20260311,16.95,17.25,16.9,17.1,1499,2567
20260312,17,17.05,16.95,17,971,1651
20260313,16.95,17.05,16.85,17.05,1032,1749
20260316,17.05,17.05,16.85,16.85,1092,1847
20260317,16.85,16.95,16.8,16.9,899,1516
20260318,17,17,16.85,16.95,724,1226
20260319,16.85,16.85,16.8,16.8,778,1308
20260320,16.75,16.8,16.7,16.75,782,1310
20260323,16.6,16.75,16.55,16.6,1391,2311
20260324,16.6,16.75,16.6,16.75,637,1061
20260325,16.9,16.9,16.7,16.8,742,1246
20260326,16.85,16.85,16.75,16.8,631,1059
20260327,16.8,16.85,16.7,16.75,793,1330
20260330,16.7,16.8,16.65,16.75,738,1235
20260331,16.7,16.8,16.65,16.8,668,1117
20260401,16.9,16.9,16.8,16.8,741,1248
20260402,16.9,16.9,16.75,16.75,606,1020
20260407,16.75,16.9,16.75,16.85,619,1040
20260408,16.9,17,16.85,16.95,1214,2058
20260409,16.95,17,16.9,17,643,1088
20260410,17,17.05,16.95,17,1023,1737
20260413,17,17.05,16.9,16.95,889,1509
20260414,17,17.2,17,17.15,1103,1886
20260415,17.2,17.25,17.1,17.15,866,1487
20260416,17.2,17.35,17.15,17.3,1322,2280
20260417,17.3,17.35,17.15,17.2,1214,2090
20260420,17.3,17.3,17.1,17.15,1100,1891
20260421,17.2,17.2,17,17.05,1451,2480
20260422,17.1,17.1,16.95,17,1193,2027
20260423,17,17,16.75,16.9,2095,3532
20260424,16.9,16.9,16.75,16.8,1474,2474
20260427,16.75,16.85,16.7,16.85,896,1503
20260428,16.8,17,16.8,17,969,1638
20260429,17,17,16.85,16.9,857,1448
20260430,17,17,16.8,16.8,1243,2094
20260504,17.1,17.2,16.8,16.9,2930,4984
20260505,16.9,16.9,16.8,16.85,1288,2170
20260506,16.95,16.95,16.75,16.85,2648,4448
20260507,16.8,16.85,16.75,16.85,1525,2560
20260508,16.85,16.9,16.75,16.85,1088,1832
20260511,16.9,17.1,16.9,17.1,2477,4219
20260512,17,17.1,16.9,16.9,1736,2949
20260513,16.9,16.95,16.85,16.9,1167,1972
20260514,16.9,16.95,16.75,16.75,1839,3090
20260515,16.8,16.8,16.65,16.7,2714,4537
20260518,16.7,16.75,16.6,16.7,1690,2816
20260519,16.7,16.85,16.65,16.85,539,906
20260520,16.85,16.85,16.75,16.85,725,1218
20260521,16.85,16.9,16.8,16.9,546,920
20260522,16.85,16.9,16.75,16.9,933,1570
20260525,16.85,16.85,16.7,16.8,1764,2955
20260526,16.75,16.8,16.65,16.8,1438,2405
20260527,16.8,16.8,16.7,16.7,934,1561
20260528,16.75,16.75,16.7,16.7,832,1391
20260529,16.75,16.8,16.7,16.8,1339,2241
20260601,16.8,16.8,16.7,16.75,2183,3652
20260602,16.7,17,16.7,17,2373,4003
20260603,17,17.3,16.9,17.15,5494,9443
20260604,17.2,17.35,17.15,17.15,3024,5218
20260605,17.1,17.25,17.05,17.2,2429,4170
20260608,17,17,16.85,16.9,2437,4126
20260609,16.9,17.4,16.9,17.4,4336,7497
20260610,17.35,17.65,17.35,17.6,5340,9370
20260611,17.75,17.75,17.45,17.6,2795,4907
20260612,17.65,17.8,17.6,17.7,2218,3923
20260615,17.85,17.85,17.65,17.75,2819,4999
20260616,17.8,17.95,17.75,17.85,3486,6225
20260617,17.85,18,17.8,17.85,2846,5095
20260618,17.9,18.05,17.65,17.85,3572,6361
20260622,17.85,17.85,17.65,17.75,2902,5142
20260623,17.75,17.8,17.65,17.7,1904,3373
20260624,17.7,17.75,17.6,17.7,1895,3349
20260625,17.7,18,17.7,17.85,2117,3784
20260626,17.75,17.9,17.6,17.8,3383,6008
20260629,17.8,17.85,17.65,17.7,3368,5972
20260630,17.7,17.8,17.55,17.65,5089,8992
20260701,17.75,17.8,17.65,17.75,4139,7339
20260702,17,17,16.6,16.8,9222,15414
20260703,16.7,16.95,16.7,16.85,2660,4480
20260706,16.85,17.15,16.85,17.1,3025,5157
20260707,17.15,17.25,17,17.25,4026,6908
20260708,17.25,17.35,17.1,17.25,3058,5264
20260709,17.25,17.25,16.9,17.05,2495,4245
20260713,16.95,17.05,16.65,16.65,4646,7793
20260714,16.65,16.75,16.55,16.65,3072,5105
20260715,16.6,16.7,16.55,16.65,1881,3121
20260716,16.65,16.7,16.55,16.65,1216,2020
20260717,16.6,16.65,16.4,16.45,4251,7006
20260720,16.5,16.6,16.4,16.55,2529,4168
20260721,16.55,16.7,16.5,16.7,1671,2773
20260722,16.6,16.75,16.55,16.55,1284,2136
20260723,16.55,16.65,16.45,16.45,1342,2215
20260724,16.45,16.55,16.4,16.55,1598,2631
20260727,16.55,16.7,16.5,16.55,1571,2606
20260728,16.55,16.6,16.45,16.5,1704,2816
20260729,16.6,16.65,16.35,16.6,2496,4121
20260730,16.6,16.7,16.5,16.65,1781,2961
20260731,16.6,16.9,16.6,16.75,2575,4326
20260803,16.7,16.8,16.45,16.5,2928,4849
20260804,16.45,16.5,16.2,16.3,5287,8642
20260805,16.35,16.4,16.3,16.3,1242,2028
20260806,16.3,16.4,16.3,16.3,1108,1809
20260807,16.4,16.45,16.3,16.35,1393,2281
20260810,16.45,16.45,16.25,16.35,1928,3146
20260811,16.35,16.35,16.2,16.2,3227,5253
20260812,16.3,16.35,16.2,16.2,2595,4223
20260813,16.3,16.3,16.15,16.25,3072,4990
20260814,16.3,16.4,16.25,16.35,2627,4283
20260817,16.3,16.3,16.15,16.25,2502,4056
20260818,16.2,16.35,16.15,16.25,1848,3003
20260819,16.25,16.35,16.2,16.25,1191,1938
20260820,16.25,16.4,16.25,16.3,1614,2640
20260821,16.3,16.4,16.3,16.4,863,1412
20260824,16.35,16.45,16.3,16.45,998,1635
20260825,16.35,16.45,16.35,16.35,1428,2340
20260826,16.7,16.8,16.6,16.7,5282,8821
20260827,16.6,16.85,16.6,16.6,2446,4094
20260828,16.7,16.7,16.6,16.65,1854,3082
20260831,16.6,16.65,16.5,16.5,2891,4780
20260901,16.5,16.6,16.45,16.55,2063,3407
20260902,16.5,16.8,16.5,16.75,2925,4873
20260903,16.75,17.3,16.75,17.05,6663,11359
20260904,17.1,17.15,17.05,17.1,1608,2748
20260907,17.1,17.1,16.75,16.85,3701,6247
20260908,16.85,17.05,16.8,17,2639,4469
20260909,17,17.05,16.9,16.95,1650,2800
20260910,16.95,17.2,16.95,17.05,2930,5007
20260911,17.15,17.45,17.05,17.4,6055,10452
20260914,17.3,17.45,17.2,17.4,3225,5590
20260915,17.4,17.4,17.2,17.35,2974,5145
20260916,17.35,17.4,17.1,17.3,3254,5612
20260917,17.3,17.6,17.2,17.45,4405,7674
20260918,17.45,17.5,17.2,17.45,3763,6515
20260921,17.4,17.5,17.3,17.5,2948,5142
20260922,17.4,17.45,17.25,17.3,2134,3697
20260923,17.35,17.35,17.15,17.25,2299,3966
20260924,17.25,17.25,16.95,17,3574,6092
