# date,open,high,low,close,lot,wan
20250814,13.45,13.5,13.3,13.45,58,77
20250815,13.35,13.45,13.35,13.4,44,59
20250818,13.4,13.5,13.4,13.45,52,70
20250819,13.4,13.4,13.25,13.35,100,133
20250820,13.35,13.35,13.2,13.25,112,148
20250821,13.3,13.35,13.25,13.3,84,111
20250822,13.25,13.25,13.15,13.2,168,222
20250825,13.25,13.3,13.25,13.3,29,39
20250826,13.25,13.3,13.2,13.2,52,68
20250827,13.15,13.25,13.15,13.2,102,134
20250828,13.15,13.25,13.15,13.15,92,121
20250829,13.2,13.2,13.15,13.2,22,29
20250901,13.2,13.2,13.15,13.15,39,51
20250902,13.2,13.25,13.15,13.15,32,43
20250903,13.2,13.25,13.15,13.25,62,82
20250904,13.2,13.25,13.2,13.25,43,57
20250905,13.3,13.3,13.25,13.25,26,35
20250908,13.25,13.25,13.2,13.2,30,39
20250909,13.25,13.3,13.25,13.25,32,43
20250910,13.25,13.45,13.15,13.35,96,127
20250911,13.25,13.35,13.25,13.3,67,89
20250912,13.3,13.45,13.25,13.35,57,77
20250915,13.35,13.35,13.25,13.3,69,91
20250916,13.3,13.45,13.25,13.25,69,92
20250917,13.25,13.3,13.15,13.15,131,173
20250918,13.2,13.2,13.15,13.15,53,70
20250919,13.15,13.2,13.15,13.15,57,75
20250922,13.2,13.2,13.15,13.15,16,22
20250923,13.15,13.15,13.05,13.05,149,196
20250924,13.05,13.2,13.05,13.15,30,40
20250925,13.2,13.2,13.1,13.1,32,43
20250926,13.2,13.2,13,13.1,140,183
20250930,13.1,13.15,13.1,13.15,50,66
20251001,13.15,13.2,13.1,13.1,29,38
20251002,13.2,13.3,13.15,13.15,79,105
20251003,13.2,13.3,13.15,13.2,27,36
20251007,13.15,13.25,13.15,13.15,44,57
20251008,13.2,13.2,13.1,13.1,75,98
20251009,13.1,13.25,13.1,13.25,45,59
20251013,13.25,13.25,13.15,13.15,63,84
20251014,13.15,13.2,13.1,13.15,90,119
20251015,13.1,13.15,13.05,13.05,99,129
20251016,13.15,13.2,13.1,13.2,51,68
20251017,13.2,13.2,13.1,13.15,89,117
20251020,13.1,13.2,13.1,13.2,61,80
20251021,13.2,13.2,13.05,13.05,78,103
20251022,13.1,13.15,13.05,13.1,22,29
20251023,13.1,13.1,13.05,13.05,36,47
20251027,13.15,13.3,13.1,13.25,169,223
20251028,13.3,13.3,13.2,13.25,19,25
20251029,13.25,13.25,13.15,13.15,78,103
20251030,13.15,13.25,13.05,13.25,126,166
20251031,13.25,13.25,13.1,13.2,46,61
20251103,13.2,13.2,13.1,13.1,36,48
20251104,13.1,13.1,13.05,13.1,27,35
20251105,13.1,13.1,13,13.1,147,191
20251106,13.05,13.2,13,13.2,76,99
20251107,13.15,13.2,13.15,13.2,12,16
20251110,13.2,13.25,13.15,13.2,28,37
20251111,13.2,13.25,13.1,13.15,59,78
20251112,13.2,13.2,13.1,13.1,47,61
20251113,13.15,13.2,13.1,13.2,20,27
20251114,13.2,13.2,13.05,13.05,131,172
20251117,13.05,13.05,12.95,13.05,127,166
20251118,13,13,12.9,12.95,120,155
20251119,13,13.1,12.95,13.05,77,100
20251120,13.05,13.2,13.05,13.15,63,83
20251121,13.15,13.2,13.05,13.15,87,115
20251124,13.2,13.25,13.1,13.25,98,129
20251125,13.25,13.25,13.1,13.25,49,65
20251126,13.2,13.3,13.2,13.3,44,59
20251127,13.15,13.3,13.15,13.3,39,52
20251128,13.2,13.4,13.2,13.4,91,121
20251201,13.25,13.3,13.25,13.3,8,11
20251202,13.3,13.35,13.2,13.3,24,32
20251203,13.35,13.4,13.25,13.35,46,61
20251204,13.35,13.35,13.25,13.3,12,16
20251205,13.35,13.5,13.35,13.4,83,111
20251208,13.3,13.45,13.3,13.4,25,33
20251209,13.3,13.4,13.3,13.4,6,8
20251210,13.3,13.45,13.3,13.45,41,55
20251211,13.35,13.4,13.3,13.4,35,47
20251212,13.45,13.5,13.4,13.4,83,111
20251215,13.4,13.45,13.25,13.4,75,101
20251216,13.3,13.4,13.15,13.2,189,251
20251217,13.3,13.35,13.2,13.25,75,100
20251218,13.25,13.55,13.2,13.55,201,269
20251219,13.55,13.6,13.45,13.55,73,99
20251222,13.5,13.7,13.45,13.7,62,84
20251223,13.7,13.7,13.45,13.5,56,76
20251224,13.5,13.5,13.35,13.35,83,112
20251226,13.4,13.45,13.4,13.45,12,16
20251229,13.45,13.5,13.4,13.5,44,59
20251230,13.5,13.5,13.45,13.45,25,34
20251231,13.4,13.6,13.35,13.6,38,52
20260102,13.55,13.55,13.45,13.45,32,43
20260105,13.45,13.45,13.4,13.4,16,21
20260106,13.55,13.6,13.45,13.45,122,165
20260107,13.45,13.55,13.4,13.45,52,71
20260108,13.45,13.5,13.45,13.45,20,26
20260109,13.45,13.45,13.35,13.35,41,56
20260112,13.35,13.4,13.35,13.35,33,45
20260113,13.45,13.45,13.3,13.35,20,26
20260114,13.45,13.55,13.4,13.4,26,35
20260115,13.5,13.6,13.4,13.45,47,64
20260116,13.4,13.45,13.4,13.4,10,13
20260119,13.35,13.4,13.35,13.35,84,112
20260120,13.3,13.35,13.3,13.3,50,67
20260121,13.25,13.3,13.15,13.15,166,218
20260122,13.2,13.25,13.2,13.2,33,43
20260123,13.3,13.45,13.2,13.45,45,61
20260126,13.45,13.45,13.25,13.25,79,106
20260127,13.3,13.45,13.3,13.45,73,98
20260128,13.45,13.5,13.4,13.5,53,71
20260129,13.5,13.55,13.35,13.45,149,201
20260130,13.35,13.4,13.35,13.4,24,32
20260202,13.35,13.35,13.15,13.15,109,145
20260203,13.3,13.3,13.15,13.15,40,53
20260204,13.15,13.3,13.15,13.3,43,58
20260205,13.25,13.3,13.15,13.15,149,197
20260206,13.1,13.25,13.1,13.1,75,99
20260209,13.15,13.3,13.15,13.25,69,91
20260210,13.3,13.35,13.25,13.35,105,139
20260211,13.25,13.55,13.25,13.45,262,353
20260223,13.55,13.8,13.4,13.5,475,649
20260224,13.5,13.85,13.5,13.85,210,289
20260225,13.9,14,13.7,14,231,322
20260226,14,14.1,13.9,14,216,302
20260302,13.95,13.95,13.65,13.95,131,181
20260303,13.7,13.95,13.55,13.65,242,331
20260304,13.5,13.55,13.2,13.25,300,400
20260305,13.4,13.45,13.2,13.45,167,222
20260306,13.3,13.4,13.25,13.3,109,145
20260309,12.95,13,12.75,12.95,572,737
20260310,13.15,13.2,12.9,13.05,253,330
20260311,13.15,13.3,13.1,13.1,61,80
20260312,12.95,13.1,12.95,13,335,436
20260313,12.9,13.05,12.85,12.95,327,424
20260316,13.05,13.05,12.9,12.95,237,307
20260317,12.95,13.2,12.95,13.15,159,207
20260318,13.2,13.2,13.05,13.15,42,55
20260319,13.05,13.1,12.95,12.95,145,189
20260320,12.95,13,12.9,12.9,96,124
20260323,12.75,12.9,12.7,12.75,314,402
20260324,12.9,13,12.75,13,89,114
20260325,13.15,13.2,13.1,13.1,95,125
20260326,13.05,13.15,13.05,13.05,46,60
20260327,13,13.1,13,13,19,25
20260330,12.9,12.9,12.8,12.85,177,228
20260331,12.8,13.05,12.8,12.9,57,73
20260401,13.05,13.4,12.95,13.4,233,307
20260402,13.4,13.4,13.05,13.05,100,132
20260407,13,13.1,13,13.05,53,68
20260408,13.1,13.55,13.1,13.55,323,434
20260409,13.55,13.55,13.45,13.5,43,58
20260410,13.5,13.6,13.3,13.45,115,156
20260413,13.5,13.55,13.45,13.45,73,99
20260414,13.55,13.7,13.55,13.7,290,396
20260415,13.65,13.9,13.65,13.85,171,236
20260416,13.9,14.1,13.8,13.95,315,442
20260417,14.15,14.15,13.9,14.1,165,232
20260420,14.15,14.15,14.1,14.15,151,214
20260421,14.3,14.3,14.05,14.15,222,315
20260422,14.25,14.25,13.75,13.95,67,93
20260423,13.8,13.9,13.6,13.6,104,142
20260424,13.6,13.95,13.55,13.8,39,53
20260427,13.6,13.8,13.5,13.8,69,95
20260428,13.95,13.95,13.7,13.9,47,66
20260429,14.05,14.05,13.8,13.8,63,88
20260430,13.8,13.8,13.55,13.65,117,159
20260504,13.55,13.75,13.55,13.65,24,33
20260505,13.6,13.75,13.6,13.7,34,46
20260506,13.8,13.95,13.65,13.95,199,276
20260507,13.6,14.05,13.6,13.95,141,195
20260508,14.15,14.15,13.95,14.1,181,254
20260511,14.1,14.1,13.85,13.85,87,121
20260512,13.8,13.8,13.55,13.55,113,154
20260513,13.55,13.6,13.4,13.55,126,171
20260514,13.4,13.5,13.15,13.15,250,332
20260515,13.35,13.45,13.15,13.2,132,175
20260518,13.25,13.25,13,13.05,75,99
20260519,13,13.3,13,13.3,55,73
20260520,13.25,13.25,13.1,13.15,255,335
20260521,13.2,13.3,13.2,13.3,36,47
20260522,13.15,13.35,13.15,13.3,88,116
20260525,13.3,13.35,13.2,13.3,58,78
20260526,13.3,13.45,13.3,13.45,115,153
20260527,13.45,13.8,13.4,13.8,175,239
20260528,13.85,13.85,13.6,13.75,58,80
20260529,13.75,14.1,13.75,13.9,170,237
20260601,14.05,14.05,13.8,14,126,176
20260602,13.95,14,13.8,14,116,162
20260603,14,14,13.9,14,446,621
20260604,14.1,14.25,14,14.2,269,380
20260605,14.35,14.35,14,14.2,62,88
20260608,13.6,13.95,13.6,13.6,237,325
20260609,13.6,14.05,13.5,14,329,453
20260610,13.75,13.85,13.7,13.8,185,255
20260611,13.85,14.15,13.75,14.15,194,272
20260612,14.25,14.25,14,14.25,98,138
20260615,14.45,14.45,14.15,14.4,229,327
20260616,14.4,14.55,14.35,14.55,199,288
20260617,14.55,14.6,14.3,14.55,206,299
20260618,14.3,14.7,14.3,14.6,156,227
20260622,14.5,14.65,14.3,14.4,200,289
20260623,14.5,14.75,14.45,14.65,251,368
20260624,14.7,14.7,14.6,14.7,101,148
20260625,14.7,14.75,14.6,14.75,150,220
20260626,14.6,14.6,14.35,14.4,172,249
20260629,14.4,14.6,14.4,14.55,120,174
20260630,14.5,14.6,14.5,14.6,70,101
20260701,14.6,14.6,14.4,14.4,70,101
20260702,14.5,14.5,14.25,14.3,181,259
20260703,14.15,14.7,14.15,14.6,231,335
20260706,14.6,14.7,14.55,14.6,82,119
20260707,14.6,14.6,14.45,14.6,60,87
20260708,14.6,14.7,14.4,14.4,109,159
20260709,14.4,14.6,14.25,14.6,106,154
20260713,14.6,14.7,14.6,14.65,278,408
20260714,14.5,14.65,14.3,14.6,760,1101
20260715,14.6,14.95,14.4,14.8,375,551
20260716,14.85,15,14.45,14.9,392,583
20260717,14.65,14.95,14.6,14.95,306,450
20260720,14.95,15.45,14.95,14.95,769,1168
20260721,14.95,15.2,14.95,15.2,152,229
20260722,15.1,15.15,14.55,14.55,253,372
20260723,14.6,14.7,14.45,14.55,139,202
20260724,14.35,14.75,14,14.75,325,466
20260727,14.55,14.95,14.45,14.9,328,486
20260728,14.75,14.9,14.6,14.9,211,314
20260729,14.95,15.35,14.9,15.35,1039,1578
20260730,15.35,15.45,15.2,15.3,256,392
20260731,15.25,15.45,15.15,15.4,321,491
20260803,15.4,15.4,14.75,15.3,309,463
20260804,14.8,14.95,14.65,14.65,541,800
20260805,14.7,14.9,14.65,14.65,126,186
20260806,14.5,14.6,14.35,14.4,258,373
20260807,14.35,14.55,14.35,14.5,157,227
20260810,14.6,14.7,14.55,14.7,32,48
20260811,14.7,14.7,14.3,14.4,193,278
20260812,14.5,14.65,14.45,14.45,105,152
20260813,14.55,14.6,14.45,14.45,87,127
20260814,14.45,14.55,14.3,14.3,71,102
20260817,14.05,14.55,14.05,14.55,135,191
20260818,14.35,14.5,14.1,14.15,238,337
20260819,14.2,14.25,14.05,14.05,179,253
20260820,14.1,14.4,14.1,14.4,134,192
20260821,14.35,14.5,14.3,14.5,162,235
20260824,14.45,14.5,14.35,14.5,24,34
20260825,14.4,14.5,14.25,14.25,97,139
20260826,14.25,14.6,14.25,14.6,140,203
20260827,14.55,14.55,14.35,14.35,83,119
20260828,14.35,14.5,14.35,14.4,58,84
20260831,14.35,14.4,14.05,14.2,436,622
20260901,14.15,14.5,14.15,14.4,173,250
20260902,14.3,14.5,14.25,14.4,124,177
20260903,14.35,14.8,14.3,14.55,136,199
20260904,14.7,15.1,14.5,15.05,231,345
20260907,15.1,16.15,15.1,15.7,710,1112
20260908,15.7,16.2,15.6,16.2,554,882
20260909,16.2,16.2,15.9,16.05,334,536
20260910,15.85,16,15.6,15.6,294,465
20260911,15.35,15.75,15.35,15.65,147,228
20260914,15.65,16.2,15.35,16,364,577
20260915,15.7,15.85,15.55,15.75,211,331
20260916,16.1,16.2,15.6,16,180,287
20260917,16,16.05,15.8,15.95,243,389
20260918,15.9,16.25,15.85,16.25,386,620
