# date,open,high,low,close,lot,wan
20250814,28.85,29.4,28.8,29.4,18630,54444
20250815,29.4,29.45,29.1,29.1,14642,42855
20250818,29.05,29.15,28.9,29.15,10470,30411
20250819,29.15,29.3,29.1,29.25,8416,24569
20250820,29.4,29.4,29,29.15,11025,32155
20250821,29.2,29.25,29.05,29.15,7991,23293
20250822,29.1,29.2,28.7,28.75,10178,29417
20250825,28.95,28.95,28.5,28.5,12929,36967
20250826,28.4,28.45,28.15,28.2,39086,110361
20250827,28.2,28.45,28.2,28.2,7478,21152
20250828,28.2,28.55,28.15,28.3,11184,31735
20250829,28.35,28.45,28.2,28.35,19071,54000
20250901,28.35,28.6,28.3,28.5,8848,25166
20250902,28.5,28.75,28.45,28.75,7398,21183
20250903,28.8,29,28.75,28.95,8833,25533
20250904,28.95,29.35,28.95,29.35,13724,40048
20250905,29.35,29.4,29.05,29.2,8357,24399
20250908,29.2,29.4,29.2,29.4,8571,25143
20250909,29.4,29.75,29.4,29.75,16939,50244
20250910,29.7,30,29.7,30,13073,39083
20250911,29.9,30.1,29.55,29.7,13784,41073
20250912,29.75,30,29.7,29.9,12146,36308
20250915,29.9,29.95,29.5,29.6,12123,36016
20250916,29.6,29.75,29.5,29.6,9608,28439
20250917,29.6,29.6,29.4,29.4,9879,29110
20250918,29.55,29.65,29.4,29.6,11047,32653
20250919,29.6,29.7,29.4,29.7,21759,64505
20250922,29.7,29.8,29.65,29.8,8082,24038
20250923,29.8,29.85,29.55,29.8,9461,28167
20250924,29.8,30,29.7,29.85,9211,27472
20250925,30,30,29.5,29.6,10637,31516
20250926,29.5,29.5,29.2,29.35,12603,36946
20250930,29.7,29.85,29.35,29.85,21953,65365
20251001,29.85,29.9,29.7,29.9,13544,40407
20251002,29.8,29.85,29.5,29.5,9943,29444
20251003,29.5,29.65,29.3,29.45,8821,25952
20251007,29.2,29.35,28.95,29,20259,59086
20251008,29.15,29.4,29.15,29.25,10821,31645
20251009,29.3,29.4,28.95,28.95,19021,55254
20251013,28.95,29.05,28.5,29.05,20480,59020
20251014,29,29.5,29,29.35,16595,48643
20251015,29.3,29.3,29.1,29.3,9374,27404
20251016,29.35,29.45,29.25,29.4,10128,29738
20251017,29.4,29.45,29.1,29.1,7718,22527
20251020,29.2,29.2,28.8,28.9,13626,39411
20251021,29.05,29.1,28.85,29,9611,27819
20251022,29.05,29.2,28.95,29.2,12704,36900
20251023,29,29.1,28.85,29.05,11009,31857
20251027,29.15,29.15,28.75,29,17722,51281
20251028,28.95,29,28.6,28.6,20275,58244
20251029,28.65,28.85,28.6,28.65,12043,34522
20251030,28.6,28.8,28.5,28.65,15304,43775
20251031,28.85,28.9,28.55,28.55,14534,41635
20251103,28.35,28.6,28.2,28.45,17662,50253
20251104,28.45,28.75,28.45,28.5,11388,32478
20251105,28.45,28.65,28.2,28.65,13120,37359
20251106,28.8,28.85,28.6,28.65,11065,31766
20251107,28.6,28.85,28.45,28.45,11649,33322
20251110,28.5,28.65,28.4,28.4,9947,28331
20251111,28.4,28.55,28.4,28.45,11137,31682
20251112,28.6,28.85,28.4,28.4,12442,35487
20251113,28.45,28.6,28.3,28.3,10407,29526
20251114,28.2,28.35,28,28.05,15733,44319
20251117,28.1,28.25,27.9,28.15,16784,47141
20251118,28,28.15,27.8,27.85,17413,48590
20251119,28,28,27.8,27.85,12550,34976
20251120,28,28.4,27.85,28.3,12312,34802
20251121,28.3,28.6,28.1,28.3,17644,49991
20251124,28.35,28.7,28.35,28.65,51228,146681
20251125,28.6,28.6,28.2,28.2,11927,33784
20251126,28.4,28.4,28.1,28.1,11627,32756
20251127,28,28.05,27.85,27.85,28158,78546
20251128,27.85,27.9,27.6,27.6,30291,83858
20251201,27.5,27.7,27.4,27.4,31896,87588
20251202,27.3,27.7,27.3,27.7,31276,86223
20251203,27.6,27.85,27.45,27.55,21011,57939
20251204,27.8,27.9,27.7,27.75,21433,59527
20251205,27.8,28.05,27.8,27.95,19372,54146
20251208,27.95,28.2,27.8,28.05,23404,65643
20251209,28.05,28.35,27.9,27.95,30105,84444
20251210,28,28.2,27.95,27.95,24485,68642
20251211,28.2,28.3,28.05,28.2,32112,90516
20251212,28.35,28.55,28.25,28.35,29417,83565
20251215,28.35,28.95,28.2,28.5,38193,109451
20251216,28.5,29.2,28.45,28.9,58937,170568
20251217,29,29.8,29,29.25,84328,247983
20251218,29.5,29.95,29.2,29.4,129846,382695
20251219,29.4,29.95,29.4,29.95,111768,332939
20251222,30,30.5,29.85,30.1,108438,326351
20251223,30.1,30.2,29.6,29.65,99304,296151
20251224,29.75,30.05,29.25,29.3,85511,252135
20251226,29.45,29.7,29.2,29.5,68769,202082
20251229,29.5,29.75,29.4,29.5,24482,72392
20251230,29.5,29.85,29.45,29.75,21294,63292
20251231,29.9,29.9,29.2,29.4,17053,49965
20260102,29.55,29.55,29.2,29.55,13839,40711
20260105,29.5,29.9,29.3,29.85,22372,66557
20260106,29.9,30.05,29.8,30.05,21701,64991
20260107,30.05,30.05,29.55,29.75,19259,57234
20260108,29.75,29.75,29.45,29.65,16961,50184
20260109,29.6,29.8,29.45,29.7,12937,38333
20260112,29.55,29.6,29.3,29.4,16975,49981
20260113,29.5,29.6,29.2,29.4,22568,66286
20260114,29.5,29.65,29.3,29.4,11332,33340
20260115,29.5,29.85,29.4,29.8,23443,69719
20260116,29.8,29.85,29.6,29.8,13632,40562
20260119,29.6,30.1,29.5,29.75,17155,51236
20260120,29.65,29.8,29.45,29.45,16193,47894
20260121,29.3,29.45,29.2,29.25,19585,57365
20260122,29.35,29.5,29.2,29.2,20379,59664
20260123,29.45,29.45,29.1,29.2,16986,49612
20260126,29.25,29.3,29,29.05,15983,46544
20260127,29.15,29.4,29.05,29.05,17375,50675
20260128,29.2,29.2,28.9,29.05,19047,55258
20260129,29.2,29.3,28.95,29.15,17053,49709
20260130,29.2,29.2,28.6,28.8,34123,98256
20260202,29,29,28.4,28.65,18315,52372
20260203,28.7,29.1,28.7,28.95,11002,31813
20260204,28.95,29.2,28.85,28.9,15427,44700
20260205,29,29.3,28.9,29.2,15281,44565
20260206,29,29.2,28.9,29.15,12149,35256
20260209,29.15,29.35,29,29,18568,54058
20260210,29.05,29.25,28.95,29.25,16974,49427
20260211,29.4,29.5,29.25,29.45,22719,66799
20260223,29.6,30,29.45,29.9,44325,132175
20260224,29.95,30,29.7,30,34847,104147
20260225,30,30,29.75,29.9,29033,86737
20260226,29.85,30,29.7,29.9,69540,207784
20260302,29.75,29.85,29.45,29.6,20735,61409
20260303,29.5,29.8,29.45,29.7,22000,65250
20260304,29.4,29.45,28.5,28.6,38329,110270
20260305,29.05,29.15,28.85,29.05,17769,51545
20260306,28.8,29.4,28.7,29.4,22215,64855
20260309,28.05,29.1,28,29.1,29543,84814
20260310,29.35,29.4,28.8,29,17469,50612
20260311,28.9,29.4,28.9,29.15,15441,44923
20260312,28.9,29,28.7,28.85,17756,51094
20260313,28.8,29,28.65,28.9,19913,57507
20260316,28.85,29.05,28.75,28.85,15465,44658
20260317,29.1,29.1,28.85,29.1,18782,54425
20260318,29.35,29.35,28.8,28.95,28004,80970
20260319,28.95,28.95,28.4,28.6,28726,82009
20260320,28.5,28.75,28.45,28.75,27126,77672
20260323,28.3,28.3,28,28.1,24513,69026
20260324,28.35,28.7,28.2,28.55,20341,57872
20260325,29,29,28.4,28.7,25829,73881
20260326,28.85,28.85,28.5,28.65,15914,45609
20260327,28.5,28.65,28.2,28.45,16953,48068
20260330,28,28.4,28,28.15,22359,63052
20260331,28.15,28.4,28.1,28.2,24423,68881
20260401,28.45,28.65,28.25,28.45,21110,60034
20260402,28.45,28.6,28.3,28.4,17820,50651
20260407,28.4,28.65,28.35,28.6,8517,24275
20260408,28.9,28.9,28.6,28.8,16267,46776
20260409,28.8,29.1,28.65,29.1,20406,59054
20260410,28.9,29.1,28.6,28.6,24308,69904
20260413,28.6,28.65,28.4,28.45,13297,37883
20260414,28.6,28.7,28.5,28.6,13343,38181
20260415,28.75,28.95,28.7,28.85,20595,59346
20260416,28.95,29,28.8,28.8,12387,35762
20260417,28.95,28.95,28.6,28.8,13534,38891
20260420,28.85,29,28.65,28.9,20030,57743
20260421,29,29.05,28.75,28.8,15385,44401
20260422,28.75,28.85,28.6,28.65,18076,51879
20260423,28.55,28.6,28.05,28.15,41433,117347
20260424,28.25,28.45,28.2,28.3,19189,54346
20260427,28.15,28.6,28.1,28.35,31898,90545
20260428,28.4,28.6,28.25,28.3,19089,54099
20260429,28.5,28.55,28.3,28.55,19364,55086
20260430,28.3,28.9,28.25,28.85,79928,229415
20260504,28.85,28.9,28.25,28.25,46216,131321
20260505,28.3,28.5,28.15,28.4,20645,58586
20260506,28.6,29,28.45,28.8,46381,133701
20260507,28.8,29.4,28.75,29.15,54247,158293
20260508,29.4,29.6,29.05,29.5,39860,117140
20260511,29.5,29.75,29.25,29.55,38171,112826
20260512,29.55,29.7,29.15,29.4,41174,121413
20260513,29.35,29.7,29.25,29.5,34368,101616
20260514,29.3,29.65,29.3,29.5,24611,72586
20260515,29.55,29.8,29.3,29.3,23895,70640
20260518,29.3,29.35,28.7,28.75,28921,83713
20260519,28.75,29.45,28.7,29,28480,83054
20260520,28.1,28.4,27.55,27.75,175497,487397
20260521,28,28.05,27.55,27.7,85780,237813
20260522,27.8,27.8,27.4,27.55,84956,233949
20260525,27.6,27.6,27.2,27.6,79809,218517
20260526,27.55,27.8,27.5,27.7,47398,131149
20260527,27.7,27.8,27.55,27.6,33695,93197
20260528,27.6,27.65,27.25,27.25,47996,131545
20260529,27.3,27.5,27.2,27.45,109954,301534
20260601,27.45,27.85,27.3,27.75,52245,144188
20260602,27.75,28.2,27.7,28.15,57902,162322
20260603,28.4,29.3,28.1,29,81559,235240
20260604,29,29.65,28.85,29.55,89347,262888
20260605,29.5,29.55,28.95,29.3,57303,167776
20260608,28.7,29.15,28.45,29.1,50961,147032
20260609,29.1,30.55,29.1,30.5,99331,299283
20260610,30.4,30.95,30.2,30.55,68192,208590
20260611,30.55,30.75,29.95,30.65,46641,141858
20260612,30.7,31.35,30.65,31,48818,151262
20260615,31.35,31.65,31.05,31.3,39237,122707
20260616,31.3,31.8,31.25,31.8,50859,160796
20260617,31.8,32.75,31.7,32.5,65780,212879
20260618,32.5,32.8,32.25,32.6,75199,244782
20260622,32.6,32.75,32.15,32.3,46847,151929
20260623,32.3,32.7,32,32.45,54544,176690
20260624,32.25,32.65,32,32.05,38736,124821
20260625,32.15,33.25,32.1,32.85,59095,194490
20260626,32.6,32.95,32.45,32.65,40646,132883
20260629,32.8,33.2,32.55,33,41997,138268
20260630,32.95,33.05,32.3,32.75,53950,176733
20260701,32.7,33.35,32.15,33.2,137251,452545
20260702,33,33,32.05,32.1,50327,162790
20260703,32,32.95,32,32.4,25665,83537
20260706,32.35,33.1,32.35,33.05,28641,94198
20260707,33.05,33.65,33.05,33.3,41274,137812
20260708,33.25,34.1,33.2,34.1,32599,110010
20260709,34.1,34.15,33.4,33.6,13921,46943
20260713,34,34.05,33.35,33.65,19179,64583
20260714,33.85,33.85,33.1,33.55,24986,83536
20260715,33.4,33.8,33.1,33.1,54872,182407
20260716,33.1,34.15,33.1,33.95,37194,125889
20260717,33.8,34.3,33.55,34.1,45041,153299
20260720,34.15,34.25,33.5,33.95,38106,129102
20260721,33.9,34.5,33.75,34.45,40358,138381
20260722,34.05,34.75,34.05,34.4,31044,106669
20260723,34.4,34.4,33.7,34.15,35275,120032
20260724,33.4,34.45,33.4,34.3,30999,106011
20260727,34.6,35.1,34.1,34.8,38731,134707
20260728,34.6,35.1,34.5,34.8,42614,148378
20260729,34.8,35.1,34.15,34.8,49837,173004
20260730,34.85,35.65,34.45,35.5,63263,222349
20260731,35.55,36.9,35.4,36.75,65839,240659
20260803,36.3,36.45,35.65,35.95,48318,174319
20260804,35.4,36.25,35.15,35.3,54577,194030
20260805,35.3,36.1,35.2,35.9,50836,181596
20260806,35.8,36.3,35.5,35.5,50733,181834
20260807,35.85,35.85,35.3,35.55,32436,115217
20260810,35.7,35.7,34.9,34.95,51369,180202
20260811,33.55,33.7,32.6,32.7,85137,280186
20260812,32.7,33.15,32.45,33.15,42976,140866
20260813,33.35,33.35,32.65,33.15,28067,92404
20260814,33.15,33.7,32.75,33.35,39848,132817
20260817,33.1,33.55,32.55,33.4,45847,151694
20260818,33.4,34.25,33.25,33.7,40530,137231
20260819,33.65,33.8,33.3,33.6,16300,54738
20260820,33.7,33.75,33.2,33.3,27060,90185
20260821,33.25,33.8,33.2,33.65,32060,107556
20260824,33.55,33.8,33.25,33.55,23922,79959
20260825,33.5,34.1,33.45,33.8,28507,96227
20260826,33.5,34,33.25,33.4,38426,128590
20260827,33.5,33.75,33.3,33.35,27112,90775
20260828,33.5,34.75,33.45,34.4,68304,234504
20260831,34.3,35.3,34.3,35.3,89869,315633
20260901,35.05,35.9,35,35.9,37065,131782
20260902,35.55,36.35,35.4,36.25,37045,133226
20260903,36.25,37.1,36.1,36.85,38579,142001
20260904,36.95,37.3,36.4,37.3,30571,112818
20260907,38,38,36.85,37.3,38994,145307
20260908,37.2,37.9,36.85,37.85,28543,107349
20260909,37.95,38.1,37.15,37.8,30639,115182
20260910,37.4,38.25,37.35,38,29077,109944
20260911,37.7,39.05,37.7,38.9,34934,134218
20260914,38.55,40,38.55,39.85,37037,146463
20260915,40.4,40.4,39.5,39.55,30707,122003
20260916,39.7,40,39.25,40,24115,95844
20260917,40,40.95,39.85,40.75,32824,133149
20260918,40.75,40.75,38.9,39.8,52521,208193
