# date,open,high,low,close,lot,wan
20250814,9.15,9.18,9.13,9.17,1979,1813
20250815,9.16,9.19,9.12,9.16,1974,1806
20250818,9.14,9.14,9.1,9.12,1796,1638
20250819,9.12,9.12,9.09,9.1,1287,1172
20250820,9.12,9.16,9.07,9.08,3225,2933
20250821,9.1,9.13,9.09,9.09,1112,1012
20250822,9.08,9.09,9.07,9.08,1385,1257
20250825,9.11,9.14,9.05,9.07,3548,3222
20250826,9.06,9.06,9,9.05,3559,3215
20250827,9.02,9.04,9.01,9.01,2839,2561
20250828,9.01,9.04,8.99,9,1754,1580
20250829,9.02,9.02,8.99,9,2250,2026
20250901,9,9.03,8.95,8.97,3332,2991
20250902,8.99,9.02,8.97,8.98,1415,1271
20250903,8.98,9.02,8.98,9,1080,972
20250904,8.97,9.02,8.97,9.01,1494,1344
20250905,9.04,9.05,9.01,9.02,1236,1115
20250908,9.01,9.03,9.01,9.03,1204,1086
20250909,9.03,9.06,9,9.06,1933,1744
20250910,9.02,9.05,9.01,9.03,1228,1108
20250911,9.06,9.14,9.05,9.09,3976,3615
20250912,9.06,9.13,9.06,9.09,1408,1281
20250915,9.1,9.13,9.07,9.08,978,890
20250916,9.08,9.1,9.06,9.07,1188,1078
20250917,9.1,9.11,9.05,9.05,1565,1420
20250918,9.07,9.07,9.03,9.04,1562,1413
20250919,9.04,9.06,8.98,9.01,5007,4512
20250922,9,9.05,8.95,9.01,5021,4521
20250923,9,9.03,9,9.02,2414,2175
20250924,9.04,9.06,9.01,9.05,1653,1494
20250925,9.05,9.07,9.03,9.06,2527,2289
20250926,9.06,9.06,8.99,9.01,2173,1959
20250930,9.03,9.05,9.02,9.04,1106,999
20251001,9.05,9.05,9.01,9.05,2631,2381
20251002,9.05,9.08,9.02,9.05,2277,2063
20251003,9.05,9.08,9.02,9.04,2274,2057
20251007,9.04,9.07,9.01,9.01,2567,2318
20251008,9.04,9.05,9.01,9.02,1998,1803
20251009,9.02,9.05,9.02,9.04,1851,1673
20251013,8.99,9,8.93,8.99,5946,5336
20251014,8.99,9.02,8.96,8.96,5727,5149
20251015,9,9.08,8.94,9.08,5591,5039
20251016,9.02,9.06,9.01,9.05,2642,2384
20251017,9.02,9.07,9.01,9.07,3077,2786
20251020,9.05,9.08,9.01,9.03,2219,2004
20251021,9.06,9.06,9.01,9.02,2648,2390
20251022,9.02,9.06,9.02,9.06,1078,975
20251023,9.05,9.08,9.03,9.07,1675,1519
20251027,9.07,9.1,9.05,9.07,2430,2205
20251028,9.1,9.11,9.08,9.09,1923,1748
20251029,9.1,9.11,9.05,9.07,2140,1941
20251030,9.06,9.08,9.06,9.07,1580,1433
20251031,9.1,9.1,9.03,9.05,1761,1595
20251103,9.06,9.09,9.04,9.04,897,812
20251104,9.03,9.09,9.03,9.07,1642,1487
20251105,9.05,9.05,9,9.04,2224,2007
20251106,9.09,9.1,9.04,9.09,2140,1942
20251107,9.08,9.19,9.07,9.15,4894,4474
20251110,9.15,9.17,9.11,9.15,2060,1882
20251111,9.15,9.15,9.08,9.09,2177,1981
20251112,9.1,9.14,9.08,9.11,1919,1749
20251113,9.11,9.14,9.11,9.13,2520,2299
20251114,9.11,9.12,9.06,9.09,2594,2361
20251117,9.06,9.1,9.02,9.04,3461,3131
20251118,9.01,9.03,8.98,9.01,4567,4111
20251119,9.01,9.01,8.96,8.98,2956,2656
20251120,9.01,9.05,8.98,9.02,1704,1537
20251121,9.03,9.08,9,9.03,3915,3539
20251124,9.03,9.11,9.03,9.11,2687,2437
20251125,9.11,9.12,9.05,9.07,2918,2651
20251126,9.07,9.1,9.07,9.08,1988,1806
20251127,9.05,9.13,9.05,9.1,1745,1586
20251128,9.08,9.11,9.05,9.07,1734,1574
20251201,9.07,9.11,9.07,9.09,1176,1069
20251202,9.09,9.12,9.09,9.1,1704,1550
20251203,9.11,9.13,9.08,9.13,2015,1835
20251204,9.13,9.15,9.11,9.12,1006,918
20251205,9.12,9.13,9.1,9.12,1131,1031
20251208,9.12,9.15,9.1,9.13,1758,1605
20251209,9.11,9.13,9.1,9.11,1607,1465
20251210,9.11,9.12,9.07,9.08,1239,1126
20251211,9.15,9.16,9.09,9.12,2733,2495
20251212,9.15,9.2,9.14,9.16,2838,2603
20251215,9.16,9.21,9.1,9.18,2053,1881
20251216,9.13,9.18,9.12,9.13,3562,3256
20251217,9.16,9.2,9.13,9.15,3820,3500
20251218,9.13,9.19,9.11,9.12,1756,1605
20251219,9.12,9.18,9.11,9.13,3000,2742
20251222,9.15,9.2,9.15,9.19,1962,1802
20251223,9.19,9.22,9.18,9.19,1116,1026
20251224,9.18,9.23,9.18,9.2,1740,1601
20251226,9.2,9.2,9.14,9.16,1861,1705
20251229,9.16,9.17,9.14,9.17,1600,1464
20251230,9.15,9.17,9.12,9.15,949,867
20251231,9.15,9.16,9.11,9.14,2004,1830
20260102,9.14,9.15,9.12,9.12,865,789
20260105,9.11,9.14,9.09,9.12,3155,2874
20260106,9.12,9.15,9.1,9.15,5076,4633
20260107,9.15,9.15,9.12,9.14,4408,4029
20260108,9.14,9.19,9.13,9.16,1657,1518
20260109,9.15,9.17,9.15,9.16,1610,1474
20260112,9.15,9.16,9.1,9.14,4054,3697
20260113,9.15,9.15,9.09,9.12,5688,5186
20260114,9.13,9.14,9.12,9.13,3181,2904
20260115,9.14,9.14,9.11,9.13,2516,2297
20260116,9.13,9.14,9.11,9.12,3191,2913
20260119,9.11,9.15,9.1,9.12,2219,2025
20260120,9.11,9.14,9.11,9.12,3081,2811
20260121,9.11,9.13,9.09,9.12,3317,3023
20260122,9.12,9.15,9.12,9.14,2596,2372
20260123,9.12,9.15,9.12,9.14,1623,1483
20260126,9.14,9.16,9.1,9.13,3352,3064
20260127,9.14,9.17,9.12,9.14,3795,3469
20260128,9.14,9.16,9.12,9.14,3285,3000
20260129,9.13,9.16,9.11,9.15,3000,2742
20260130,9.15,9.16,9.12,9.13,2971,2713
20260202,9.14,9.14,9.07,9.14,5604,5106
20260203,9.12,9.16,9.12,9.15,2274,2080
20260204,9.15,9.19,9.14,9.17,1858,1703
20260205,9.17,9.25,9.17,9.21,5856,5394
20260206,9.22,9.32,9.17,9.3,3541,3275
20260209,9.3,9.38,9.28,9.35,2959,2765
20260210,9.38,9.42,9.35,9.4,3872,3637
20260211,9.56,9.73,9.56,9.7,16002,15466
20260223,9.72,9.88,9.72,9.78,10344,10152
20260224,9.8,9.83,9.69,9.69,6771,6599
20260225,9.69,9.73,9.61,9.72,5627,5439
20260226,9.73,9.86,9.7,9.8,6932,6801
20260302,9.71,9.85,9.7,9.84,5076,4968
20260303,9.8,9.84,9.77,9.81,7875,7715
20260304,9.77,9.79,9.56,9.63,9954,9590
20260305,9.73,9.81,9.72,9.79,5474,5344
20260306,9.74,9.86,9.74,9.83,3117,3057
20260309,9.5,9.69,9.5,9.65,5974,5744
20260310,9.74,9.77,9.68,9.72,4070,3957
20260311,9.67,9.79,9.67,9.76,4786,4669
20260312,9.95,10.05,9.89,9.98,11188,11164
20260313,9.98,9.99,9.9,9.93,2927,2909
20260316,9.93,9.95,9.9,9.94,4758,4722
20260317,9.93,9.95,9.88,9.92,4423,4382
20260318,9.97,9.97,9.86,9.92,6168,6105
20260319,9.89,9.94,9.81,9.9,3779,3733
20260320,9.84,9.92,9.84,9.86,2955,2923
20260323,9.75,9.9,9.7,9.84,4989,4907
20260324,9.87,9.88,9.8,9.83,3048,2995
20260325,9.96,9.96,9.88,9.93,7548,7484
20260326,9.96,9.98,9.92,9.94,1391,1384
20260327,9.93,10.2,9.92,10.1,11300,11358
20260330,10,10.1,10,10,3551,3563
20260331,10,10.05,9.98,10,2734,2734
20260401,10.1,10.15,10.05,10.05,3936,3975
20260402,10.1,10.15,10,10.05,2992,3016
20260407,10.1,10.15,10.05,10.05,2572,2591
20260408,10.1,10.15,10.05,10.1,3917,3952
20260409,10.15,10.15,10.05,10.15,2670,2701
20260410,10.15,10.15,10.05,10.15,1980,2002
20260413,10.15,10.35,10.1,10.35,7430,7606
20260414,10.35,10.35,10.2,10.35,4013,4138
20260415,10.3,10.4,10.3,10.35,3717,3846
20260416,10.4,10.4,10.25,10.3,2877,2976
20260417,10.35,10.35,10.15,10.2,3083,3148
20260420,10.2,10.3,10.2,10.3,3231,3313
20260421,10.3,10.3,10.2,10.3,2133,2188
20260422,10.3,10.3,10.1,10.15,3774,3837
20260423,10.15,10.2,10,10.1,4706,4740
20260424,10.1,10.15,10.05,10.05,2099,2118
20260427,10.05,10.15,10,10.05,5352,5386
20260428,10.1,10.2,10.05,10.15,2990,3030
20260429,10.15,10.2,10.1,10.15,1797,1821
20260430,10.15,10.15,10.05,10.1,4072,4114
20260504,10.1,10.15,10,10.05,3997,4021
20260505,10.05,10.1,10,10.05,1329,1335
20260506,10.1,10.15,10.05,10.15,2852,2881
20260507,10.1,10.15,10.05,10.1,2780,2806
20260508,10.15,10.15,10.1,10.15,2799,2834
20260511,10.1,10.35,10.1,10.25,6641,6795
20260512,10.25,10.3,10.15,10.2,2856,2919
20260513,10.2,10.2,10.1,10.15,2373,2411
20260514,10.1,10.2,10.05,10.05,3500,3529
20260515,10,10.05,10,10,5044,5052
20260518,10,10,9.92,9.95,5217,5196
20260519,9.95,10.05,9.92,10.05,2081,2083
20260520,10,10.15,10,10.05,3425,3448
20260521,10.05,10.1,10,10.1,2451,2466
20260522,10.1,10.1,10,10,2713,2723
20260525,10.1,10.1,9.9,9.95,6949,6913
20260526,9.95,9.99,9.94,9.98,1593,1588
20260527,10,10.05,9.93,10,3690,3681
20260528,10,10.05,9.9,9.94,3717,3697
20260529,9.91,9.98,9.9,9.9,3566,3538
20260601,9.92,9.98,9.88,9.94,9531,9459
20260602,9.92,10.05,9.9,10,6830,6819
20260603,10.05,10.3,10,10.2,13245,13479
20260604,10.2,10.35,10.2,10.35,7362,7583
20260605,10.35,10.4,10.25,10.3,5110,5269
20260608,10,10.15,10,10.1,5534,5576
20260609,10.05,10.5,10.05,10.5,14332,14908
20260610,10.45,10.5,10.35,10.4,6488,6742
20260611,10.45,10.5,10.35,10.5,6822,7131
20260612,10.5,10.6,10.45,10.5,6437,6772
20260615,10.5,10.55,10.45,10.5,5818,6115
20260616,10.55,10.55,10.45,10.5,7636,8028
20260617,10.55,10.6,10.5,10.55,9194,9690
20260618,10.55,10.7,10.5,10.5,5248,5557
20260622,10.55,10.6,10.5,10.55,4035,4261
20260623,10.55,10.65,10.5,10.65,5769,6110
20260624,10.55,10.6,10.45,10.55,5716,6005
20260625,10.55,10.6,10.5,10.6,2834,2991
20260626,10.55,10.55,10.4,10.5,3409,3567
20260629,10.4,10.55,10.4,10.5,2712,2842
20260630,10.5,10.5,10.4,10.45,2293,2394
20260701,10.5,10.5,10.4,10.4,4820,5033
20260702,10.4,10.5,10.4,10.5,2694,2817
20260703,10.5,10.65,10.5,10.55,4888,5170
20260706,10.55,10.65,10.55,10.55,3919,4151
20260707,10.6,10.65,10.55,10.55,4958,5251
20260708,10.6,10.6,10.55,10.6,2639,2790
20260709,10.6,10.6,10.5,10.55,4392,4633
20260713,10.55,10.6,10.45,10.5,3729,3916
20260714,10.55,10.55,10.3,10.4,7172,7464
20260715,10.4,10.55,10.4,10.5,4073,4263
20260716,10.5,10.55,10.45,10.55,3061,3215
20260717,10.45,10.55,10.4,10.4,6677,6988
20260720,10.5,10.55,10.35,10.4,8227,8574
20260721,10.45,10.55,10.4,10.45,7740,8113
20260722,10.5,10.55,10.45,10.5,13276,13949
20260723,10.05,10.15,10,10.05,8459,8511
20260724,10,10.15,10,10.15,3980,4012
20260727,10.15,10.35,10.1,10.3,6996,7163
20260728,10.25,10.3,10.1,10.2,5143,5252
20260729,10.3,10.3,10.05,10.25,10572,10778
20260730,10.25,10.25,10.15,10.25,4219,4310
20260731,10.2,10.4,10.2,10.25,6526,6735
20260803,10.2,10.25,10.15,10.2,5939,6049
20260804,10.1,10.25,10.1,10.2,4000,4070
20260805,10.2,10.25,10.15,10.25,3078,3140
20260806,10.15,10.2,10.1,10.1,3471,3523
20260807,10.15,10.2,10.1,10.15,1978,2009
20260810,10.2,10.2,10.05,10.15,2572,2601
20260811,10.15,10.2,10.1,10.15,4007,4061
20260812,10.1,10.15,10.05,10.1,2640,2666
20260813,10.15,10.15,10.05,10.15,2558,2584
20260814,10.15,10.15,10.05,10.05,2922,2939
20260817,10.05,10.2,10.05,10.2,3722,3763
20260818,10.15,10.15,10.05,10.15,1422,1438
20260819,10.1,10.2,10.05,10.15,1638,1660
20260820,10.2,10.25,10.15,10.25,3539,3610
20260821,10.2,10.25,10.15,10.25,2544,2598
20260824,10.25,10.25,10.15,10.25,1607,1640
20260825,10.2,10.25,10.15,10.2,1536,1568
20260826,10.2,10.35,10.2,10.3,6004,6164
20260827,10.3,10.45,10.3,10.35,6039,6257
20260828,10.4,10.45,10.35,10.35,4671,4861
20260831,10.35,10.45,10.35,10.35,2590,2687
20260901,10.35,10.65,10.35,10.6,14532,15263
20260902,10.6,10.7,10.4,10.7,9951,10561
20260903,10.7,11,10.7,10.9,16174,17622
20260904,10.95,11,10.8,10.85,4659,5056
20260907,10.9,10.95,10.7,10.75,7812,8406
20260908,10.75,10.95,10.7,10.95,3695,4012
20260909,10.85,10.9,10.8,10.85,2058,2234
20260910,10.85,10.9,10.75,10.8,2623,2835
20260911,10.8,11,10.75,11,3621,3951
20260914,11,11.35,10.9,11.25,13430,14955
20260915,11.25,11.3,11.05,11.2,6343,7096
20260916,11.2,11.2,11,11.15,5624,6224
20260917,11.2,11.3,11.1,11.25,6108,6861
20260918,11.3,11.3,10.95,11.1,7034,7789
