# date,open,high,low,close,lot,wan
20250814,25.95,26,25.95,26,10,26
20250815,26,26.15,26,26.15,21,55
20250818,26,26.15,26,26.15,22,58
20250819,26,26,25.65,25.9,12,31
20250820,25.9,25.95,25.85,25.9,15,39
20250821,25.9,26.15,25.9,26.1,8,21
20250822,26.05,26.15,26,26,4,12
20250825,26,26.3,26,26.05,34,89
20250826,25.65,26,25.45,25.45,22,57
20250827,25.4,25.65,25,25.55,20,52
20250828,25.85,26,25.85,26,15,39
20250829,25.6,26,25.6,25.8,6,16
20250901,25.8,25.95,25.8,25.8,9,24
20250902,25.75,25.8,25.6,25.6,11,27
20250903,25.75,26,25.65,26,32,82
20250904,25.9,26.4,25.8,26.05,49,127
20250905,26.2,26.2,25.8,25.8,12,30
20250908,25.6,25.75,25.4,25.6,7,17
20250909,25.9,25.9,25.75,25.8,15,38
20250910,25.9,26.15,25.85,25.9,22,57
20250911,26,26,25.1,25.5,12,30
20250912,25.85,25.85,25.2,25.75,13,34
20250915,25.75,25.75,25.1,25.55,20,50
20250916,25.95,25.95,25.5,25.65,6,15
20250917,25.4,25.65,25.25,25.4,13,34
20250918,25.4,25.65,25.35,25.35,7,17
20250919,25.35,25.55,25.3,25.5,12,30
20250922,25.55,25.9,25.55,25.9,6,14
20250923,25.3,26.2,25.3,26.2,35,90
20250924,26.15,26.15,25.85,25.85,3,9
20250925,26.25,26.8,26,26,7,19
20250926,25.45,25.9,25.4,25.7,10,25
20250930,25.7,25.7,25.7,25.7,3,8
20251001,25.7,25.9,25.7,25.85,9,22
20251002,26,26,25.7,25.9,10,25
20251003,25.9,25.9,25,25.75,18,47
20251007,25.8,25.8,25.5,25.6,12,30
20251008,25.6,25.7,25.5,25.6,12,31
20251009,25.5,25.65,25.5,25.5,8,20
20251013,25.5,25.65,25.3,25.3,9,22
20251014,25.3,25.5,25.3,25.5,6,15
20251015,25.4,25.7,25.35,25.35,11,27
20251016,25.35,25.4,25.25,25.25,8,19
20251017,25.3,25.55,25.3,25.35,19,47
20251020,25.35,25.35,25.2,25.35,6,15
20251021,25.3,25.35,25.3,25.35,7,18
20251023,25.05,25.35,25.05,25.15,5,13
20251027,25.15,26.3,25.15,25.2,11,29
20251028,25.1,25.15,24.9,24.9,14,35
20251029,24.85,24.9,24.75,24.85,36,90
20251030,24.85,24.85,24.55,24.85,57,141
20251031,25.2,25.4,24.75,24.95,17,43
20251103,25,25,24.55,24.6,73,182
20251104,24.6,24.75,24.55,24.6,21,52
20251105,24.6,24.65,24.55,24.65,53,130
20251106,24.65,24.65,24.5,24.65,22,53
20251107,25.1,25.1,25.1,25.1,3,7
20251110,25.25,25.25,24.45,24.6,7,18
20251111,25.05,25.05,25.05,25.05,2,6
20251112,24.65,24.75,24,24.65,41,100
20251113,24.95,25,24.9,25,5,13
20251114,24.65,24.9,24.65,24.9,5,14
20251117,24.9,24.9,24.45,24.75,6,15
20251118,24.85,24.85,24.5,24.5,3,8
20251119,24.55,24.8,24.55,24.8,7,18
20251120,25,25,24.5,24.6,22,55
20251121,24.6,24.6,24.6,24.6,5,12
20251124,24.85,24.85,24.85,24.85,1,3
20251125,24.65,24.75,24.5,24.55,6,15
20251126,24.6,24.75,24.6,24.75,13,32
20251128,24.85,24.85,24.85,24.85,1,4
20251201,24.85,24.85,24.5,24.85,9,21
20251202,25,25,24.85,24.85,4,9
20251203,24.85,24.85,24.8,24.85,14,34
20251204,25,25,25,25,1,4
20251205,24.85,24.85,24.85,24.85,1,3
20251208,24.85,24.9,24.6,24.9,10,24
20251209,24.55,24.55,24.5,24.5,6,15
20251210,24.5,24.95,24.2,24.9,40,99
20251211,24.8,24.8,24.8,24.8,2,4
20251212,25,25.3,24.65,25.3,34,85
20251215,25.3,25.35,25,25.35,38,95
20251216,25.1,25.25,25.05,25.15,13,33
20251217,25.4,25.55,25.1,25.1,6,16
20251218,25.4,25.8,25.4,25.5,5,13
20251222,25.3,25.3,24.65,25.15,20,50
20251223,25.5,25.5,25,25.2,6,14
20251224,25.3,25.3,24.85,24.85,9,23
20251226,24.85,24.85,24.85,24.85,2,6
20251229,25.2,25.2,24.6,24.65,16,40
20251230,24.65,24.65,24.65,24.65,1,3
20251231,24.65,24.65,24.65,24.65,2,6
20260102,24.75,25,24.2,24.2,22,53
20260105,24.3,24.5,24.25,24.25,23,56
20260106,24.35,24.6,24.35,24.5,6,15
20260107,24.7,24.7,24.3,24.5,8,19
20260108,24.3,24.8,24.3,24.75,21,51
20260109,24.75,25,24.75,25,14,34
20260112,25.1,25.1,24.7,24.9,8,19
20260113,25.25,25.25,24.6,24.9,16,40
20260114,25.25,25.25,24.7,24.7,17,41
20260115,24.65,24.75,24.65,24.75,6,14
20260116,24.75,24.75,24.5,24.5,8,21
20260119,24.7,25,24.7,24.75,5,12
20260120,24.65,24.75,24.6,24.6,4,9
20260121,24.55,24.85,24.5,24.8,11,27
20260122,24.7,24.7,24.4,24.45,12,28
20260123,24.5,24.7,24.4,24.6,23,57
20260126,24.6,24.6,24.5,24.5,5,12
20260127,24.55,24.9,24.55,24.9,3,8
20260128,25.5,25.5,24.55,24.9,7,16
20260129,24.7,24.8,24.3,24.35,20,49
20260130,24.35,24.65,24.2,24.65,53,129
20260202,24.45,24.55,24.3,24.3,20,49
20260203,24.5,24.85,24.5,24.75,40,100
20260204,24.75,24.85,24.75,24.8,11,28
20260205,24.8,24.8,24.6,24.8,21,51
20260206,24.65,24.85,24.45,24.45,19,46
20260209,24.8,24.8,24,24.3,72,175
20260210,24.3,24.5,24,24.3,103,249
20260211,24.1,24.5,23.9,24.5,57,138
20260223,24.6,24.6,24,24.1,70,169
20260224,24.2,24.4,24.1,24.15,24,59
20260225,24.2,24.45,24.15,24.35,36,88
20260226,24.35,24.4,23.95,23.95,62,150
20260302,24,24.4,23.75,24.05,56,134
20260303,23.9,23.9,23.55,23.6,58,138
20260304,23.6,23.9,23.45,23.45,20,47
20260305,23.45,23.6,23.3,23.6,83,196
20260306,24,24,23.55,23.7,11,26
20260309,23.4,23.85,23.3,23.8,84,197
20260310,23.4,24.5,23.4,24.2,26,63
20260311,24.95,25,23.85,24.45,30,73
20260312,23.7,24.45,23.7,23.95,26,62
20260313,23.7,24.15,23.6,23.6,31,73
20260316,23.5,23.7,23.4,23.4,42,98
20260317,23.4,23.85,23.4,23.6,41,96
20260318,23.7,23.75,23.5,23.65,46,110
20260319,23.75,23.75,23.4,23.45,41,96
20260320,23.5,23.6,23.3,23.4,43,102
20260323,23.35,24.25,22.9,23.95,120,285
20260324,24.35,24.35,23.35,23.7,59,139
20260325,24,24,23.45,23.7,20,48
20260326,23.85,23.85,23.75,23.75,4,9
20260327,23.8,23.8,23.5,23.7,17,40
20260330,23.3,23.75,23.1,23.65,32,74
20260331,24,24,23.35,23.7,21,50
20260401,24,24,23.1,23.35,58,137
20260402,23.35,23.4,23.2,23.3,29,68
20260407,23.5,23.55,23.3,23.45,31,73
20260408,23.5,24.3,23.45,23.8,35,83
20260409,23.55,23.8,23.4,23.7,28,67
20260410,23.9,23.9,23.45,23.85,28,66
20260413,23.85,24.05,23.6,23.85,22,54
20260414,24.05,24.05,23.45,23.55,51,121
20260415,23.8,23.8,23.35,23.75,52,124
20260416,23.75,23.9,23.35,23.45,47,110
20260417,23.5,23.6,23.4,23.55,37,86
20260420,23.7,23.95,23.5,23.55,48,114
20260421,23.6,23.6,23.3,23.55,50,117
20260422,23.55,23.55,23.1,23.25,60,140
20260423,23.2,23.2,22.75,22.8,59,136
20260424,23.5,23.5,22.7,22.8,42,95
20260427,22.7,22.9,22.5,22.85,53,121
20260428,23.35,23.6,22.7,23.5,55,128
20260429,23.8,24.2,23.4,24.2,58,138
20260430,24.2,24.3,23.95,24,24,57
20260504,23.95,24.95,23.9,24.95,153,369
20260505,24.8,24.8,24,24,20,49
20260506,24.55,24.55,24,24.4,22,55
20260507,23.8,23.8,23.35,23.6,24,56
20260508,23.6,23.65,23.6,23.65,15,36
20260511,23.45,23.85,23.4,23.45,23,54
20260512,23.45,23.45,22.9,23,27,63
20260513,23.3,23.5,23.25,23.35,29,68
20260514,23.35,23.35,22.9,22.9,50,115
20260515,23.05,23.05,22.85,22.9,14,31
20260518,22.8,22.9,22.55,22.6,37,84
20260519,22.95,22.95,22.5,22.7,13,30
20260520,22.55,22.7,22.45,22.7,12,27
20260521,22.7,22.7,22.5,22.55,19,42
20260522,22.55,22.65,22.55,22.6,17,37
20260525,22.95,23.7,22.95,23.3,17,39
20260526,23.25,23.25,22.6,22.65,25,57
20260527,22.95,23.55,22.45,22.45,34,76
20260528,22.45,23,22.45,22.75,17,39
20260529,22.75,23.55,22.75,23.55,21,49
20260601,23.3,23.7,23.2,23.5,33,78
20260602,22.9,23.5,22.9,23.5,106,245
20260603,23.5,23.95,23.4,23.45,42,98
20260604,23.9,23.9,23,23.5,59,138
20260605,23.35,23.95,23.3,23.35,23,54
20260608,23.15,23.4,22.8,22.8,14,32
20260609,22.65,23.15,22.65,23,14,33
20260610,23.15,23.5,22.65,23.15,16,38
20260611,23.2,23.8,23.15,23.3,20,46
20260612,23.25,25,23.1,23.6,56,133
20260615,23.85,24.1,23.4,23.7,21,51
20260616,23.65,24.35,23.55,23.8,23,55
20260617,23.4,24.3,23.4,24.3,22,51
20260618,24.1,24.15,23.7,23.85,17,40
20260622,23.85,24.2,23.55,23.8,47,112
20260623,24,24,23.7,24,9,22
20260624,24,24.2,23.55,23.8,15,35
20260625,24.1,24.1,23.6,23.8,13,31
20260626,23.5,23.75,23.5,23.65,20,46
20260629,23.5,24.05,23.3,23.85,10,23
20260630,23.65,23.7,23.55,23.7,10,24
20260701,23.7,23.7,23.7,23.7,2,4
20260702,24.1,24.1,23.7,24.05,8,19
20260703,23.7,24.15,23.7,24,21,51
20260706,23.55,26,23.55,23.7,50,121
20260707,23.7,24.2,23.7,24.2,17,40
20260708,23.8,24.3,23.8,24.3,24,57
20260709,24,24,23.7,23.8,6,16
20260713,23.7,23.7,23.55,23.55,8,20
20260714,24.1,24.1,23.55,23.7,20,48
20260715,23.55,24.45,23.5,24.45,22,52
20260716,24.4,24.45,23.75,24.1,40,97
20260717,23.85,24.1,23.8,24.05,22,53
20260720,24.7,24.75,23.75,24.05,22,54
20260721,24.05,24.05,23.75,23.95,16,39
20260722,23.4,24.5,23.4,24.5,26,62
20260723,24,24.5,24,24.35,12,29
20260724,24.25,24.45,23.9,24.45,14,34
20260727,24,24.3,24,24.25,8,19
20260728,23.95,24.15,23.55,24.15,13,32
20260729,24.25,24.35,24.15,24.35,20,47
20260730,24,24.35,23.75,23.75,5,12
20260731,24.3,24.3,23.75,24.2,19,46
20260803,24.15,24.3,23.85,24.3,4,9
20260804,23.75,24.45,23.6,24.3,19,46
20260805,24.3,24.3,23.75,23.85,17,40
20260806,23.85,24,23.7,24,13,32
20260807,24,24,24,24,1,3
20260810,23.9,23.9,23.9,23.9,3,8
20260811,23.7,23.9,23.7,23.75,5,13
20260812,23.5,24.15,23.5,24.1,9,21
20260813,23.65,24,23.5,23.5,15,36
20260814,23.8,23.8,23.5,23.5,12,27
20260817,23.5,23.95,23.5,23.95,8,18
20260818,23.95,23.95,23.45,23.6,10,24
20260819,23.35,23.85,23.25,23.25,9,21
20260820,23.5,23.9,23.5,23.9,11,26
20260821,23.9,24,23.9,24,5,12
20260824,23.55,23.9,23.55,23.9,5,11
20260825,23.65,23.9,23.65,23.8,6,15
20260826,23.9,23.9,23.55,23.55,12,29
20260827,23.45,23.9,23.45,23.9,5,12
20260828,23.55,23.65,23.55,23.65,3,6
20260831,23.8,23.8,23.4,23.4,13,30
20260901,23.7,23.7,23.4,23.55,5,11
20260902,23.65,23.65,23.3,23.55,4,10
20260903,23.75,23.75,23.55,23.6,5,13
20260904,23.45,23.6,23.45,23.6,6,14
20260907,23.8,23.8,23.15,23.7,16,38
20260908,23.75,23.75,23.3,23.75,19,45
20260909,23.7,23.75,23.5,23.7,7,16
20260910,26.05,26.05,23,23.5,220,544
20260911,23.3,23.55,23,23,28,66
20260914,23.3,23.5,23.3,23.5,10,24
20260915,23.2,23.45,22.3,22.7,34,77
20260916,22.95,23.4,22.75,22.9,17,38
20260917,22.9,23.35,22.5,22.95,51,117
20260918,23.25,23.25,23.05,23.2,9,20
