# date,open,high,low,close,lot,wan
20250814,9.22,9.97,9.22,9.65,636,616
20250815,9.7,9.79,9.5,9.52,507,486
20250818,9.54,9.64,9.45,9.45,413,393
20250819,9.57,9.57,9.3,9.3,400,375
20250820,9.33,9.33,9.18,9.21,601,554
20250821,9.29,9.45,9.24,9.36,349,327
20250822,9.42,9.42,9.28,9.36,244,228
20250825,9.47,9.53,9.31,9.31,423,398
20250826,9.4,9.4,9.3,9.3,155,144
20250827,9.35,9.36,9.3,9.31,251,234
20250828,9.31,9.34,9.26,9.26,224,208
20250829,9.36,9.36,9.24,9.27,223,207
20250901,9.28,9.37,9.1,9.2,246,226
20250902,9.21,9.3,9.18,9.19,258,239
20250903,9.18,9.29,9.15,9.16,143,131
20250904,9.17,9.3,9.15,9.16,395,363
20250905,9.22,9.22,9.16,9.17,156,143
20250908,9.2,9.22,9.15,9.17,275,252
20250909,9.17,9.7,9.14,9.42,1016,949
20250910,9.42,9.42,9.19,9.2,325,302
20250911,9.23,9.24,9.09,9.11,492,451
20250912,9.12,9.32,9.11,9.27,263,241
20250915,9.27,9.36,9.13,9.16,165,151
20250916,9.21,9.22,9.14,9.16,173,159
20250917,9.16,9.32,9.16,9.19,206,191
20250918,9.2,9.46,9.2,9.36,293,275
20250919,9.36,9.43,9.3,9.32,223,209
20250922,9.32,9.32,9.19,9.21,223,206
20250923,9.21,9.28,9.16,9.18,282,260
20250924,9.19,9.24,9.16,9.16,245,225
20250925,9.16,9.43,9.16,9.26,251,234
20250926,9.2,9.2,9.13,9.13,157,144
20250930,9.16,9.35,9.13,9.24,306,283
20251001,9.26,9.58,9.25,9.37,428,402
20251002,9.35,9.4,9.28,9.28,153,143
20251003,9.28,9.42,9.19,9.21,260,242
20251007,9.25,9.25,9.14,9.16,335,307
20251008,9.16,9.16,9.04,9.06,384,349
20251009,9.12,9.16,9,9,510,462
20251013,8.94,9.02,8.76,8.96,373,332
20251014,8.95,9.05,8.76,8.79,371,330
20251015,8.75,8.83,8.7,8.73,301,264
20251016,8.76,8.89,8.76,8.85,215,189
20251017,8.79,8.94,8.79,8.87,179,158
20251020,8.9,8.94,8.74,8.76,273,240
20251021,8.77,8.8,8.7,8.73,180,157
20251022,8.7,8.82,8.68,8.76,382,333
20251023,8.76,8.79,8.69,8.72,286,250
20251027,8.74,8.75,8.56,8.62,885,765
20251028,8.63,8.78,8.63,8.64,502,437
20251029,8.66,8.67,8.51,8.52,447,383
20251030,8.53,8.73,8.28,8.73,751,634
20251031,8.69,8.7,8.31,8.33,628,529
20251103,8.32,8.37,8.27,8.27,234,194
20251104,8.27,8.56,8.08,8.56,578,480
20251105,8.4,8.4,8.13,8.22,485,399
20251106,8.22,8.38,8.22,8.29,185,154
20251107,8.29,8.4,8.26,8.32,327,272
20251110,8.3,8.3,8.12,8.15,151,124
20251111,8.15,8.25,8.07,8.11,276,225
20251112,8.11,8.38,8.11,8.24,391,323
20251113,8.18,8.6,8.18,8.45,375,316
20251114,8.45,8.51,8.24,8.31,280,236
20251117,8.31,8.35,8.18,8.21,193,159
20251118,8.18,8.21,8.03,8.06,422,342
20251119,8.06,8.09,7.98,8.01,253,203
20251120,8.05,8.11,8,8.03,158,127
20251121,7.99,8.09,7.9,8.01,309,247
20251124,7.97,8.1,7.92,8.02,193,155
20251125,8.02,8.12,8,8.08,127,102
20251126,8.04,8.22,8.04,8.15,233,190
20251127,8.16,8.27,8.13,8.24,229,188
20251128,8.24,8.24,8.14,8.14,134,110
20251201,8.16,8.22,8.03,8.07,212,172
20251202,8.07,8.11,8.03,8.08,100,80
20251203,8.05,8.12,8,8.06,390,315
20251204,8.06,8.11,8.03,8.04,251,202
20251205,8.05,8.07,8.01,8.07,135,109
20251208,8.07,8.07,8.02,8.05,75,61
20251209,8.06,8.09,7.99,8,270,217
20251210,8.01,8.02,7.91,7.97,227,181
20251211,7.95,7.95,7.79,7.83,690,541
20251212,7.84,7.95,7.8,7.86,204,161
20251215,7.84,7.97,7.81,7.89,306,242
20251216,7.89,7.92,7.75,7.76,447,349
20251217,7.77,7.84,7.75,7.75,124,97
20251218,7.75,8.17,7.72,8.1,537,428
20251219,8.1,8.1,7.97,8.02,226,182
20251222,8.03,8.03,7.88,8,223,177
20251223,8,8,7.91,7.95,108,86
20251224,7.92,7.93,7.86,7.9,87,69
20251226,7.9,8.07,7.86,7.95,148,117
20251229,7.95,8.26,7.9,8.08,236,189
20251230,8.02,8.06,7.95,8.02,250,200
20251231,7.93,7.98,7.92,7.92,142,112
20260102,7.86,8.01,7.81,7.82,230,181
20260105,7.82,7.82,7.6,7.64,535,410
20260106,7.64,7.69,7.61,7.69,226,173
20260107,7.64,7.85,7.63,7.8,599,465
20260108,7.69,7.8,7.69,7.75,283,219
20260109,7.75,7.75,7.63,7.74,158,122
20260112,7.71,7.71,7.61,7.65,263,202
20260113,7.65,7.65,7.4,7.55,714,536
20260114,7.55,7.81,7.53,7.74,351,271
20260115,7.73,7.9,7.73,7.89,261,205
20260116,7.89,7.9,7.76,7.77,215,169
20260119,7.77,7.88,7.67,7.82,290,226
20260120,7.76,7.77,7.67,7.76,240,186
20260121,7.7,7.8,7.63,7.8,173,133
20260122,7.8,7.8,7.67,7.67,185,143
20260123,7.67,7.8,7.62,7.8,178,137
20260126,7.7,7.92,7.7,7.91,221,173
20260127,7.91,8.6,7.85,8.1,872,716
20260128,8.1,8.2,7.91,7.95,254,204
20260129,7.94,8.14,7.9,7.92,195,155
20260130,7.92,7.92,7.75,7.75,184,143
20260202,7.75,7.75,7.5,7.7,316,240
20260203,7.7,7.73,7.62,7.68,177,136
20260204,7.67,7.77,7.66,7.75,231,179
20260205,7.75,7.94,7.75,7.78,194,152
20260206,7.78,7.83,7.56,7.77,207,159
20260209,7.76,7.77,7.63,7.63,211,162
20260210,7.88,7.88,7.56,7.69,140,107
20260211,7.55,7.8,7.54,7.6,322,245
20260223,7.6,7.72,7.59,7.65,185,141
20260224,7.65,7.65,7.58,7.62,344,262
20260225,7.6,7.63,7.53,7.59,440,333
20260226,7.56,7.56,7.47,7.49,404,303
20260302,7.46,7.48,7.38,7.38,431,319
20260303,7.38,7.38,7.18,7.21,512,371
20260304,7.15,7.15,6.99,7.01,957,672
20260305,7.08,7.27,7.08,7.23,341,246
20260306,7.23,7.29,7.14,7.29,180,130
20260309,7.1,7.13,6.97,7,303,212
20260310,7.15,7.15,7,7,170,120
20260311,7.01,7.09,7,7.02,209,147
20260312,7.02,7.05,7,7,277,194
20260313,6.96,7.05,6.96,7,308,216
20260316,7,7.01,6.67,6.69,1047,708
20260317,6.78,6.78,6.5,6.65,818,542
20260318,6.73,6.73,6.63,6.63,236,158
20260319,6.63,6.63,6.47,6.52,484,316
20260320,6.52,6.55,6.48,6.5,166,108
20260323,6.5,6.52,6.24,6.32,343,220
20260324,6.33,6.34,6,6.23,567,348
20260325,6.23,6.28,6.15,6.25,231,143
20260326,6.2,6.32,6.2,6.22,187,116
20260327,6.2,6.23,6.01,6.09,630,384
20260330,6.02,6.11,6.02,6.07,269,164
20260331,6.07,6.15,6.06,6.13,327,200
20260401,6.16,6.35,6.13,6.2,385,241
20260402,6.16,6.2,6.1,6.17,267,164
20260407,6.2,6.24,6.15,6.24,187,116
20260408,6.26,6.34,6.24,6.34,189,119
20260409,6.27,6.28,6.22,6.24,115,72
20260410,6.25,6.29,6.13,6.2,262,162
20260413,6.18,6.2,6.13,6.17,133,82
20260414,6.2,6.24,6.18,6.22,164,102
20260415,6.2,6.35,6.2,6.25,168,105
20260416,6.25,6.32,6.2,6.26,137,86
20260417,6.25,6.27,6.02,6.25,280,172
20260420,6.23,6.25,6.05,6.1,302,184
20260421,6.1,6.13,6.06,6.1,147,90
20260422,6.13,6.13,6.02,6.05,387,234
20260423,6.11,6.11,5.84,5.86,619,366
20260424,5.86,5.9,5.78,5.83,500,291
20260427,5.83,5.83,5.58,5.65,467,265
20260428,5.64,5.68,5.6,5.6,258,145
20260429,5.6,5.66,5.49,5.62,305,170
20260430,5.6,5.64,5.57,5.57,237,133
20260504,5.52,5.86,5.45,5.86,550,311
20260505,5.74,5.78,5.65,5.69,420,239
20260506,5.7,5.7,5.58,5.63,239,135
20260507,5.63,5.63,5.51,5.55,349,194
20260508,5.57,5.66,5.51,5.52,199,111
20260511,5.52,5.65,5.5,5.51,295,163
20260512,5.51,5.55,5.47,5.5,519,286
20260513,5.5,5.61,5.47,5.54,198,110
20260514,5.54,5.57,5.5,5.5,291,161
20260515,5.5,5.54,5.39,5.39,522,285
20260518,5.39,5.39,5.22,5.26,134,71
20260519,5.28,5.4,5.27,5.3,142,76
20260520,5.26,5.3,5.14,5.17,285,149
20260521,5.18,5.68,5.15,5.68,981,544
20260522,5.8,6.18,5.72,5.73,1378,816
20260525,5.79,5.8,5.5,5.5,632,352
20260526,5.54,6.05,5.54,6.05,1150,680
20260527,6.6,6.65,6.37,6.65,1258,833
20260528,6.55,6.62,6,6,2506,1586
20260529,6.02,6.37,5.9,5.92,830,501
20260601,5.9,5.97,5.7,5.79,597,348
20260602,5.8,6.2,5.8,6.05,690,416
20260603,6.05,6.28,6.05,6.18,706,436
20260604,6.18,6.37,6.13,6.13,382,237
20260605,6.15,6.32,6.08,6.09,312,193
20260608,5.78,6.01,5.65,5.85,300,174
20260609,5.85,5.91,5.72,5.8,563,326
20260610,5.74,6.04,5.71,5.83,323,189
20260611,5.83,5.83,5.72,5.77,146,84
20260612,5.79,5.9,5.79,5.82,113,66
20260615,5.83,5.98,5.81,5.81,211,124
20260616,5.85,5.85,5.73,5.78,163,95
20260617,5.76,5.84,5.76,5.8,66,38
20260618,5.94,6.05,5.78,6,495,289
20260622,6,6.01,5.91,6,308,184
20260623,6,6,5.85,5.86,406,239
20260624,5.79,5.87,5.78,5.85,123,72
20260625,5.84,5.9,5.8,5.88,156,91
20260626,5.79,5.8,5.64,5.7,384,219
20260629,5.64,5.74,5.6,5.6,272,153
20260630,5.62,5.82,5.6,5.65,184,104
20260701,5.67,5.69,5.55,5.6,100,56
20260702,5.6,5.82,5.6,5.66,131,75
20260703,5.66,5.88,5.66,5.85,218,127
20260706,5.86,6.11,5.84,5.9,274,163
20260707,5.9,5.9,5.81,5.84,328,192
20260708,5.84,5.92,5.84,5.89,148,87
20260709,5.87,5.87,5.75,5.79,162,94
20260713,5.82,5.93,5.81,5.81,118,69
20260714,5.9,5.9,5.61,5.75,370,211
20260715,5.75,5.89,5.75,5.86,119,69
20260716,5.87,5.9,5.8,5.84,85,50
20260717,5.79,5.9,5.64,5.88,272,155
20260720,5.96,5.96,5.7,5.89,194,112
20260721,5.92,6.08,5.81,6,337,201
20260722,6,6.05,5.91,6,176,105
20260723,5.94,5.96,5.85,5.85,147,86
20260724,5.97,5.97,5.75,5.83,201,117
20260727,5.83,5.88,5.77,5.84,57,33
20260728,5.83,5.9,5.7,5.83,204,118
20260729,5.77,5.78,5.56,5.64,142,81
20260730,5.63,5.68,5.52,5.59,110,62
20260731,5.61,5.8,5.61,5.64,79,45
20260803,5.63,5.66,5.52,5.6,145,81
20260804,5.59,5.59,5.52,5.58,101,56
20260805,5.57,5.64,5.52,5.56,128,71
20260806,5.54,5.54,5.43,5.51,104,57
20260807,5.6,5.6,5.51,5.52,67,37
20260810,5.52,5.52,5.47,5.49,118,65
20260811,5.6,6.03,5.6,5.96,1750,1047
20260812,5.97,5.97,5.72,5.89,509,297
20260813,5.83,5.89,5.75,5.87,158,92
20260814,5.67,5.81,5.67,5.79,207,119
20260817,5.78,5.78,5.71,5.76,89,51
20260818,5.71,5.72,5.66,5.7,94,53
20260819,5.7,5.7,5.64,5.66,33,19
20260820,5.66,5.71,5.6,5.71,78,44
20260821,5.7,5.76,5.65,5.75,69,40
20260824,5.75,5.75,5.63,5.69,50,28
20260825,5.66,5.69,5.64,5.68,38,22
20260826,5.59,5.69,5.59,5.61,118,67
20260827,5.61,5.73,5.61,5.7,89,50
20260828,5.62,5.72,5.61,5.7,62,35
20260831,5.69,5.69,5.57,5.6,88,50
20260901,5.6,5.63,5.55,5.55,129,72
20260902,5.56,5.67,5.55,5.67,56,31
20260903,5.69,5.72,5.58,5.65,102,58
20260904,5.65,5.81,5.59,5.77,154,88
20260907,5.77,5.79,5.7,5.72,123,71
20260908,5.7,5.73,5.63,5.71,33,19
20260909,5.64,5.86,5.62,5.79,54,31
20260910,5.94,6.15,5.87,5.87,986,591
20260911,5.74,5.83,5.7,5.72,122,70
20260914,5.79,5.79,5.62,5.75,169,96
20260915,5.89,5.89,5.62,5.72,54,30
20260916,5.72,5.93,5.66,5.75,80,46
20260917,5.76,5.82,5.51,5.72,244,138
20260918,5.72,5.8,5.72,5.79,203,117
