# date,open,high,low,close,lot,wan
20250814,27.5,27.5,27.5,27.5,5,14
20250815,27.25,27.5,27.25,27.3,6,16
20250818,27,28,26.75,28,12,33
20250819,28.15,28.3,27.95,28,17,49
20250820,27.3,28,27.2,28,7,19
20250821,28,28,27.55,27.9,8,22
20250822,27.5,27.55,27.3,27.3,5,14
20250825,27.3,27.3,26.9,26.9,8,22
20250826,26.9,26.9,26.85,26.85,3,8
20250827,28,28.05,26.5,27.35,11,30
20250828,27,27.05,27,27,16,43
20250829,26.5,27,26.5,27,4,11
20250901,27,27,27,27,11,30
20250902,27,27,26.75,26.75,5,13
20250903,26.75,26.75,26.5,26.75,10,27
20250904,26.5,26.7,26.5,26.7,3,8
20250905,26.7,26.7,26.7,26.7,1,3
20250908,26.2,26.2,25.8,25.85,9,23
20250909,26,26.75,25.9,26.75,7,18
20250910,26.8,26.8,26.45,26.45,5,13
20250911,26.45,26.45,26,26.1,15,39
20250912,26.15,26.15,25.7,25.7,19,49
20250915,25.3,25.3,24.45,25.25,14,35
20250916,25.6,27.2,25,27.2,10,27
20250917,27.35,27.35,26.1,26.25,12,32
20250918,27.2,27.2,27.2,27.2,2,5
20250919,26.35,26.35,26.35,26.35,1,3
20250922,25.75,25.75,25.65,25.7,16,41
20250923,25.65,27.25,25.5,27.25,37,96
20250924,26.85,26.85,26.85,26.85,2,5
20250926,26.5,26.85,26.5,26.85,3,8
20250930,26.5,26.5,26.3,26.3,3,8
20251001,25.75,26.25,25.75,26.25,4,10
20251007,25.6,25.6,25.05,25.1,20,50
20251008,25.15,25.45,25,25.45,21,53
20251009,25.6,25.95,25,25.95,15,38
20251013,25.9,25.9,25.55,25.55,4,11
20251014,26.45,26.45,26.45,26.45,2,5
20251015,25.85,25.85,25.85,25.85,4,10
20251016,25.1,27.65,25.1,27.65,15,41
20251017,27.95,27.95,27.05,27.25,21,58
20251020,27.05,27.45,27.05,27.45,6,16
20251021,27,27.1,26,26,27,73
20251022,26.05,26.1,25.55,26.1,29,75
20251023,26.05,26.3,25.85,26.3,7,18
20251027,27.05,27.05,26,26,27,71
20251028,26.05,26.25,25.95,26.25,12,31
20251029,26.75,26.75,26,26,18,47
20251030,25.85,26.25,25.75,26.25,21,54
20251031,26.55,26.55,26.1,26.3,8,21
20251103,25.9,25.9,25.15,25.15,30,77
20251104,25.15,25.6,24.75,25.6,17,43
20251105,25.4,25.5,25.15,25.5,10,25
20251106,25.2,25.2,24.8,24.8,26,65
20251107,24.8,25.55,24.65,25.4,6,15
20251110,25.35,25.5,24.7,24.85,38,95
20251111,24.85,25.1,24.8,25.1,8,20
20251112,24.65,24.75,24.35,24.35,32,79
20251113,24.6,24.85,24.5,24.55,13,32
20251114,24.55,24.55,24.3,24.3,6,15
20251117,24.3,24.3,23.4,24.25,21,50
20251118,23.8,24.95,23.8,24.95,23,56
20251119,24.95,24.95,24.95,24.95,1,2
20251120,24.7,25,24.7,25,5,12
20251121,25.25,25.25,24.75,24.95,11,28
20251124,24.55,25,24.1,24.95,34,84
20251126,24.95,24.95,24.95,24.95,3,7
20251127,24.95,24.95,24.95,24.95,2,5
20251128,24.35,24.95,24.35,24.95,8,20
20251201,24.6,25.5,24.6,25.5,4,10
20251202,24.8,25.4,24.8,25.4,3,8
20251203,25,25,24.65,24.7,16,40
20251204,24.95,25.4,24.65,25.4,10,24
20251205,25.45,25.45,24.7,25.3,14,35
20251208,24.9,24.9,24.9,24.9,4,10
20251209,24.7,25.2,24.65,25.2,6,15
20251210,24.8,24.8,24.5,24.7,36,89
20251211,24.65,24.8,24.45,24.65,7,17
20251212,24.65,24.65,24.35,24.35,13,32
20251215,24.3,24.45,24.3,24.3,9,21
20251216,24.85,24.85,23.65,23.65,28,68
20251217,23.9,23.9,23.65,23.65,19,45
20251218,23.65,23.95,23.5,23.95,15,36
20251219,23.75,23.8,23.65,23.8,10,24
20251222,23.65,23.65,23.5,23.5,17,40
20251223,23.5,23.6,23.5,23.6,54,126
20251224,23.6,23.6,23.25,23.25,12,28
20251226,23,23.3,23,23.2,14,32
20251229,23.2,23.95,22.9,23.95,26,61
20251230,23.9,24.5,23.9,24.3,54,131
20251231,23.95,23.95,23,23,84,197
20260102,23.35,23.4,23.3,23.35,7,16
20260105,23.2,23.2,22.65,22.65,3,6
20260106,22.9,23.75,22.9,23.75,357,848
20260107,23.8,25.7,23.2,25.7,30,74
20260108,24.3,24.75,23.85,24.05,32,76
20260109,23.55,23.7,23.45,23.7,17,41
20260112,23.15,23.15,22.45,22.65,50,114
20260113,22.5,22.75,22.35,22.75,14,32
20260114,22.6,22.8,22.5,22.8,12,28
20260115,22.8,22.9,22.55,22.9,22,50
20260116,22.8,22.8,22.65,22.8,7,16
20260119,23,23,22.5,22.5,16,35
20260120,22.55,22.55,21.9,21.9,38,84
20260121,21.9,22.8,21,22.8,54,118
20260122,21.95,22.5,21.6,22.5,27,60
20260123,21.9,22.35,21.9,21.95,17,37
20260126,21.55,22,21.45,21.45,29,63
20260127,21.7,21.7,21.2,21.2,38,82
20260128,21.6,21.65,20.75,21.1,37,78
20260129,20.95,21.55,20.8,20.8,20,42
20260130,20.9,20.9,20.6,20.8,8,17
20260202,20.45,20.45,20.2,20.35,7,15
20260203,20.35,20.35,19.9,20.15,28,56
20260204,20.05,22.15,20,22.15,197,421
20260205,22.15,24.2,22.15,24.2,305,720
20260206,24,24.55,23.65,23.75,94,227
20260209,23.85,24.4,23.65,24.1,31,75
20260210,23.85,24.05,23.65,23.85,31,74
20260211,23.8,23.8,23.35,23.75,19,45
20260223,23.65,24.5,23.65,24.5,49,116
20260224,24.5,24.5,24,24.35,20,49
20260225,23.7,24.35,23.7,24.35,16,39
20260226,24.5,24.5,24,24,13,31
20260302,23.3,24.3,23.3,24,10,24
20260303,23.6,24,22.8,23.45,28,66
20260304,23.25,23.25,21.75,21.95,29,65
20260305,22.05,22.05,21.4,21.8,18,39
20260306,21.6,21.7,21.05,21.7,32,69
20260309,21.05,21.5,20.1,20.9,38,79
20260310,20.9,22.8,20.9,22.5,59,131
20260311,22.8,24.75,22.8,24.75,72,178
20260312,24.55,27.15,23.75,27.15,116,306
20260313,26.65,26.65,25.55,25.65,83,214
20260316,25.5,28,25.5,26.95,274,727
20260317,26.95,26.95,25.6,26.1,52,135
20260318,26.1,26.1,24.8,26,43,110
20260319,25.95,26.2,25.9,26,20,53
20260320,25.6,26.45,25.5,26.45,23,60
20260323,26.45,26.5,26.2,26.2,11,29
20260324,26.95,26.95,25.6,26.6,17,45
20260325,25.95,26.1,24.5,26.1,57,144
20260326,25.9,26.4,25.9,26.4,8,21
20260327,25.85,26.55,25.85,26.55,4,11
20260330,26,26.7,26,26.7,3,8
20260331,26.7,26.7,25.95,26.4,14,37
20260401,26.4,26.4,26,26,18,47
20260402,26.25,26.25,25.9,26.15,5,13
20260407,26.05,26.1,25.75,26,16,41
20260408,26.05,26.05,25.8,25.8,11,29
20260409,25.9,25.9,25.6,25.9,7,19
20260410,25.75,25.75,24.9,25,26,66
20260413,24.8,24.85,24.05,24.45,24,59
20260414,25.4,25.4,24.25,24.45,25,61
20260415,24.45,25.25,24.4,24.4,10,25
20260416,24.35,24.75,24.05,24.75,24,59
20260417,24.65,25.25,24.45,25.25,14,35
20260420,24.5,26.65,24.5,26.65,25,65
20260421,25.65,26,24.85,25.95,26,67
20260422,25.3,25.3,25.05,25.25,50,126
20260423,25.6,25.6,24.55,25.15,21,53
20260424,24.85,25.25,24.6,25.2,10,25
20260427,24.7,25.15,24.25,25.1,17,42
20260428,25.1,25.4,25.1,25.1,25,63
20260429,25.1,25.5,24.9,25.5,11,28
20260430,25.3,25.3,24.8,25.1,21,53
20260504,24.75,25,24.75,25,14,34
20260505,24.95,25,24.95,25,6,15
20260506,25,25,24.65,24.9,5,13
20260507,24.9,24.9,24.75,24.8,20,50
20260508,24.5,24.75,24.2,24.6,9,23
20260511,25,25,24.65,24.7,45,112
20260512,24.5,24.7,24.35,24.7,9,22
20260513,24.5,24.75,24.5,24.6,8,20
20260514,24.6,24.85,23.7,23.7,24,58
20260515,23.2,23.7,23.2,23.7,5,12
20260518,24.2,24.2,23.35,23.4,20,47
20260519,23,23.4,22.75,23.3,18,42
20260520,22.8,23.05,22.8,22.95,10,23
20260521,22.35,22.55,22.25,22.45,19,43
20260522,22.5,22.85,22.5,22.5,10,23
20260525,22.5,23.25,22.45,22.7,15,34
20260526,22.7,22.7,22.1,22.6,6,14
20260527,22.95,22.95,21.9,22.65,15,34
20260528,22.3,22.35,22.05,22.25,7,16
20260529,22,22,21.25,21.35,36,78
20260601,21.1,21.1,21,21,15,32
20260602,22.2,22.2,21.05,21.05,24,51
20260603,21,21.9,21,21.1,32,68
20260604,21.05,21.65,20.65,20.85,16,33
20260605,20.85,22.15,20.85,22,27,58
20260608,22,22.65,21.5,22,51,113
20260609,21.65,21.65,21.25,21.25,23,49
20260610,21.8,21.8,20.55,20.55,15,31
20260611,21.6,21.65,20.7,21.65,8,17
20260612,21.05,21.25,21,21.2,9,19
20260615,21.5,21.5,21.1,21.5,11,23
20260616,21.45,22,21.25,22,15,33
20260617,21.5,21.65,21.5,21.6,14,31
20260618,22.2,22.2,21.6,21.9,10,22
20260622,21.8,22.3,21.3,21.35,18,39
20260623,20.5,20.5,20.05,20.15,45,92
20260624,20.15,20.65,19.4,19.75,54,107
20260625,19.85,20.1,19.45,19.65,15,30
20260626,19.25,21,18.9,19.1,86,167
20260629,19.1,19.35,18.7,19.15,17,32
20260630,19.15,19.3,19,19.2,16,31
20260701,19.2,19.2,19.2,19.2,1,2
20260702,19.05,19.05,18.95,18.95,20,38
20260703,19,19.8,19,19.7,22,43
20260706,19.3,19.5,19,19.5,18,35
20260707,19.45,19.45,18.85,19.4,30,58
20260708,19.35,19.45,19.05,19.45,15,29
20260709,19.4,19.55,19.15,19.45,29,56
20260713,19.05,19.05,18.65,18.9,15,28
20260714,18.9,19.5,18.65,18.85,27,51
20260715,18.9,19.5,18.6,18.8,12,23
20260716,18.45,18.8,18.45,18.8,6,11
20260717,18.8,19.2,18.8,19.15,7,13
20260720,18.85,19.5,18.85,19.4,11,21
20260721,19.25,19.45,18.95,19.1,34,65
20260722,19.1,19.1,18.65,19,12,23
20260723,19.05,19.05,18.75,19,14,27
20260724,18.75,19.4,18.1,18.4,44,81
20260727,18.55,20.2,18.55,20.2,186,370
20260728,20.45,21.6,19.2,19.2,159,324
20260729,19.3,19.65,18.7,19.55,64,122
20260730,19.5,19.5,19.1,19.1,12,23
20260731,19.25,19.8,19.15,19.45,21,41
20260803,19.45,19.45,18.8,18.95,40,76
20260804,19.1,19.1,18.4,18.4,32,59
20260805,18.65,18.7,18.1,18.2,31,57
20260806,18.35,18.35,18.1,18.2,17,31
20260807,18.4,18.9,18.25,18.9,14,26
20260810,20.75,20.75,19.3,19.6,118,233
20260811,19.7,20.45,18.55,20.45,26,51
20260812,20.05,20.05,19.35,19.9,21,41
20260813,19.6,19.85,19.4,19.4,11,21
20260814,19.65,20,19.65,20,7,14
20260817,19.5,19.55,19.35,19.35,15,29
20260818,19.45,19.45,19.2,19.2,7,13
20260819,19.1,19.3,18.8,18.8,17,32
20260820,19.5,19.6,19.5,19.6,4,8
20260821,19.55,19.55,19.55,19.55,2,4
20260824,21.1,21.1,19.55,19.65,13,26
20260825,19.35,19.75,19.35,19.75,10,20
20260826,19.35,19.7,19.35,19.55,4,8
20260827,19.35,19.7,19.2,19.2,8,15
20260828,19.15,20,19.15,20,19,37
20260831,20.05,20.05,19.55,19.8,8,16
20260901,19.75,19.75,19.7,19.7,4,8
20260902,19.3,19.8,19.15,19.8,8,16
20260903,19.7,19.7,19.7,19.7,1,2
20260904,19.75,20,19.5,20,355,709
20260907,20,20,19.3,19.75,65,128
20260908,19.75,20,19.75,20,8,17
20260909,19.6,19.7,19.3,19.7,28,55
20260910,19.8,20,19.6,20,67,133
20260911,19.7,19.7,19.7,19.7,457,900
20260914,19.7,19.8,19.55,19.55,13,26
20260915,19.7,19.8,19.3,19.4,21,41
20260916,19.3,19.4,19.25,19.4,7,14
20260917,19.4,21,19.4,21,11,23
20260918,20.85,20.85,20.25,20.5,18,37
