# date,open,high,low,close,lot,wan
20250814,54.9,55.1,54,54.3,1580,8632
20250815,54.7,54.7,53.5,54.4,1298,7016
20250818,54.4,54.5,53.2,54.2,1132,6106
20250819,54.1,54.9,53.4,53.5,1075,5784
20250820,53.3,54.1,52.1,52.2,1922,10144
20250821,52.8,56.6,52.7,56,4180,23124
20250822,56,56.4,54.4,54.7,1900,10488
20250825,55.4,56.4,55.4,55.9,3228,18071
20250826,56.4,57.6,55.9,57.4,2726,15489
20250827,57.7,58,56.9,57.3,2087,11975
20250828,57.3,58.1,56.8,57.4,1507,8680
20250829,58.2,59.5,57.1,57.1,2800,16243
20250901,57.1,58,56.2,57.1,2093,12006
20250902,57.7,58.1,56,57,1460,8303
20250903,57.3,59.3,57.2,58.1,2342,13670
20250904,58.5,59.7,57.5,57.6,1985,11592
20250905,58,63.3,58,63.3,10480,64724
20250908,65.2,68.4,61.4,62,24434,155747
20250909,62,62,60,60.2,6156,37425
20250910,60.2,61.9,59.4,60.9,4454,27005
20250911,61.2,63,59.4,59.5,5564,33952
20250912,61.5,64.8,60.6,61,10775,67730
20250915,63.4,64.6,61.5,64.1,14546,92254
20250916,64.4,69.6,63.3,66.7,24468,162388
20250917,66.1,67.1,64.4,67,10775,71066
20250918,68.5,73.7,68.1,72.6,45416,328653
20250919,72.9,75.6,71.1,73.2,32813,240371
20250922,73.9,80.5,73.9,80.5,15889,125879
20250923,81.8,82.8,78.5,81,35476,286317
20250924,77.2,78.4,73.5,74.2,20942,157092
20250925,73,74.5,71.1,71.9,13602,98726
20250926,72.4,72.4,69.3,70.1,8742,61706
20250930,74.1,74.3,71.5,73,13148,95604
20251001,72.8,73.4,71.6,72.2,5745,41634
20251002,76,78,74.5,75,25398,193107
20251003,76.6,82.5,76.1,82.5,55433,443823
20251007,84,90,83,86.7,66607,576646
20251008,83,86.4,82.1,83.5,22942,192168
20251009,85.2,86.5,82.6,84.2,26292,222585
20251013,77.6,81.7,77.5,81.7,12022,96612
20251014,83.8,84.2,77,77.5,22423,178899
20251015,78.3,81.1,76.2,80.4,9636,75899
20251016,80.4,87.9,80.4,86.7,39566,336089
20251017,85.5,88.5,85.1,86,27228,236201
20251020,87.3,87.4,83.8,85.2,15131,128693
20251021,85.6,86,83.2,84.2,9764,82434
20251022,83.2,84.5,82.1,83.8,6700,55626
20251023,83.2,84.1,82.1,83.6,4678,38913
20251027,88.4,91.9,86.1,91.9,47519,428273
20251028,91,91.8,87.2,89.8,35688,320992
20251029,90.2,90.4,87,87.6,14931,131505
20251030,88,96.3,88,96.3,46680,445836
20251031,97.4,98,88.4,90.3,43269,399833
20251103,91.3,94.8,88.8,89.9,23064,210708
20251104,90.6,91.4,87.8,87.8,12243,108680
20251105,83.7,89.9,82.2,88.7,14730,126136
20251106,90,97.5,89.5,95.6,41656,394413
20251107,94,95.1,91.4,95,20502,191870
20251110,97.2,97.8,92.2,95,30975,292852
20251111,95.3,99.4,93.7,94.7,30483,292382
20251112,93.7,99.2,93.4,98.2,27937,270620
20251113,99.1,102.5,94,95.3,40030,390043
20251114,93,94.7,90.4,93.4,12426,115000
20251117,94.5,97.1,91.1,91.8,17879,167453
20251118,90.8,92.3,87.9,88.2,11242,100541
20251119,87.3,88.2,85.5,85.6,8576,74190
20251120,89.2,89.5,83,86.8,11386,98037
20251121,83,84,80,80.1,10747,87534
20251124,80.9,81.7,79.3,80.7,3942,31722
20251125,83.6,84,81.5,81.6,5215,43097
20251126,81.7,82.3,79.5,80.1,4694,37769
20251127,81.7,82.2,78.8,79.3,6240,49821
20251128,80.1,80.4,78.5,78.5,5628,44502
20251201,78.5,78.5,76.5,77,5197,40162
20251202,78.1,78.1,76.1,76.8,4153,31978
20251203,79,79.5,77,77.2,6443,50220
20251204,77.7,79.4,76.7,78.9,6188,48434
20251205,79.2,80.3,77.6,80,5507,43777
20251208,80.8,83.5,80.8,82.9,9110,75161
20251209,83,83.5,81.1,82.3,6150,50611
20251210,82.5,83.9,81.2,81.9,5597,46078
20251211,82.8,83.3,80.5,81.1,4280,34906
20251212,81.5,83.9,81.5,82.6,4676,38680
20251215,81,81.5,79.2,81.5,2803,22593
20251216,80.8,80.8,77.4,78.3,4310,34036
20251217,78.6,82.8,78.6,81.7,5212,42342
20251218,82.8,83.8,81.4,81.5,6024,49793
20251219,83.4,84.5,80.6,80.6,4617,37830
20251222,82.8,85,82.7,84.1,6061,50841
20251223,85.7,89.5,85,87.7,15630,136291
20251224,89.3,96.4,87.5,96.4,35140,332350
20251226,98.2,106,98,105,57458,592686
20251229,104.5,105,96.6,98.1,40214,398480
20251230,105,107.5,104.5,107.5,24286,260038
20251231,115,118,114.5,118,44647,523014
20260102,119.5,129.5,117,129.5,32964,416159
20260105,141,142,134,139,53407,742094
20260106,135.5,144.5,134.5,144.5,12928,180437
20260107,152,152,146.5,146.5,9090,135667
20260108,143.5,150,143.5,146.5,7536,110716
20260109,142,142,132.5,136,5139,69775
20260112,142.5,146.5,142,146,4257,61425
20260113,151,151,142,146.5,2713,39749
20260114,147,148.5,145.5,148.5,2240,32903
20260115,149.5,152,148,151.5,2943,44288
20260116,154.5,158,152,154.5,3455,53924
20260119,158.5,165,158.5,158.5,3692,59465
20260120,145.5,152,145.5,152,2253,33654
20260121,150,150,137,137,4847,68057
20260122,150.5,150.5,144,147.5,3196,47068
20260123,160,162,138,142,60031,896632
20260126,143,156,141.5,156,27277,416162
20260127,158.5,167.5,149.5,151,52347,827627
20260128,158,166,158,166,36158,595578
20260129,174.5,180,162,177.5,61525,1058332
20260130,185,195,184.5,195,59444,1147909
20260202,195,195,176.5,183,66806,1239419
20260203,195.5,196.5,165,168.5,76414,1357776
20260204,166,175.5,165,173,34170,585854
20260205,165.5,174.5,164,169.5,18444,311029
20260206,165.5,167,153,160,22571,359124
20260209,169,169.5,160,162,20142,329706
20260210,162.5,163,151,155,17088,266220
20260211,152.5,158.5,151.5,154,11837,182675
20260223,160,163.5,153.5,155,20732,328217
20260224,155,169,152,167,17852,289644
20260225,167,167.5,155,159,19052,303830
20260226,158.5,159,151.5,156.5,11071,172127
20260302,149,172,149,170,26557,441041
20260303,170,172.5,153,155,24539,394304
20260304,149.5,154,143,146.5,19915,293759
20260305,158,158,147.5,148,21179,323691
20260306,146.5,156.5,144.5,146.5,16591,247970
20260309,132,134,132,132,6532,86326
20260310,140,145,135.5,145,14486,206239
20260311,152,159.5,150.5,159.5,19481,305635
20260312,160.5,168.5,159.5,163.5,34571,567522
20260313,161,166,152,161,33237,523387
20260316,167.5,177,167,177,18965,331925
20260317,190,194.5,187.5,194.5,46191,892483
20260318,203.5,213.5,197.5,213.5,52714,1095122
20260319,200.5,223.5,197.5,217,54410,1136238
20260320,219,219,195.5,195.5,12293,247984
20260323,176.5,185,176,180,7869,139575
20260324,181.5,181.5,162,162,11731,193278
20260325,170,178,166.5,177.5,6360,109741
20260326,172,176,164,168.5,6364,107544
20260327,157.5,173.5,153,172,5944,96767
20260330,169,173,165.5,166.5,4051,68501
20260331,160,160,150,150,6036,91990
20260401,158.5,160,155,156.5,3463,54355
20260402,159.5,160,150,150.5,2863,44040
20260407,165,165.5,155,157,18757,301871
20260408,168,169,155.5,160.5,26948,431658
20260409,161,161.5,153,155,13003,203144
20260410,158.5,164.5,153.5,156,16332,258565
20260413,157,165,155.5,159.5,12813,205377
20260414,165,168,160,160.5,20912,341899
20260415,164,165.5,155.5,156,12478,198994
20260416,156.5,160.5,154.5,157,7001,110565
20260417,158,161,151,153,10526,163153
20260420,153,155,147,150.5,11313,170731
20260421,153,162.5,153,161,17533,278963
20260422,163,168,158,167.5,22896,374194
20260423,174.5,175.5,151,155.5,30105,491525
20260424,157,158,150.5,154.5,10212,158208
20260427,158.5,169,156.5,168,24130,397312
20260428,166,184.5,166,184.5,37876,659190
20260429,181.5,187.5,175,175,38806,697729
20260430,179.5,186,168.5,169.5,26728,472833
20260504,176,177.5,166.5,173,25858,445681
20260505,174,185,172.5,182,25014,449059
20260506,200,200,193,200,33684,671392
20260507,205,210,192,196.5,49732,994291
20260508,196.5,215,194.5,202,43461,890920
20260511,214,222,211.5,222,26736,581752
20260512,227,227.5,210,220,40934,894474
20260513,217.5,221,211.5,216.5,13975,301943
20260514,230,238,229.5,238,20446,484584
20260515,238,261,233.5,251,42082,1050282
20260518,243,252.5,228.5,252,24727,599554
20260519,261,261,233,236,36306,886664
20260520,236.5,241,216,222.5,32930,750099
20260521,232,237,219,222,27900,627144
20260522,225,244,224,237.5,29748,711112
20260525,237.5,237.5,221,229,29848,682755
20260526,231,240,226,231.5,23104,539821
20260527,252,254.5,238,241,30643,758835
20260528,243,253,236,242.5,29229,719913
20260529,251.5,253,241,246.5,20609,510090
20260601,251.5,262,247.5,250,25907,658640
20260602,254,272,249.5,267.5,40170,1058124
20260603,273,273.5,255,259.5,32842,863714
20260604,257,265.5,244.5,245,23201,585718
20260605,236,238.5,220.5,222.5,18613,422763
20260608,200.5,209,200.5,207,11130,226071
20260609,212.5,214.5,205.5,214.5,12031,253698
20260610,208.5,217.5,201.5,202,9649,201444
20260611,202,214.5,198.5,204.5,10576,217836
20260612,217,221.5,215,217,9024,196507
20260615,223,227.5,219,222.5,8722,195117
20260616,227,233.5,221,224.5,11456,260194
20260617,221.5,232.5,218,225,10615,238217
20260618,228,237.5,227.5,237.5,14324,335035
20260622,242.5,258,241,254,17000,428382
20260623,263.5,269,244,245,29723,769348
20260624,241,254,240,246.5,15746,389284
20260625,258.5,264,240,240,15653,389666
20260626,242,248,225.5,227,11222,265459
20260629,228,231.5,219,223.5,6992,156595
20260630,227,227.5,217.5,226,8155,181949
20260701,226.5,228,206,213,10576,227777
20260702,205,218.5,202,218,6453,136541
20260703,221.5,223,211,211.5,12659,273257
20260706,216.5,227,216.5,219,12357,274109
20260707,220.5,232,216.5,219,15996,355627
20260708,219,225,208.5,215.5,11497,246751
20260709,219,237,219,237,21297,497459
20260713,238,243.5,222.5,228,20108,469834
20260714,227,231,205.5,217.5,13474,291627
20260715,225,239,224.5,239,12710,300501
20260716,233.5,236,219,220,14257,323155
20260717,209,211,198,198,11460,231450
20260720,196.5,199,182.5,188.5,8544,162589
20260721,192,199.5,191,199.5,6365,124299
20260722,209,219,209,217.5,10247,222667
20260723,216,219,206,212.5,7526,159252
20260724,209.5,215.5,204.5,206,6809,142162
20260727,205,212.5,198.5,212,7224,147959
20260728,196.5,198,191,191,6617,127183
20260729,185.5,185.5,172,172,8852,154472
20260730,166,177,161,164,11408,192983
20260731,180,180,180,180,1261,22700
20260803,188.5,198,188.5,198,7128,138123
20260804,207.5,217.5,207.5,217.5,16631,357235
20260805,237.5,239,234,239,12064,287766
20260806,240,258,239,258,30664,769303
20260807,255,263.5,250.5,256.5,19501,503388
20260810,275.5,281.5,265,275.5,23058,633342
20260811,274,274,264,267.5,5555,148842
20260812,275.5,279,269,274,3672,100623
20260813,285.5,285.5,272.5,277.5,4100,113928
20260814,282,282,269.5,273.5,4090,113230
20260817,274,275.5,266.5,273,3644,98600
20260818,278,279,246.5,248,15822,411821
20260819,240,246.5,236,245.5,9106,219928
20260820,250.5,255.5,242.5,250.5,9101,226261
20260821,249.5,260.5,247,256.5,9306,237958
20260824,257,282,252.5,282,19416,535794
20260825,275.5,280.5,260,270,19812,531207
20260826,270,273.5,265,273.5,12166,328848
20260827,274.5,282.5,273,274,14068,389375
20260828,275.5,279.5,265,269.5,9546,258908
20260831,265.5,293.5,263.5,292.5,23235,659880
20260901,298.5,299,276,278.5,20165,568765
20260902,276,284.5,271,281.5,9196,256518
20260903,300.5,309.5,275,277,41963,1240301
20260904,285,289,263.5,278.5,26606,728776
20260907,288,304,288,297,26812,797578
20260908,298.5,306,291.5,298.5,18083,538908
20260909,300,311,294.5,306.5,17235,524923
20260910,305,319,302,312,26130,813117
20260911,304,304.5,282,290.5,20615,598419
20260914,280.5,287.5,270.5,270.5,13744,379238
20260915,272,274,263,264,9092,241571
20260916,266,285,265.5,281,12192,336160
20260917,281.5,285.5,276.5,278.5,11005,308951
20260918,290,296.5,285,291,14291,414115
20260921,293,293,279,285,11309,320949
20260922,288.5,290.5,278,278.5,9767,275340
20260923,282.5,288,273,274,9305,259615
