# date,open,high,low,close,lot,wan
20250814,2410,2425,2385,2395,279,67017
20250815,2405,2410,2370,2370,279,66520
20250818,2365,2420,2345,2380,452,107886
20250819,2375,2420,2365,2365,275,65566
20250820,2360,2375,2325,2335,360,84178
20250821,2350,2405,2350,2365,361,85830
20250822,2370,2380,2350,2360,176,41643
20250825,2380,2395,2360,2370,268,63768
20250826,2370,2400,2370,2385,278,66448
20250827,2405,2425,2395,2395,374,89968
20250828,2415,2420,2390,2395,268,64475
20250829,2410,2430,2390,2405,488,117370
20250901,2405,2405,2320,2325,543,127128
20250902,2345,2365,2325,2340,259,60908
20250903,2350,2375,2350,2360,193,45688
20250904,2400,2435,2390,2395,601,144973
20250905,2420,2420,2395,2405,274,65887
20250908,2430,2460,2395,2400,463,112174
20250909,2405,2405,2370,2380,376,89485
20250910,2385,2400,2350,2360,695,164313
20250911,2380,2400,2320,2320,694,163090
20250912,2345,2365,2300,2300,624,144649
20250915,2325,2355,2320,2325,440,102765
20250916,2335,2335,2295,2300,672,155135
20250917,2320,2360,2300,2300,640,148857
20250918,2310,2335,2300,2315,533,123682
20250919,2340,2350,2315,2340,493,115138
20250922,2365,2390,2355,2360,791,187884
20250923,2390,2390,2340,2360,531,125186
20250924,2370,2370,2325,2335,488,113922
20250925,2335,2355,2325,2350,365,85834
20250926,2365,2365,2290,2320,615,142369
20250930,2355,2375,2340,2350,465,109429
20251001,2350,2375,2350,2355,258,60877
20251002,2370,2400,2360,2360,532,126712
20251003,2370,2395,2370,2385,291,69287
20251007,2400,2530,2390,2515,1632,404164
20251008,2515,2515,2445,2485,815,202027
20251009,2500,2500,2460,2470,439,108793
20251013,2305,2325,2240,2320,2502,573284
20251014,2335,2335,2240,2240,1593,362546
20251015,2250,2250,2195,2220,826,182966
20251016,2230,2270,2220,2245,604,135785
20251017,2235,2260,2200,2210,760,168882
20251020,2205,2225,2205,2210,466,103164
20251021,2240,2280,2240,2255,534,120550
20251022,2265,2310,2240,2310,591,135125
20251023,2300,2310,2260,2270,405,92238
20251027,2270,2285,2245,2250,558,126177
20251028,2245,2245,2220,2220,442,98535
20251029,2245,2245,2220,2220,286,63669
20251030,2230,2250,2195,2210,555,122834
20251031,2230,2255,2215,2215,475,105807
20251103,2235,2280,2230,2245,459,103463
20251104,2260,2260,2205,2215,336,74768
20251105,2205,2215,2150,2200,508,110920
20251106,2190,2220,2180,2210,427,93796
20251107,2190,2230,2190,2205,496,109832
20251110,2245,2255,2210,2245,421,94407
20251111,2250,2255,2215,2215,333,74228
20251112,2235,2245,2230,2235,269,60067
20251113,2245,2260,2230,2235,245,54965
20251114,2210,2245,2200,2200,350,77513
20251117,2210,2210,2130,2130,701,151572
20251118,2130,2130,2070,2070,659,137637
20251119,2050,2085,2050,2075,431,89190
20251120,2100,2150,2100,2145,393,83729
20251121,2110,2130,2090,2100,457,96228
20251124,2115,2140,2110,2140,543,115895
20251125,2160,2175,2145,2165,248,53660
20251126,2165,2225,2165,2215,327,72270
20251127,2225,2225,2190,2205,151,33335
20251128,2205,2215,2190,2205,303,66741
20251201,2205,2230,2175,2180,284,62482
20251202,2180,2190,2165,2175,221,47979
20251203,2185,2195,2145,2160,467,101029
20251204,2170,2180,2145,2160,253,54663
20251205,2165,2180,2130,2140,518,111208
20251208,2140,2140,2090,2100,753,158562
20251209,2100,2105,2065,2070,620,128882
20251210,2065,2085,2050,2085,505,105255
20251211,2085,2085,2050,2080,485,100255
20251212,2095,2095,2060,2060,350,72685
20251215,2040,2080,2035,2050,328,67596
20251216,2045,2050,2020,2025,489,99165
20251217,2025,2065,2025,2040,388,79173
20251218,2055,2055,2020,2030,288,58403
20251219,2035,2060,2035,2060,308,63225
20251222,2265,2265,2190,2240,1442,322371
20251223,2220,2250,2200,2245,584,130698
20251224,2275,2345,2250,2250,1427,328217
20251226,2265,2400,2260,2385,2122,497091
20251229,2445,2620,2420,2500,3577,907445
20251230,2480,2515,2470,2470,1703,424128
20251231,2490,2520,2440,2495,1325,327825
20260102,2540,2590,2495,2585,1425,363992
20260105,2645,2660,2510,2535,2365,613738
20260106,2515,2600,2495,2575,1633,417773
20260107,2590,2630,2545,2550,1509,391523
20260108,2540,2570,2475,2475,1181,296996
20260109,2370,2560,2360,2530,2451,601703
20260112,2530,2530,2450,2490,1163,289980
20260113,2510,2515,2430,2430,1369,337460
20260114,2435,2450,2420,2425,660,160532
20260115,2430,2455,2400,2405,648,156553
20260116,2405,2460,2405,2430,909,221018
20260119,2405,2485,2400,2450,899,220135
20260120,2450,2480,2420,2430,686,168077
20260121,2440,2495,2435,2440,1116,275008
20260122,2460,2465,2430,2435,932,227642
20260123,2455,2465,2435,2460,464,113527
20260126,2460,2475,2440,2450,680,167045
20260127,2465,2480,2425,2435,758,185263
20260128,2455,2470,2430,2440,639,156288
20260129,2435,2460,2400,2425,882,213231
20260130,2415,2415,2370,2410,1016,243384
20260202,2395,2415,2345,2355,831,197207
20260203,2355,2375,2320,2350,606,142239
20260204,2375,2375,2340,2365,348,82271
20260205,2390,2390,2300,2300,448,104702
20260206,2320,2340,2255,2330,626,144152
20260209,2365,2365,2280,2290,518,119077
20260210,2290,2325,2290,2325,358,82836
20260211,2330,2335,2290,2290,485,111948
20260223,2325,2400,2290,2370,1228,288216
20260224,2375,2430,2360,2430,980,236147
20260225,2440,2475,2395,2415,1463,354049
20260226,2430,2535,2410,2520,1651,412088
20260302,2460,2485,2440,2455,993,243893
20260303,2455,2495,2425,2450,958,234089
20260304,2405,2405,2295,2305,1550,361612
20260305,2365,2395,2320,2360,865,203730
20260306,2325,2380,2325,2380,628,147530
20260309,2280,2330,2235,2285,1314,300028
20260310,2330,2380,2280,2300,919,212640
20260311,2350,2400,2345,2390,933,221723
20260312,2360,2400,2330,2355,972,228900
20260313,2315,2360,2305,2345,793,185053
20260316,2360,2370,2305,2305,458,106310
20260317,2325,2400,2305,2400,793,187764
20260318,2415,2440,2400,2440,1069,259128
20260319,2365,2390,2320,2320,871,204674
20260320,2340,2390,2335,2355,842,198545
20260323,2305,2305,2220,2235,1267,285681
20260324,2255,2275,2240,2240,513,115501
20260325,2285,2295,2210,2220,752,168261
20260326,2250,2250,2210,2210,454,101013
20260327,2215,2225,2170,2220,569,124783
20260330,2160,2205,2155,2180,503,109800
20260331,2180,2250,2150,2155,851,185821
20260401,2215,2225,2185,2190,375,82584
20260402,2215,2215,2135,2140,467,100698
20260407,2180,2230,2165,2170,516,112858
20260408,2220,2280,2200,2280,928,208029
20260409,2290,2295,2240,2280,716,161921
20260410,2285,2325,2285,2310,379,87492
20260413,2310,2485,2300,2430,1375,330464
20260414,2540,2670,2540,2670,3642,965689
20260415,2875,2930,2750,2820,4245,1203077
20260416,2835,2870,2750,2820,2890,809562
20260417,2690,2690,2550,2605,4297,1117753
20260420,2630,2780,2630,2710,2683,725518
20260421,2750,2755,2640,2645,1770,473554
20260422,2675,2680,2580,2585,1718,448476
20260423,2610,2615,2440,2485,2267,567139
20260424,2530,2565,2470,2520,1609,405887
20260427,2575,2700,2555,2615,2677,705220
20260428,2650,2685,2575,2580,1456,381316
20260429,2590,2650,2550,2595,1553,402329
20260430,2580,2580,2515,2515,1186,301118
20260504,2540,2580,2515,2575,1338,341410
20260505,2575,2585,2520,2545,782,198787
20260506,2550,2550,2490,2520,1404,353141
20260507,2535,2575,2535,2575,1194,305282
20260508,2585,2620,2530,2570,1448,372057
20260511,2600,2600,2525,2545,866,220519
20260512,2600,2795,2580,2795,3210,868369
20260513,2870,2870,2735,2850,4370,1231474
20260514,2930,3135,2895,3135,4217,1304845
20260515,3290,3445,3290,3445,3089,1051470
20260518,3400,3400,3125,3290,4461,1451185
20260519,3445,3615,3325,3365,5982,2076315
20260520,3330,3410,3200,3200,1169,387192
20260521,3285,3520,3280,3460,1745,600046
20260522,3450,3595,3450,3540,1289,454459
20260525,3635,3845,3635,3845,1447,541737
20260526,3875,3875,3665,3665,1130,418285
20260527,3690,3720,3500,3505,1354,488355
20260528,3505,3630,3420,3425,1353,473404
20260529,3515,3600,3450,3515,1478,519085
20260601,3630,3835,3630,3835,1343,504575
20260602,3780,3850,3705,3850,1409,536202
20260603,3920,4225,3820,3985,3707,1510372
20260604,3940,3995,3785,3825,2590,1001930
20260605,3750,3750,3570,3680,2296,837832
20260608,3330,3550,3325,3535,2683,921742
20260609,3800,3885,3755,3885,2232,862994
20260610,4180,4270,4100,4130,5970,2516460
20260611,4000,4310,4000,4165,4290,1783138
20260612,4300,4355,4020,4020,3558,1472065
20260615,4080,4420,4035,4420,3675,1589845
20260616,4480,4860,4450,4860,3306,1562491
20260617,5065,5310,4960,5145,5632,2897599
20260618,5115,5295,5090,5195,2984,1550226
20260622,5275,5360,5125,5185,1874,979371
20260623,5165,5185,4965,5000,1932,975241
20260624,4870,4985,4825,4900,2104,1031636
20260625,5040,5235,4875,5165,3403,1732923
20260626,5020,5050,4710,4720,3386,1648669
20260629,4640,4730,4315,4380,3846,1717696
20260630,4250,4430,4210,4290,4146,1790383
20260701,4490,4560,4250,4330,2761,1206242
20260702,4260,4395,4250,4295,1727,745277
20260703,4300,4320,4225,4230,1519,647792
20260706,4210,4280,4010,4135,2078,860576
20260707,4150,4150,3870,3890,2546,1008795
20260708,3950,4035,3870,3950,1776,698783
20260709,4025,4140,3950,3950,1660,667831
20260713,4345,4345,4345,4345,904,392859
20260714,4485,4485,4150,4265,4766,2055275
20260715,4370,4370,3985,4040,3692,1509053
20260716,4040,4350,4000,4260,3075,1290078
20260717,4090,4200,3985,4010,2064,841809
20260720,4020,4050,3800,3875,1550,605060
20260721,3925,3990,3795,3985,1759,684093
20260722,4050,4140,3955,4000,2235,906166
20260723,4025,4175,3980,4140,1535,627998
20260724,4070,4150,3915,3920,1578,630762
20260727,4005,4150,3905,4090,2214,892039
20260728,3930,4125,3860,3900,2253,898467
20260729,3905,4010,3685,3850,3408,1312332
20260730,3865,4030,3670,3715,2897,1119422
20260731,4000,4080,3880,4035,2971,1186133
20260803,3970,4030,3910,3960,1847,734394
20260804,4030,4355,4010,4355,1870,795234
20260805,4410,4730,4340,4575,4740,2154948
20260806,4525,4770,4515,4625,2305,1065505
20260807,4605,4625,4380,4385,1666,745775
20260810,4480,4565,4345,4400,1950,866071
20260811,4355,4420,4230,4355,1548,669304
20260812,4390,4685,4355,4585,2155,976357
20260813,4655,4825,4545,4660,2186,1017007
20260814,4700,4920,4590,4610,1840,875089
20260817,4670,5070,4670,5070,3382,1695981
20260818,5115,5330,5055,5290,3723,1944120
20260819,5135,5720,5110,5550,3874,2098573
20260820,5570,5680,5405,5515,2952,1635282
20260821,5520,5750,5260,5610,3440,1910669
20260824,5620,5700,5375,5385,2364,1301795
20260825,5350,5740,5295,5720,2181,1193080
20260826,5920,6290,5875,6290,2002,1237677
20260827,6615,6915,6605,6915,2913,1979956
20260828,7005,7270,6865,7065,4886,3441829
20260831,7065,7735,7025,7650,3700,2769926
20260901,7655,7995,7565,7580,3399,2631296
20260902,7470,7955,7460,7810,2294,1786001
20260903,7770,7825,7090,7150,1689,1241033
20260904,7205,7450,6880,7400,1626,1157271
20260907,7185,7185,6660,6660,2482,1699199
20260908,6430,6660,6350,6500,1975,1275777
20260909,6660,6930,6550,6870,1405,954694
20260910,6770,6875,6680,6720,1756,1188487
20260911,6520,6900,6420,6660,1988,1331920
20260914,6395,6420,5995,5995,2656,1616696
20260915,6015,6195,5930,6055,2989,1810279
20260916,6160,6415,6150,6225,2427,1528845
20260917,6360,6370,6020,6020,2145,1321735
20260918,6280,6500,6150,6430,2851,1816571
20260921,6465,6615,6305,6400,2093,1342178
20260922,6510,6750,6390,6405,2454,1601719
20260923,6440,6470,6140,6190,1690,1058086
