# date,open,high,low,close,lot,wan
20250814,19.45,19.5,18.75,19.35,202,388
20250815,19.4,19.5,19.25,19.35,127,246
20250818,19.35,20.25,19.3,20,378,750
20250819,20.15,20.35,19.65,19.7,159,316
20250820,19.65,19.95,18.75,19,181,345
20250821,19.2,19.55,19.2,19.2,106,204
20250822,19.25,19.6,19.1,19.1,137,266
20250825,19.85,19.85,18.85,19.15,138,268
20250826,19.3,19.4,19,19.1,163,314
20250827,19.15,19.35,19,19.3,160,306
20250828,19.55,19.55,19.1,19.1,85,163
20250829,19.1,19.1,18.8,18.85,91,171
20250901,18.6,18.8,18.1,18.45,223,412
20250902,18.3,18.65,18.05,18.05,104,190
20250903,18.05,18.55,18,18.55,72,132
20250904,18.75,19.4,18.4,18.5,183,344
20250905,18.35,18.4,18.1,18.25,60,110
20250908,18.5,18.6,18.15,18.4,39,72
20250909,18.3,18.3,18,18.05,182,328
20250910,18.1,18.15,18.05,18.1,54,97
20250911,18.15,18.15,17.6,17.7,240,426
20250912,17.7,18.05,17.7,17.8,71,127
20250915,17.8,17.9,17.6,17.6,96,170
20250916,17.95,17.95,17.7,17.85,31,56
20250917,17.9,17.95,17.75,17.9,50,89
20250918,17.95,18.35,17.95,18.15,121,221
20250919,18.15,18.35,18.15,18.3,66,121
20250922,18.35,18.4,18.05,18.1,71,128
20250923,18.15,18.15,17.9,17.95,78,141
20250924,17.95,18.2,17.85,18.1,64,115
20250925,18.3,19.2,18.3,18.45,379,705
20250926,18.15,18.15,17.65,17.85,248,443
20250930,17.65,17.9,17.65,17.8,28,50
20251001,17.95,17.95,17.8,17.85,29,52
20251002,17.85,17.9,17.7,17.8,48,86
20251003,17.7,18,17.7,17.8,41,73
20251007,17.75,17.95,17.65,17.75,84,148
20251008,17.7,17.7,17.6,17.7,30,52
20251009,17.7,17.85,17.6,17.65,75,132
20251013,17.55,17.55,17.4,17.55,44,77
20251014,17.55,17.6,17.2,17.2,111,194
20251015,17.3,17.45,17.2,17.4,48,84
20251016,17.6,17.65,17.45,17.6,42,73
20251017,17.5,17.6,17.45,17.55,39,69
20251020,17.7,18.35,17.6,18.35,307,555
20251021,18.35,18.55,18.05,18.5,218,401
20251022,18.5,18.55,18.3,18.35,49,90
20251023,18.35,18.35,18.15,18.35,32,59
20251027,18.55,18.6,17.7,17.75,390,700
20251028,18.05,18.05,17.55,17.75,77,137
20251029,17.85,17.85,17.5,17.5,85,150
20251030,17.55,17.6,17.35,17.6,67,116
20251031,17.45,17.55,17.4,17.55,47,82
20251103,17.55,17.55,17.35,17.55,59,103
20251104,17.5,17.5,17,17.2,116,200
20251105,17.2,17.2,16.8,17.15,54,92
20251106,17.05,17.15,17,17.15,81,138
20251107,17.05,17.2,17.05,17.2,43,74
20251110,17.05,17.8,17.05,17.25,53,92
20251111,17.25,17.25,17,17,33,57
20251112,17.1,17.15,17,17.05,58,99
20251113,17.7,18.7,17.55,18.05,552,999
20251114,17.9,18.05,17.7,17.8,106,189
20251117,18,18,17.55,17.6,59,104
20251118,17.35,17.5,17.05,17.1,84,146
20251119,17.1,17.25,17,17.25,35,61
20251120,17.25,17.5,17.15,17.45,44,76
20251121,17.25,17.3,16.85,16.9,89,153
20251124,16.95,16.95,16.6,16.65,116,194
20251125,16.75,17,16.7,16.85,29,49
20251126,16.9,17.1,16.9,17.05,27,47
20251127,17.05,17.3,17,17.25,29,50
20251128,17.1,17.35,17.1,17.3,64,110
20251201,17.35,17.45,17.35,17.4,66,115
20251202,17.4,17.45,17.3,17.35,18,31
20251203,17.3,17.4,17.2,17.2,31,54
20251204,17.25,17.35,17.2,17.2,53,92
20251205,17.2,17.2,16.95,17.1,50,85
20251208,17.1,17.35,17.05,17.2,75,129
20251209,17.75,18.1,17.7,17.85,295,529
20251210,18.05,18.05,17.7,17.8,68,121
20251211,17.8,17.95,17.7,17.8,56,100
20251212,17.8,17.9,17.65,17.8,61,108
20251215,17.55,18.1,17.55,18,115,207
20251216,17.95,17.95,17.4,17.6,86,151
20251217,17.55,17.85,17.55,17.8,37,66
20251218,17.65,17.85,17.6,17.6,31,55
20251219,17.6,17.95,17.6,17.65,56,100
20251222,17.7,17.85,17.7,17.7,49,87
20251223,17.75,17.75,17.55,17.6,63,111
20251224,17.6,17.9,17.5,17.55,72,127
20251226,17.55,17.6,17.35,17.55,65,114
20251229,17.5,17.65,17.45,17.55,58,102
20251230,17.5,17.5,17.45,17.5,88,153
20251231,17.5,18,17.5,17.9,179,318
20260102,18.05,18.05,17.85,17.85,78,141
20260105,17.8,17.8,17.55,17.75,53,95
20260106,17.6,17.85,17.55,17.85,57,102
20260107,17.9,18.2,17.8,18.05,153,276
20260108,18.15,18.15,17.8,17.85,106,190
20260109,17.9,17.9,17.7,17.75,50,89
20260112,17.95,18.9,17.95,18.45,421,779
20260113,18.5,19.15,18.4,19.05,810,1529
20260114,19.3,19.3,18.8,18.8,414,790
20260115,19.05,19.15,18.4,18.7,301,561
20260116,18.9,18.9,18.6,18.65,162,303
20260119,18.8,18.8,18.55,18.6,205,382
20260120,18.65,18.8,18.35,18.55,265,492
20260121,18.55,18.65,18.4,18.6,168,312
20260122,18.75,18.75,18.45,18.6,188,351
20260123,18.75,18.75,18.4,18.4,151,279
20260126,18.7,18.7,18.35,18.45,97,179
20260127,18.45,18.45,18.1,18.2,141,257
20260128,18.2,18.4,18.15,18.3,68,124
20260129,18.3,18.3,17.95,18.05,124,224
20260130,18,18,17.65,17.95,128,227
20260202,17.7,17.7,17.35,17.35,180,315
20260203,17.4,17.55,17,17.3,176,303
20260204,17.3,18.05,17.3,18.05,145,257
20260205,18.25,18.25,17.6,17.8,69,123
20260206,17.5,17.7,17.15,17.35,223,388
20260209,18.05,18.05,17.45,17.45,85,151
20260210,17.25,17.35,16.95,17,261,445
20260211,17,17.15,16.85,17.15,134,227
20260223,17.15,17.2,16.85,17.15,147,249
20260224,17.15,17.5,17.15,17.2,138,238
20260225,17.25,17.4,17.15,17.4,53,91
20260226,17.25,17.6,17.2,17.55,115,201
20260302,17.55,17.55,17.1,17.35,78,135
20260303,17.35,17.35,16.95,17.2,147,252
20260304,16.95,16.95,16.15,16.25,175,287
20260305,16.3,16.85,16.3,16.6,95,158
20260306,16.6,16.85,16.4,16.65,81,135
20260309,16,16.45,15.65,15.75,163,258
20260310,15.8,16.35,15.8,16.3,104,168
20260311,16.6,16.7,16.45,16.6,57,94
20260312,16.5,16.6,16.35,16.35,132,218
20260313,16.3,16.55,16.1,16.25,80,131
20260316,16.25,16.25,16.15,16.25,38,62
20260317,16.25,16.6,16.25,16.5,102,168
20260318,16.65,16.85,16.55,16.85,125,209
20260319,16.6,16.7,16.55,16.6,55,91
20260320,16.5,16.6,16.4,16.45,66,109
20260323,16.15,16.25,15.95,16.05,89,144
20260324,16.2,16.4,16,16.1,56,91
20260325,16.45,16.45,16.05,16.3,67,109
20260326,16.15,16.4,16,16,99,159
20260327,16.05,16.05,15.85,16,64,103
20260330,16.2,16.2,15.7,15.8,64,102
20260331,15.65,15.9,15.5,15.7,124,194
20260401,15.9,16,15.8,15.9,50,80
20260402,15.8,16,15.7,15.75,49,77
20260407,15.8,15.85,15.65,15.75,32,51
20260408,15.95,16.1,15.85,16,63,101
20260409,16,16,15.8,15.8,66,105
20260410,16.2,16.35,16.1,16.35,164,266
20260413,16.35,16.9,16.35,16.7,295,492
20260414,16.7,17.15,16.55,17.05,257,437
20260415,17.1,17.1,16.8,16.9,171,291
20260416,16.5,16.7,16.05,16.35,201,329
20260417,16.2,16.5,16.2,16.4,57,93
20260420,16.5,16.5,16.2,16.25,100,162
20260421,16.35,16.35,15.95,16.3,88,143
20260422,16.35,16.8,16.35,16.5,182,302
20260423,16.75,17.05,16.05,16.25,217,358
20260424,16.25,17.1,16.25,16.7,299,501
20260427,16.95,16.95,16.25,16.35,154,254
20260428,16.45,16.8,16.35,16.5,52,86
20260429,16.65,16.65,16.4,16.45,53,88
20260430,16.75,17.55,16.7,17.2,460,786
20260504,17.4,17.4,16.7,16.7,187,317
20260505,16.3,16.45,16.2,16.2,554,902
20260506,16.3,16.55,16.15,16.45,125,205
20260507,16.5,16.5,16.2,16.25,116,190
20260508,16.4,16.5,16.25,16.3,129,211
20260511,16.35,16.65,16.3,16.4,96,157
20260512,16.55,16.55,16.15,16.15,100,163
20260513,16.2,16.3,16.05,16.2,92,147
20260514,16.4,17.6,16.25,17,379,634
20260515,17.65,17.9,16.8,17,802,1391
20260518,17,17.25,16.6,17,261,443
20260519,17,17.2,16.75,16.75,106,180
20260520,16.85,17.2,16.85,17,129,219
20260521,17,17.2,17,17.1,134,228
20260522,17.55,18.8,17.35,18.8,1360,2498
20260525,19.5,20.65,19.5,20.65,2940,5983
20260526,22.7,22.7,22.7,22.7,627,1424
20260527,24.95,24.95,24.95,24.95,501,1249
20260528,27.4,27.4,27.4,27.4,537,1471
20260529,30.1,30.1,30.1,30.1,923,2779
20260601,33.1,33.1,33.1,33.1,1115,3690
20260602,36.4,36.4,33.25,36.4,7587,27078
20260603,40,40,39.95,40,2126,8502
20260604,39,39,36,36,1347,4889
20260605,32.4,32.4,32.4,32.4,403,1306
20260608,29.2,29.2,29.2,29.2,157,458
20260609,29,29,26.75,28,896,2482
20260610,26.5,27.9,26.5,27,663,1809
20260611,27,27.2,26.6,27.2,278,748
20260612,28.3,29.9,28.3,29.9,244,715
20260615,31.9,31.9,30.25,31.25,432,1349
20260616,32.65,32.65,31.45,31.65,327,1051
20260617,31,31.2,30.3,31.2,234,720
20260618,31.75,32.5,30.05,31,1778,5543
20260622,30.5,31.75,30.2,30.3,1322,4041
20260623,31,31.05,28.2,29.8,1121,3294
20260624,28.8,29.4,28.25,28.95,615,1761
20260625,29,29.7,28.3,28.3,630,1815
20260626,28.2,29.15,26.7,26.85,803,2234
20260629,26.7,27.35,26.3,27.35,409,1108
20260630,28.35,30.05,27.8,30.05,528,1571
20260701,32,33.05,30.5,30.5,2602,8319
20260702,29.25,29.7,28.25,29.55,789,2292
20260703,29.6,30.1,29.2,29.25,477,1404
20260706,29.1,29.3,28.1,28.3,500,1423
20260707,28.45,28.45,26.65,27.1,446,1217
20260708,27.15,27.35,26.3,27,384,1026
20260709,27.95,28,26.3,26.5,413,1112
20260713,26.8,26.8,24.5,24.9,537,1350
20260714,24.9,24.9,23.3,24.4,415,995
20260715,25.3,25.3,24.3,24.5,229,561
20260716,24.65,24.65,23.2,23.6,326,769
20260717,23.2,23.2,21.45,21.75,335,737
20260720,21.45,21.75,20,21.25,346,727
20260721,21.4,21.9,20.7,21.4,276,590
20260722,21.85,23.5,21.85,23.5,240,550
20260723,24.1,24.35,21.8,22.4,646,1484
20260724,21.75,22.05,21,21.45,501,1074
20260727,21.55,22.2,21,21.35,251,537
20260728,21.1,21.1,20,20.3,344,701
20260729,20.75,20.75,19,20.1,372,728
20260730,19.45,20.05,18.9,19.1,355,688
20260731,20,20.45,19.9,20.15,283,571
20260803,19.55,20.5,19.55,20.15,163,328
20260804,20.45,21.6,20.15,21.3,380,801
20260805,21.3,22,20.95,21.05,290,617
20260806,21,21.05,20.25,20.75,136,280
20260807,20.75,21.2,20.6,20.7,160,336
20260810,20.85,21.15,20.85,21,90,189
20260811,21.15,21.35,20.8,21.1,132,277
20260812,21.15,21.5,21,21.05,130,275
20260813,21.85,21.95,20.8,20.85,158,333
20260814,20.6,20.7,20.35,20.45,84,172
20260817,20.3,20.65,20.25,20.4,60,123
20260818,20.35,20.7,19.9,19.95,203,407
20260819,20,20.1,19.8,19.95,71,142
20260820,20.05,20.1,19.65,20.1,73,146
20260821,20.15,20.2,19.95,20.15,79,158
20260824,20.1,20.2,19.95,20.1,42,85
20260825,19.95,20.1,19.6,20,53,105
20260826,20.05,20.7,19.85,20.3,202,409
20260827,20.4,20.85,20.35,20.55,138,284
20260828,20.65,20.7,20.3,20.3,144,296
20260831,20.25,20.25,19.65,20.25,89,179
20260901,19.95,20.45,19.95,20.4,133,268
20260902,20.1,20.35,20.05,20.1,57,115
20260903,20.1,22.1,20.1,22.1,525,1153
20260904,24.3,24.3,24.3,24.3,317,769
20260907,25,26.65,23.85,25.45,3026,7680
20260908,25.2,26.7,24.35,25.1,1339,3396
20260909,24.9,26.5,24.5,24.75,941,2384
20260910,24.45,24.45,23.65,23.65,366,873
20260911,23.8,24.3,23.3,23.5,286,677
20260914,23.5,23.5,22.3,22.45,257,583
20260915,22.45,24.65,21.8,24.65,661,1588
20260916,25.85,27.1,25.5,27.1,1381,3689
20260917,27.35,28.05,26.25,26.3,3738,10116
20260918,26.5,27.5,26.4,26.7,1145,3069
20260921,26.85,27.5,26.05,26.25,667,1761
20260922,26.5,26.5,25.3,25.3,632,1626
20260923,25.35,25.55,24.45,24.5,368,912
