# date,open,high,low,close,lot,wan
20250814,13.05,13.2,13,13.15,1047,1374
20250815,13.25,13.25,13.05,13.15,550,721
20250818,13.1,13.2,12.95,13.15,1185,1547
20250819,13.2,13.25,12.95,13.1,517,673
20250820,13.1,13.1,12.7,12.7,1054,1350
20250821,12.8,13.15,12.8,13.05,818,1065
20250822,13.05,13.2,12.8,12.9,825,1075
20250825,13.1,13.2,12.9,12.9,1209,1577
20250826,12.85,12.9,12.7,12.8,1082,1381
20250827,12.95,13.45,12.8,13.15,2436,3217
20250828,13.15,13.25,13,13.2,1016,1337
20250829,13.2,13.25,12.85,12.9,902,1174
20250901,12.9,12.9,12.6,12.7,896,1141
20250902,12.7,12.8,12.55,12.75,548,695
20250903,12.75,12.9,12.75,12.8,659,847
20250904,12.8,13.35,12.8,13.25,2367,3115
20250905,13.4,13.6,13.15,13.5,1914,2562
20250908,13.65,13.95,13.55,13.75,1941,2666
20250909,13.75,13.75,13.2,13.3,935,1254
20250910,13.4,13.4,13,13.25,968,1270
20250911,13.15,13.25,12.9,12.9,891,1163
20250912,12.9,13.25,12.9,13.05,775,1016
20250915,13.2,13.4,13.05,13.15,871,1153
20250916,13.2,13.25,13.1,13.2,893,1176
20250917,13.15,13.75,13.15,13.5,2694,3648
20250918,13.6,13.6,13.4,13.55,1272,1716
20250919,13.6,13.6,13.2,13.4,1453,1954
20250922,13.6,13.6,13.25,13.4,1025,1374
20250923,13.5,13.5,13.1,13.25,1029,1359
20250924,13.35,13.95,13.35,13.7,3130,4270
20250925,13.7,13.95,13.55,13.65,2652,3650
20250926,13.7,13.7,13.1,13.25,1340,1777
20250930,13.25,13.35,13.1,13.3,710,941
20251001,13.35,13.35,13.1,13.1,756,995
20251002,13.15,13.2,13.1,13.1,645,847
20251003,13.1,13.1,12.85,12.9,1159,1501
20251007,13,13.3,12.75,13.3,1491,1949
20251008,13.1,13.4,13,13.25,1457,1922
20251009,13.25,13.4,13.1,13.15,1074,1420
20251013,12.7,13,12.6,12.95,776,1000
20251014,12.85,12.85,11.95,11.95,4984,6153
20251015,12,12.05,11.85,11.9,1229,1462
20251016,12,12.05,11.85,11.95,921,1102
20251017,11.95,12.1,11.85,11.95,1012,1212
20251020,12,12,11.85,11.95,629,750
20251021,12.05,12.05,11.75,11.8,1039,1236
20251022,11.8,11.95,11.75,11.8,1706,2021
20251023,11.85,11.85,11.45,11.5,1676,1938
20251027,11.7,11.7,11.4,11.5,868,999
20251028,11.55,11.55,11.25,11.4,1090,1240
20251029,11.55,11.6,11.25,11.4,1094,1246
20251030,11.4,11.45,11.25,11.3,524,591
20251031,11.3,11.65,11.05,11.3,2975,3376
20251103,11.4,11.4,11.25,11.25,762,862
20251104,11.3,11.3,11,11.1,1194,1331
20251105,11.05,11.1,10.8,11.1,1036,1137
20251106,11.1,11.25,11.1,11.15,493,551
20251107,11.15,11.2,11,11.1,487,540
20251110,11.2,11.2,10.85,11,642,702
20251111,11.05,11.2,11,11.1,518,575
20251112,11.2,11.3,11.1,11.2,582,652
20251113,11.25,11.25,11.1,11.25,476,533
20251114,11.2,11.25,11.1,11.1,477,533
20251117,11.1,11.1,10.8,10.9,991,1084
20251118,10.85,10.95,10.6,10.8,1037,1114
20251119,10.85,10.85,10.25,10.25,1395,1454
20251120,10.4,10.5,10,10.2,2127,2171
20251121,10.05,10.15,9.91,9.99,1917,1914
20251124,10,10.1,9.94,10.05,1127,1128
20251125,10.1,10.25,10,10.25,1016,1026
20251126,10.25,10.55,10.25,10.55,926,969
20251127,10.5,10.55,10.3,10.4,459,479
20251128,10.45,10.65,10.35,10.6,650,684
20251201,10.65,10.65,10.45,10.6,393,414
20251202,10.6,10.65,10.45,10.5,266,280
20251203,10.65,10.8,10.55,10.8,720,769
20251204,10.7,10.85,10.7,10.8,310,334
20251205,10.8,10.8,10.65,10.7,471,505
20251208,10.75,10.75,10.6,10.75,329,352
20251209,10.7,10.7,10.6,10.65,364,387
20251210,10.75,10.8,10.65,10.7,246,264
20251211,10.55,10.7,10.45,10.7,832,878
20251212,10.7,10.9,10.7,10.9,777,839
20251215,10.7,11.1,10.7,11.05,624,683
20251216,11.05,11.1,10.75,10.85,643,700
20251217,10.95,11.05,10.9,10.95,374,410
20251218,10.8,11.3,10.8,11.25,813,898
20251219,11.2,11.3,11.05,11.15,540,603
20251222,11.25,11.3,11.1,11.25,337,377
20251223,11.25,11.25,11.1,11.2,504,563
20251224,11.2,11.3,11.15,11.3,546,612
20251226,11.3,11.5,11.3,11.45,671,764
20251229,11.5,11.65,11.35,11.45,670,769
20251230,11.45,11.45,11.15,11.35,437,491
20251231,11.35,11.35,11.15,11.2,499,559
20260102,11.35,11.45,11.25,11.4,618,702
20260105,11.4,11.4,11.1,11.15,642,721
20260106,11.2,11.4,11.15,11.4,647,731
20260107,11.4,11.8,11.4,11.65,1496,1737
20260108,11.7,11.7,11.4,11.4,700,811
20260109,11.4,11.45,11,11.1,739,825
20260112,11.05,11.15,10.9,11.15,821,905
20260113,11,11.1,10.9,10.95,530,581
20260114,10.95,11.45,10.95,11.35,1381,1553
20260115,11.4,11.4,11.15,11.35,425,479
20260116,11.4,11.4,11.1,11.2,474,532
20260119,11.25,11.85,11.1,11.45,1355,1554
20260120,11.45,11.6,11.35,11.45,769,883
20260121,11.4,11.4,11.05,11.15,780,874
20260122,11.25,11.3,11.1,11.2,578,645
20260123,11.15,11.2,11.05,11.15,447,497
20260126,11.15,11.4,11.1,11.3,1108,1249
20260127,11.3,11.35,10.9,11,1455,1609
20260128,11,11.1,10.85,10.9,791,864
20260129,10.9,10.9,10.6,10.65,922,985
20260130,10.65,10.65,10.4,10.55,845,887
20260202,10.45,10.45,10.15,10.25,703,721
20260203,10.35,10.4,10,10.2,641,653
20260204,10.2,10.5,10.1,10.45,1429,1481
20260205,10.3,10.55,10.3,10.45,556,581
20260206,10.4,10.4,10.15,10.25,549,563
20260209,10.4,10.4,10.15,10.25,569,581
20260210,10.3,10.35,10.15,10.3,541,556
20260211,10.35,10.35,10.2,10.3,401,411
20260223,10.3,10.6,10.3,10.6,782,821
20260224,10.5,10.75,10.45,10.55,744,784
20260225,10.65,10.65,10.45,10.5,527,553
20260226,10.5,10.7,10.4,10.5,757,799
20260302,10.5,10.75,10.4,10.7,937,994
20260303,10.65,10.8,10.35,10.45,1254,1319
20260304,10.45,10.45,10,10.05,1105,1119
20260305,10.4,10.4,10.15,10.2,493,503
20260306,10.3,10.55,10.2,10.5,700,727
20260309,10.2,10.2,9.95,10.1,1011,1014
20260310,10.2,10.3,10.05,10.1,399,404
20260311,10.15,10.45,10.15,10.4,786,812
20260312,10.4,10.45,10.2,10.25,715,737
20260313,10.25,10.25,10.05,10.15,627,635
20260316,10.15,10.2,10.05,10.2,408,413
20260317,10.3,10.5,10.25,10.4,1138,1181
20260318,10.5,10.75,10.5,10.7,932,989
20260319,10.9,10.9,10.6,10.75,1374,1482
20260320,10.7,10.8,10.5,10.7,643,687
20260323,10.4,10.45,10.2,10.25,807,831
20260324,10.3,10.4,10.05,10.2,620,630
20260325,10.3,10.3,10.1,10.15,455,463
20260326,10.25,10.25,10.1,10.15,458,466
20260327,10.15,10.2,9.98,10.2,855,859
20260330,10.15,10.15,10,10.1,500,503
20260331,10,10.1,9.94,9.97,1076,1075
20260401,10.05,10.1,10,10,571,572
20260402,10.05,10.25,9.98,10.2,992,1006
20260407,10.3,10.3,10.1,10.15,469,478
20260408,10.25,10.35,10.2,10.35,725,745
20260409,10.35,10.35,10.05,10.05,802,811
20260410,10.1,10.2,10.05,10.1,658,665
20260413,10.1,10.2,10.05,10.2,1258,1274
20260414,10.25,10.25,10,10.05,914,920
20260415,10.1,10.15,10,10.05,1898,1905
20260416,10.05,10.45,10.05,10.4,2317,2383
20260417,10.5,11,10.45,10.95,3715,3978
20260420,11.4,12,11.35,12,6567,7822
20260421,13.1,13.2,12.65,13.2,6974,9152
20260422,14.2,14.2,13.35,13.95,15482,21251
20260423,13.55,14.2,13.2,14.05,9754,13316
20260424,14.4,14.55,13.65,13.8,5717,7991
20260427,13.85,13.95,13.2,13.7,4355,5907
20260428,13.85,13.85,13.35,13.5,2830,3822
20260429,13.6,13.8,13,13.1,2602,3499
20260430,13.2,13.3,12.55,12.7,2469,3169
20260504,12.9,13.3,12.75,13.3,2386,3106
20260505,13.15,13.8,13.1,13.8,3183,4320
20260506,14,14.1,13.6,13.85,3917,5401
20260507,14.05,15.2,13.8,14.6,10343,15164
20260508,14.55,14.7,14,14.25,4214,5977
20260511,14.35,14.85,14.25,14.55,3765,5480
20260512,14.7,14.95,14.6,14.85,2834,4189
20260513,14.95,15.85,14.9,15.4,4880,7463
20260514,15.75,16.9,15.75,16.55,10895,18058
20260515,16.7,17.75,16.45,16.85,9046,15193
20260518,17,17.95,16.95,17.8,7458,12985
20260519,18.05,18.4,17.1,17.4,8785,15783
20260520,17.6,18.4,17.5,17.8,4599,8195
20260521,18.05,18.05,16.65,17.15,6003,10347
20260522,17.1,17.75,16.6,17.6,3534,6119
20260525,17.95,17.95,15.9,16.05,7540,12557
20260526,16.05,16.25,15.5,16.1,3157,5001
20260527,16.2,16.35,15.65,15.85,2034,3241
20260528,15.85,15.95,15.4,15.55,2081,3263
20260529,15.8,15.8,14.55,14.8,3699,5519
20260601,14.75,14.75,13.95,14,4909,6987
20260602,14.15,14.15,13.3,13.8,4245,5767
20260603,14.1,14.1,13.65,13.85,3376,4685
20260604,13.7,14,13.6,13.8,2462,3397
20260605,13.7,13.7,13.1,13.15,2435,3237
20260608,12.3,12.85,12,12.7,2578,3212
20260609,12.85,12.95,12.45,12.7,1908,2410
20260610,12.7,12.95,12.25,12.25,2243,2826
20260611,12.25,12.3,11.85,12.2,1758,2132
20260612,12.45,12.5,12.25,12.4,1472,1823
20260615,12.6,12.6,12.4,12.5,1058,1323
20260616,12.5,12.5,12.1,12.15,1204,1471
20260617,12.15,12.55,12.05,12.5,1464,1811
20260618,12.55,12.55,12.2,12.2,1142,1411
20260622,12.3,12.5,12.2,12.5,1550,1917
20260623,12.55,12.55,12.2,12.3,1009,1243
20260624,12.3,12.55,12.1,12.45,902,1113
20260625,12.5,12.5,12.3,12.5,799,991
20260626,12.45,12.45,12,12,1387,1691
20260629,12,12.05,11.85,12.05,852,1019
20260630,12.1,12.3,12,12.3,839,1016
20260701,12.35,12.35,11.95,12.05,1421,1720
20260702,12.05,12.6,12.05,12.15,2101,2582
20260703,12.05,12.5,12.05,12.5,1154,1422
20260706,12.6,12.65,12.35,12.5,1199,1497
20260707,12.6,12.6,12.15,12.3,1386,1704
20260708,12.45,12.5,12.2,12.45,1417,1746
20260709,12.35,12.55,11.8,12.4,2618,3183
20260713,12.4,12.4,12.1,12.3,2280,2784
20260714,12.45,12.65,12.15,12.6,2184,2715
20260715,12.8,13.55,12.65,13.25,4602,6027
20260716,13.25,13.7,13.15,13.65,3968,5349
20260717,13.6,14.65,13.6,14.2,9582,13595
20260720,14.3,15.3,13.65,13.85,9983,14569
20260721,13.9,14.15,13.65,13.75,3622,5018
20260722,13.75,14.05,12.7,13.2,5902,7745
20260723,13.3,13.5,12.9,13.25,1674,2201
20260724,13.25,13.5,13.15,13.3,1225,1632
20260727,13.3,13.3,12.85,13.05,1216,1575
20260728,13,13,12.35,12.75,1800,2274
20260729,12.8,12.8,12,12.35,1915,2349
20260730,12,12.4,11.85,11.85,1626,1962
20260731,12.4,12.5,12.1,12.1,916,1118
20260803,12,12.4,12,12.25,640,783
20260804,12.25,12.5,12.2,12.4,605,744
20260805,12.55,12.6,12.35,12.5,1023,1273
20260806,12.6,12.7,12.45,12.6,774,972
20260807,12.6,12.75,12.55,12.7,1304,1644
20260810,12.7,13.1,12.7,13.1,878,1137
20260811,13.1,13.3,12.8,13.2,934,1216
20260812,13.3,13.45,13.05,13.35,1208,1602
20260813,13.35,13.45,13.2,13.45,1248,1663
20260814,13.6,13.65,13.3,13.45,1283,1717
20260817,13.55,13.9,13.5,13.9,1522,2089
20260818,13.9,13.95,13.35,13.45,2087,2844
20260819,13.4,13.55,13.25,13.45,807,1084
20260820,13.5,13.7,13.5,13.7,679,924
20260821,13.75,13.9,13.6,13.85,740,1019
20260824,13.9,14.6,13.9,14.5,2179,3101
20260825,14.55,14.75,14.4,14.5,2639,3835
20260826,14.5,14.9,14.5,14.65,1828,2684
20260827,14.65,14.9,14.4,14.6,1342,1953
20260828,14.6,14.8,14.5,14.65,1506,2205
20260831,14.6,15,14.35,14.95,2385,3500
20260901,14.95,15.15,14.75,14.85,2245,3349
20260902,14.95,14.95,14.7,14.8,637,937
20260903,14.8,15,14.6,14.65,1311,1933
20260904,14.65,14.65,14.05,14.05,1742,2480
20260907,14.05,14.4,14.05,14.3,879,1253
20260908,14.45,14.45,13.7,13.8,1104,1539
20260909,13.8,14.05,13.7,13.95,759,1056
20260910,13.95,14.7,13.95,14.55,1337,1928
20260911,14.55,14.55,14.1,14.4,1065,1528
20260914,14.4,14.85,14.3,14.7,1228,1801
20260915,14.85,14.85,14.3,14.3,1010,1462
20260916,14.3,14.5,14.3,14.5,464,669
20260917,14.5,14.9,14.5,14.8,1151,1699
20260918,15.5,15.6,14.9,15.1,3454,5218
