# date,open,high,low,close,lot,wan
20250814,31.4,31.6,31.3,31.4,544,1709
20250815,31.4,31.45,30.75,30.85,1023,3170
20250818,30.7,30.7,30.45,30.5,966,2950
20250819,30.5,31.15,30.5,30.85,517,1594
20250820,30.65,30.8,30.55,30.65,304,932
20250821,30.75,31.15,30.75,31,199,616
20250822,30.95,31,30.8,30.85,216,667
20250825,31,31.15,30.85,30.95,157,486
20250826,30.8,30.9,30.7,30.85,156,480
20250827,30.85,31.25,30.85,31,252,782
20250828,31,31.45,31,31.35,165,517
20250829,31.4,32.4,31.1,31.15,284,890
20250901,31.1,31.65,30.8,30.9,298,922
20250902,30.9,30.95,30.7,30.8,186,573
20250903,30.8,31.1,30.8,30.9,121,374
20250904,30.95,31.45,30.95,31.45,172,538
20250905,31.45,31.45,31.1,31.2,135,422
20250908,31.2,31.45,31.2,31.25,130,406
20250909,31.5,31.5,31.05,31.3,358,1119
20250910,31.3,31.3,31.05,31.05,181,562
20250911,31.5,31.8,31.1,31.3,656,2057
20250912,31.3,31.6,31.05,31.4,281,882
20250915,31.4,31.75,31.4,31.4,186,587
20250916,31.4,31.4,31.15,31.2,267,834
20250917,31.2,31.5,31.2,31.2,144,451
20250918,31.2,32,31.2,31.7,467,1478
20250919,31.8,31.9,31.5,31.65,215,680
20250922,31.7,31.85,31.65,31.7,198,630
20250923,31.7,31.8,31.55,31.8,364,1154
20250924,31.8,31.8,31.55,31.75,162,514
20250925,31.75,32,31.7,31.8,311,988
20250926,31.85,31.85,31.3,31.4,247,777
20250930,31.65,31.65,31.35,31.5,258,812
20251001,31.4,31.55,31.35,31.4,220,692
20251002,31.5,31.65,31.4,31.5,174,548
20251003,31.5,31.6,31.45,31.45,119,376
20251007,31.5,31.75,31.4,31.7,245,776
20251008,31.7,31.85,31.7,31.8,172,547
20251009,31.85,31.85,31.6,31.85,251,796
20251013,31.55,33.45,31.55,32.55,1383,4495
20251014,33.2,34.1,32.8,33.5,1981,6637
20251015,33.7,33.75,33.05,33.75,957,3202
20251016,33.7,33.7,33.2,33.45,582,1944
20251017,33.2,33.4,33,33.1,254,844
20251020,33.1,33.35,33.1,33.35,358,1190
20251021,33.4,33.55,33.2,33.3,332,1110
20251022,33.3,33.7,33.3,33.6,389,1303
20251023,33.55,33.75,33.55,33.75,192,645
20251027,33.9,35,33.9,34.7,2604,9000
20251028,34.9,35.95,34.7,35.45,4706,16693
20251029,35.7,35.7,34.75,35.05,1398,4913
20251030,35.5,35.5,34.45,34.85,1843,6426
20251031,34.7,35,34.45,34.6,545,1886
20251103,34.5,35.7,34.5,35.7,1610,5702
20251104,35.95,36.1,34.3,34.8,1540,5391
20251105,34.65,34.8,34.15,34.55,344,1186
20251106,34.7,35.25,34.65,34.8,706,2468
20251107,34.8,35.45,34.35,35.2,1124,3936
20251110,35.3,36.4,35.3,35.9,2994,10742
20251111,36.25,36.3,34.8,35.6,2731,9664
20251112,35.6,37.35,35.4,37.25,7452,27332
20251113,40,40.95,39,40.95,28656,116055
20251114,39.5,40.4,38.5,39.1,11975,47152
20251117,40,40.5,36.25,36.4,9224,34929
20251118,35.8,36.65,35.45,35.6,3144,11284
20251119,35.7,35.7,34.8,35.2,2137,7511
20251120,36.15,36.6,35.7,36.1,2053,7403
20251121,35,35.8,34.8,35.15,1356,4774
20251124,35.7,36.3,35.15,35.45,1070,3803
20251125,36,36.3,35.35,35.4,1165,4160
20251126,35.6,35.85,35.4,35.7,784,2784
20251127,35.65,36.35,35.65,36.35,970,3500
20251128,36.4,36.4,35.85,35.95,814,2933
20251201,35.9,35.9,35.2,35.2,1000,3538
20251202,35.25,35.45,35.05,35.15,688,2421
20251203,35.3,35.95,35.25,35.65,804,2868
20251204,35.9,35.9,35.5,35.7,430,1535
20251205,35.6,36.75,35.45,36.65,1404,5092
20251208,36.75,39.25,36.75,38.8,4790,18328
20251209,40.5,41,39.5,40,12980,51917
20251210,39.75,39.75,38.05,38.9,5264,20317
20251211,38.5,39.5,37.9,38.7,3496,13506
20251212,39,39.5,38.2,38.35,2533,9835
20251215,37.9,39.1,37.55,38.7,1784,6879
20251216,39,39,37.9,38.75,1508,5798
20251217,39,39.4,38.85,38.95,1734,6782
20251218,38.9,39.15,38,38.9,1633,6304
20251219,39.2,39.2,38.35,38.5,2022,7808
20251222,38.6,39.2,38.5,39,1288,5017
20251223,39.2,39.4,38.4,38.4,1129,4373
20251224,38.6,38.6,38,38.1,881,3364
20251226,38.15,38.3,37.85,37.95,933,3543
20251229,38,38,37.1,37.1,1267,4751
20251230,37.2,37.6,37.1,37.5,676,2524
20251231,37.95,38.25,37.3,37.35,823,3101
20260102,37.5,38.3,37.25,38.1,1024,3889
20260105,38.9,40.6,38.4,39.4,7174,28359
20260106,40.3,41.3,40,41.3,15218,61925
20260107,42.05,42.5,40,42.4,13504,55858
20260108,42.2,42.2,39.8,39.8,5737,23268
20260109,39.5,39.6,38.5,38.85,3398,13266
20260112,39.5,41.95,39.5,41.3,7890,32389
20260113,40.65,41.9,39.6,40.8,10423,42568
20260114,41.75,42,40.8,40.8,7054,29144
20260115,40.8,40.8,39.95,40.35,2381,9577
20260116,40.35,41.2,40,40.45,3684,14977
20260119,40.95,42.2,40.75,41.9,8531,35481
20260120,40.8,40.8,40.15,40.35,3957,16013
20260121,40.35,41.85,40.2,40.2,3490,14244
20260122,41.1,41.7,40.55,41,3631,14925
20260123,41.55,41.55,40.4,40.75,2301,9411
20260126,40.95,41.25,40.6,40.7,1693,6920
20260127,41.2,42.25,41,41.6,6549,27302
20260128,41.6,42.7,41.2,41.35,3739,15603
20260129,42,44.1,41.5,41.85,8092,34466
20260130,42.35,46,42.05,46,23439,104915
20260202,48.7,50.6,48.7,50.6,11050,55220
20260203,55.6,55.6,55.6,55.6,6033,33543
20260204,50.1,50.7,50.1,50.1,4990,25004
20260205,45.95,46.45,45.1,45.1,18257,82750
20260206,42.65,43.6,41.5,41.75,15473,65437
20260209,43.3,43.55,41.2,42,10781,45405
20260210,46.2,46.2,45.3,46.2,14782,68175
20260211,46.2,49.75,44.3,47.95,34282,161087
20260223,49.45,50.8,47.55,49.55,16073,78840
20260224,48.8,50.3,48.8,49.85,10824,53758
20260225,50,54.8,50,54.8,18038,95634
20260226,56.2,58.6,54.4,55.5,27859,156391
20260302,53,54.9,52.2,52.6,7221,38556
20260303,52.7,53.8,50.4,52,8223,42616
20260304,50.7,52.6,48.9,51.8,6354,32508
20260305,54.8,55.9,52,53.8,10610,57391
20260306,53.2,55.3,52.6,54.4,5306,28809
20260309,49.9,52.1,49.45,51.9,4678,23660
20260310,52.4,53.5,47.45,48.85,12323,61180
20260311,49.15,51,48.85,50.1,4730,23720
20260312,50.1,51.8,49.7,49.7,4971,25196
20260313,49.5,50.9,49.05,50.6,2576,12962
20260316,52,53.2,51,51.5,5381,28081
20260317,53.5,56.6,53.1,56.6,7511,42076
20260318,57.6,59.4,53.5,58.9,24035,137174
20260319,57.7,57.7,56.1,56.5,6857,38970
20260320,58,58.7,53.7,54.2,8123,45294
20260323,52.3,54.9,51.8,53.8,4584,24586
20260324,55.6,55.7,52.1,53.2,3877,20792
20260325,54.8,55.7,54,54.4,3556,19477
20260326,55,55.7,53.6,53.8,3100,16918
20260327,52.9,53.4,50.9,53.3,3478,18123
20260330,52,52.5,50.9,50.9,2691,13808
20260331,50.1,50.4,48.5,48.6,3820,18798
20260401,51,51.5,50.2,50.4,1708,8668
20260402,51.8,52.9,50,50.2,3514,18039
20260407,51.3,54,51,52.8,3432,18163
20260408,54.1,55.2,54.1,54.8,3353,18314
20260409,59,60.2,58.7,60.2,5777,34682
20260410,62.5,63.9,58.5,59.4,15653,95147
20260413,60.9,61.4,58.8,59.8,4709,28355
20260414,62,65.6,61.5,64.1,9475,60366
20260415,68,68.9,62.8,62.9,10697,69796
20260416,62.8,64.3,62.1,63.2,3351,21189
20260417,63.6,64,62.5,62.8,2355,14845
20260420,63.1,63.4,60.5,61.3,4027,24683
20260421,61.5,62.7,60.6,61.3,2264,13907
20260422,61.8,63.6,61.6,63.2,2787,17540
20260423,65,65,59.2,61.1,4336,26740
20260424,62,62.9,60.6,62.4,2472,15333
20260427,62.9,68.6,62.8,68.6,9343,61937
20260428,69.8,73.5,66.7,70.8,22746,162110
20260429,69.7,76.5,68.5,70.6,14446,104789
20260430,70.6,71.6,68.1,68.3,5772,39939
20260504,68.3,69.5,66.3,69.4,4122,28179
20260505,69.4,71.3,69,69.6,2799,19686
20260506,72.2,76.5,72,76.5,6699,50621
20260507,81.1,81.5,74.6,76,13246,101806
20260508,76.2,81.5,75,79.8,9299,72998
20260511,81.5,84.4,75.3,75.5,14230,110545
20260512,76.5,76.8,73.6,74.8,6134,46163
20260513,74,74.7,72.3,73.3,3174,23195
20260514,75.8,79.4,75.8,78.8,7909,61700
20260515,79,79.4,75.4,78.7,6478,50344
20260518,79.2,83.8,78.4,81.2,9838,79604
20260519,81.2,83,80.2,81.8,4932,40161
20260520,82.9,88.3,82.6,84.4,10971,93910
20260521,86,86.5,83.2,83.3,5473,46101
20260522,84.2,86.2,81.9,82.3,5645,47318
20260525,83,83.4,79.7,81.3,5431,44096
20260526,81.5,83.3,80.9,81.6,3111,25544
20260527,84.2,85.4,80.3,81.4,4861,39955
20260528,82.1,84.1,80.8,81.2,4307,35473
20260529,83.5,83.5,80.6,81.5,2981,24346
20260601,81.5,82.2,80.5,81.1,2551,20705
20260602,81.8,84,80.6,84,4334,35788
20260603,84.8,85.2,83.1,83.4,3542,29759
20260604,83.5,86,83.5,83.7,3532,29913
20260605,83.5,83.5,78.1,78.7,5011,39900
20260608,70.9,75,70.9,74.7,3232,23308
20260609,76.8,79.7,76.7,77.8,3318,25913
20260610,76.4,79.3,75.5,75.7,2561,19835
20260611,75.2,76.1,72.4,74.2,2322,17221
20260612,77,77.8,74.6,75,1970,14957
20260615,76.5,77.2,74.8,75.7,2668,20226
20260616,76.6,77.7,74.8,74.8,3712,28201
20260617,70.8,74.3,70.1,74.3,3479,25147
20260618,75.8,76.5,73.8,75,3609,27092
20260622,76.2,82.5,75.5,82.5,7140,57483
20260623,85,85,78.5,78.9,4981,40349
20260624,78.2,81.5,77.5,79.4,2429,19299
20260625,80.6,80.9,77.2,77.8,2268,17812
20260626,77.8,84.7,77.5,80.9,7339,60166
20260629,80.9,83,78.5,81.4,3832,31073
20260630,81.8,85.3,81.8,83.1,5117,42699
20260701,83.5,84,80.6,80.8,2797,22869
20260702,80.1,83.3,79.1,82.7,2038,16476
20260703,82.7,83.8,81.6,82,2995,24812
20260706,82,83.3,79.8,80.1,2990,24240
20260707,79.8,80.9,77.3,77.6,2393,18861
20260708,77.6,78.3,74,74.1,2361,17748
20260709,74.1,77.4,74,75.2,1733,13127
20260713,75.4,76.9,71,71.2,2793,20394
20260714,71.6,72,67.6,70,2443,16950
20260715,70.7,77,70.6,77,3715,27894
20260716,76.2,77,71.6,73.1,4052,29649
20260717,70.1,71.3,67.4,68,3318,22920
20260720,68,68.9,64,65.8,2185,14388
20260721,65.7,67.1,65.7,66.4,1376,9140
20260722,67.7,68.7,67,67.4,1550,10508
20260723,68.1,68.4,66.7,68.3,1054,7116
20260724,68.3,69.3,67.2,67.3,1314,8943
20260727,67.8,67.8,63.1,64.1,2032,13110
20260728,61.8,62,60.2,60.5,1837,11202
20260729,60.6,61.3,56.5,58.3,2841,16443
20260730,57.8,59.2,56.5,57.1,1554,8963
20260731,61.3,61.9,60.4,61.5,1639,10027
20260803,61,65.3,60.5,63.9,1312,8365
20260804,63.5,67.7,63.1,67.7,1543,10242
20260805,69,72.2,68.9,71.7,2732,19429
20260806,71.6,72.7,69.2,72.6,1572,11187
20260807,69.7,69.7,65.8,65.9,4065,27372
20260810,68.5,69.4,67.8,68.5,2028,13914
20260811,68.8,71.3,68.4,70.4,2265,15873
20260812,70.5,72.5,69.5,69.7,1501,10559
20260813,70.7,70.7,69.2,69.3,910,6344
20260814,70.2,70.2,68,68.1,1078,7394
20260817,68.1,68.1,66.3,67.1,1005,6727
20260818,67.3,67.3,65.5,65.6,1019,6728
20260819,64.8,66.2,64.1,65.6,604,3952
20260820,66.2,66.6,65.4,65.9,460,3028
20260821,65.9,67.2,65.4,67.1,494,3303
20260824,66.9,68.2,66.7,66.7,870,5878
20260825,66.7,66.7,65.6,66,566,3732
20260826,66.2,66.8,65.9,66.3,353,2340
20260827,66.9,66.9,65.5,65.5,920,6060
20260828,65.8,65.9,64.4,64.4,1267,8227
20260831,63.9,64.7,63.5,64.7,788,5053
20260901,64.3,65.2,64.3,64.6,554,3590
20260902,65.4,66.3,64.6,66,772,5072
20260903,66,66.5,64,64,849,5518
20260904,64.6,64.9,63.3,64.1,489,3127
20260907,64.3,64.7,63.4,63.4,822,5242
20260908,64.1,64.4,62.2,62.3,966,6074
20260909,62.2,62.3,61.3,62,894,5525
20260910,61.8,62.6,61.4,62.3,655,4066
20260911,61.6,62,61.3,61.7,522,3213
20260914,61.7,61.7,60.6,61.2,515,3150
20260915,61.2,61.4,60.5,60.7,446,2720
20260916,60.8,61.4,60.6,61.2,466,2843
20260917,61.2,61.8,61,61.1,1701,10412
20260918,61.3,62,61.3,61.8,551,3399
20260921,62.7,63.2,61.9,62.8,659,4128
20260922,63.4,63.7,62.3,62.3,645,4064
20260923,62.8,62.8,61.7,61.7,512,3176
20260924,62,63.2,61.5,62.5,783,4904
