# date,open,high,low,close,lot,wan
20250814,155.5,158.5,155,155,2750,42910
20250815,156.5,156.5,153,153.5,1821,28053
20250818,153,154.5,151.5,152.5,2683,40901
20250819,153.5,154,151,152,2373,36208
20250820,155,164,155,157.5,19375,309234
20250821,158,158.5,153.5,153.5,6404,99479
20250822,153.5,153.5,149,149,5806,87118
20250825,152,155,151.5,152.5,4300,65884
20250826,151.5,155,151,154,3473,53294
20250827,155,158,154,157,5110,79880
20250828,157.5,159.5,157,158,3591,56853
20250829,162,164,157.5,158,6146,98405
20250901,158,159,153,153.5,3016,46960
20250902,156,159,152,152.5,2961,45856
20250903,153.5,155,152.5,153.5,1585,24367
20250904,155,156.5,154,155.5,1832,28453
20250905,156,158,155,157.5,2243,35142
20250908,157.5,158.5,156,156.5,2215,34792
20250909,157.5,158,154.5,155.5,2213,34486
20250910,156,156,153,153,2542,39095
20250911,153.5,154.5,149,149,3146,47484
20250912,150,156.5,150,151.5,4684,71854
20250915,152,153,149,149.5,2702,40672
20250916,150.5,150.5,149,150.5,1531,22946
20250917,150.5,153,149.5,149.5,2537,38235
20250918,151,156,149.5,153.5,4373,67359
20250919,168.5,168.5,168.5,168.5,18090,304813
20250922,170,173,165.5,168.5,23659,400106
20250923,172,180,168.5,174,20689,362631
20250924,174,174,167,169.5,8523,144626
20250925,170,170,163.5,164,6068,100780
20250926,166,167.5,156,158,7707,123097
20250930,158,159.5,155.5,158.5,3697,58179
20251001,159,160.5,155,155,3478,54711
20251002,157,157.5,154.5,155,2266,35243
20251003,155,158,154.5,158,2386,37444
20251007,158,161.5,156.5,161.5,3405,54187
20251008,163.5,168,161,168,7717,127055
20251009,168,171,165.5,168.5,6785,114518
20251013,161.5,164.5,160,164,3808,61843
20251014,166,168.5,157,157,4837,78347
20251015,159.5,160.5,157,159,2364,37577
20251016,161,164.5,160.5,161.5,2517,40836
20251017,161.5,165,159,162,2930,47718
20251020,162,167,161,165,3246,53349
20251021,165,169.5,165,167,4941,83057
20251022,166,180.5,166,178,21858,385716
20251023,176.5,177.5,173.5,176.5,9466,165987
20251027,177.5,177.5,171.5,172.5,8547,148305
20251028,173,173,168,168,6462,109396
20251029,173,184.5,173,184.5,16280,296968
20251030,189,191.5,175,176.5,30849,565195
20251031,179,182.5,174,182.5,11243,201220
20251103,181.5,182,178,180,5919,106258
20251104,179,180,173.5,174,7831,137696
20251105,170,174,167.5,172,9326,158783
20251106,174,175.5,170.5,173.5,7865,135978
20251107,172,176,171.5,172.5,3954,68672
20251110,171,171,167,169,4550,76943
20251111,170,172.5,167,167,2887,48934
20251112,168.5,175,167,173,5336,91483
20251113,172.5,174.5,170,171,3702,63621
20251114,168.5,173,167,170,3376,57429
20251117,170,172,167.5,170,2971,50441
20251118,168.5,170,166,166,3827,64084
20251119,165,168,156,159.5,5602,90104
20251120,164,166.5,162.5,165,2678,44112
20251121,160.5,162.5,157.5,159.5,2965,47397
20251124,162,166,158.5,160.5,2459,39692
20251125,163.5,168,163,167.5,2976,49264
20251126,168,172,167,171.5,3603,61194
20251127,171,174,171,172,3147,54234
20251128,172.5,174,170.5,174,2813,48549
20251201,174,175.5,171,172.5,2597,44934
20251202,175,175,172,172,2099,36394
20251203,174.5,174.5,170,170,1749,30030
20251204,172,172,169,169.5,1501,25568
20251205,171,173.5,169,173,1909,32728
20251208,174,175,171.5,172.5,3047,52808
20251209,174,175.5,171,171,2570,44352
20251210,172,176,171,174,3733,64932
20251211,174.5,175,169.5,170.5,3218,55215
20251212,171.5,172.5,170.5,170.5,1294,22153
20251215,168,170.5,167,169.5,1918,32343
20251216,169.5,175,168.5,172,5669,97509
20251217,172.5,174.5,169,169,2956,50776
20251218,169,170.5,167.5,168,1650,27826
20251219,168.5,170,166,166,2260,37827
20251222,167.5,169,165.5,165.5,1783,29735
20251223,166,166.5,164,164,1407,23219
20251224,165,167,164.5,164.5,1246,20627
20251226,166,167,164,165,1150,19013
20251229,166,166.5,164,164.5,1419,23440
20251230,166,169,164.5,168.5,2128,35562
20251231,169,172,168,170.5,2442,41519
20260102,171,174,170,170.5,3299,56763
20260105,172.5,173.5,167.5,168.5,3333,56518
20260106,169.5,175,169.5,171,6778,116961
20260107,173.5,179.5,171.5,177,10981,194434
20260108,178,178.5,170.5,170.5,6825,118611
20260109,170.5,170.5,165.5,167.5,4359,73091
20260112,168.5,172,167.5,170.5,2607,44266
20260113,172,172,167.5,167.5,2266,38330
20260114,169.5,171.5,169,170,1778,30214
20260115,170.5,170.5,167,168,1955,32838
20260116,169,169.5,166,166.5,2329,38870
20260119,166,173.5,164.5,172,5523,94093
20260120,172,173,170,172.5,2702,46414
20260121,172.5,174.5,170,171,3507,60227
20260122,174,175.5,171,172,4018,69656
20260123,173.5,177.5,172,173,5308,92517
20260126,174,175.5,172.5,174.5,2809,48944
20260127,177,179,175,178.5,7613,135065
20260128,180.5,181,175,177,5701,101015
20260129,177,177,171,171.5,4499,77732
20260130,171.5,171.5,165.5,167,4357,72990
20260202,164.5,164.5,158.5,160,4025,64858
20260203,163,164,159.5,161.5,1477,23837
20260204,160.5,163.5,160,163.5,1001,16264
20260205,161.5,166,161,162,1855,30161
20260206,161,161,156.5,160,1839,29185
20260209,160,161.5,156.5,157,3062,48484
20260210,158,169,157.5,169,5622,92708
20260211,162.5,166,161,162,6137,99479
20260223,163.5,167,160,166.5,3807,62238
20260224,165.5,167.5,164.5,166.5,2940,48909
20260225,167,168.5,166,167.5,2803,46857
20260226,168.5,174.5,168,168,6003,102434
20260302,162,167.5,162,166.5,2115,34994
20260303,169.5,174,164,164.5,4833,81022
20260304,163,165,156.5,158,4268,67952
20260305,162,162.5,158,159,2155,34401
20260306,159,160,157.5,158.5,1417,22437
20260309,143,147,143,144,4192,60352
20260310,148,148,144.5,146,1890,27648
20260311,147,154.5,147,154,2423,36638
20260312,153.5,159.5,152,153.5,2281,35312
20260313,152.5,153,150,151.5,1511,22879
20260316,152,156.5,150,155.5,2255,34667
20260317,158,159,155,159,2560,40301
20260318,160,165,157,164,4055,65259
20260319,161,162,160,160.5,1982,31873
20260320,160.5,163.5,157.5,157.5,2320,37109
20260323,152,156.5,151,151,1555,23785
20260324,154.5,154.5,147.5,148,1771,26579
20260325,151,153,150,151.5,884,13379
20260326,151.5,155.5,151,151,2132,32652
20260327,150.5,151.5,147.5,150.5,2022,30215
20260330,148,148,144.5,146.5,2337,34151
20260331,145,147,140,141,2792,39937
20260401,144.5,145.5,143,144.5,1349,19439
20260402,146,147,139,139,1934,27428
20260407,141,142,139,140,1224,17154
20260408,143,151,143,150.5,2357,34726
20260409,150,153,147.5,152,2230,33600
20260410,153,153.5,149.5,149.5,1740,26282
20260413,150,150.5,148.5,149,1407,21037
20260414,151,153,150,153,2248,34167
20260415,154.5,155,149,149.5,3546,53557
20260416,152,159,150.5,156.5,5771,90411
20260417,157,162,155.5,159,5269,84327
20260420,162,174.5,161.5,174.5,14759,251963
20260421,177,182,173.5,180,22511,402292
20260422,179,186,177,179,18286,331723
20260423,182,183,165,168.5,19914,347500
20260424,180,185,177,185,34839,634079
20260427,195,198.5,182.5,186.5,52051,989543
20260428,183,187.5,176,176.5,21136,381310
20260429,175,178.5,168.5,168.5,13626,234451
20260430,170,172.5,167,168,9879,167585
20260504,171.5,172.5,168.5,169,6162,104777
20260505,169.5,181.5,169,177,13266,234273
20260506,180,186,175,181.5,18503,334945
20260507,184.5,187.5,179.5,181,13577,248795
20260508,178.5,185,173,178,10769,193078
20260511,182,195.5,182,195.5,25422,489402
20260512,200.5,210.5,187,208.5,40874,804664
20260513,201.5,204,192,194,21341,418677
20260514,197,200,188.5,198.5,19023,372067
20260515,200,202,188.5,190,17317,337110
20260518,184.5,193.5,177,193,10899,202671
20260519,190,197,186,188.5,10332,197546
20260520,189.5,194,184,189.5,7925,150117
20260521,195.5,208,195,208,25034,505780
20260522,210,216.5,205,211,28366,598248
20260525,218,231,209,218.5,30348,669132
20260526,219.5,219.5,207,208,20600,434622
20260527,213.5,216,201,202.5,16773,348146
20260528,203,210.5,201.5,208.5,16062,332443
20260529,213.5,215.5,206,207,13701,286865
20260601,209.5,214,205,211,11475,240524
20260602,212,217,201,209.5,14575,304068
20260603,211.5,212,203,203,9488,194823
20260604,200.5,201,191.5,191.5,12281,239824
20260605,190.5,195.5,183,192,8742,166247
20260608,173,177.5,173,176,7470,130493
20260609,179,187,175,186,6349,115020
20260610,182,185.5,174,174.5,5692,102200
20260611,174.5,179,172.5,178,5096,89899
20260612,185,191,184,184,4770,89137
20260615,190.5,202,190,202,13753,274017
20260616,202,206,198.5,201,10274,208011
20260617,198.5,204.5,197,202,6145,123245
20260618,203,209.5,201.5,209,9212,190108
20260622,221,229.5,220,229.5,16277,372179
20260623,232.5,245,232,233,31052,736206
20260624,229.5,233,221,230.5,15427,349657
20260625,237,245,224,229,16968,395503
20260626,225.5,225.5,206.5,206.5,14764,313451
20260629,204.5,213,200,210.5,7269,151477
20260630,216.5,216.5,210.5,211,7116,151608
20260701,214.5,221,211,212,8178,176705
20260702,208,225,205.5,224,7773,167623
20260703,220,225,217.5,222.5,6613,146508
20260706,223.5,224,209,211,8262,177451
20260707,212.5,214.5,197.5,199,6520,133248
20260708,211,218.5,210,216,11637,250240
20260709,218.5,220,214,216,7366,159928
20260713,219,220.5,211,213,5197,112160
20260714,212,214,194,207,7975,161724
20260715,210.5,210.5,203.5,207,4955,102473
20260716,206,209,199,203.5,3543,72245
20260717,195,198,183.5,184,7283,137621
20260720,185,186.5,172,182.5,5623,101158
20260721,185.5,195,184,194.5,3523,66957
20260722,199,203,196.5,199,4881,97576
20260723,203.5,204.5,190.5,193,3974,77998
20260724,190,199,189,197.5,4571,88624
20260727,195.5,200.5,192,200.5,5096,100019
20260728,193,194,184,185.5,5741,108762
20260729,172,173,167,167,4556,76471
20260730,160,165,150.5,150.5,11082,171820
20260731,160,162.5,148.5,149.5,19321,295669
20260803,148,163,146.5,160,9454,149350
20260804,160,171,157,166,6345,104375
20260805,172,176.5,170,171.5,5535,95668
20260806,170.5,172.5,165.5,171,3331,56599
20260807,172,175,170,172,3307,57063
20260810,173,180.5,171,178,6270,110699
20260811,176.5,179.5,174,176,3115,54925
20260812,176.5,180,176.5,179,2384,42559
20260813,182,184.5,176.5,177,4085,73348
20260814,178,178.5,173,173.5,2488,43666
20260817,173.5,180,172,177,2490,44122
20260818,177,177.5,169,170.5,2542,43791
20260819,166,175,166,172.5,3152,54216
20260820,175,177.5,168,172,2293,39467
20260821,172,172.5,168.5,169.5,1375,23365
20260824,170.5,176,168,170,1653,28474
20260825,170,172,166.5,172,1130,19088
20260826,172.5,183,171.5,180.5,3542,63212
20260827,181.5,182.5,176.5,176.5,1945,34739
20260828,179,184,178,180.5,2657,48097
20260831,177,178,172.5,175,2225,38842
20260901,177.5,187.5,177.5,183.5,6122,112783
20260902,183.5,186,182,184.5,2910,53557
20260903,186.5,187.5,179,180,2519,45921
20260904,183.5,184.5,177.5,179.5,1471,26491
20260907,182.5,182.5,177,179,1565,28174
20260908,182,183,174.5,175,2838,50286
20260909,177,179.5,175.5,176.5,1936,34296
20260910,176,181,175.5,179,2116,37809
20260911,175,176,169.5,169.5,3567,61163
20260914,167,176,165,172.5,2898,49963
20260915,172.5,172.5,169,170,1298,22170
20260916,170.5,174.5,170.5,173.5,1180,20399
20260917,175,182,175,179,3655,65490
20260918,184,193,182.5,190.5,9198,173290
20260921,194.5,194.5,190,191,4394,84439
20260922,196,210,195.5,203,15188,311140
20260923,203,209,201,204,7476,152907
