# date,open,high,low,close,lot,wan
20250814,140,144.5,137.5,138,31770,445241
20250815,139.5,142,135,135.5,29696,408349
20250818,134,142.5,134,142,53936,757444
20250819,144,145.5,138.5,139,32550,459390
20250820,137,139,133,133.5,28474,382747
20250821,132.5,135.5,132.5,133.5,18225,243347
20250822,134,135.5,132.5,135,12823,172168
20250825,138,140.5,138,140,26239,365466
20250826,141,146,140,142,55622,795902
20250827,145.5,152,145,152,78876,1178965
20250828,151.5,153.5,147,150,56299,847073
20250829,152.5,153.5,144.5,144.5,45479,670838
20250901,143.5,144,133,134.5,45628,625410
20250902,135,135.5,129.5,131,30783,405219
20250903,132,133,131,132.5,15310,202330
20250904,134.5,135.5,132,133.5,18639,249570
20250905,136,137.5,133,134,16039,216539
20250908,135,135.5,130.5,133.5,18120,240541
20250909,135,136,133.5,135,9787,131807
20250910,137,143,135,141.5,34188,479142
20250911,144.5,146.5,141.5,142.5,36646,526675
20250912,145.5,147.5,143.5,144.5,29762,433493
20250915,145.5,145.5,141.5,142,12585,179796
20250916,144,153,142.5,152,64157,963789
20250917,152,152,147,147.5,22732,338004
20250918,150,150,145,148.5,27919,411713
20250919,155,161.5,154.5,157.5,77040,1220047
20250922,159,159.5,156.5,158.5,28068,444346
20250923,160,165,159,159,49228,794530
20250924,159.5,160,154.5,157,22248,348431
20250925,156.5,159.5,155,157,18733,296109
20250926,155.5,156.5,148,149,22664,341042
20250930,152.5,153,150.5,151.5,12365,187804
20251001,153,159.5,152,155,19127,299087
20251002,157,157.5,151,153,19461,299581
20251003,154,157,153,156,18510,287468
20251007,160,161,157,158,18875,299795
20251008,156,160.5,154,160,15608,246349
20251009,161,167.5,160.5,161,49101,803436
20251013,151,154.5,150.5,153.5,31539,480457
20251014,155.5,157.5,146,146,24470,367858
20251015,148.5,159.5,148.5,158.5,40886,637620
20251016,160,168,160,165.5,66718,1099141
20251017,165.5,166,160.5,160.5,24088,391426
20251020,163,163.5,158.5,160,16913,270589
20251021,161,163,159.5,160,18055,291115
20251022,160.5,162,157.5,159,13393,213305
20251023,157.5,160,155,156,14104,221536
20251027,161.5,165.5,161,163.5,27029,441862
20251028,163,163.5,158,162.5,17893,289209
20251029,164.5,167,162,166,22661,374160
20251030,168,169,159,160,23974,390637
20251031,161.5,169,160.5,163.5,20578,339448
20251103,168,179.5,167,178.5,90229,1603536
20251104,177,177.5,168,168.5,52987,909107
20251105,163.5,166,161,164,31268,510245
20251106,167.5,167.5,162,165.5,20317,333783
20251107,164,166,160,161.5,13677,221080
20251110,162.5,166.5,158,164.5,23211,378349
20251111,166,170,164,166.5,17169,287258
20251112,168,173,167,167.5,16833,285217
20251113,170.5,180,170,178.5,48910,864251
20251114,172.5,175.5,168.5,171.5,23312,401269
20251117,174,177,167.5,167.5,19687,337369
20251118,167.5,179,167.5,170,50213,870421
20251119,164,165.5,160,160.5,38610,625398
20251120,166.5,175,166.5,171.5,28955,494711
20251121,163.5,165.5,158,160,34009,548924
20251124,163,164,157.5,164,25032,402892
20251125,168,178,166.5,176,45898,790320
20251126,175,183,174,178.5,51503,921245
20251127,179,189.5,178,187,55319,1023404
20251128,187.5,188,184,186.5,20954,390856
20251201,190,201,190,197,71600,1412861
20251202,200,204,194.5,196,43928,871009
20251203,197,203,195,196.5,30774,609764
20251204,197,204,197,198.5,34051,682105
20251205,202.5,218,201.5,215,80682,1696129
20251208,215.5,224,212,220.5,53880,1183103
20251209,221.5,234,221.5,226,72841,1659060
20251210,227.5,230,222.5,227.5,36725,831252
20251211,230,235,224.5,225,36200,830143
20251212,228,229.5,222,225,19839,444810
20251215,220,224.5,219.5,221.5,12348,273757
20251216,220,221,211.5,214,23424,504631
20251217,220,221,211.5,212,21115,453046
20251218,209,213,204.5,207,18716,389494
20251219,211,216.5,209,215,26149,560290
20251222,219.5,221,213,220.5,25049,546185
20251223,220,220,214.5,215.5,15591,337825
20251224,218.5,220.5,215,217,13473,293158
20251226,218.5,224,216.5,220.5,16204,359252
20251229,222.5,222.5,217.5,220.5,11127,245132
20251230,221.5,224,218,219.5,11168,246536
20251231,220,223.5,219,220,12817,283677
20260102,222.5,225,216,219,21511,472674
20260105,223,233,221,230,49165,1119666
20260106,231,235.5,228,230.5,26341,607968
20260107,232.5,244.5,225.5,226,59271,1387652
20260108,224,230,219.5,227.5,23871,537923
20260109,229,229.5,221.5,225.5,19386,437118
20260112,234.5,246,234.5,243.5,41637,1005750
20260113,246.5,257,242.5,254,56505,1429171
20260114,255.5,256,245.5,250,30300,757635
20260115,250,257.5,245.5,249.5,30354,761158
20260116,253,274,247,274,74017,1974497
20260119,278,301,274.5,301,76309,2227879
20260120,297,318,295.5,308,117003,3597642
20260121,312.5,328,310.5,321,78718,2531809
20260122,335.5,343,325,327,63876,2125529
20260123,327.5,340,327.5,339,45013,1505872
20260126,333.5,335,318,333,43059,1414089
20260127,333.5,363,329,354,68458,2397918
20260128,356.5,370,355,367.5,45778,1668154
20260129,365,365,334.5,344.5,59291,2055831
20260130,347.5,378.5,343,378.5,76991,2789993
20260202,375,377,355,365,88668,3253925
20260203,384.5,397.5,375,385,68774,2658388
20260204,371,401,370,388,101587,3952627
20260205,380.5,385,361.5,365.5,72224,2669023
20260206,336,347.5,329,340,68396,2310867
20260209,355,358,332.5,347.5,80609,2793795
20260210,356,381.5,351,371.5,63529,2352578
20260211,371.5,379.5,366.5,369,46908,1747284
20260223,387,405.5,387,405.5,51972,2082002
20260224,410.5,446,408,446,85970,3714907
20260225,454.5,463,438,458.5,77302,3496748
20260226,458,484.5,436,481.5,85577,3959401
20260302,463.5,504,463.5,481,77111,3773497
20260303,477,493.5,457,463,18316,861652
20260304,440,440,417,417,27313,1154078
20260305,450.5,450.5,417,450,18584,818124
20260306,442.5,450.5,430.5,432,13951,617070
20260309,389,391.5,389,389,16082,626204
20260310,410,427.5,410,424,15567,650328
20260311,446.5,466,445,466,15140,696017
20260312,466.5,486,461,480,15311,725451
20260313,468,509,468,508,21132,1046440
20260316,519,550,505,549,17800,943243
20260317,571,594,524,543,62525,3512275
20260318,550,591,539,580,50603,2879192
20260319,564,590,564,581,9691,562560
20260320,577,577,533,554,9060,498286
20260323,501,512,499,499,8937,449098
20260324,510,510,449.5,460,10318,469822
20260325,487.5,506,487.5,506,5287,266241
20260326,510,538,500,502,8065,419212
20260327,473,505,473,505,5779,285446
20260330,485,496,473.5,493.5,5105,247151
20260331,479,479,444.5,444.5,10008,451784
20260401,484,488.5,477,488.5,8026,386612
20260402,535,537,515,519,49201,2595722
20260407,546,570,545,564,36593,2057824
20260408,606,620,597,620,40382,2484545
20260409,624,655,614,625,43182,2728652
20260410,641,660,620,638,31036,1985021
20260413,635,648,624,626,58281,3681775
20260414,630,630,592,597,10850,648713
20260415,600,629,600,618,8044,495938
20260416,620,646,606,645,7014,442416
20260417,640,645,633,643,4621,295984
20260420,644,707,644,678,9523,649638
20260421,710,715,700,710,8276,586068
20260422,718,730,711,716,4692,337792
20260423,726,749,660,728,8319,584771
20260424,775,790,760,790,9904,767581
20260427,835,839,790,839,8269,675186
20260428,864,886,822,825,40694,3454738
20260429,805,832,782,803,33105,2665256
20260430,828,883,815,883,34453,2961404
20260504,912,920,862,911,43775,3949773
20260505,899,948,893,903,28446,2587478
20260506,908,928,846,858,44744,3923964
20260507,875,905,862,896,26519,2348016
20260508,871,872,808,818,36010,3017471
20260511,830,889,822,861,28324,2446528
20260512,904,926,872,875,30082,2702259
20260513,853,903,853,892,26723,2358500
20260514,910,918,879,881,29925,2691715
20260515,901,902,814,821,31600,2666351
20260518,791,818,776,816,21414,1708270
20260519,821,860,808,818,23542,1957199
20260520,819,830,793,823,21306,1736900
20260521,870,905,868,905,32619,2909684
20260522,932,986,931,970,42133,4044252
20260525,1020,1030,978,990,24465,2445662
20260526,992,1085,989,1085,34270,3560157
20260527,1105,1110,1045,1080,27365,2965762
20260528,1125,1130,1000,1025,25167,2658731
20260529,1090,1095,1035,1055,21107,2225448
20260601,1070,1100,1025,1050,19128,2029694
20260602,1050,1050,950,975,29361,2886833
20260603,976,1010,964,1000,19513,1936184
20260604,977,1005,970,971,13761,1351244
20260605,950,969,890,933,26077,2431007
20260608,840,925,840,911,25312,2244843
20260609,950,972,920,969,23270,2206135
20260610,938,960,875,884,26495,2425487
20260611,884,906,811,854,27061,2315099
20260612,922,930,890,902,15944,1448351
20260615,948,961,920,960,16599,1571463
20260616,986,1005,965,981,20022,1970866
20260617,970,1010,965,988,18169,1792559
20260618,1000,1005,965,968,21006,2053087
20260622,999,1055,992,1005,27784,2837213
20260623,1000,1075,974,974,26622,2701409
20260624,938,952,916,931,27123,2533194
20260625,949,1020,944,1020,34425,3437043
20260626,1000,1090,964,975,77950,7998713
20260629,999,1010,950,976,28369,2787451
20260630,1015,1070,1010,1070,33862,3559295
20260701,1085,1115,1035,1040,33358,3584723
20260702,998,1015,978,979,28769,2841782
20260703,945,982,926,969,19183,1834732
20260706,972,972,897,917,24879,2319264
20260707,880,901,836,840,44703,3898721
20260708,856,882,843,863,33631,2904939
20260709,890,925,867,875,33402,2993710
20260713,921,948,892,903,33722,3104594
20260714,896,914,826,874,28346,2456429
20260715,882,960,870,936,37778,3492284
20260716,911,915,872,882,27975,2494412
20260717,809,842,794,794,30076,2429466
20260720,778,812,747,750,30662,2351477
20260721,785,825,775,825,18816,1532903
20260722,876,907,876,907,25034,2240082
20260723,915,918,872,896,27135,2430750
20260724,880,892,825,839,19813,1695512
20260727,850,854,804,848,15654,1297938
20260728,791,792,764,764,18183,1406604
20260729,785,786,688,688,30987,2208935
20260730,670,756,653,716,51045,3722031
20260731,787,787,787,787,3163,248948
20260803,842,865,842,865,22551,1935872
20260804,878,948,873,924,54033,4920131
20260805,1005,1010,962,969,44515,4412192
20260806,958,995,928,973,25818,2488714
20260807,986,999,942,955,21596,2087059
20260810,979,995,976,992,7464,736923
20260811,988,995,972,992,5181,510129
20260812,999,1010,990,1000,8197,818997
20260813,1045,1045,976,1000,8900,894535
20260814,1020,1025,995,1020,9635,977300
20260817,1045,1120,1035,1120,53835,5985094
20260818,1130,1200,1115,1145,38562,4433490
20260819,1110,1165,1085,1130,24497,2740278
20260820,1165,1165,1085,1140,16346,1845542
20260821,1120,1120,1030,1085,23203,2474129
20260824,1100,1120,1065,1075,10752,1170423
20260825,1070,1095,1030,1095,15158,1603700
20260826,1090,1180,1080,1160,22927,2598219
20260827,1170,1205,1150,1180,24046,2837405
20260828,1200,1230,1070,1110,28941,3369984
20260831,999,999,999,999,5892,588620
20260901,921,994,911,971,94480,9023593
20260902,955,988,948,973,26059,2525005
20260903,997,1005,923,923,33450,3182313
20260904,930,940,873,902,40891,3670662
20260907,939,965,911,949,22188,2089161
20260908,964,975,939,954,17812,1704212
20260909,980,1005,980,993,21333,2116883
20260910,993,1005,966,994,19157,1883557
20260911,969,990,958,977,11446,1117778
20260914,947,979,932,970,13143,1251215
20260915,969,986,951,951,9647,935214
20260916,961,971,940,961,11860,1133475
20260917,979,993,940,940,16743,1613728
20260918,973,990,971,981,14577,1430618
20260921,999,1055,999,1020,17462,1793867
