# date,open,high,low,close,lot,wan
20250814,22.2,22.5,22.05,22.45,230,514
20250815,22.45,22.45,22.15,22.3,147,328
20250818,22.2,22.55,22,22.25,390,867
20250819,22.25,22.5,22,22.3,318,705
20250820,22.3,22.3,21.85,22.05,222,490
20250821,22.05,22.3,22.05,22.2,221,490
20250822,22.2,22.25,22.05,22.15,100,221
20250825,22.25,22.35,21.95,22,257,569
20250826,22,22,21.5,21.6,440,955
20250827,21.5,21.9,21.5,21.7,323,700
20250828,21.7,21.9,21.65,21.75,198,431
20250829,22,22,21.8,21.8,163,356
20250901,21.9,21.9,21.35,21.45,402,867
20250902,21.55,21.6,21.1,21.35,157,336
20250903,21.35,21.55,21.35,21.4,72,155
20250904,21.5,21.75,21.5,21.65,142,306
20250905,21.75,21.75,21.45,21.7,167,360
20250908,21.7,21.95,21.7,21.75,192,420
20250909,21.75,22.35,21.75,22.05,461,1013
20250910,22.05,22.05,21.7,21.7,192,419
20250911,21.8,21.8,20.85,20.85,494,1047
20250912,20.9,21.2,20.9,21,149,315
20250915,21,21.35,20.95,20.95,146,307
20250916,21.05,21.8,21.05,21.6,242,521
20250917,21.6,22.15,21.55,21.9,296,648
20250918,22.1,22.6,22,22.45,562,1260
20250919,22.5,22.5,22.1,22.15,226,500
20250922,22.2,22.25,22,22.1,167,369
20250923,22.1,22.3,21.7,21.85,329,721
20250924,21.85,22,21.45,21.65,370,800
20250925,21.65,22.4,21.65,21.95,328,724
20250926,21.95,21.95,21.55,21.8,253,549
20250930,21.7,21.95,21.7,21.9,78,169
20251001,21.9,22,21.75,21.85,262,574
20251002,21.8,21.85,21.55,21.7,161,349
20251003,21.7,21.7,21.35,21.4,167,359
20251007,21.45,21.8,21.4,21.6,348,753
20251008,21.6,22.05,21.4,21.9,253,553
20251009,21.85,21.85,21.45,21.55,164,354
20251013,21.35,21.35,20.4,20.6,589,1218
20251014,20.65,21,20.4,20.4,310,641
20251015,20.45,20.45,20.2,20.3,224,455
20251016,20.15,20.6,20.15,20.2,238,482
20251017,20.15,20.5,20.15,20.2,134,271
20251020,20.15,20.4,20.15,20.2,188,381
20251021,20.4,20.6,20.35,20.4,246,504
20251022,20.6,20.75,20.45,20.65,195,402
20251023,20.65,20.95,20.65,20.9,234,488
20251027,20.95,21.4,20.8,21.2,279,587
20251028,21.25,21.25,20.95,21.1,134,282
20251029,21.1,21.2,20.75,21.05,234,490
20251030,20.8,21.05,20.8,20.9,224,469
20251031,21,21,20.6,20.65,169,349
20251103,20.65,20.75,20.5,20.55,134,276
20251104,20.55,20.7,20.35,20.4,229,469
20251105,20.35,20.35,19.9,20,277,556
20251106,20,20.8,20,20.65,313,638
20251107,20.75,21.2,20.65,20.8,265,553
20251110,20.8,20.85,20.55,20.55,145,299
20251111,20.6,20.9,20.6,20.75,242,502
20251112,20.8,21.2,20.8,21.05,338,711
20251113,21.15,21.45,21.15,21.3,224,478
20251114,21.15,21.4,20.95,21.05,243,514
20251117,21.05,21.05,20.35,20.5,323,664
20251118,20.3,20.4,20.1,20.3,154,312
20251119,20.3,20.35,20.1,20.15,138,278
20251120,20.4,20.5,20.2,20.2,180,364
20251121,20.3,20.3,19.9,20.15,138,276
20251124,20.35,20.35,19.9,20.1,153,306
20251125,20.1,20.4,20.05,20.3,125,254
20251126,20.4,20.8,20.4,20.6,172,356
20251127,20.65,20.8,20.6,20.7,72,150
20251128,20.75,21,20.75,20.85,153,320
20251201,20.8,20.8,20.4,20.7,172,355
20251202,20.6,20.75,20.5,20.55,110,226
20251203,20.55,21,20.55,20.85,155,321
20251204,20.8,20.95,20.7,20.8,221,461
20251205,20.7,20.85,20.5,20.55,147,303
20251208,20.6,20.85,20.55,20.75,233,483
20251209,20.7,20.9,20.45,20.6,317,654
20251210,20.6,20.75,20.45,20.5,157,321
20251211,20.45,20.6,20.25,20.35,265,540
20251212,21.6,22.35,21.6,22.35,1245,2767
20251215,22.9,24,22.8,23.35,3803,8933
20251216,23,23.15,22.45,22.8,914,2076
20251217,22.95,23.45,22.8,23.15,704,1628
20251218,22.75,23,22.7,23,425,973
20251219,23.05,23.05,22.8,22.95,415,953
20251222,23.05,23.35,22.95,23.15,529,1225
20251223,23.25,23.7,23.2,23.65,724,1703
20251224,23.75,24.2,23.25,23.45,783,1857
20251226,23.45,23.65,23.3,23.5,463,1087
20251229,23.5,23.7,23.4,23.5,394,929
20251230,23.5,23.6,23.15,23.35,675,1574
20251231,23.45,23.65,23.3,23.35,426,1000
20260102,23.3,23.6,23.3,23.6,232,544
20260105,23.6,23.6,23,23,392,908
20260106,23,24,22.95,23.7,865,2047
20260107,23.9,24.15,23.8,24,425,1018
20260108,24,24,23.35,23.4,340,801
20260109,23.3,23.4,23,23.2,233,541
20260112,23.25,23.4,23.2,23.4,187,435
20260113,23.4,23.95,23.3,23.95,319,754
20260114,24,24.15,23.85,23.95,544,1308
20260115,24.1,24.1,23.8,24.05,218,521
20260116,24.05,24.15,23.8,24,347,831
20260119,24.1,24.75,23.8,24.15,861,2101
20260120,24.2,24.2,23.9,24.1,241,580
20260121,24.15,24.2,23.9,24.05,344,827
20260122,24.05,24.3,24,24.1,404,975
20260123,24.1,24.3,24.05,24.2,515,1242
20260126,24.3,24.35,23.95,24.3,342,827
20260127,24.35,24.7,24.2,24.3,844,2064
20260128,24.3,24.3,23.8,23.9,488,1170
20260129,23.8,23.95,23.75,23.8,308,734
20260130,23.65,23.75,23,23.45,418,976
20260202,23.45,23.5,23.15,23.3,204,476
20260203,23.45,23.75,23.2,23.4,235,547
20260204,23.3,23.75,23.3,23.7,208,491
20260205,23.6,23.9,23.6,23.8,202,480
20260206,23.7,23.8,23,23,497,1157
20260209,23.05,23.5,22.85,23.1,406,935
20260210,23.1,23.5,23,23.5,365,846
20260211,23.5,23.5,22.45,22.75,618,1401
20260223,22.75,22.95,22.5,22.75,251,569
20260224,22.75,22.9,22.55,22.75,441,1001
20260225,23,23.15,22.75,23.15,363,835
20260226,23.2,23.35,23.1,23.25,238,554
20260302,23.4,23.4,23,23.05,230,533
20260303,22.9,23,22.35,22.4,386,870
20260304,22.2,22.2,21.25,21.3,431,933
20260305,21.85,22.5,21.85,22.35,289,643
20260306,22.1,22.7,22.05,22.7,175,392
20260309,22.1,22.1,21.7,21.85,314,688
20260310,22.7,22.7,22,22.15,194,431
20260311,22.2,22.8,22.2,22.75,177,401
20260312,22.7,23.1,22.6,22.8,288,658
20260313,22.8,23.2,22.7,23.1,317,728
20260316,23.2,23.25,22.95,22.95,408,940
20260317,23,23.25,22.95,23.2,601,1390
20260318,23.4,23.65,23.2,23.5,697,1631
20260319,22,22.25,21.65,22,287,634
20260320,21.85,22.05,21.65,21.65,239,520
20260323,21.3,21.35,21.05,21.1,244,517
20260324,21.25,21.25,20.65,20.95,272,569
20260325,21.05,21.1,20.85,20.9,183,383
20260326,21.1,21.1,20.9,20.9,152,319
20260327,20.9,20.9,20.5,20.75,145,299
20260330,20.55,20.55,20.3,20.3,177,361
20260331,20.3,20.6,20.05,20.05,251,508
20260401,20.35,20.6,20.25,20.25,207,422
20260402,20.35,20.6,20.25,20.5,93,191
20260407,20.5,20.75,20.2,20.2,272,555
20260408,20.45,20.75,20.4,20.75,299,616
20260409,20.75,20.75,20.4,20.45,221,452
20260410,20.45,20.95,20.45,20.6,201,415
20260413,20.6,20.65,20.45,20.6,143,293
20260414,22.2,22.65,21.95,22.65,1159,2611
20260415,22.8,23.05,22.1,22.95,1858,4232
20260416,23.3,24.15,23.2,23.3,1656,3902
20260417,23.4,23.8,23.3,23.4,749,1760
20260420,23.6,23.75,23.4,23.55,660,1553
20260421,23.65,23.65,23.15,23.2,570,1327
20260422,23.5,23.7,23.25,23.65,573,1347
20260423,23.8,23.8,22.65,23.05,745,1721
20260424,22.9,23.1,22.5,22.75,479,1090
20260427,22.75,22.75,22.2,22.7,367,824
20260428,22.85,22.95,22.5,22.95,235,535
20260429,22.95,23.1,22.75,22.95,192,440
20260430,23.2,23.2,22.85,22.9,306,702
20260504,22.8,23.2,22.8,23.05,291,670
20260505,23,23.25,23,23.25,357,827
20260506,23.3,23.45,23.1,23.2,477,1110
20260507,23.2,23.4,23.05,23.3,402,933
20260508,23.25,23.3,22.75,22.85,405,931
20260511,22.8,22.85,22.4,22.5,484,1092
20260512,22.5,22.6,22.25,22.45,335,751
20260513,22.3,22.6,22.1,22.6,358,800
20260514,22.5,23.05,22.5,23.05,384,878
20260515,23.1,23.25,22.4,22.5,560,1277
20260518,22.5,22.5,22.1,22.4,233,519
20260519,22.5,22.55,22,22.05,362,805
20260520,22.05,22.35,21.85,22.2,317,703
20260521,22.35,22.65,22,22.55,303,681
20260522,22.5,23.2,22.4,23.15,627,1434
20260525,23.25,23.65,23.15,23.5,835,1954
20260526,23.65,23.65,23.15,23.45,486,1132
20260527,23.4,23.6,23.05,23.25,472,1102
20260528,23.25,23.65,23.15,23.3,525,1229
20260529,23.6,23.85,23.1,23.2,516,1211
20260601,23.3,24.3,23.25,23.8,1094,2606
20260602,24,24.15,23.3,23.8,754,1778
20260603,23.75,25.2,23.75,25.2,1647,4073
20260604,25.05,25.4,24.7,25.15,991,2475
20260605,25,25,24.1,24.1,607,1472
20260608,23,23.9,22.6,23.6,530,1226
20260609,23.2,23.9,23.2,23.45,308,727
20260610,23.25,23.65,22.7,22.85,503,1161
20260611,22.65,22.8,22.2,22.5,371,832
20260612,22.65,22.9,22.55,22.55,218,493
20260615,22.9,23.4,22.8,23.15,370,855
20260616,23.3,23.3,22.75,22.85,192,439
20260617,22.85,23.35,22.85,23.05,160,370
20260618,23.3,23.3,22.65,22.85,318,726
20260622,22.9,23.35,22.85,22.95,444,1023
20260623,23.05,23.15,22.7,22.8,253,578
20260624,22.5,22.85,22.25,22.5,386,868
20260625,22.5,22.7,22.2,22.3,197,442
20260626,22.3,22.3,21.75,21.8,388,851
20260629,21.6,22,21.45,21.8,250,545
20260630,21.75,22.1,21.7,22.1,95,209
20260701,22.15,22.3,21.65,21.7,281,613
20260702,21.75,22.2,21.5,22.2,236,518
20260703,22.2,22.5,22.2,22.45,197,441
20260706,22.55,23,22.55,22.8,337,769
20260707,22.95,23,22.2,22.25,241,543
20260708,22.25,22.3,21.85,22.05,226,497
20260709,22.05,22.05,21.85,21.85,141,308
20260713,22,22,21.25,21.3,247,531
20260714,21.25,21.25,20.3,20.85,456,944
20260715,20.85,21.25,20.85,21.25,242,510
20260716,21.4,21.4,20.95,21.1,130,275
20260717,20.8,21,20.5,20.55,308,638
20260720,20.6,20.8,20.3,20.5,246,505
20260721,20.65,20.85,20.55,20.7,116,241
20260722,21,21,20.75,20.8,133,277
20260723,20.8,20.9,20.45,20.65,181,375
20260724,20.65,20.75,20.45,20.65,124,256
20260727,20.65,20.75,20.4,20.55,137,281
20260728,20.4,20.4,20.05,20.15,335,677
20260729,20.35,20.5,19.5,19.9,521,1039
20260730,19.9,20.1,19.7,19.85,241,481
20260731,20,20.8,20,20.8,312,641
20260803,20.7,20.95,20.6,20.9,225,469
20260804,20.7,20.85,20.65,20.85,117,243
20260805,20.9,21.05,20.8,20.85,220,460
20260806,20.8,21.1,20.75,20.95,204,426
20260807,20.95,21.3,20.8,20.8,250,524
20260810,20.9,20.9,20.65,20.7,119,246
20260811,20.6,20.7,20.4,20.5,183,376
20260812,20.6,20.6,20.4,20.5,159,325
20260813,20.55,20.6,20.45,20.5,201,413
20260814,20.45,20.65,20.35,20.65,214,438
20260817,20.65,20.65,20.5,20.5,78,160
20260818,20.5,20.5,20.3,20.4,115,235
20260819,20.35,20.55,20.25,20.35,119,243
20260820,20.5,20.55,20.35,20.5,143,292
20260821,20.45,20.65,20.4,20.6,100,206
20260824,20.4,20.6,20.4,20.6,50,103
20260825,20.5,20.5,20.35,20.45,77,158
20260826,20.45,20.5,20.3,20.35,117,239
20260827,20.35,20.55,20.35,20.55,91,186
20260828,20.55,20.55,20.1,20.15,397,806
20260831,20.05,20.25,20.05,20.2,172,345
20260901,20.2,20.3,20.05,20.2,144,290
20260902,20.05,20.2,20.05,20.2,103,207
20260903,20.3,20.3,20,20.05,148,298
20260904,20.2,20.2,20,20.1,119,238
20260907,20.15,20.25,20,20.1,223,449
20260908,20.1,20.35,19.95,20,247,495
20260909,20,20.1,19.8,20,349,695
20260910,19.95,20.1,19.9,20.1,307,613
20260911,20.05,20.1,19.9,20,351,700
20260914,20,20.1,19.9,20.05,100,200
20260915,20.05,20.1,20,20.05,62,125
20260916,20.2,20.2,20,20.1,89,178
20260917,20.25,20.4,20.25,20.4,182,370
20260918,20.65,20.7,20.3,20.3,243,498
