# date,open,high,low,close,lot,wan
20250814,10.25,10.25,9.7,9.85,1029,1025
20250815,9.85,9.89,9.66,9.7,532,518
20250818,9.7,9.81,9.65,9.8,320,311
20250819,9.8,9.8,9.65,9.71,196,190
20250820,9.71,9.79,9.6,9.6,267,258
20250821,9.72,9.91,9.61,9.81,298,291
20250822,9.88,9.88,9.71,9.71,114,111
20250825,9.74,9.74,9.67,9.7,111,108
20250826,9.68,9.79,9.61,9.7,108,104
20250827,9.7,10.35,9.7,9.92,240,239
20250828,9.96,10,9.82,9.83,83,82
20250829,9.83,9.85,9.8,9.83,103,101
20250901,9.82,9.85,9.63,9.69,98,96
20250902,9.69,9.75,9.6,9.62,141,136
20250903,9.62,9.7,9.62,9.7,97,94
20250904,9.7,9.76,9.65,9.65,81,79
20250905,9.65,9.68,9.64,9.65,76,74
20250908,9.66,9.66,9.59,9.66,107,103
20250909,9.66,9.68,9.56,9.68,104,99
20250910,9.56,9.57,9.54,9.55,133,127
20250911,9.71,9.71,9.46,9.46,141,134
20250912,9.46,9.52,9.21,9.25,405,378
20250915,9.21,9.21,8.94,9.01,334,301
20250916,9.22,9.91,9.04,9.9,640,622
20250917,9.9,9.9,9.56,9.58,387,376
20250918,9.58,9.75,9.5,9.72,151,145
20250919,9.51,9.65,9.51,9.53,155,149
20250922,9.54,9.66,9.52,9.54,165,158
20250923,9.54,9.62,9.49,9.51,187,179
20250924,9.47,9.5,9.3,9.32,235,220
20251007,14,14.4,13.5,13.85,351,485
20251008,13.85,13.85,13,13.2,335,446
20251009,13.1,13.35,13.1,13.1,108,143
20251013,12.6,12.65,12.1,12.65,204,253
20251014,12.8,12.85,12.3,12.4,118,148
20251015,12.35,12.7,12.3,12.45,113,142
20251016,12.7,12.7,12.45,12.55,56,71
20251017,12.5,12.55,12.4,12.55,64,80
20251020,12.5,12.75,12.5,12.7,153,193
20251021,12.7,13.25,12.55,12.85,111,144
20251022,12.95,12.95,12.75,12.85,53,68
20251023,12.75,12.85,12.7,12.75,50,64
20251027,12.75,12.75,12.55,12.6,53,66
20251028,12.5,12.65,12.5,12.55,69,86
20251029,12.6,12.7,12.55,12.55,32,40
20251030,12.55,12.6,12.45,12.55,85,106
20251031,12.8,12.8,12.45,12.7,64,80
20251103,12.7,12.7,12.35,12.35,68,84
20251104,12.35,12.35,12.1,12.35,81,100
20251105,12.2,12.2,12,12.05,57,69
20251106,12.1,12.15,12.05,12.15,52,63
20251107,12.05,12.05,11.95,11.95,91,109
20251110,12.1,12.75,11.75,12.75,216,263
20251111,13,14,12.8,14,352,481
20251112,15.4,15.4,14.9,15.4,1079,1653
20251113,16,16.9,15.7,16.9,1998,3321
20251114,16.7,16.75,15.85,16.15,1005,1641
20251117,16.05,16.05,15,15,588,904
20251118,15.05,15.7,14.8,15.1,352,535
20251119,15,15.1,14.25,14.3,233,340
20251120,14,14.9,14,14.15,233,334
20251121,14.1,14.1,13.5,13.8,215,296
20251124,13.8,13.8,13.5,13.55,94,129
20251125,13.85,14.2,13.55,14,119,165
20251126,13.7,14,13.6,13.7,139,192
20251127,13.8,15.05,13.6,15.05,294,425
20251128,15.1,16.1,14.5,15.7,594,923
20251201,15.15,15.8,14.8,15,272,411
20251202,14.8,14.85,14.4,14.55,183,267
20251203,14.6,14.85,14.6,14.65,64,94
20251204,14.75,15.25,14.65,14.95,122,182
20251205,15,15.1,14.8,14.95,68,102
20251208,14.95,15,14.65,14.7,99,146
20251209,14.7,16.1,14.5,15.45,361,554
20251210,15.65,16.8,15.4,16.3,912,1479
20251211,16.3,16.35,15.7,15.8,413,659
20251212,15.9,15.9,15.35,15.6,200,312
20251215,15.9,16.15,15.35,15.8,198,315
20251216,15.8,16,15.3,16,208,327
20251217,16,16.05,15.8,15.8,104,165
20251218,15.6,17.35,15.55,17.35,1345,2302
20251219,17.95,19.05,17.95,19.05,2015,3762
20251222,19,20.95,18.2,20.95,3520,7020
20251223,22.5,22.5,20.5,20.7,2236,4723
20251224,20.75,22,19.85,22,2290,4756
20251226,22.4,22.45,21.05,21.5,1637,3541
20251229,21.5,21.85,20.65,20.85,1211,2549
20251230,21.25,21.5,20.25,21.25,945,1978
20251231,20.85,21.5,20.85,20.95,826,1746
20260102,20.45,21.25,20.4,21.05,690,1442
20260105,21.1,23.15,21.1,23.15,1814,4143
20260106,24.75,25.2,22.25,23.9,3381,8047
20260107,23.35,23.9,22.8,22.9,1212,2796
20260108,23.2,23.25,22.2,22.65,852,1942
20260109,22.65,22.65,20.4,21.25,1202,2555
20260112,19.15,20,19.15,19.45,1682,3267
20260113,19.8,19.9,19.15,19.2,753,1458
20260114,19,19.65,19,19.35,445,864
20260115,19.3,19.6,18.8,19.5,758,1448
20260116,19.3,19.65,18.8,18.85,604,1154
20260119,18.85,19.35,18.8,19.3,495,949
20260120,19.3,19.3,18.2,18.35,761,1420
20260121,18.3,18.7,18.1,18.45,321,591
20260122,18.5,19.15,18.4,18.85,432,816
20260123,18.85,18.9,18.2,18.25,211,390
20260126,18.25,18.35,18.05,18.2,233,423
20260127,18.1,18.2,17.55,17.75,478,849
20260128,17.6,18.3,17.35,17.5,413,732
20260129,17.8,19.25,17.8,19.25,852,1622
20260130,18.7,18.75,17.6,18.1,1049,1917
20260202,17.4,17.4,16.65,16.65,456,777
20260203,17.1,17.35,16.15,16.35,356,591
20260204,16.2,16.75,16.1,16.45,237,388
20260205,16.4,17.25,16.35,16.4,227,379
20260206,16.4,16.4,15.75,16,206,329
20260209,16.4,16.4,15.9,15.95,165,266
20260210,15.85,16.3,15.85,16.2,169,270
20260211,16.05,16.4,15.95,16,202,326
20260223,16.05,16.85,16,16.3,210,341
20260224,16.6,17,16.6,16.7,141,236
20260225,16.7,16.8,16.4,16.45,119,196
20260226,16.45,16.7,16.45,16.55,127,211
20260302,16.2,17.6,16.1,17.1,279,467
20260303,17.1,17.1,16,16.2,193,315
20260304,15.9,15.9,14.8,15.1,218,336
20260305,15.25,15.7,15.05,15.4,164,251
20260306,15.75,15.75,15.3,15.6,95,148
20260309,15.4,15.4,14.5,14.6,167,244
20260310,14.75,15.15,14.55,14.9,179,265
20260311,15.2,15.8,15,15.5,201,308
20260312,15.5,15.5,15,15.3,171,260
20260313,15.25,15.25,14.9,15.05,126,190
20260316,15.05,15.05,14.65,14.8,161,238
20260317,14.8,15.15,14.8,15.15,168,252
20260318,15.15,16.65,15.15,16.65,334,541
20260319,18.3,18.3,18.3,18.3,578,1058
20260320,20.1,20.1,18.5,19,2210,4315
20260323,17.35,17.75,17.1,17.1,542,936
20260324,17.8,17.8,16.5,16.5,271,458
20260325,17,17,16.15,16.55,122,203
20260326,17.05,17.1,16.4,16.75,142,238
20260327,16.5,16.5,16,16.05,113,182
20260330,15.75,16.2,15.75,16.05,144,230
20260331,15.85,15.95,15.1,15.2,165,258
20260401,15.3,15.95,15.3,15.75,149,233
20260402,15.85,16.3,15.5,15.65,68,107
20260407,15.7,15.8,15.4,15.6,52,82
20260408,15.85,16.15,15.8,16.05,152,243
20260409,16.05,16.05,15.65,15.8,121,192
20260410,17.2,17.35,17.1,17.35,277,479
20260413,17,17.8,16.8,17.3,502,867
20260414,17.3,19,17.25,18.75,664,1233
20260415,18.7,20.35,18.05,19,1280,2474
20260416,18.8,18.8,18.1,18.1,495,912
20260417,18.3,19,18.2,18.6,429,797
20260420,18.7,18.8,18.15,18.5,452,833
20260421,18.85,19.1,18.45,18.65,330,617
20260422,18.75,19.4,18.55,19.25,613,1167
20260423,19.25,19.6,18.3,18.85,596,1126
20260424,18.95,19.5,18.9,19.3,511,981
20260427,19.3,19.4,18.65,18.85,237,449
20260428,19.15,19.15,18.4,18.85,273,510
20260429,18.85,20.7,18.85,20.7,2008,4128
20260430,20.7,22.3,19.8,20.15,2377,4908
20260504,20.05,20.5,19.9,20.15,678,1362
20260505,19.95,20.7,19.95,20.2,523,1060
20260506,20.15,21.7,19.9,21.3,989,2061
20260507,21.95,21.95,20.75,21.3,797,1691
20260508,21.35,22.2,20.75,21.6,935,2014
20260511,21.85,22.55,20.95,21.7,879,1910
20260512,21.65,21.7,20.4,20.45,868,1826
20260513,20.2,20.9,19.85,20,297,597
20260514,20.1,20.1,19.05,19.1,384,747
20260515,19.1,19.4,17.9,18.4,405,749
20260518,18.4,19.2,17.75,18.9,216,399
20260519,18.7,19.2,18.25,18.45,181,338
20260520,18.5,18.65,18.1,18.25,98,181
20260521,18.5,19.2,18.5,19.15,144,273
20260522,19.15,20,19.15,19.75,280,552
20260525,19.85,20.45,19.85,20,374,752
20260526,20,20.6,19.85,20,319,647
20260527,20.2,20.95,20,20.25,354,723
20260528,20.25,20.65,19.85,20.05,298,607
20260529,19.9,20.75,19.9,20.45,447,911
20260601,20.45,22.45,20.45,22.4,1591,3475
20260602,22.4,22.95,21.65,21.95,744,1652
20260603,22.3,22.55,21.6,22.55,610,1355
20260604,22.9,24.1,22.5,23.55,922,2146
20260605,23.55,23.8,21.9,21.9,527,1185
20260608,20.1,21.75,20.1,21.55,357,745
20260609,21.2,22.5,21.2,21.95,438,956
20260610,22,23,20.55,20.75,440,949
20260611,20.55,20.55,18.8,18.8,626,1209
20260612,19.1,19.2,18.7,18.9,198,377
20260615,18.95,20.4,18.95,20.1,307,608
20260616,20.05,20.15,19.75,19.75,156,312
20260617,20.25,21,19.65,20.4,348,711
20260618,20.7,20.7,19.7,19.7,264,529
20260622,20,20.75,19.95,20.1,244,494
20260623,20.15,20.15,19,19,280,539
20260624,18.95,20,18.8,19.95,211,411
20260625,20.15,21.15,20.05,20.35,465,953
20260626,20.1,20.45,19.15,19.15,267,528
20260629,19.25,19.45,18.95,19.45,170,326
20260630,19.4,19.65,19.05,19.3,81,155
20260701,19.35,19.75,18.8,19,126,242
20260702,18.8,19.25,18.75,19,99,189
20260703,18.9,19.6,18.9,19.3,124,239
20260706,19.35,20.1,19.3,19.5,193,379
20260707,19.8,19.8,18.65,18.8,241,455
20260708,18.85,19.65,18.45,19.35,229,432
20260709,19.05,19.95,18.95,19,145,281
20260713,19,19.2,17.1,17.2,451,791
20260714,17.2,17.2,16.05,16.2,304,502
20260715,16.55,17,16.3,16.85,115,191
20260716,16.85,16.9,16.5,16.85,94,157
20260717,16.4,16.4,15.6,15.7,160,255
20260720,15.8,16.35,15.2,15.85,78,122
20260721,15.9,16.3,15.9,16.3,24,39
20260722,16,16.5,16,16.2,88,144
20260723,16.05,16.2,15.5,16.15,126,199
20260724,16.15,16.15,15.6,16.15,40,63
20260727,15.65,15.7,15.2,15.7,151,233
20260728,15.4,15.4,14.2,14.5,270,395
20260729,14.5,14.5,13.2,13.6,237,325
20260730,13.45,14.45,13.2,13.5,262,354
20260731,14.2,14.85,13.75,14.3,132,191
20260803,14.5,15.15,14.1,15,136,199
20260804,15.3,15.3,14.55,14.55,103,151
20260805,14.55,16,14.5,16,223,350
20260806,15.9,16.3,15.5,16.05,185,294
20260807,16,16.15,15.3,15.4,114,178
20260810,15.85,15.85,15.5,15.7,48,76
20260811,15.8,17.25,15.8,16.75,357,599
20260812,16.4,16.55,16,16.3,167,273
20260813,16.3,17.15,16.3,16.85,120,202
20260814,16.7,16.7,16.25,16.25,77,125
20260817,16.2,17,16.15,16.9,109,180
20260818,16.9,17.6,16.8,16.85,199,339
20260819,16.85,17.8,16.85,17.25,337,580
20260820,17.25,17.4,16.9,17,140,240
20260821,17.3,17.3,16.8,17.1,44,75
20260824,17.1,17.25,16.6,16.6,71,120
20260825,16.5,17,16.2,17,110,182
20260826,16.7,16.9,16.55,16.85,60,101
20260827,16.65,17.65,16.55,17.1,212,360
20260828,17.45,17.8,17.05,17.3,119,210
20260831,17.2,17.5,16.9,17.5,69,117
20260901,17.2,17.95,17.15,17.6,94,166
20260902,17.9,17.95,17.45,17.45,71,125
20260903,17.45,17.45,17,17,42,72
20260904,17,17.35,16.85,17.35,45,77
20260907,17.35,17.35,16.9,17.05,53,90
20260908,16.85,17,16.6,16.6,61,102
20260909,16.95,16.95,16.5,16.6,66,110
20260910,16.5,16.9,16.5,16.9,45,75
20260911,15.5,16.95,15.5,16.75,92,149
20260914,16.85,16.85,16.2,16.2,65,106
20260915,16.25,16.35,15.6,15.65,108,172
20260916,16.1,16.15,15.8,16,69,111
20260917,16.05,16.5,16.05,16.25,123,200
20260918,16.6,16.7,16.3,16.35,109,179
20260921,16.2,16.55,16.15,16.55,81,133
