# date,open,high,low,close,lot,wan
20250814,9.8,10.45,9.76,10.45,1076,1114
20250815,11,11.45,10.5,11.45,8383,9462
20250818,11.6,12.55,11.5,12.55,5252,6400
20250819,13.6,13.8,13.2,13.8,9236,12620
20250820,13.7,13.7,12.7,12.75,5302,6876
20250821,12.7,13.7,12.55,13,2860,3775
20250822,13.05,13.4,12.05,12.1,1851,2303
20250825,12.25,12.8,12.1,12.35,1761,2192
20250826,12.4,12.4,11.7,12,1732,2070
20250827,12.1,12.15,11.6,11.7,2264,2670
20250828,11.65,11.7,11.4,11.5,1498,1726
20250829,11.25,12.25,11.25,12.15,1864,2201
20250901,12.15,12.25,11.7,11.75,1321,1570
20250902,11.75,12.15,11.5,11.7,641,750
20250903,11.75,12.25,11.55,12.05,922,1104
20250904,12.2,12.2,11.85,11.9,878,1052
20250905,12.1,12.8,11.85,12.7,2152,2685
20250908,12.95,12.95,12.2,12.5,1289,1611
20250909,12.65,12.65,12,12.1,1188,1446
20250910,12.1,12.1,11.9,11.9,1100,1315
20250911,12,12,11.5,11.65,912,1068
20250912,11.75,11.95,11.6,11.85,482,568
20250915,11.9,11.9,11.5,11.75,529,615
20250916,11.9,11.9,11.55,11.65,321,375
20250917,11.6,12.05,11.6,11.9,643,767
20250918,12.1,12.5,11.9,12.25,1511,1856
20250919,12.25,12.25,11.7,12,1237,1468
20250922,12,12,11.85,12,547,654
20250923,12,12.1,11.7,11.8,763,904
20250924,11.8,11.9,11.65,11.7,404,474
20250925,11.7,12.05,11.7,11.7,520,616
20250926,11.7,11.7,11.2,11.35,1065,1215
20250930,11.35,11.7,11.2,11.3,372,420
20251001,11.3,11.45,11.2,11.3,298,335
20251002,11.55,11.55,11.1,11.3,499,558
20251003,11.4,11.4,11.1,11.2,293,327
20251007,11.2,11.3,11,11.1,613,685
20251008,11.2,12.15,11.1,11.8,1281,1482
20251009,11.8,11.8,11.2,11.35,993,1128
20251013,10.8,11.15,10.75,11.1,505,555
20251014,11.3,11.4,10.9,11.1,590,657
20251015,11.3,11.6,10.95,11.4,917,1041
20251016,11.3,11.7,11.3,11.45,524,600
20251017,11.3,11.45,11.05,11.2,466,524
20251020,11.25,11.35,11,11.2,1384,1551
20251021,11.2,12.05,11.2,11.75,1635,1932
20251022,11.75,12.6,11.75,12.25,3092,3800
20251023,12.15,12.15,11.8,11.95,963,1154
20251027,12.15,12.15,11.7,11.7,956,1130
20251028,11.8,11.8,11.55,11.55,643,747
20251029,11.6,11.8,11.45,11.75,714,829
20251030,11.75,11.75,11.35,11.45,686,791
20251031,11.45,11.45,11,11.1,1116,1244
20251103,11.05,11.4,10.8,11.1,492,552
20251104,11.25,11.25,10.9,10.9,539,596
20251105,10.9,11.2,10.75,11,543,593
20251106,11,11.25,10.9,11.15,706,779
20251107,11.2,11.2,10.8,10.9,375,409
20251110,10.9,10.9,10.55,10.6,596,633
20251111,10.65,10.85,10.6,10.75,464,499
20251112,10.7,11.25,10.7,11.1,618,687
20251113,11.1,11.25,11,11.25,401,447
20251114,11,11.25,10.8,10.9,730,801
20251117,10.75,10.9,10,10.1,1061,1104
20251118,10.1,10.3,9.95,9.99,632,635
20251119,10.25,10.25,9.75,9.85,581,575
20251120,10.45,10.45,10,10,431,437
20251121,10,10.1,9.83,9.92,370,367
20251124,10.05,10.1,9.92,9.99,355,355
20251125,9.99,10.05,9.93,10.05,371,372
20251126,10.1,10.5,10.1,10.2,420,431
20251127,10.2,10.25,10.1,10.1,262,266
20251128,10.05,10.25,10.05,10.25,296,302
20251201,10.15,10.25,9.98,10.05,489,491
20251202,10.05,10.15,10,10.05,252,253
20251203,10.05,10.35,10.05,10.25,395,404
20251204,10.15,10.8,10.15,10.6,499,526
20251205,10.5,10.5,10.25,10.3,267,276
20251208,10.3,10.3,10.05,10.15,369,375
20251209,10.25,10.25,10.05,10.2,398,404
20251210,10.25,10.35,10.05,10.05,445,451
20251211,10.05,10.25,10,10.25,566,572
20251212,10.25,10.75,10.25,10.75,1409,1493
20251215,10.7,11.05,10.55,10.9,904,982
20251216,10.95,11.5,10.9,11.1,1347,1503
20251217,11.2,11.35,10.8,10.8,965,1063
20251218,10.8,10.9,10.6,10.65,252,269
20251219,10.6,10.75,10.5,10.6,428,452
20251222,10.65,11,10.65,10.85,502,542
20251223,10.8,10.85,10.65,10.65,220,236
20251224,10.65,10.7,10.5,10.5,261,277
20251226,10.7,10.75,10.5,10.5,640,679
20251229,10.55,10.85,10.55,10.7,611,654
20251230,10.7,10.9,10.55,10.85,484,519
20251231,10.85,10.85,10.45,10.55,741,788
20260102,10.7,10.8,10.4,10.4,620,652
20260105,10.4,10.5,10.05,10.05,1090,1106
20260106,10.05,10.35,10.05,10.3,866,882
20260107,9.27,9.27,9.27,9.27,3313,3071
20260108,9.06,9.79,9.03,9.61,3738,3547
20260109,9.66,9.66,9.21,9.49,1406,1334
20260112,9.49,9.54,9.32,9.42,1251,1178
20260113,9.42,9.42,9.1,9.3,1286,1187
20260114,9.3,10.2,9.3,10.2,2016,1979
20260115,11,11.2,10.4,10.45,3567,3828
20260116,10.45,10.55,10.15,10.2,1365,1405
20260119,10.25,10.95,10.2,10.55,1569,1671
20260120,10.8,10.8,10.2,10.25,920,956
20260121,10.25,10.25,10,10.1,1030,1041
20260122,10.1,10.3,10.05,10.05,977,991
20260123,10.2,10.95,10,10.75,2151,2255
20260126,10.75,10.95,10.5,10.9,2086,2254
20260127,11.1,11.1,10.3,10.35,1400,1480
20260128,10.55,10.7,10.2,10.6,964,1012
20260129,10.6,10.75,10.15,10.15,860,884
20260130,10.15,10.35,9.9,10.2,1288,1296
20260202,10.1,10.1,9.93,9.94,730,729
20260203,9.96,10.15,9.8,9.84,790,784
20260204,9.9,10.15,9.68,10.05,692,691
20260205,10,10.55,9.97,10.15,1698,1744
20260206,10.15,10.2,9.87,9.96,996,997
20260209,10.15,10.15,9.6,9.61,1682,1637
20260210,9.62,9.74,9.57,9.63,701,676
20260211,9.72,9.86,9.51,9.75,800,777
20260223,9.9,10.25,9.9,10.25,1657,1670
20260224,10.35,10.7,10.1,10.1,1224,1263
20260225,10.15,10.35,10.05,10.3,714,723
20260226,10.3,10.35,10,10.3,1473,1494
20260302,10.2,10.4,10,10.3,1271,1300
20260303,10.3,10.4,10,10.2,1161,1180
20260304,10.2,10.2,9.6,9.61,1268,1249
20260305,9.91,9.99,9.75,9.75,561,553
20260306,9.75,9.95,9.64,9.94,382,375
20260309,9.51,9.6,9.18,9.35,1082,1009
20260310,9.41,9.48,9.26,9.44,1104,1038
20260311,9.44,9.62,9.32,9.38,948,892
20260312,9.38,9.38,9.15,9.25,1125,1044
20260313,9.2,9.32,9.01,9.19,791,726
20260316,9.19,9.19,9.03,9.12,695,633
20260317,9.15,9.72,9.12,9.52,1277,1207
20260318,9.6,10.45,9.6,10.45,2510,2583
20260319,10.5,10.95,10.3,10.5,5632,5984
20260320,10.5,10.55,10.15,10.2,1828,1888
20260323,10.05,10.1,9.72,9.77,1176,1163
20260324,9.9,10.1,9.55,9.8,979,962
20260325,9.82,9.9,9.65,9.7,629,611
20260326,9.74,10.65,9.7,10.4,3696,3875
20260327,10,10.2,9.9,10,1750,1754
20260330,9.85,9.85,9.65,9.65,987,960
20260331,9.65,9.79,9.33,9.33,1235,1175
20260401,9.43,9.66,9.4,9.5,665,633
20260402,9.58,9.58,9.35,9.39,556,523
20260407,9.42,9.42,9.2,9.21,848,786
20260408,9.25,9.28,9.14,9.24,1063,978
20260409,9.23,9.23,9.05,9.14,1177,1074
20260410,9.14,9.18,9.05,9.06,1531,1390
20260413,9.05,9.15,9.02,9.08,707,642
20260414,9.08,9.14,9.08,9.12,773,704
20260415,9.12,9.19,9.05,9.05,905,822
20260416,9.07,9.45,9.05,9.3,1291,1201
20260417,9.3,9.38,9.19,9.22,874,808
20260420,9.31,9.31,9.06,9.07,1574,1441
20260421,9.08,9.13,9.05,9.08,997,907
20260422,9.08,9.29,9.08,9.18,1142,1050
20260423,9.2,9.24,8.9,9,2104,1901
20260424,9,9.04,8.9,8.97,1093,977
20260427,8.97,8.97,8.59,8.7,930,811
20260428,8.71,8.72,8.55,8.71,517,449
20260429,8.71,8.93,8.6,8.68,623,543
20260430,8.68,8.68,8.56,8.58,738,635
20260504,8.56,8.77,8.5,8.51,761,652
20260505,8.56,8.67,8.51,8.55,579,496
20260506,8.6,8.6,8.05,8.32,1168,973
20260507,8.3,8.41,8.28,8.4,706,589
20260508,8.36,8.63,8.27,8.34,677,569
20260511,8.36,8.36,8.27,8.3,530,440
20260512,8.3,9,8.3,8.77,1439,1256
20260513,8.6,8.63,8.35,8.37,756,637
20260514,8.48,8.48,8,8.21,891,732
20260515,8.28,8.36,8.02,8.05,866,704
20260518,8.03,8.35,8,8.15,474,388
20260519,8.3,8.3,8.1,8.14,464,377
20260520,8.14,8.2,8.05,8.06,407,329
20260521,8.21,8.36,8.12,8.24,570,469
20260522,8.17,8.43,8.15,8.42,980,811
20260525,8.45,8.57,8.16,8.26,1116,924
20260526,8.36,8.39,8.15,8.2,739,607
20260527,8.2,8.2,8.08,8.08,856,695
20260528,8.14,8.23,8.08,8.12,997,812
20260529,8.2,8.76,8.15,8.51,2305,1958
20260601,8.7,9.36,8.7,9.36,3242,2973
20260602,9.99,10,9.33,9.99,5210,5039
20260603,10.1,10.45,9.6,10.15,3630,3645
20260604,10.15,11,9.96,10.5,4882,5077
20260605,10.5,10.5,9.8,9.91,2915,2909
20260608,9,9.55,9,9.47,1060,991
20260609,9.6,9.77,9.43,9.6,1114,1061
20260610,9.43,9.99,9.31,9.32,1257,1207
20260611,9.12,9.36,9.02,9.11,948,865
20260612,9.21,9.39,9.21,9.22,776,722
20260615,9.58,9.58,9.36,9.49,677,641
20260616,9.75,9.75,9.27,9.27,703,659
20260617,9.2,9.5,9.2,9.48,581,546
20260618,9.5,9.62,9.33,9.4,838,795
20260622,9.43,9.8,9.41,9.65,1413,1358
20260623,9.66,9.69,9.4,9.46,918,872
20260624,9.42,9.55,9.25,9.4,928,870
20260625,9.4,9.4,9.16,9.19,999,923
20260626,9.19,9.19,9.02,9.05,696,633
20260629,9.05,9.18,9.05,9.15,486,443
20260630,9.15,9.27,9.15,9.25,594,546
20260701,9.25,9.34,9.04,9.05,1063,968
20260702,9.1,9.45,9.08,9.24,1117,1040
20260703,9.24,9.67,9.24,9.64,1542,1470
20260706,9.75,10.3,9.65,9.65,1648,1628
20260707,9.65,9.66,9.18,9.18,1124,1052
20260708,9.23,9.3,9.08,9.15,661,604
20260709,9.27,9.59,9.26,9.5,1217,1155
20260713,9.77,9.85,9.11,9.14,914,848
20260714,9.27,9.27,8.77,9.01,1220,1092
20260715,8.9,9.2,8.9,9.2,461,419
20260716,9.2,9.22,9.01,9.1,496,451
20260717,9,9.01,8.6,8.62,1333,1166
20260720,8.85,8.85,8.5,8.52,549,473
20260721,8.72,8.72,8.58,8.61,404,349
20260722,8.64,8.74,8.64,8.67,382,332
20260723,8.69,8.83,8.5,8.58,591,509
20260724,8.58,8.6,8.38,8.5,426,362
20260727,8.5,8.6,8.42,8.5,271,230
20260728,8.5,8.5,8.24,8.33,474,394
20260729,8.63,8.63,8,8.14,999,812
20260730,8.14,8.2,8,8.05,330,268
20260731,8.28,8.44,8.21,8.26,234,194
20260803,8.08,8.34,8.01,8.28,383,314
20260804,8.25,8.28,8.12,8.23,370,302
20260805,8.24,8.32,8.18,8.19,386,317
20260806,8.21,8.25,8.1,8.19,366,299
20260807,8.2,8.27,8.16,8.16,220,180
20260810,8.16,8.21,8.15,8.19,390,318
20260811,8.2,8.25,8.14,8.24,295,241
20260812,8.36,8.36,8.25,8.31,439,364
20260813,8.42,8.42,8.24,8.26,322,267
20260814,8.3,8.3,8.18,8.21,286,235
20260817,8.2,8.2,8.12,8.2,346,283
20260818,8.16,8.21,8.13,8.13,346,282
20260819,8.11,8.21,8.1,8.11,263,214
20260820,8.29,8.29,8.11,8.15,185,150
20260821,8.15,8.26,8.12,8.26,275,226
20260824,8.37,8.38,8.15,8.18,230,188
20260825,8.14,8.14,8.05,8.08,462,373
20260826,8.08,8.23,8.08,8.14,356,289
20260827,8.17,8.22,8.16,8.16,169,139
20260828,8.23,8.23,8.11,8.15,372,303
20260831,8.15,8.27,8.1,8.25,380,313
20260901,8.17,8.26,8.13,8.19,354,289
20260902,8.19,8.22,8.12,8.15,135,111
20260903,8.17,8.2,8.06,8.07,410,333
20260904,8.08,8.16,8.04,8.05,438,353
20260907,8.05,8.15,8,8,407,328
20260908,8.09,8.1,8,8.02,433,348
20260909,8.03,8.12,8.03,8.06,321,259
20260910,8.1,8.2,8.07,8.08,414,336
20260911,8.08,8.15,8.02,8.03,350,282
20260914,8.05,8.08,7.99,8.02,648,519
20260915,8.02,8.02,7.91,7.94,675,537
20260916,7.94,7.98,7.92,7.96,287,228
20260917,7.92,8.05,7.92,8.04,489,392
20260918,8.19,8.19,8.05,8.15,351,285
