# date,open,high,low,close,lot,wan
20250814,20.15,20.5,20.05,20.2,333,677
20250815,20.25,20.6,20.2,20.45,406,831
20250818,20.5,21.5,20.4,21.05,723,1530
20250819,21.15,21.15,20.65,20.75,347,721
20250820,20.75,20.75,20.1,20.2,446,904
20250821,20.3,21.35,20.3,20.85,606,1269
20250822,21,21.2,20.65,20.65,356,744
20250825,20.8,21.35,20.8,20.95,527,1113
20250826,21.15,21.75,21,21.25,960,2057
20250827,21.5,21.85,21.25,21.3,443,951
20250828,21.35,21.4,20.9,21.05,437,925
20250829,21.1,21.35,20.8,20.8,310,650
20250901,20.8,20.8,20,20,749,1516
20250902,20.05,20.15,19.55,19.7,430,853
20250903,19.7,20.15,19.7,19.9,242,484
20250904,20.1,20.25,19.9,19.9,246,493
20250905,20.1,20.4,19.85,20.3,345,697
20250908,20.5,20.75,20.1,20.1,457,929
20250909,20.15,20.3,19.65,19.7,735,1456
20250910,19.8,19.8,19.5,19.65,555,1088
20250911,19.9,19.9,19.05,19.15,948,1840
20250912,19.2,19.6,19.15,19.55,314,609
20250915,19.7,19.7,19.15,19.3,380,733
20250916,21.1,21.2,21.1,21.2,703,1488
20250917,23.3,23.3,23.3,23.3,1065,2481
20250918,25.6,25.6,24.2,24.7,16617,42131
20250919,24.9,26.9,23.05,23.25,9238,23102
20250922,23.4,25.55,23.15,25.55,4664,11290
20250923,26.9,28.1,24.85,25.9,21145,56223
20250924,26.2,26.8,25.05,25.75,7239,18709
20250925,25.25,26.5,24.65,25.1,5072,12923
20250926,25.1,25.3,23.65,24.5,3430,8317
20250930,25.4,26.25,24.8,25.8,5527,14055
20251001,25.5,25.75,24.25,24.9,3536,8819
20251002,25,25.55,24.3,24.9,3104,7720
20251003,24.8,25.05,24.15,24.9,2834,6983
20251007,25.8,27.35,25.3,27.35,15501,40827
20251008,27,28.2,25.4,25.5,14831,39243
20251009,24.2,24.65,24,24.2,6330,15364
20251013,23,23.55,22.7,23.3,2385,5533
20251014,23.7,24.2,22.9,22.95,2700,6350
20251015,23.2,23.65,22.8,23.05,1779,4132
20251016,23.1,23.5,22.8,22.9,1966,4539
20251017,23.25,23.3,22.65,22.65,1423,3253
20251020,22.75,23,22.2,22.85,1199,2712
20251021,23,23.5,23,23.2,1048,2438
20251022,23.3,23.5,22.9,23,710,1639
20251023,23,23,22.5,22.55,777,1760
20251027,22.85,23.2,22.55,22.9,818,1877
20251028,23.1,23.1,22.3,22.3,760,1709
20251029,22.55,22.7,22.15,22.35,826,1843
20251030,22.7,24,22.6,22.7,2753,6348
20251031,22.75,22.95,22.05,22.05,967,2158
20251103,22.2,22.6,22.05,22.3,744,1661
20251104,22.35,22.5,21.5,21.6,1294,2829
20251105,21.4,21.45,20.95,21.4,766,1627
20251106,21.7,21.8,21.4,21.75,439,949
20251107,23,23.9,22.9,23.9,3244,7703
20251110,26.25,26.25,26.25,26.25,6753,17727
20251111,27,28.85,26.6,28.85,21870,61859
20251112,29.2,31,29,30.25,38446,115381
20251113,30,30.5,28.65,29,13141,38839
20251114,28.7,30.8,28.55,29.3,13582,40258
20251117,30,32.2,29.65,30,29672,92223
20251118,30.3,30.6,28.05,28.65,18591,54819
20251119,28.6,29,27.1,27.5,7583,21104
20251120,28.5,28.95,27.5,28.7,7323,20812
20251121,27.55,28,25.95,26.45,6268,16784
20251124,27,27.9,26.35,27,9534,25961
20251125,27.5,27.9,27.05,27.9,14519,40072
20251126,28.05,28.1,26.55,26.55,7901,21450
20251127,26.7,28.9,26.7,28.9,15004,41922
20251128,28.9,28.9,27.9,27.95,10675,30124
20251201,27.65,27.75,27.05,27.1,2854,7773
20251202,27.5,28.05,26.8,27.6,5313,14584
20251203,27.55,28.35,27.25,27.45,3669,10187
20251204,27.55,27.8,26.8,26.85,3322,8998
20251205,26.9,27.3,26.65,27.2,2397,6463
20251208,27.55,28.4,27.3,27.75,3406,9456
20251209,29.25,30.5,28.7,30.5,16124,48135
20251210,31.05,31.4,28.4,28.65,30018,89570
20251211,28.9,29.95,28.7,29.8,10153,29827
20251212,29.75,32.75,29.65,32.75,27071,85403
20251215,32.45,33.8,31.35,31.6,40667,132046
20251216,31.4,33.35,30.75,32.35,22228,70874
20251217,32.85,33.95,31.8,31.8,30232,99323
20251218,31.6,34.95,31.6,34.95,21904,74713
20251219,35.05,35.2,33.1,33.55,50004,170803
20251222,34.1,35.95,33.6,33.85,19617,67200
20251223,33.9,35.45,33.2,33.65,20527,70342
20251224,33.7,34.35,33,33.45,10118,33966
20251226,33.7,35,33.35,34.5,16759,57585
20251229,34.75,34.75,31.5,31.8,16592,54237
20251230,32,32.3,31.55,32.25,4695,15010
20251231,32.25,33.95,31.6,31.75,9924,32308
20260102,31.9,33.65,31.75,32.6,8816,28981
20260105,33.05,33.6,31.85,32.05,6783,22088
20260106,32.1,33.5,31.9,33.05,6596,21751
20260107,34.7,36.35,34.65,36.35,16230,58322
20260108,38,39.9,36.5,36.55,56518,214903
20260109,36,36,32.95,33.15,21218,72276
20260112,33.75,35.15,33.45,34.6,12864,44196
20260113,34.7,34.95,33.3,33.5,9804,33207
20260114,33.8,35.35,33.4,35,8135,27886
20260115,34.75,35.75,34.05,35,8000,27944
20260116,35.2,35.95,34.45,35.3,9831,34541
20260119,35.3,37.95,35.3,37.25,19347,70642
20260120,35.8,37.7,35,36.4,12510,45699
20260121,36.05,36.15,34.35,34.5,10013,35142
20260122,35.9,36.8,34.05,34.05,8954,31597
20260123,34.4,35,31.9,31.95,10758,35088
20260126,32.15,32.8,31.95,32.55,4110,13301
20260127,32.8,32.85,31.7,31.85,3529,11324
20260128,32.95,34.9,32.95,34.35,9982,34007
20260129,37.4,37.75,35.05,35.4,28387,103860
20260130,36.05,38.5,35.05,35.4,27865,102207
20260202,33.85,34,31.9,31.9,10803,35121
20260203,32.5,32.9,30.35,30.7,9562,30257
20260204,30.45,32.45,30.25,32.3,4774,15084
20260205,31.3,31.6,29.8,29.8,6520,19856
20260206,29.5,29.65,28.7,29.1,3436,10003
20260209,30.6,31.3,30.15,31,3986,12292
20260210,31.2,31.2,29.9,29.95,2407,7289
20260211,29.8,30.75,29.65,30.3,2401,7276
20260223,31.1,32.45,31.1,32,3715,11881
20260224,32.05,34.5,31.8,33.9,6189,20670
20260225,33.5,34.9,32.75,33.1,5135,17287
20260226,33.7,34.8,33.3,33.9,5381,18328
20260302,32,34.2,32,33.55,3178,10566
20260303,33.45,34.4,31.8,31.8,4304,14051
20260304,31.1,31.6,29.4,29.65,3721,11205
20260305,31.15,31.9,30.35,30.85,3087,9633
20260306,30.8,31.15,30.1,30.4,1405,4286
20260309,28,28.3,27.45,27.7,2541,7048
20260310,29,29.3,28.35,28.5,1898,5467
20260311,29.1,29.95,28.95,29.85,1633,4840
20260312,29.45,29.45,27.8,27.8,4447,12591
20260313,27.5,28.15,27.1,27.65,2120,5860
20260316,28.85,29.4,28.05,28.1,2093,5951
20260317,28.55,29.2,28.4,28.7,1970,5673
20260318,29.25,31.55,29.05,31.55,10361,31786
20260319,30.6,34.25,30.5,33.35,17903,59059
20260320,33.65,36.35,33.15,34.8,21340,74540
20260323,33.5,35,32.9,33.2,6602,22320
20260324,34,35.5,33.4,33.65,7817,26768
20260325,34.3,34.85,32.35,32.4,7196,24064
20260326,32.55,34,31.9,32.05,4217,13825
20260327,31.5,31.5,30.25,30.75,3590,11030
20260330,30.05,30.7,29.65,29.95,2200,6607
20260331,29.6,30.35,28.25,28.45,2737,7960
20260401,29.55,29.75,28.9,28.9,1731,5051
20260402,29.95,30.8,28.4,28.55,3915,11501
20260407,29,29.5,28.7,29,1812,5265
20260408,30,30.5,29.8,30.3,2288,6900
20260409,30.25,30.25,28.75,29.45,3194,9355
20260410,29.5,30.2,29.25,29.5,1985,5876
20260413,29.45,29.95,29,29.4,1441,4251
20260414,29.95,31.3,29.65,31.2,2823,8600
20260415,31.75,32.6,31.1,31.45,5361,17065
20260416,31.5,32.15,30.6,30.75,2263,7044
20260417,31.1,31.45,30.25,30.25,1685,5177
20260420,30.95,31.5,30.35,30.35,2160,6664
20260421,30.55,31.2,30,30.45,2569,7802
20260422,30.9,31,29.9,29.9,2003,6064
20260423,30.35,30.35,26.95,27.65,5020,14103
20260424,28.1,28.2,26.55,27,2368,6419
20260427,27.3,27.35,26.05,27.35,1517,4069
20260428,27.55,27.7,27,27.55,865,2371
20260429,29.8,30.3,28.1,28.3,11574,34130
20260430,28,29.2,27.7,28.05,3036,8616
20260504,28.25,28.45,27.6,27.85,1515,4241
20260505,28.15,28.7,28.1,28.55,1543,4385
20260506,29.25,29.4,28.05,28.15,1954,5578
20260507,28.4,29.5,28.05,28.9,2487,7161
20260508,29.3,29.7,27.8,28,2685,7700
20260511,28.6,29.15,28.4,28.55,2388,6865
20260512,28.95,29,28.05,28.55,1648,4692
20260513,28.6,28.65,27.85,28.05,1357,3812
20260514,28.3,29,27.65,27.8,2184,6133
20260515,28.2,28.5,26.65,26.85,2450,6699
20260518,26.5,27.1,26.15,26.95,1281,3409
20260519,27.3,27.5,26.7,26.75,1166,3152
20260520,27.05,27.3,26.5,26.6,859,2302
20260521,27.2,27.6,26.95,27.55,1278,3491
20260522,27.75,28.85,27.75,28.85,2515,7159
20260525,29.25,29.4,28.4,29,3145,9091
20260526,29.05,29.3,28.1,28.35,1791,5094
20260527,28.7,30.5,28.65,29.8,7141,21140
20260528,29.8,30.1,28.45,28.7,3732,10907
20260529,29.55,29.9,28.5,29.4,2896,8521
20260601,30.5,30.9,29.55,29.65,3287,9879
20260602,30.05,32.6,29.75,32.6,15593,50441
20260603,34.55,35.05,32.75,33.75,21825,74234
20260604,33.5,34.35,31.7,31.95,5786,19068
20260605,31.5,31.7,29.8,30.8,3354,10251
20260608,27.75,29.2,27.75,28.9,2544,7236
20260609,29.35,31.15,28.8,30.8,2824,8439
20260610,29.9,31.45,29,29.15,2871,8677
20260611,29.6,29.95,28.25,29.15,1654,4806
20260612,30.35,31.7,30.15,31.15,2844,8812
20260615,33.05,34.25,31.9,33.7,10398,35216
20260616,33.75,35.45,33.4,33.9,9956,34337
20260617,35,37.25,34.2,37.25,12454,45578
20260618,37.75,38.95,36.7,37.9,22559,85537
20260622,41.2,41.65,38.7,41.65,21692,88508
20260623,42.05,42.05,39.05,39.45,13545,54282
20260624,39,40.95,37.7,38.6,10289,40606
20260625,40.05,42.2,36.5,37.1,9940,38147
20260626,36.9,39.75,36.25,36.35,9064,34177
20260629,36.35,38.2,35.55,36.65,5884,21759
20260630,37.25,38.35,36.65,36.75,5208,19482
20260701,37.15,37.45,34.2,34.8,7691,27019
20260702,34.05,36.9,33.4,36.6,4225,15005
20260703,35.75,37.15,35.45,35.55,3223,11630
20260706,35.75,38.1,35.75,37.8,5709,21351
20260707,38.05,38.3,35.5,36,5060,18653
20260708,36.3,36.7,34.65,35.8,3689,13201
20260709,37.3,38.9,36.8,37.15,7983,30288
20260713,37.45,38.8,34,34.35,6529,23226
20260714,34.35,34.6,32.3,34.25,3712,12389
20260715,34.5,35.5,33.45,33.6,3208,10933
20260716,33.4,33.4,32.25,32.25,2359,7736
20260717,31.6,31.6,29.2,29.45,3773,11364
20260720,29.4,29.75,27.45,28.4,2780,7919
20260721,28.95,29.55,28.45,29.1,1453,4201
20260722,29.75,30.65,29.75,30.15,1905,5762
20260723,30.35,30.65,29.4,29.9,1361,4072
20260724,29.8,30.35,28.85,28.9,1425,4178
20260727,28.9,29.05,27.95,28.6,1273,3614
20260728,27.5,27.6,26.8,26.8,2063,5595
20260729,27.2,28.2,24.95,26.15,4606,11964
20260730,26.05,26.5,25.15,25.4,1989,5131
20260731,27.35,27.6,26.7,27.15,1474,3998
20260803,26.65,28,26.6,27.75,1354,3734
20260804,27.2,28.8,27.2,28.8,1281,3622
20260805,29.5,29.85,29.05,29.05,1235,3633
20260806,29.1,29.2,28.15,29.15,907,2610
20260807,29.2,29.45,28.65,29,735,2139
20260810,29.05,30.8,29.05,29.55,1990,5948
20260811,29.55,29.55,28.55,28.8,1281,3712
20260812,28.9,29.55,28.9,28.9,792,2307
20260813,29.2,29.55,28.8,28.8,868,2525
20260814,29.05,29.5,28.8,28.8,871,2523
20260817,28.7,28.95,28.15,28.2,1008,2857
20260818,28.35,28.4,27.5,27.6,791,2200
20260819,26.9,27.55,26.9,27.55,616,1681
20260820,27.7,27.85,27.2,27.4,651,1786
20260821,27.4,28,27.1,27.55,413,1137
20260824,27.45,27.8,27.35,27.4,466,1283
20260825,27.15,27.2,26.6,27.15,845,2277
20260826,27.3,27.55,27.15,27.35,661,1807
20260827,27.5,27.85,27.3,27.35,684,1885
20260828,27.55,27.7,26.9,26.9,999,2712
20260831,26.9,27.25,26.45,26.5,883,2353
20260901,26.5,26.85,26.5,26.7,609,1624
20260902,26.55,26.95,26.35,26.75,494,1321
20260903,26.95,27.45,25.6,25.7,2110,5554
20260904,26.3,26.6,25.85,26.5,697,1832
20260907,26.8,26.8,26,26.2,575,1510
20260908,26.35,26.45,25.9,25.95,653,1702
20260909,26.7,27.15,26.5,26.85,1030,2761
20260910,26.9,27,26.4,26.5,819,2174
20260911,26.5,26.85,26.15,26.6,554,1473
20260914,26.4,26.7,26.15,26.15,509,1344
20260915,26,26.25,25.5,25.5,736,1898
20260916,25.55,26.3,25.55,26.1,390,1013
20260917,26.3,27.25,26.3,26.65,1709,4572
20260918,27.1,27.1,26.55,26.7,382,1022
20260921,26.95,27.45,26.7,27.1,800,2176
20260922,27.45,27.45,26.65,26.7,577,1558
20260923,26.8,26.95,26.3,26.3,443,1172
20260924,26.3,26.7,26.1,26.55,339,897
