# date,open,high,low,close,lot,wan
20250814,18.9,20.5,18.9,20,24,47
20250815,19.8,20.25,19.1,20.1,16,31
20250818,20.1,20.1,19.3,19.45,14,27
20250819,19.45,19.75,19.15,19.65,13,25
20250820,19.85,19.85,19,19,21,41
20250821,19,19.4,19,19.35,6,11
20250822,19.6,19.6,19.05,19.05,9,17
20250825,19.4,19.4,18.9,18.9,7,13
20250826,19.55,19.55,19.55,19.55,1,2
20250827,19.9,19.9,18,19.35,14,27
20250828,19.25,19.45,18.8,19.45,4,8
20250829,19.6,19.6,18.95,19.1,13,25
20250901,19.2,19.45,19.2,19.45,2,4
20250902,18.8,18.8,18.8,18.8,1,2
20250903,18.8,18.8,18.8,18.8,6,11
20250904,18.8,18.8,18.8,18.8,1,2
20250905,18.8,18.8,18.8,18.8,1,2
20250908,18.8,19.35,18.15,19.35,6,11
20250909,18.9,18.9,18.7,18.7,5,9
20250910,18.7,18.95,18.7,18.95,4,8
20250911,18.8,18.8,18.4,18.4,8,15
20250912,18.4,19,18.2,19,8,15
20250915,19,19,19,19,1,2
20250916,18.5,18.8,18.5,18.8,2,4
20250918,19,19,18.8,18.8,3,6
20250919,18.8,18.8,18.8,18.8,1,2
20250922,18.5,18.5,18.5,18.5,1,2
20250923,18.5,18.5,17.9,17.9,10,18
20250925,17.95,18.2,17.95,17.95,11,20
20250926,17.95,17.95,17.95,17.95,1,2
20250930,18.6,18.6,18.6,18.6,1,2
20251001,19,19,19,19,2,4
20251002,18.05,18.05,18.05,18.05,2,4
20251007,18.05,18.05,18.05,18.05,1,2
20251008,18.25,18.25,18.25,18.25,1,2
20251009,18.5,18.5,18.4,18.4,3,6
20251013,18,19,18,18.95,9,17
20251014,19.15,19.15,18.5,18.55,11,21
20251016,18.85,18.85,18.85,18.85,2,4
20251017,19.2,19.2,19.2,19.2,1,2
20251022,18.5,18.5,18.2,18.3,5,9
20251029,17.7,18.25,17.7,18.25,6,11
20251103,18.25,18.7,18.25,18.7,2,4
20251106,18.7,18.7,18.7,18.7,1,2
20251107,18.8,18.8,18.8,18.8,1,2
20251111,18.6,18.7,17.9,18.7,6,11
20251114,17.85,18.75,17.85,18.75,4,7
20251117,18.75,18.75,18.5,18.5,3,6
20251120,17.7,18.45,17.7,18.45,3,5
20251121,17.95,18.4,17.9,18.4,4,7
20251125,17.8,17.8,17.7,17.7,7,12
20251126,18.65,18.65,18.2,18.2,3,6
20251201,17.7,17.7,17.5,17.65,4,7
20251202,17.7,17.8,17.7,17.8,5,9
20251204,17.65,17.65,17.65,17.65,1,2
20251205,17.9,19.4,17.9,19.4,28,54
20251208,21,21.3,20.95,21.3,184,391
20251209,20,20.4,19.2,20,100,198
20251210,19.5,19.8,18.8,18.9,17,33
20251211,18.35,18.7,18.2,18.7,9,17
20251212,18.15,18.9,18.15,18.9,21,39
20251215,18.4,18.8,18.4,18.8,9,17
20251216,18.5,19,18.3,19,10,19
20251217,19,19,19,19,2,4
20251218,19.15,20,19.15,19.9,10,20
20251219,18.75,19.55,18.75,19.55,5,10
20251222,18.3,19,18.3,19,7,13
20251223,18.4,18.55,18.3,18.5,9,17
20251224,18.6,18.75,18.6,18.65,6,11
20251226,18.75,18.95,18.75,18.95,5,9
20251229,19.5,19.5,19.5,19.5,4,8
20251230,19.75,19.75,19.75,19.75,1,2
20251231,19.75,19.9,18.2,18.7,28,52
20260102,18.5,18.6,18.5,18.6,7,13
20260105,18.6,18.6,18,18.6,32,59
20260106,18.6,18.7,18.6,18.7,6,11
20260107,18.7,18.7,18.7,18.7,1,2
20260108,18.75,18.75,18.75,18.75,1,2
20260112,18.8,18.8,18.75,18.75,4,8
20260113,18,18.85,18,18.85,57,103
20260114,18.5,18.5,18.15,18.15,17,31
20260115,18.2,18.2,18.2,18.2,3,5
20260116,18.2,18.2,18.15,18.15,5,9
20260119,18.1,18.3,18.1,18.3,3,5
20260120,18.5,18.5,17.6,18.4,12,22
20260121,18,18,18,18,1,2
20260123,18,18,18,18,2,4
20260126,17.85,17.85,17.8,17.8,7,12
20260130,17.6,17.6,17.6,17.6,1,2
20260202,17.5,18.1,17.5,18.05,4,7
20260211,18.15,18.5,18.15,18.5,2,4
20260225,17.4,18,17.4,18,2,4
20260226,18.2,18.2,18,18,3,5
20260303,17.4,17.9,17.3,17.9,4,7
20260304,17,17.55,17,17.55,2,3
20260305,17.8,17.8,17.8,17.8,1,2
20260306,18,19.25,18,18.75,11,20
20260309,17,17.55,17,17.55,12,20
20260310,17.85,17.85,17.5,17.5,3,5
20260311,17.5,17.8,17.5,17.8,2,4
20260313,18.5,18.5,18.5,18.5,1,2
20260317,18.5,18.5,18.5,18.5,1,2
20260318,17.05,18.2,17.05,18.2,4,7
20260319,17.6,17.6,17.3,17.3,3,5
20260320,17.3,17.3,17.3,17.3,1,2
20260323,17.3,17.3,17.3,17.3,1,2
20260327,18.95,19.2,18.75,19.2,9,17
20260330,17.8,18.5,17.3,17.7,10,18
20260410,18,19.45,18,19.45,61,118
20260413,21.1,21.1,19.65,19.7,58,119
20260414,20.35,21,19,19.95,26,52
20260415,19,20.4,18.35,19.6,36,69
20260416,19.1,19.1,18.5,18.5,12,23
20260417,19,19,18,18.6,4,7
20260420,18.85,18.85,18.8,18.85,4,8
20260421,18,18.35,18,18.35,6,11
20260422,18,18,17.8,17.8,6,11
20260423,17.8,18.4,17.8,18.35,3,5
20260424,17.8,18.4,17.8,18.4,2,4
20260427,18.4,18.4,17.5,17.5,9,16
20260428,17.55,17.55,17.5,17.5,9,16
20260429,17.45,18.1,17,18.1,7,12
20260430,18,18,18,18,3,5
20260504,18,18,18,18,6,11
20260505,17.95,18,17.7,17.7,8,14
20260507,17.55,17.55,17.55,17.55,4,7
20260508,17.45,17.75,17.45,17.5,16,28
20260512,17.5,17.5,17.5,17.5,9,16
20260513,17.5,17.5,17.5,17.5,3,5
20260514,17.5,17.5,17.25,17.25,5,9
20260515,17.25,17.3,17.25,17.3,13,22
20260518,17.3,17.3,17.3,17.3,1,2
20260519,17.35,17.35,17.3,17.3,9,16
20260520,17.3,17.3,17.3,17.3,8,14
20260521,17.5,17.5,17.5,17.5,1,2
20260522,17.1,17.25,17.1,17.25,6,10
20260525,17.35,18.45,17.25,18.45,17,29
20260526,18.3,18.3,18.15,18.15,6,11
20260527,18.45,18.5,18.45,18.5,35,65
20260528,18.85,19.4,18.8,18.8,17,32
20260529,18.8,19.5,18.8,19.5,13,25
20260601,19.5,19.5,19.3,19.5,24,47
20260602,19.5,19.5,19.3,19.3,2,4
20260603,18.2,19.35,18.2,19.3,8,15
20260604,19.3,19.3,18.75,19.3,7,13
20260605,19.65,19.65,19.65,19.65,4,8
20260608,19,19.65,18.45,18.6,4,8
20260609,18.6,18.65,18.6,18.65,6,11
20260610,18.65,18.95,18.65,18.95,3,6
20260611,18.9,19.5,18.9,19.5,4,8
20260612,19,19,19,19,2,4
20260615,19,19,19,19,15,28
20260616,19,19,19,19,5,10
20260618,19.5,19.5,19.5,19.5,1,2
20260622,19,19.05,19,19.05,7,13
20260623,18.6,19.05,18.55,18.55,4,7
20260624,18.55,19.15,18.4,18.4,7,13
20260625,18.7,18.7,18.7,18.7,2,4
20260626,18.8,18.9,18.8,18.9,2,4
20260630,18.9,19,18.5,18.5,5,9
20260702,17.9,19,17.9,19,4,7
20260703,18.95,18.95,18.95,18.95,2,4
20260706,18.95,18.95,18.95,18.95,5,9
20260708,17.8,18.8,17.8,18.5,3,6
20260709,18.5,18.5,18.5,18.5,2,4
20260714,18,18,18,18,10,18
20260717,18,18,18,18,1,2
20260720,18,18,18,18,28,50
20260721,18,18,18,18,6,11
20260722,18,18,18,18,21,38
20260723,18,18,18,18,12,22
20260731,17.95,17.95,17.95,17.95,3,5
20260804,18.55,18.55,18.55,18.55,1,2
20260805,18.1,18.1,18.1,18.1,1,2
20260806,18.15,18.15,18.15,18.15,1,2
20260810,18,18,18,18,2,4
20260811,17.95,17.95,17.95,17.95,1,2
20260812,17.95,17.95,17.95,17.95,1,2
20260814,17.4,17.4,17.4,17.4,1,2
20260817,17.5,17.5,17.2,17.2,7,12
20260818,17.1,17.1,17.1,17.1,1,2
20260819,17.1,17.1,17.1,17.1,1,2
20260821,17.3,17.3,17.3,17.3,9,16
20260824,16.5,17.4,16.5,17.4,7,12
20260825,17.2,17.2,16.65,16.9,13,22
20260826,17.3,17.3,17.3,17.3,1,2
20260828,18,18,18,18,1,2
20260831,18.3,18.3,18.3,18.3,1,2
20260903,17.15,17.15,17.15,17.15,1,2
20260907,16.15,17,16.15,16.5,23,38
20260908,16.65,16.8,16.6,16.6,5,8
20260909,16.4,16.5,16.4,16.5,2,3
20260911,16.9,16.9,16.9,16.9,1,2
20260916,17,17,17,17,1,2
20260918,17,17,16.45,16.9,3,5
20260922,16,17.3,16,16.55,14,24
