# date,open,high,low,close,lot,wan
20250814,24.95,24.95,24.95,24.95,886,2211
20250815,26,26.05,25.1,25.3,4677,11976
20250818,25.7,27.6,25,26.5,2430,6369
20250819,26,26,25.1,25.85,634,1620
20250820,26.2,26.2,24.5,24.6,862,2155
20250821,24.9,25.9,24.9,25.8,380,968
20250822,25.7,25.8,25.15,25.2,232,590
20250825,26.5,27.3,25.85,26.3,728,1939
20250826,26.65,26.75,25.75,26.1,238,624
20250827,25.9,26.95,25.9,26.25,303,802
20250828,26.25,26.5,25.8,26.35,221,578
20250829,26.55,27.2,26.1,26.75,368,981
20250901,27.3,29,26.35,27.5,957,2674
20250902,28.1,29.05,26.85,27.35,1846,5148
20250903,27.6,28,26,26,1038,2759
20250904,26,26.6,24.8,24.8,838,2117
20250905,25.15,25.45,24.8,25.4,270,680
20250908,25.95,25.95,24.75,24.9,334,843
20250909,25.05,25.05,23.9,24.25,390,945
20250910,24.3,24.85,24.25,24.35,221,541
20250911,24.75,26.75,24.5,24.9,3244,8434
20250912,24.95,25,22.45,22.55,2376,5474
20250915,22.6,23.25,22.55,23.25,488,1119
20250916,23.5,23.5,22.75,22.95,313,719
20250917,23.35,23.35,22.9,22.9,193,445
20250918,23.1,23.2,23,23.1,173,399
20250919,23.4,24.35,23.2,24.3,521,1251
20250922,24.4,24.4,23.75,24.05,308,738
20250923,24.3,24.3,23.45,23.55,264,623
20250924,23.75,23.75,23.2,23.75,153,359
20250925,24.15,24.15,23.2,23.35,242,570
20250926,23.35,23.35,22.5,22.8,255,579
20250930,22.9,23.55,22.9,23.55,171,397
20251001,23.9,23.9,23.4,23.5,131,309
20251002,23.6,23.65,23.15,23.15,114,265
20251003,23.2,23.5,23,23.2,83,192
20251007,23.2,24.45,23.15,24.2,404,967
20251008,24.15,25.35,23.7,25.05,1578,3932
20251009,25.3,25.5,24.15,24.35,951,2354
20251013,23.5,23.65,22.8,23.6,333,776
20251014,24.15,24.15,23.05,23.2,337,790
20251015,23.2,23.35,22.9,23.05,329,756
20251016,23.1,24.45,23.1,24.15,607,1454
20251017,24.15,24.3,23.75,23.95,202,483
20251020,23.85,24.35,23.6,24.2,193,462
20251021,24.4,25.3,24.4,25.2,943,2351
20251022,25.2,25.3,24.8,25.15,457,1148
20251023,25.1,25.15,24.85,24.85,249,622
20251027,25.35,25.35,24.35,24.4,328,807
20251028,24.5,24.55,24.1,24.25,378,918
20251029,24.2,24.5,24.05,24.1,301,728
20251030,24.65,26.5,24.5,25.15,2338,5978
20251031,25.75,25.75,24.35,24.35,914,2266
20251103,24.3,24.9,24,24.6,433,1061
20251104,24.65,24.65,23.05,23.05,675,1599
20251105,22.65,22.9,22.4,22.65,456,1028
20251106,22.8,23.7,22.8,23.3,322,751
20251107,23,23.2,22.6,23.15,185,423
20251110,23.7,23.75,23,23.65,187,439
20251111,23.75,24.4,23.35,23.7,338,802
20251112,23.55,23.9,23.55,23.75,205,486
20251113,23.5,23.55,22.85,22.95,509,1174
20251114,22.8,22.9,22.5,22.75,373,844
20251117,22.7,22.7,22,22,245,545
20251118,22,22,21.05,21.3,271,580
20251119,21.3,21.4,20.7,20.75,188,395
20251120,21.05,21.45,20.95,21.05,196,415
20251121,21,21,20.05,20.3,347,709
20251124,20.45,20.65,20.3,20.35,74,151
20251125,20.65,20.8,20.45,20.8,60,124
20251126,21.2,21.4,21.05,21.4,87,185
20251127,21.5,21.6,21.3,21.4,66,141
20251128,21.5,21.9,21.5,21.85,108,235
20251201,21.85,21.85,21.3,21.4,90,193
20251202,21.5,21.7,21.3,21.4,87,187
20251203,21.55,21.85,21.5,21.85,150,326
20251204,21.95,22.5,21.85,22.1,136,302
20251205,22.3,22.5,21.85,22.2,123,272
20251208,22.05,22.3,21.9,22.1,113,249
20251209,22.7,22.7,22,22.3,108,240
20251210,22.7,22.7,21.75,21.9,231,507
20251211,22.25,22.55,22.15,22.45,272,607
20251212,22.6,22.9,22.15,22.25,175,392
20251215,22.15,22.4,21.95,22.4,81,179
20251216,22.4,22.65,21.95,22.3,157,348
20251217,22.35,22.35,22.05,22.1,62,137
20251218,22.3,23.4,22.1,22.55,693,1583
20251219,22.75,23.35,22.5,22.85,235,537
20251222,23.15,23.2,22.7,22.8,206,472
20251223,23.05,23.05,22.6,22.7,189,430
20251224,22.85,22.85,22.3,22.7,152,343
20251226,22.9,23.05,22.65,22.7,83,189
20251229,22.75,23.55,22.75,23.15,434,1014
20251230,23.35,23.65,23.25,23.6,294,690
20251231,23.65,24.5,23.25,23.25,354,833
20260102,23.3,23.7,23.25,23.4,211,494
20260105,23.4,23.5,22.55,22.75,375,859
20260106,22.7,23.25,22.55,23.25,230,525
20260107,23.25,23.7,23.25,23.55,225,528
20260108,23.7,23.7,22.8,22.8,233,536
20260109,23,23,22.45,22.9,184,418
20260112,23.2,24.2,23.2,24.15,694,1658
20260113,24.6,24.6,23.4,23.95,355,848
20260114,23.95,24.25,23.8,24.25,341,822
20260115,24.25,24.25,23.7,23.95,217,518
20260116,23.95,24.6,23.95,24.35,574,1396
20260119,24.8,24.8,24.15,24.2,389,948
20260120,24.35,25.15,24.25,24.8,612,1518
20260121,24.8,24.8,24.4,24.4,386,946
20260122,24.85,25,24.65,24.8,347,860
20260123,25.15,25.15,24.55,25,395,980
20260126,25.1,25.8,25,25.3,631,1603
20260127,25.7,25.7,24.3,24.7,455,1125
20260128,24.85,25,24.3,24.75,394,968
20260129,24.35,24.4,23.7,24.4,356,856
20260130,24.4,24.4,23.5,23.5,236,560
20260202,23.4,23.4,22.85,23.2,165,379
20260203,23.3,23.55,22.85,23.25,123,284
20260204,23.25,24,23.25,24,137,325
20260205,24.35,24.35,23.7,23.9,159,381
20260206,24.75,24.75,22.75,22.95,273,630
20260209,23.35,23.4,22.75,22.75,93,214
20260210,23.25,23.65,23,23.15,146,340
20260211,23.25,23.25,22.8,23,145,333
20260223,23.3,23.3,22.05,22.6,471,1057
20260224,22.65,23.3,22.65,23.2,207,478
20260225,23.6,25.25,23.6,24.75,956,2358
20260226,25,25,24.55,24.75,437,1084
20260302,24.65,25.55,24.2,25,677,1700
20260303,25.1,25.45,24.4,24.75,448,1115
20260304,24.2,24.5,23.25,23.35,360,852
20260305,24.15,24.5,23.9,24.4,175,424
20260306,24.35,24.4,23.9,24.2,141,339
20260309,23.25,23.25,22.35,22.7,232,529
20260310,23.5,23.5,23,23.35,115,268
20260311,23.9,25.65,23.8,25.65,1102,2777
20260312,25.55,26.05,25.1,25.7,890,2279
20260313,23.8,24.95,23.45,24.8,640,1547
20260316,25.05,25.5,24.5,25.3,419,1052
20260317,25.8,26.75,25.75,25.8,1674,4383
20260318,26.45,27.5,26,26.95,1214,3243
20260319,26.9,27.4,25.9,26.05,1287,3422
20260320,26.1,28.65,26.05,28.65,2216,6202
20260323,28.9,31.5,28,29.85,9656,29257
20260324,30.7,32.65,28.5,28.85,5758,17480
20260325,29.2,30.5,28.8,29.05,1949,5735
20260326,29.05,30.4,28.95,29.4,2114,6267
20260327,29.4,31,28.8,30.05,2130,6428
20260330,29.55,29.55,28.2,28.35,1089,3134
20260331,28.4,28.4,26.65,27.25,1520,4138
20260401,28.9,29.1,27.5,28,589,1654
20260402,27.8,28.1,26.85,27.1,569,1557
20260407,27.4,27.9,26.7,26.9,553,1504
20260408,27.3,28,27.25,28,635,1758
20260409,28,28.05,27.1,27.65,553,1519
20260410,27.75,28.05,27.35,28.05,543,1507
20260413,28.3,30.3,27.9,30,2588,7559
20260414,30.2,31.45,29.3,29.55,2304,6941
20260415,30.05,31.35,29.7,30.8,2074,6370
20260416,31.65,31.8,30,30,1619,4946
20260417,30.55,30.7,29.8,30.15,940,2848
20260420,30.7,31.05,29.6,30.45,1187,3581
20260421,30.8,30.8,30,30.4,758,2306
20260422,30.65,33.4,30.1,33.4,5123,16672
20260423,35.5,35.5,30.65,32.25,6534,21686
20260424,32.6,33.9,31.5,32.35,2228,7289
20260427,32.5,32.55,29.8,30.15,1691,5150
20260428,30.15,30.5,29.7,30.1,607,1824
20260429,30.1,30.6,29.8,30.35,478,1446
20260430,30.5,31,29.95,30.35,534,1615
20260504,30.8,30.9,30.1,30.2,606,1845
20260505,30.35,31.3,30.05,31.25,914,2828
20260506,31.2,31.2,29.6,30.35,1094,3307
20260507,30.65,30.8,29.75,30.2,579,1743
20260508,30.75,31.2,29.1,29.3,841,2525
20260511,30.45,31.1,29.85,30.9,1168,3586
20260512,31.15,31.15,30.05,30.1,623,1890
20260513,30,30.3,29.65,30,373,1115
20260514,30.5,30.75,29.8,29.8,508,1536
20260515,30,30.15,29,29.05,561,1664
20260518,29.2,29.95,28.05,29.95,321,936
20260519,29.95,30.4,28.85,29.25,494,1458
20260520,29.6,29.6,28.6,29.1,365,1055
20260521,29.6,29.95,29.5,29.7,318,945
20260522,29.75,30.6,29.7,30.6,755,2293
20260525,31.3,31.95,31.05,31.55,1240,3904
20260526,32.2,33.55,31.35,33.55,2543,8278
20260527,33.55,34.25,32.4,33.1,1823,6070
20260528,33.1,33.8,31.25,31.65,1284,4176
20260529,32.5,32.5,31.55,32.2,692,2211
20260601,32.2,33.8,32.2,33.45,1722,5711
20260602,33.65,34.45,33.15,33.5,1624,5472
20260603,34.05,36.2,33.8,34.4,2050,7104
20260604,33.85,33.85,32.05,33.65,1367,4509
20260605,33.65,34.65,32.6,33.75,1234,4147
20260608,31,31.9,30.45,31.85,718,2227
20260609,32.2,32.6,31.75,32.2,445,1435
20260610,33.8,35.4,32.65,32.65,4814,16712
20260611,32.3,33.2,31.25,32.55,1039,3340
20260612,33.6,35.35,33.25,33.45,1439,4906
20260615,34,34.05,32.9,33.05,708,2356
20260616,33.55,33.65,32.45,32.6,628,2066
20260617,33.05,34.25,32.5,33.45,713,2390
20260618,33.45,33.7,32.75,33.2,902,3002
20260622,33.55,34.25,33.5,33.6,1102,3732
20260623,33.95,34,32.85,34,736,2454
20260624,33.6,34.1,33.35,33.8,650,2186
20260625,34,34.15,31.8,31.9,993,3237
20260626,31.5,32,30.9,31.15,524,1641
20260629,31.15,31.45,30.6,31.15,438,1358
20260630,31.5,32.7,31.15,32.2,361,1157
20260701,32.65,32.8,31.75,31.75,267,858
20260702,31.8,32.1,31.5,32,189,602
20260703,31.8,33.2,31.8,32.85,431,1412
20260706,32.55,33.05,32,32.15,362,1175
20260707,32.15,32.25,30.85,30.9,328,1030
20260708,30.9,31,29.3,30.05,533,1591
20260709,29.55,30,29.1,29.45,317,933
20260713,30.85,31,29.05,29.6,317,951
20260714,29.5,29.5,26.8,28.05,519,1445
20260715,28.2,28.6,28,28.4,177,500
20260716,28.15,28.45,27.5,27.5,174,485
20260717,27.5,27.5,25.75,25.75,526,1383
20260720,26.4,26.4,24.85,25.9,185,473
20260721,25.95,26.3,25.15,26.2,159,414
20260722,26.7,27,26.2,26.2,141,374
20260723,26.8,26.8,25.8,26.25,181,474
20260724,26.1,26.7,25.75,26,132,343
20260727,25.85,25.85,25.1,25.7,203,516
20260728,25.6,25.6,24.4,24.55,437,1076
20260729,25,25,22.65,24.35,577,1345
20260730,23.2,25.75,23.2,24.2,315,753
20260731,26,26,25.1,25.6,178,451
20260803,25.6,26.5,25.35,25.8,137,353
20260804,25.6,26.25,25.55,26.15,180,468
20260805,26.6,26.85,26,26.1,189,498
20260806,26.1,26.25,25.5,26.05,139,361
20260807,26,26.25,25.85,26,106,276
20260810,26.15,26.45,26,26.15,263,688
20260811,25.85,25.85,24.8,24.95,426,1070
20260812,24.95,25.45,24.9,25.15,350,879
20260813,25.65,25.75,24.9,25.2,206,518
20260814,25,25.05,24.4,24.6,273,672
20260817,24.55,24.7,24.3,24.7,131,321
20260818,24.7,24.7,24.1,24.45,136,330
20260819,24.45,24.6,24,24.4,108,262
20260820,24.5,24.8,24.2,24.4,120,292
20260821,24.4,24.65,24.1,24.65,87,211
20260824,24.3,24.65,24.15,24.5,128,312
20260825,24.5,24.5,23.85,24.4,149,359
20260826,24.4,24.9,24.25,24.4,145,356
20260827,24.4,24.8,24.3,24.3,132,324
20260828,24.5,24.65,24.25,24.45,130,317
20260831,24.6,24.6,24.15,24.45,72,175
20260901,24.45,25,24.45,24.7,203,502
20260902,24.55,24.9,24.35,24.5,122,299
20260903,24.7,24.7,23.95,24.35,176,427
20260904,24.35,25.5,24.2,25.1,638,1592
20260907,25,25,24.5,24.7,195,480
20260908,24.85,24.85,24.05,24.45,169,412
20260909,24.45,24.65,24.15,24.25,110,267
20260910,23.8,24.05,23.2,23.25,403,943
20260911,23.1,23.5,22.9,23.5,206,476
20260914,23.65,23.65,23.25,23.5,61,143
20260915,23.5,23.55,22.75,22.8,128,295
20260916,23,23.3,23,23.3,50,116
20260917,23.3,23.4,23.25,23.4,83,194
20260918,23.4,23.4,23.25,23.4,118,275
20260921,23.3,23.7,23.2,23.7,125,293
