# date,open,high,low,close,lot,wan
20250814,99.9,99.9,96.9,97.5,198,1943
20250815,98,98,96.2,96.5,134,1293
20250818,95.6,102,95.6,101.5,269,2669
20250819,101.5,102,99.2,99.3,194,1937
20250820,99.4,99.4,92.8,93.4,263,2491
20250821,93.1,95.8,93.1,93.5,75,709
20250822,93,93.5,91.8,92.4,74,686
20250825,92.8,93.1,92.3,92.5,103,955
20250826,92.5,94.8,91.9,94.8,99,926
20250827,94,97.2,93.8,96,136,1300
20250828,94.9,95.8,93.4,93.4,128,1209
20250829,94,95.2,93.4,94,99,935
20250901,94,94.1,89,91,114,1046
20250902,90.1,91.5,89.5,90.8,129,1167
20250903,91,94.2,91,93.9,78,730
20250904,94.6,94.6,92,92.1,66,611
20250905,93.5,93.5,91.9,92,41,380
20250908,91.5,92.8,90.1,92.1,164,1496
20250909,92.1,92.5,91.7,92.5,40,365
20250910,92.5,92.6,91.4,91.7,84,768
20250911,94.8,97.7,92.2,92.8,270,2547
20250912,92.8,92.8,91.8,91.8,67,621
20250915,90.9,91.3,89,89.4,147,1320
20250916,89.4,90.1,88.7,90,71,639
20250917,90.5,93.6,90.2,92.2,145,1344
20250918,92.4,93.5,92.1,92.3,36,336
20250919,94,94.2,92.3,92.7,85,795
20250922,94.9,98.8,93.7,97.4,506,4908
20250923,97.6,107,96.2,107,1431,14857
20250924,107,109,103,107,1311,13997
20250925,106.5,107,99.9,100.5,725,7435
20250926,100.5,100.5,95,95.1,458,4444
20250930,96,97.9,95,95.4,153,1465
20251001,95.8,95.8,93.4,93.8,163,1540
20251002,93,94.6,93,93.6,95,889
20251003,94.4,95,93.1,93.6,75,702
20251007,94,95.5,92.9,94.2,158,1487
20251008,94.3,94.8,93,93.5,70,657
20251009,96,99.9,95.8,96.9,437,4279
20251013,93.1,94.5,92.1,94,196,1829
20251014,96,96,92,92.5,143,1331
20251015,93,93,92,92.3,88,815
20251016,92.3,93.5,92.3,93.1,67,626
20251017,93.1,93.7,92.5,92.5,80,740
20251020,92.5,95.8,92.5,94.7,115,1088
20251021,94.7,96.8,94.3,95.7,91,866
20251022,95.2,95.7,94.1,95.3,60,569
20251023,94.9,95.9,94,95,97,921
20251027,94.7,97.6,94.4,97.4,248,2379
20251028,97.4,97.7,95.9,96.2,118,1142
20251029,98.6,99.4,96.5,96.7,184,1800
20251030,97.1,98.6,96.5,97.5,116,1128
20251031,98.9,98.9,97.1,97.2,95,926
20251103,97,97.8,96,96,108,1049
20251104,96.6,96.7,92.8,92.8,134,1258
20251105,92,92,89.2,90.1,223,2010
20251106,91,91.1,89,89.8,75,674
20251107,89.1,90.5,88.3,90.5,91,813
20251110,89.9,89.9,88.2,88.6,94,832
20251111,88.7,89.5,88.5,88.6,75,672
20251112,88.9,91.5,88.9,89.7,96,866
20251113,88.9,90,88.4,88.8,75,668
20251114,89.2,89.2,86.7,86.7,104,910
20251117,87.2,87.2,85.3,86.9,94,809
20251118,87,87.5,84,84.1,115,976
20251119,84.1,85,83.3,83.7,55,463
20251120,85,85,83.6,84,34,288
20251121,84.1,84.1,81.7,83.5,88,728
20251124,84.5,84.5,83.1,83.4,21,178
20251125,83.4,86,83.4,86,47,397
20251126,86.1,87.6,86.1,86.8,74,642
20251127,88.7,88.7,86.2,87.3,74,651
20251128,88.1,90.5,88.1,89.8,107,957
20251201,89.5,89.5,88.2,88.2,26,227
20251202,88.2,88.7,87.3,88.2,40,351
20251203,88.1,88.2,87.1,87.1,52,459
20251204,87.1,87.3,86.9,86.9,38,328
20251205,86.9,87.3,85.3,87.2,26,224
20251208,87.3,90.9,87.1,89.7,127,1142
20251209,89.6,90.3,89,89.4,87,787
20251210,89.4,90.9,87.2,90.2,71,634
20251211,89.9,90.7,88.7,89.1,76,687
20251212,89.5,91.5,89.5,90,176,1589
20251215,89.9,97.5,89.9,95.9,442,4154
20251216,95.9,105,95.2,105,1566,16081
20251217,110,115,103.5,107.5,7734,84662
20251218,109.5,111.5,105,106,2343,25246
20251219,109.5,111.5,102,102,1655,17615
20251222,103.5,112,102,110.5,2737,29879
20251223,110.5,115.5,108.5,111,2792,31098
20251224,111,111,107.5,109,1216,13275
20251226,110,110.5,107,110,774,8433
20251229,110,110,106,107,693,7486
20251230,107,117.5,107,109,5519,62964
20251231,109.5,111,108,108,1295,14147
20260102,109,110.5,103.5,105.5,939,10078
20260105,105.5,107.5,102,105.5,747,7829
20260106,106,106,103,103.5,445,4620
20260107,104,105.5,103,103.5,533,5535
20260108,111,113.5,111,113.5,1790,20261
20260109,117,124.5,117,124.5,4030,49428
20260112,133.5,136.5,132.5,136.5,1529,20654
20260113,145.5,147,137,145,10402,148364
20260114,143.5,149,140.5,148,4777,69474
20260115,148.5,159.5,146.5,156.5,11011,169943
20260116,153,154.5,150,153,1643,25088
20260119,155.5,167,155.5,165.5,2087,33719
20260120,160.5,167.5,160,167.5,1072,17614
20260121,165.5,179,165.5,172.5,1484,25518
20260122,179,182,173,175,1251,22181
20260123,176,179.5,166,173,1760,30677
20260126,176,183,176,182.5,1738,31301
20260127,181,181,175,178.5,1065,18936
20260128,180.5,189,180.5,186,1437,26657
20260129,189,189,174,180.5,2196,39552
20260130,175,179,169,178,3859,67211
20260202,181.5,182,162,164,4569,78219
20260203,171,180,170.5,180,4508,79927
20260204,183,198,178.5,198,7799,149178
20260205,199.5,209.5,181.5,184,16858,332544
20260206,174,185.5,170.5,175,6561,116727
20260209,187.5,189,173,176,4298,77652
20260210,177,177,163,163.5,4368,73282
20260211,154,158,148,155.5,4984,76401
20260223,159,171,153.5,170,5641,92339
20260224,168,183.5,166,179.5,7621,135116
20260225,184,187.5,172,180,6585,118293
20260226,179,198,176,198,7632,144998
20260302,193,217.5,193,217.5,6385,134700
20260303,230.5,239,215.5,217,18736,424450
20260304,207.5,214.5,195.5,195.5,6666,134135
20260305,206,210.5,182.5,182.5,12336,240422
20260306,182.5,190,178.5,180.5,5871,107922
20260309,162.5,164.5,162.5,162.5,1060,17230
20260310,168.5,174,164,167,4000,67582
20260311,172,183.5,172,183.5,2587,46292
20260312,183.5,195.5,181.5,185,9096,170714
20260313,180,188,176,184,3931,71926
20260316,184,191.5,180.5,187,4707,87904
20260317,192,204.5,188,192,10085,196487
20260318,198.5,199,185.5,186,4969,94640
20260319,185,191,184,185.5,3118,58649
20260320,186.5,188,174.5,177,3944,70939
20260323,168,177.5,167.5,171,2392,41041
20260324,175.5,178,166,170,3248,55681
20260325,174.5,181.5,174,175.5,3632,64615
20260326,178.5,193,177.5,177.5,6501,120339
20260327,173,188.5,172,184.5,7055,128936
20260330,179,183,172.5,178,2550,44990
20260331,175,180,163.5,167.5,2975,50495
20260401,176,177.5,168,170.5,2372,41055
20260402,173,177,160,160,2886,48385
20260407,164.5,171.5,161.5,167.5,2507,41804
20260408,177.5,184,173.5,182,4929,88661
20260409,182,186,177,182,4144,75263
20260410,184,191,181.5,185,4516,83771
20260413,186,187,176,178,4001,72195
20260414,182,184,172,176.5,2498,44188
20260415,178.5,186,175,176.5,3192,57474
20260416,177.5,179,170.5,175,1862,32395
20260417,173.5,185,173.5,184,3724,67693
20260420,187,187.5,179.5,180,2410,43907
20260421,184,198,178,198,9527,184215
20260422,202,210,192,192,11000,222426
20260423,192,197,173,173.5,6247,112149
20260424,173.5,173.5,156.5,157,4633,75029
20260427,160,161.5,148.5,158.5,3059,47514
20260428,159,159.5,155,157.5,1400,22074
20260429,156,158.5,152.5,153,1036,15975
20260430,154,159,151.5,152,1394,21590
20260504,154.5,162,153,155,1698,26795
20260505,156.5,160,155,160,1388,21828
20260506,161.5,162,151,154.5,1727,26816
20260507,154.5,157.5,152,155,991,15329
20260508,154,162,152,155,1811,28429
20260511,156,160.5,153,158,1180,18664
20260512,158,162.5,156,160.5,1489,23707
20260513,158,159.5,154,155,795,12381
20260514,156.5,159.5,152,153,949,14720
20260515,155,156,147,148.5,1235,18565
20260518,146,163,146,163,2304,36458
20260519,167,174.5,162,167,6637,112299
20260520,168.5,174,162.5,163,2958,49655
20260521,164.5,171,164.5,165.5,1652,27606
20260522,166,172,165,169.5,2014,34038
20260525,174,183,173.5,176.5,3516,62534
20260526,177,178,168,172.5,1797,30735
20260527,175.5,176,164.5,165.5,1509,25429
20260528,168,174,160,160.5,1534,25579
20260529,165,172,162.5,169,1346,22571
20260601,169.5,171,166,167,1133,19058
20260602,167.5,171.5,160,165,1080,17805
20260603,167,170.5,162.5,168,1242,20784
20260604,167,167.5,162,163,646,10608
20260605,163,168.5,157.5,159.5,1195,19304
20260608,144,150.5,144,150,952,13880
20260609,151,156,150.5,151,829,12616
20260610,150.5,154,142.5,142.5,811,12023
20260611,141,149,136,142,1011,14408
20260612,149,152.5,142,142.5,681,9961
20260615,147,147.5,140.5,140.5,654,9394
20260616,141.5,143.5,136,136,763,10540
20260617,135,138,133.5,135.5,616,8337
20260618,136,138,135.5,136.5,458,6252
20260622,140,140.5,136.5,138,652,9019
20260623,138.5,138.5,129.5,130,1067,14065
20260624,127,132.5,126,127.5,674,8653
20260625,130,130,123.5,123.5,626,7873
20260626,122,122.5,115.5,116,1107,13162
20260629,121,121.5,114.5,116.5,594,6999
20260630,118,121,117,121,435,5168
20260701,122.5,122.5,116,117,468,5518
20260702,114,118.5,112,117.5,569,6564
20260703,116,122,116,119.5,460,5528
20260706,121.5,121.5,118,118.5,351,4193
20260707,120,121,113,113.5,376,4355
20260708,114.5,116.5,111.5,116,331,3769
20260709,115,119.5,115,115,338,3938
20260713,116.5,118,112,113.5,305,3485
20260714,113,113.5,103,107.5,837,8903
20260715,109,112,108.5,111.5,406,4465
20260716,109,110.5,107.5,109,246,2677
20260717,109.5,109.5,100,100.5,616,6260
20260720,102.5,102.5,93.9,99,578,5670
20260721,99,101.5,98,101.5,256,2559
20260722,99.6,103,99.6,101,249,2527
20260723,100.5,102,99,101,249,2503
20260724,101,101.5,97.3,98.2,304,2995
20260727,96.7,97.5,95.1,97.5,198,1910
20260728,94.5,95,90,90,409,3773
20260729,90,91.5,81.5,86,1070,8999
20260730,86,86,78.8,81.8,632,5207
20260731,86.6,88.7,84.5,86,354,3038
20260803,85,91.5,85,90.2,371,3320
20260804,94.4,94.4,90.6,94.3,422,3931
20260805,96.1,98.4,96.1,97.5,312,3030
20260806,97.5,97.7,94.7,97,201,1941
20260807,97.3,97.7,94.1,95.6,179,1711
20260810,97.8,101,97.3,99.8,278,2770
20260811,99.5,99.8,95.3,96,219,2126
20260812,96,98.7,96,97.6,125,1215
20260813,98.9,100.5,97.6,97.6,164,1622
20260814,98.8,98.9,96,96.1,154,1488
20260817,97.4,102,97.4,100,389,3889
20260818,100,100,94.5,95,311,3000
20260819,92.5,95.8,92.5,95.4,151,1430
20260820,96.6,97.1,94.2,95.4,136,1293
20260821,94,94.7,93,93.5,85,800
20260824,92.1,94,92.1,92.7,92,862
20260825,93,94.5,90.8,94.5,104,957
20260826,95,96.9,93.7,96.8,129,1230
20260827,97,99.5,96.9,98.7,151,1494
20260828,99.5,100,97.2,97.6,166,1637
20260831,97.6,98.6,96,96,177,1714
20260901,97.4,99.5,97.4,97.8,172,1688
20260902,97.9,97.9,96.5,96.7,112,1089
20260903,98.8,98.8,93,93,150,1430
20260904,94.2,96.5,92.6,95.5,152,1445
20260907,95.5,96.1,93.6,93.6,118,1110
20260908,94.1,94.1,91.2,91.2,138,1266
20260909,92.4,92.9,91.6,92.3,115,1067
20260910,91.6,92.2,90.2,90.2,97,875
20260911,88.8,89.9,88.3,89,97,866
20260914,88,89.2,87.4,87.6,122,1080
20260915,88,88.4,86,86.5,117,1020
20260916,92,95.1,92,95.1,192,1823
20260917,104,104.5,97.1,104.5,2115,21511
20260918,105.5,113,105,108,3756,40721
20260921,108,108,102,102.5,1019,10533
20260922,102.5,105,99.6,100,782,7939
