# date,open,high,low,close,lot,wan
20250814,229,231,219.5,220,1619,36045
20250815,221.5,222.5,212,215,1021,22096
20250818,215.5,224,215.5,222,1602,35283
20250819,198,202,194,194,1869,36824
20250820,195.5,202,188.5,196,1152,22545
20250821,196.5,201,189,190,1876,36364
20250822,190,194,188,188,772,14678
20250825,193,194,188.5,189,482,9176
20250826,187.5,193,187,193,417,7932
20250827,195,198.5,194,196,654,12824
20250828,195,197.5,191.5,192,640,12408
20250829,195,198,192.5,194.5,689,13472
20250901,196.5,196.5,185.5,187.5,805,15233
20250902,190.5,190.5,184,188.5,410,7679
20250903,190,198,188.5,196,657,12754
20250904,197.5,199,193,193,443,8650
20250905,194.5,196.5,192.5,194.5,252,4881
20250908,196,196,190.5,191,343,6582
20250909,191,191.5,188,191,298,5664
20250910,188,191,186,187.5,643,12068
20250911,188.5,188.5,184,184.5,398,7417
20250912,187,189,184,185.5,443,8240
20250915,189,191,182.5,185,479,8867
20250916,187,194,187,189,1012,19345
20250917,190,191,188,188.5,256,4842
20250918,189,192,186.5,187,281,5281
20250919,184.5,188,184.5,185.5,248,4611
20250922,187,187.5,184.5,184.5,384,7118
20250923,185,187,183,183.5,386,7135
20250924,184,187,183,185,273,5058
20250925,188,189.5,185.5,185.5,389,7290
20250926,188,188,174.5,182,764,13795
20250930,188.5,193,183.5,189,816,15448
20251001,190,191,184.5,184.5,353,6586
20251002,187,187,183.5,183.5,199,3667
20251003,186,186,182,182,273,5004
20251007,182.5,182.5,178,178.5,417,7471
20251008,178,178,175,176,259,4569
20251009,178,178,174.5,175,207,3637
20251013,164,174.5,164,173.5,311,5291
20251014,175.5,180,169,169,398,6920
20251015,170,171.5,168,169,206,3492
20251016,169.5,172,168,168.5,160,2715
20251017,168.5,171,168,168,140,2365
20251020,169,176.5,169,171.5,345,5981
20251021,172,174,171.5,172,145,2500
20251022,172,176,170.5,171.5,212,3666
20251023,171.5,171.5,169,169.5,135,2295
20251027,170,170,167,168,172,2892
20251028,168.5,169,165.5,165.5,175,2913
20251029,166,168,165,165,161,2668
20251030,165,165.5,161.5,161.5,312,5082
20251031,165,177.5,163,177.5,545,9378
20251103,182,194,182,189.5,2157,40607
20251104,189,191,186.5,188.5,663,12513
20251105,187,197,187,194,1723,33335
20251106,194.5,196.5,188,188,844,16243
20251107,187.5,194,183.5,191.5,535,10106
20251110,192.5,192.5,177.5,177.5,1485,27214
20251111,184.5,195,182.5,193.5,2538,48760
20251112,195.5,196,188.5,190.5,1019,19485
20251113,190.5,191,182,183,749,13888
20251114,181.5,182.5,178,178,449,8053
20251117,179,185.5,177.5,178,407,7352
20251118,177,186,175,182,627,11366
20251119,185,190,182.5,182.5,1356,25230
20251120,185,188,181,182.5,420,7734
20251121,180.5,180.5,172,173,618,10860
20251124,175,176,170,173.5,247,4256
20251125,176.5,179,174,174,215,3796
20251126,176.5,179,176,176.5,184,3263
20251127,179.5,181,177,179,180,3216
20251128,180.5,182,178,180,210,3786
20251201,181.5,181.5,176,176.5,158,2811
20251202,177.5,178,175,175,152,2673
20251203,176.5,178,175,175.5,140,2469
20251204,176.5,182,174,176,519,9228
20251205,178,178.5,172.5,173.5,218,3808
20251208,173.5,176,172.5,174,156,2716
20251209,174,176,174,174,129,2253
20251210,175,177,174,177,153,2688
20251211,171,173.5,169,170.5,493,8433
20251212,170.5,171.5,169.5,170,132,2249
20251215,170,171,168.5,168.5,104,1764
20251216,168.5,169,166,167,164,2742
20251217,167,169.5,165,165,131,2186
20251218,165,167,164.5,165.5,76,1258
20251219,165.5,167.5,165.5,166.5,73,1214
20251222,167.5,168.5,166.5,167.5,76,1272
20251223,168,170,167.5,167.5,100,1683
20251224,168,168.5,166,166.5,69,1154
20251226,166.5,166.5,164,165,121,1996
20251229,164.5,168.5,164.5,166,111,1851
20251230,165.5,166,164,166,84,1384
20251231,164.5,166,163,165,107,1763
20260102,165.5,169,165.5,165.5,111,1856
20260105,166,167.5,165.5,166.5,191,3182
20260106,167.5,167.5,165,165,118,1954
20260107,166,166,161.5,163,327,5346
20260108,163.5,167.5,163.5,166,191,3167
20260109,167,167.5,164.5,166,155,2572
20260112,160.5,161.5,155.5,156.5,640,10064
20260113,157,158,151.5,152.5,341,5225
20260114,153,155.5,153,155,144,2217
20260115,157,159,154.5,157.5,144,2265
20260116,158,161,155,156.5,117,1836
20260119,158,158,155,157,90,1403
20260120,159,161.5,158.5,158.5,372,5953
20260121,159.5,171,156,167,832,13813
20260122,171.5,173,167,167,617,10481
20260123,166,172,163,168.5,394,6611
20260126,168,171.5,167.5,169,301,5090
20260127,170.5,172.5,169.5,170,450,7686
20260128,171.5,171.5,170,170.5,272,4647
20260129,170.5,172,166.5,170.5,296,5038
20260130,171.5,173,166,166,449,7552
20260202,165,168,164,164,275,4553
20260203,167,170.5,165,166.5,294,4925
20260204,169,170.5,166,168.5,397,6690
20260205,169,169,165,165,176,2923
20260206,164.5,164.5,159.5,161,192,3103
20260209,167.5,167.5,163,163.5,121,1996
20260210,178.5,179.5,175.5,179.5,896,16062
20260211,182,185.5,170,170,1421,25193
20260223,165,169.5,164,166.5,487,8123
20260224,165.5,167.5,165,166.5,188,3129
20260225,166.5,166.5,165,165,193,3197
20260226,166,181.5,166,181.5,1177,21001
20260302,180,198.5,176,193.5,3700,70840
20260303,199.5,203,191.5,194.5,2856,56265
20260304,186,190.5,181,184,905,16765
20260305,189,192.5,184,187,852,16047
20260306,186,188.5,185,187.5,343,6406
20260309,179,181,172.5,177,614,10812
20260310,183.5,185.5,178.5,180,499,9061
20260311,178.5,181.5,173.5,180.5,867,15470
20260312,181.5,191.5,181,185,1090,20318
20260313,180,183,177,178.5,413,7412
20260316,178.5,180,175.5,175.5,227,4020
20260317,180,180,173,173,457,8004
20260318,175,176,173,174.5,263,4591
20260319,174,180,173,174,304,5359
20260320,175,177,173,173,245,4280
20260323,171,171,166.5,166.5,207,3481
20260324,170.5,170.5,164,164,142,2356
20260325,166.5,167,165,167,113,1879
20260326,166.5,167.5,164,164.5,140,2320
20260327,162,164.5,162,163.5,85,1389
20260330,163,163,158.5,159,169,2699
20260331,158.5,158.5,153.5,153.5,256,3989
20260401,156,159,156,157.5,109,1715
20260402,157.5,159.5,155,155,120,1878
20260407,157,159.5,156,158,162,2557
20260408,159,162.5,159,161.5,166,2682
20260409,164.5,164.5,156.5,156.5,192,3054
20260410,158.5,159,157,158.5,123,1945
20260413,158,163.5,156,160.5,219,3492
20260414,161,164,160.5,161.5,161,2608
20260415,163,165,162.5,164,153,2513
20260416,164,165,163.5,164.5,102,1677
20260417,164,165.5,163,163,150,2461
20260420,162,164,161.5,162,189,3067
20260421,168,177.5,167,176.5,702,12139
20260422,176,176.5,173,173.5,319,5565
20260423,175.5,190.5,175.5,184,2898,53967
20260424,188,188,178.5,180.5,755,13737
20260427,184,184,172.5,172.5,393,6877
20260428,172.5,173.5,170.5,170.5,203,3486
20260429,169,172,167,170,113,1910
20260430,170,173,169.5,172,141,2414
20260504,173,177.5,172,172,243,4231
20260505,174.5,179.5,174.5,178.5,271,4808
20260506,178.5,181,174.5,177,334,5902
20260507,181,181,176,176.5,281,4995
20260508,177,182.5,177,179,411,7388
20260511,182,185,180,181,300,5460
20260512,183,183.5,175.5,177.5,234,4181
20260513,178.5,180.5,175,175,140,2470
20260514,175.5,175.5,168,172.5,394,6751
20260515,177.5,179.5,171.5,172,282,4950
20260518,170,178.5,170,176,460,8067
20260519,179,186,178,181,701,12770
20260520,182.5,182.5,178,178.5,306,5495
20260521,179.5,181.5,179,181,221,3982
20260522,183,186.5,182,186,474,8750
20260525,192,194,185.5,188,682,12902
20260526,191,191,182.5,184,346,6392
20260527,188,188,181,184.5,309,5658
20260528,184.5,184.5,177.5,178,321,5796
20260529,181.5,182.5,179,182.5,200,3630
20260601,182.5,200.5,182,200.5,2433,47224
20260602,215.5,220.5,215,220.5,2180,47815
20260603,242.5,242.5,241,242.5,1547,37513
20260604,245,266.5,244.5,266.5,1979,51554
20260605,263,293,262.5,284.5,5293,147346
20260608,256.5,285,256.5,284.5,1081,28850
20260609,312.5,312.5,312.5,312.5,594,18562
20260610,343.5,343.5,313,320,1847,61553
20260611,352,352,288,318,1836,58284
20260612,334,340,315,338,626,20601
20260615,338,344.5,330,331,557,18733
20260616,339,350,335.5,350,512,17468
20260617,345,350,326.5,330,470,15935
20260618,330,330.5,323.5,327,467,15307
20260622,335,335,320,320,468,15278
20260623,321,326,313.5,326,365,11747
20260624,330,340,318,340,553,18153
20260625,338,351,333.5,345,828,28373
20260626,327,327,310.5,310.5,1017,32141
20260629,279.5,279.5,279.5,279.5,273,7630
20260630,255.5,259.5,252,252,4032,102002
20260701,252,252,230,243.5,3305,79308
20260702,240,254.5,235,239,2401,58579
20260703,238.5,240,230,236,1669,39258
20260706,245,249.5,239,244,403,9836
20260707,240,243,220.5,225,338,7790
20260708,230,230,225,226,156,3530
20260709,231,235,229.5,232,151,3514
20260713,243.5,243.5,232.5,240.5,270,6445
20260714,238.5,238.5,216.5,222.5,420,9287
20260715,229,244.5,228,243,230,5535
20260716,235,240,231.5,232,121,2845
20260717,225,225,215,217,176,3860
20260720,222,222,195.5,208,469,9455
20260721,210.5,228.5,210.5,228.5,989,21735
20260722,231,240,225.5,230,1777,41144
20260723,229.5,239.5,225.5,237,937,21891
20260724,233,235.5,222,225,783,17894
20260727,227.5,233,225,230,729,16679
20260728,224.5,231,219.5,224,908,20431
20260729,225.5,227,202,209.5,1267,26555
20260730,209,210,199.5,202,802,16333
20260731,210.5,222,210.5,222,669,14506
20260803,220.5,238.5,217,237.5,834,19201
20260804,233,248.5,232.5,247,995,24109
20260805,251,271.5,248,271.5,2474,65507
20260806,249.5,251,244.5,244.5,669,16500
20260807,231.5,232.5,221.5,223,1874,42404
20260810,222.5,238,220.5,232,1092,24966
20260811,232,232,224,226,476,10797
20260812,228,237,228,229.5,514,11915
20260813,234,236.5,231,234,510,11922
20260814,235.5,240.5,231,232,611,14386
20260817,234.5,235.5,230,230.5,322,7488
20260818,231,231.5,225,225,405,9212
20260819,220,225,217.5,221.5,340,7569
20260820,221.5,227,218.5,224,566,12646
20260821,220,224.5,217,217,451,9886
20260824,218,223,216.5,216.5,260,5692
20260825,216.5,216.5,211.5,216.5,225,4810
20260826,220,226,220,221.5,340,7548
20260827,221.5,223.5,216.5,217,362,7951
20260828,220.5,222,217.5,219,321,7062
20260831,218,220.5,215.5,218,220,4788
20260901,224,226,219,219,340,7563
20260902,222,222,218,220.5,201,4415
20260903,221,223,215,215,339,7398
20260904,216,224,216,223.5,359,7930
20260907,226,226.5,218.5,221.5,359,7930
20260908,222,222.5,218,218,152,3338
20260909,222.5,227.5,221,226.5,366,8189
20260910,226.5,231,223.5,223.5,382,8663
20260911,220.5,226.5,219.5,221,349,7769
20260914,223.5,232.5,222,226,1190,27041
20260915,229,233.5,225,227,746,17111
20260916,228,239.5,228,233,964,22583
20260917,234,240,230,232.5,632,14798
20260918,234.5,244,234,242.5,956,23041
20260921,240.5,244.5,236.5,238,608,14576
20260922,238,239,231.5,232,585,13706
20260923,232.5,236,231.5,234.5,236,5510
