# date,open,high,low,close,lot,wan
20250814,49.3,50,49,49,99,492
20250815,49,49.85,49,49.65,53,262
20250818,49.65,49.65,49.05,49.1,42,208
20250819,48.95,49.2,48.8,49,29,142
20250820,49.4,49.4,48.6,48.6,18,86
20250821,48.6,49.35,48.6,49,47,227
20250822,48.55,48.85,48.1,48.6,26,126
20250825,49,49.55,48.8,49,109,534
20250826,48.5,49.2,48.5,49.05,32,159
20250827,48.85,49.6,48.85,49.6,70,347
20250828,49.7,49.7,49.3,49.3,41,203
20250829,49,49.5,49,49.5,71,349
20250901,49.5,49.9,49.15,49.8,66,326
20250902,49.35,49.7,49.2,49.4,110,545
20250903,49.8,50,49.2,49.95,93,462
20250904,50.2,50.2,49.6,49.6,37,185
20250905,49.95,50.1,49.5,49.9,90,450
20250908,49.9,49.9,49.3,49.9,5,26
20250909,49.8,49.85,49.5,49.85,46,229
20250910,49.05,50,49.05,49.95,74,368
20250911,49.6,50,49.55,50,44,219
20250912,49.9,50,49.3,49.4,106,528
20250915,49.4,49.45,49.2,49.25,92,455
20250916,48.3,49.25,48.3,49,140,689
20250917,49,49.45,48.6,49.1,28,139
20250918,49.5,49.8,48.55,49.5,89,441
20250919,49.3,50.1,49.3,49.7,175,872
20250922,50,50.2,49.7,49.7,100,499
20250923,49.7,49.7,48.9,49,196,971
20250924,49,49.7,49,49.45,161,798
20250925,49.6,49.6,49.4,49.4,150,743
20250926,49,49.05,48.8,48.95,55,270
20250930,49,49.25,48.2,48.55,11,55
20251001,48.55,48.55,44.3,44.3,152,693
20251002,45.15,45.15,42.35,44.35,119,519
20251003,44.7,45.9,44.3,44.8,63,285
20251007,44.8,45,44.6,45,34,153
20251008,44.6,45,44,44.95,22,96
20251009,46.7,46.7,44.4,44.85,19,87
20251013,45,45,44,44.95,14,63
20251014,44.2,45.7,44.2,45.2,15,68
20251015,45.5,45.5,44.4,44.9,64,289
20251016,45,45,44.1,44.85,5,20
20251017,44.1,44.1,42.65,43.1,28,122
20251020,43.1,44.65,43,43.1,27,116
20251021,43.1,43.4,43,43.3,15,65
20251022,43.4,43.4,43.3,43.3,23,100
20251023,43.1,43.3,43.1,43.3,7,31
20251027,43.3,44.4,43,43.1,11,48
20251028,44,44,43.15,43.15,8,35
20251029,43.85,44.95,43.85,44.1,11,50
20251030,44.1,44.15,43.25,43.25,21,93
20251031,43.05,43.95,43.05,43.1,12,52
20251103,43.15,43.85,43.1,43.1,30,131
20251104,43.05,43.75,42.85,43.5,32,138
20251105,42.7,43.6,42.55,43.6,15,65
20251106,42.75,43.8,42.6,43.8,21,92
20251107,43.8,43.85,43.05,43.85,13,57
20251110,43.1,44.6,43.1,44.35,16,71
20251111,44.35,44.35,44.35,44.35,1,5
20251112,44.85,44.85,43.4,44.2,10,45
20251113,43.35,44,43.35,44,6,27
20251114,43.15,44,42.95,44,6,27
20251117,44,45.2,43.6,44.05,17,76
20251118,43.2,43.9,43,43.25,13,57
20251119,43.25,43.25,43.25,43.25,1,4
20251120,43.7,44,43.65,43.85,9,41
20251121,43.35,43.35,43.35,43.35,1,5
20251124,43.45,43.7,43.35,43.4,4,18
20251126,44,45.65,44,44,12,54
20251127,44,44.25,43.45,44.25,19,83
20251128,44.2,44.2,44.2,44.2,1,4
20251201,44.25,44.25,44.25,44.25,1,4
20251202,44.25,44.45,43.65,43.65,17,76
20251203,44.15,44.15,43.5,43.5,12,53
20251204,43.5,43.5,43.5,43.5,3,13
20251205,43.2,43.7,43.05,43.7,3,13
20251208,43.5,43.75,43.45,43.75,4,16
20251209,43.55,43.55,43.55,43.55,3,14
20251210,43.9,44.9,43.9,44.3,8,36
20251211,43.75,44.2,43.35,43.35,3,13
20251212,43.2,43.5,43.2,43.5,8,35
20251215,44.45,44.9,43.45,44,22,97
20251216,43.6,43.65,42.6,42.75,13,56
20251217,43.75,43.8,42.85,42.85,14,61
20251218,42.7,43.6,42.35,43.6,9,38
20251219,43.5,43.5,42.1,42.95,15,65
20251222,43.6,43.6,42.95,43.5,11,48
20251224,43.35,43.35,42.55,42.7,4,17
20251226,42.2,42.3,42.1,42.3,7,30
20251229,42.5,42.5,42.1,42.1,5,22
20251230,42.1,42.1,41.3,41.3,26,109
20251231,41.5,41.5,41.5,41.5,1,4
20260102,41.5,41.85,41.2,41.5,11,46
20260105,41.8,42.5,40.9,41.15,40,167
20260106,41.25,42.1,41.2,41.7,47,196
20260107,42,42,40.7,40.9,68,282
20260108,41.95,41.95,40.6,41.05,58,239
20260109,40.65,40.65,40.35,40.35,17,67
20260112,40.6,41.95,40.6,41,14,56
20260113,41.2,41.8,40.75,40.75,17,69
20260114,40.75,41.25,40.75,40.95,15,63
20260115,41,41.75,40.9,41,31,128
20260116,43.8,43.8,41.4,41.5,54,230
20260119,42.1,42.1,41.05,41.4,31,128
20260120,41.6,42,41.4,41.8,34,142
20260121,41.05,41.5,40.65,41.25,21,87
20260122,41.25,41.25,40.7,40.9,34,140
20260123,40.9,41,40.8,41,24,98
20260126,41.85,41.85,40.8,40.8,29,119
20260127,40.8,41.6,40.8,41.5,8,34
20260128,41.5,41.5,40.2,40.7,19,80
20260129,40.35,40.35,40.35,40.35,1,4
20260130,40.35,40.35,40.35,40.35,4,16
20260202,39.6,39.6,39.3,39.3,13,51
20260203,39.4,39.95,39,39,24,92
20260204,39,39.5,39,39.45,27,107
20260205,39.4,39.5,38.65,39.5,11,43
20260206,39,40,38.65,38.9,13,50
20260209,38.95,39.35,38.75,38.85,24,95
20260210,39.9,40,39.05,39.5,19,76
20260211,39.45,39.95,38.9,39.95,37,146
20260223,39.95,41.5,39.8,41.15,57,231
20260224,41.15,41.85,40.15,40.2,31,126
20260225,40.1,40.8,39.9,40.7,9,37
20260226,41.1,41.1,40.5,40.5,10,41
20260302,41.6,41.6,40.2,40.85,45,183
20260303,42.75,42.85,41.7,42.2,112,474
20260304,42.2,42.2,40.85,41.5,53,219
20260305,41.35,42.1,41.35,41.8,12,50
20260306,40.35,41.1,40.35,41.1,8,33
20260309,40,40.55,38.85,40.55,23,92
20260310,40.2,41.2,40.2,40.75,18,71
20260311,41.5,41.5,40.95,41.1,14,57
20260312,40.8,41.15,40.8,41.15,17,68
20260313,41.15,41.15,40.25,40.8,35,144
20260316,41.35,41.95,40.95,41,17,71
20260317,41,41.3,40.9,41.05,48,199
20260318,41.75,41.75,41,41,28,116
20260319,41.05,41.05,41,41,8,33
20260320,41.5,41.95,41.05,41.05,19,79
20260323,40.85,41.3,40.85,41.3,19,79
20260324,40.85,41.15,40.85,41,17,70
20260325,41.05,41.6,41.05,41.6,33,137
20260326,41.6,41.6,41.2,41.25,17,71
20260327,41.25,41.25,41.25,41.25,7,27
20260330,41.25,41.25,40.85,40.95,9,38
20260331,40.95,41,40.85,41,17,70
20260401,40.9,41.45,40.85,40.85,20,81
20260402,40.9,41.5,40.85,40.95,5,21
20260407,40.95,41.35,40.95,41.3,12,51
20260408,41.35,42.45,41.35,42.15,36,152
20260409,42.3,42.45,42.15,42.4,30,128
20260410,42.5,42.5,41.8,42.5,33,137
20260413,42,44.5,41.15,44.4,149,646
20260414,44.95,47.95,44.05,47.05,197,914
20260415,47.05,49.25,46.8,48.5,314,1512
20260416,48.5,48.5,47,47.7,69,331
20260417,46.8,47.1,45.7,46,78,363
20260420,45.7,46,44.6,44.6,110,494
20260421,44.5,44.5,43.95,43.95,65,289
20260422,44,45,44,44.8,36,161
20260423,45,45,43.85,44,39,173
20260424,44,44.35,43.5,44.35,26,115
20260427,44.35,44.35,43.55,43.55,57,250
20260428,44.25,44.25,43,43.85,16,70
20260429,43.95,43.95,43.35,43.55,7,31
20260430,43.7,44.9,43.05,43.8,52,230
20260504,43.8,44.15,43.6,43.6,34,149
20260505,43.1,46.05,43.1,45.8,181,814
20260506,45.05,46.3,44,45.8,146,661
20260507,45.8,45.8,44.6,44.6,46,209
20260508,44.6,45.9,44.3,45.9,147,667
20260511,45.9,46,45.2,45.2,28,130
20260512,45.45,45.45,44.4,44.5,35,158
20260513,44.4,44.5,43.5,44.5,44,193
20260514,44,44.05,43.7,43.7,20,88
20260515,44.35,45.1,44.3,44.3,42,190
20260518,44.3,46,43.85,45.55,105,477
20260519,45.55,45.55,44.4,44.85,15,69
20260520,45.3,45.6,45,45,72,327
20260521,45.05,45.8,45.05,45.8,51,233
20260522,45.8,45.8,44.25,45.35,53,240
20260525,45.6,49.85,45.5,49.85,501,2433
20260526,50.8,52.3,49.4,52.1,461,2359
20260527,52,52,49.05,49.2,223,1125
20260528,50.2,50.7,47.5,47.5,172,839
20260529,48.45,48.9,47.35,47.55,109,526
20260601,48.85,49.05,48.15,48.95,75,363
20260602,50.4,50.4,48,48.25,113,550
20260603,48.25,49.3,48.2,49,56,273
20260604,49,49.15,48.6,48.8,42,205
20260605,48.6,48.6,47.5,48,45,217
20260608,47.5,47.5,45.9,46.6,49,230
20260609,46.95,47.45,46.6,46.75,42,195
20260610,48.85,48.85,46.65,47.05,59,280
20260611,46.05,46.35,46,46.2,62,285
20260612,47,50.8,46.3,49.15,199,971
20260615,50.1,50.5,49.3,49.55,154,769
20260616,49.6,49.85,48.65,48.65,113,556
20260617,45.65,48.1,43.4,47.55,246,1140
20260618,47,48,46,48,135,640
20260622,48.05,48.05,44.05,45.1,249,1139
20260623,45.5,46.2,44.4,45.35,79,353
20260624,44.3,45,44.3,44.35,28,125
20260625,44.55,44.55,43.9,43.9,24,106
20260626,43.1,43.45,42.5,42.55,79,339
20260629,43,43.7,42.65,42.85,27,117
20260630,42.3,42.7,42.3,42.5,37,157
20260701,42.55,43.1,42.25,42.4,37,158
20260702,42.5,43.1,42.5,43.1,9,40
20260703,46,46.25,44.6,45.05,53,241
20260706,45.8,46.5,44.9,45.55,48,221
20260707,46.3,46.3,44.2,44.2,22,99
20260708,45,45,44.8,44.8,5,23
20260709,43.6,44.6,43.6,44.15,7,32
20260713,42.75,44.95,42.75,43.4,34,150
20260714,43.35,44.15,42.8,43.6,27,118
20260715,44.5,44.5,43.7,44.35,20,89
20260716,45.85,45.85,43.7,43.85,19,85
20260717,43.6,43.6,43.05,43.5,19,82
20260720,45,45,43.15,43.95,29,129
20260721,45.25,45.25,43.25,43.55,40,175
20260722,43.65,43.65,43.15,43.3,31,135
20260723,43.85,43.85,42.7,43.3,48,208
20260724,44.5,44.75,43,43.8,24,106
20260727,43.95,44,43.4,44,30,131
20260728,42.85,44.1,41.8,42.4,53,226
20260729,43.75,43.75,40.4,41.4,71,293
20260730,41.35,41.4,40.3,40.3,26,107
20260731,41.5,41.7,40.6,41.15,51,209
20260803,40.05,41,40.05,40.4,32,130
20260804,40.55,41.3,40.5,41.15,31,127
20260805,42.35,43.3,42.2,42.75,25,108
20260806,42.8,42.85,42.7,42.85,16,69
20260807,42.85,42.85,42.1,42.45,3,14
20260810,43,43.5,42.2,42.65,27,117
20260811,42.45,42.45,42,42.15,22,93
20260812,42.15,42.6,41.7,42.5,21,89
20260813,42.55,42.55,41.8,41.85,10,43
20260814,41.9,42.25,41.7,41.7,13,56
20260817,42.25,42.3,41.75,42,24,101
20260818,41.8,41.8,41.5,41.5,8,33
20260819,41,41.9,41,41.35,8,34
20260820,41.5,42.35,41.5,42.15,13,56
20260821,41.95,41.95,41.3,41.6,23,96
20260824,41.6,41.6,41.3,41.3,6,25
20260825,41.3,42,41.3,42,3,13
20260826,42,42.3,41.9,42.1,15,63
20260827,41.85,42.25,41.85,41.9,12,51
20260828,41.9,42.1,41.9,42.1,5,20
20260831,41.3,41.85,41.3,41.85,4,17
20260901,41.6,42,41.5,41.95,16,65
20260902,41.7,42.1,41.7,41.8,4,17
20260903,42.8,43.1,42.25,42.45,50,215
20260904,43,43,42.45,42.75,13,55
20260907,42.55,43.5,42.3,43.1,28,118
20260908,43.25,43.5,43.1,43.5,23,100
20260909,42.25,43.2,42.25,42.8,19,82
20260910,43.9,43.9,42.45,42.45,15,65
20260911,42.3,42.75,42.3,42.75,4,18
20260914,42.75,42.75,42.05,42.05,5,21
20260915,43.4,43.4,41.8,43,25,107
20260917,42,42.85,42,42.75,24,104
20260918,42.7,42.7,42.25,42.6,7,30
20260921,43.3,43.45,43,43.25,11,48
20260922,43,43,42.25,42.35,11,47
20260923,42.35,42.35,42.2,42.2,6,26
