# date,open,high,low,close,lot,wan
20250814,104,106.5,102,103,8838,91629
20250815,103.5,106,101,102,9143,94190
20250818,102.5,112,101.5,111.5,34795,380542
20250819,114,115,108,108.5,27882,309286
20250820,108,109.5,102,102.5,16617,174547
20250821,103.5,106,103,105,6420,67288
20250822,105.5,107.5,104,105,7625,80596
20250825,107.5,109,106.5,107.5,7123,76577
20250826,111.5,118,110.5,114,36186,414270
20250827,115.5,117.5,114,114.5,36161,417594
20250828,114.5,118.5,112.5,113.5,24927,287466
20250829,116,116,112.5,113.5,11750,133714
20250901,113.5,113.5,105.5,105.5,11813,127807
20250902,107.5,107.5,102.5,104,6327,66158
20250903,104,105,103,104,3612,37622
20250904,105.5,105.5,102.5,103,4600,47694
20250905,104.5,105,102.5,103,3591,37199
20250908,104.5,105.5,103.5,103.5,3215,33499
20250909,104.5,105,103.5,104,3002,31249
20250910,105,106.5,104,106,5980,63099
20250911,106.5,107,104,104.5,7045,74056
20250912,105,107.5,105,105.5,4294,45497
20250915,105,105.5,102,102.5,4670,48166
20250916,103.5,112,103,110.5,17074,185147
20250917,111.5,112,107.5,108,12615,138337
20250918,109.5,110,108,110,5478,59800
20250919,111.5,115.5,109.5,109.5,32264,361678
20250922,110,115,109,113.5,16869,189009
20250923,113.5,116.5,111,111.5,16952,192645
20250924,112.5,113,109.5,110.5,7553,83645
20250925,110,114.5,110,111,7110,79684
20250926,111,111.5,105,105,7109,75925
20250930,107,108.5,106.5,107.5,3369,36190
20251001,107.5,110,106,106,4276,46145
20251002,107.5,109.5,105,109,5376,57904
20251003,108.5,114,108,112,11149,124823
20251007,120,120,114,115,19152,223366
20251008,114,126,114,125,29099,350186
20251009,129,137.5,128,137.5,34050,457452
20251013,131,134.5,124.5,133.5,47677,620396
20251014,137.5,138.5,122.5,122.5,46540,599233
20251015,127,134.5,126.5,134.5,31247,411775
20251016,140,147.5,140,147.5,94625,1370403
20251017,147.5,155,145.5,151,80994,1222023
20251020,158,158.5,150,151,43425,665082
20251021,151.5,151.5,147.5,150,18719,279863
20251022,150,152,144.5,146.5,25129,370040
20251023,145,149,142,145,18164,263615
20251027,149,151,145,148.5,20808,308249
20251028,146,147.5,135.5,137.5,37424,520968
20251029,137.5,140,135.5,139,13470,186016
20251030,139,141.5,135,137.5,11011,152171
20251031,137,140,136,136.5,10257,141125
20251103,137.5,145,137,139,29599,415929
20251104,140,141.5,134.5,134.5,15619,215556
20251105,129,133,127.5,132.5,12840,167217
20251106,133.5,133.5,128.5,130,11140,144920
20251107,128.5,130,127,128,5615,72048
20251110,128,130,125.5,128,7516,96166
20251111,128,130,127,128,6620,85144
20251112,129.5,132,128.5,131.5,9632,125581
20251113,132,144.5,131,144.5,37188,517939
20251114,138.5,141.5,135,137,23418,324233
20251117,141,149,141,141.5,28411,410263
20251118,139,151.5,138.5,145.5,51661,752482
20251119,144.5,144.5,132.5,134.5,26934,370933
20251120,138.5,144,137,139.5,22014,308905
20251121,134,137,128,129,14895,195824
20251124,131.5,133,126,132,11346,146784
20251125,133.5,139,132,137.5,14460,196391
20251126,138.5,143,136,138,13733,191393
20251127,140.5,142,138,141,11127,156228
20251128,142,143,139,142.5,6172,87202
20251201,143.5,147,140.5,141.5,24305,348547
20251202,141.5,147,139,141,14015,199807
20251203,143,150,142,148,22631,331796
20251204,146,157,144.5,148,36135,546415
20251205,149,162,149,157,58243,911164
20251208,157.5,158,152,156,25285,392199
20251209,155,164,153,159.5,39403,624673
20251210,159.5,160,151,152.5,24749,381931
20251211,153,155.5,150,151.5,18231,278924
20251212,153.5,157,150,151.5,10510,160608
20251215,146.5,147.5,144,146,8112,118540
20251216,145,145,138,138.5,10257,143924
20251217,140.5,141,135.5,136,7592,104391
20251218,134.5,137,131,132,9314,123769
20251219,135,137.5,133.5,135,8860,119829
20251222,138.5,148,136,144,17191,245301
20251223,145,149,142,142.5,14751,213303
20251224,145,146.5,142.5,144,7020,101362
20251226,145.5,157,144.5,153,23900,363707
20251229,153.5,154.5,149,150.5,11359,171958
20251230,149.5,151,146,148,9624,142376
20251231,149,161,149,159,36658,576237
20260102,162,167,156,156,27285,435653
20260105,159,171.5,151.5,168,46626,765720
20260106,167.5,172,164,169.5,29339,492844
20260107,178.5,186,171.5,175,64764,1168119
20260108,174.5,178,164,166,27885,472472
20260109,166,177,164.5,168.5,31041,531898
20260112,172.5,182.5,172.5,181,31251,559813
20260113,179.5,184.5,175.5,176.5,35678,642449
20260114,179,179.5,171,172,18863,328566
20260115,172.5,179,170,175,25414,442224
20260116,176.5,192.5,174.5,192.5,55502,1039426
20260119,197.5,211.5,195,211.5,68351,1394668
20260120,209.5,220.5,202,206.5,95080,2013570
20260121,206,218,200,200,72927,1519307
20260122,209,213,205,205.5,30532,638583
20260123,207,215,204,214,31668,664462
20260126,210,214,205.5,208,21471,449652
20260127,213,228.5,210,228.5,32339,720918
20260128,228.5,249.5,227,243.5,66708,1592396
20260129,243.5,243.5,219.5,229.5,39666,909949
20260130,233,252,231,252,76967,1873803
20260202,245,251,230.5,239.5,44450,1069215
20260203,253.5,259,236,246,68948,1712858
20260204,248.5,270.5,248,270.5,78044,2077961
20260205,272,274.5,258,263.5,57159,1522521
20260206,246,250,237.5,242.5,45778,1096968
20260209,261,261,240.5,255,44875,1129826
20260210,257,268.5,251,253.5,60687,1585427
20260211,253.5,268,252.5,265.5,36128,950931
20260223,280,292,280,292,23267,672084
20260224,302,321,301,321,34020,1060994
20260225,327,332.5,312.5,325.5,61480,1986706
20260226,325,329.5,304.5,314.5,51207,1621000
20260302,300,323,299.5,304.5,41298,1288147
20260303,311,330,305,309,46757,1479554
20260304,304,312,282,284.5,45624,1339186
20260305,308,309.5,289,297.5,36205,1084285
20260306,295,304,291.5,291.5,20355,604687
20260309,262.5,271,262.5,264.5,16858,444935
20260310,280,286.5,267.5,274,24723,687830
20260311,285,296.5,284,290.5,26989,785270
20260312,288,300,282.5,289,29350,852319
20260313,283,317.5,280,317.5,48279,1471304
20260316,322.5,348.5,312,337,91831,3022242
20260317,342.5,368,331.5,341.5,61696,2144105
20260318,349,373,339,365.5,59260,2120842
20260319,356,398,352,383.5,66787,2524390
20260320,388.5,388.5,356,380,9782,360361
20260323,345,360,345,346,7126,248938
20260324,357,357,311.5,320.5,8949,289711
20260325,333.5,351.5,333.5,351.5,4848,168158
20260326,352,370,351.5,351.5,6884,247144
20260327,333.5,352,333.5,352,4269,148259
20260330,334.5,348.5,324.5,346.5,6537,218328
20260331,335,339,312,313,7785,248172
20260401,335,335,321,332,7162,236379
20260402,342,352,323.5,336,8260,278396
20260407,350,366,350,358.5,9918,355450
20260408,391.5,394,381.5,394,15645,610297
20260409,393,408,380.5,387,51903,2043682
20260410,399.5,400,373,381,25688,986893
20260413,379,381,360.5,366.5,24114,892554
20260414,375,386,366,371,26463,990404
20260415,376.5,399,363.5,383.5,42021,1622425
20260416,389,402.5,377.5,393.5,43262,1692161
20260417,395,405,391,391.5,27130,1076649
20260420,397,430.5,396,430.5,33909,1421327
20260421,453,473.5,446,473.5,38002,1759009
20260422,496,509,484.5,491.5,53119,2633104
20260423,496,509,453,479,58632,2843548
20260424,499,526,498.5,526,57209,2975562
20260427,546,555,502,515,54178,2856375
20260428,521,538,496,508,44139,2261642
20260429,508,516,490,508,24948,1257318
20260430,516,556,510,528,49392,2644387
20260504,544,544,512,531,24877,1318858
20260505,530,541,521,527,15100,799527
20260506,532,537,475,482.5,32578,1616375
20260507,486.5,506,478,492.5,21100,1039977
20260508,487,487.5,445.5,458,28689,1332652
20260511,475,503,468,503,26644,1301989
20260512,525,532,494,494,29426,1507150
20260513,482,516,481.5,497.5,24218,1213935
20260514,506,540,488,522,45244,2346859
20260515,536,537,480,486,33389,1667245
20260518,472,510,460,505,20229,975054
20260519,515,530,497,513,37471,1930283
20260520,513,520,481,504,39836,1995851
20260521,540,554,531,554,35213,1925498
20260522,588,609,588,609,11455,688383
20260525,664,669,660,669,8537,569080
20260526,670,719,654,696,50430,3460740
20260527,726,764,693,702,30663,2220208
20260528,702,702,654,681,8187,557881
20260529,707,746,704,729,7358,532021
20260601,740,775,740,774,6218,473528
20260602,778,778,710,743,6753,492707
20260603,740,749,730,739,4661,343920
20260604,706,720,681,692,6144,427734
20260605,662,725,623,712,7602,511905
20260608,641,698,641,698,8137,540352
20260609,705,732,683,714,5538,392250
20260610,705,723,650,660,6574,450157
20260611,674,693,594,619,31038,1920136
20260612,661,664,599,610,27158,1689546
20260615,631,660,621,660,21350,1371453
20260616,660,688,637,642,26698,1755695
20260617,642,706,640,706,29986,2070807
20260618,738,738,702,724,27744,1984513
20260622,740,796,733,796,20664,1599699
20260623,780,788,727,727,36604,2763875
20260624,749,766,710,739,29958,2216974
20260625,760,812,750,812,44515,3508817
20260626,828,893,790,797,62632,5365884
20260629,825,833,782,810,31131,2530272
20260630,851,891,840,891,31316,2736261
20260701,900,939,872,888,38729,3501840
20260702,845,857,816,830,27680,2310347
20260703,770,843,770,833,3350,270362
20260706,807,807,763,763,3957,308975
20260707,761,770,687,687,6854,493731
20260708,714,755,714,755,4336,322010
20260709,770,829,770,795,2570,206666
20260713,838,838,815,819,3481,287943
20260714,793,805,738,805,3717,287380
20260715,831,859,823,845,4103,345334
20260716,820,820,764,770,2674,209493
20260717,705,711,693,693,3694,257312
20260720,693,724,653,679,23744,1646266
20260721,715,746,704,746,6598,484284
20260722,804,819,770,796,25561,2042636
20260723,802,814,760,785,16084,1266061
20260724,766,770,707,711,14225,1036209
20260727,702,718,673,710,11397,792869
20260728,650,700,639,639,19391,1277018
20260729,650,650,576,576,15852,945325
20260730,550,633,541,578,30600,1841515
20260731,635,635,635,635,1399,88860
20260803,695,698,694,698,4280,298322
20260804,755,767,754,767,6044,462058
20260805,843,843,812,828,33104,2770061
20260806,816,853,801,853,23356,1948103
20260807,848,854,808,823,16108,1336353
20260810,823,849,811,836,3651,303407
20260811,820,844,807,842,2961,245949
20260812,847,864,827,858,3488,296714
20260813,866,872,813,851,4545,379729
20260814,841,862,840,862,4294,366081
20260817,896,932,881,905,38324,3480295
20260818,917,937,861,865,26967,2421005
20260819,834,902,832,849,21079,1820905
20260820,871,880,818,851,16928,1429941
20260821,842,842,792,811,17273,1404736
20260824,814,842,791,794,11765,949464
20260825,783,837,766,835,11434,916998
20260826,820,881,812,881,23278,1956289
20260827,920,960,905,914,32581,3025872
20260828,929,933,867,899,21576,1947638
20260831,844,899,810,819,31932,2665210
20260901,838,900,835,874,36368,3204167
20260902,850,864,837,847,14894,1267749
20260903,867,882,775,775,27085,2209275
20260904,797,828,766,819,19779,1577088
20260907,819,831,805,813,17015,1386658
20260908,822,832,792,800,11072,894046
20260909,812,835,805,812,15226,1246587
20260910,800,835,792,827,13683,1122475
20260911,811,833,806,822,8394,686658
20260914,795,810,784,798,11217,893731
20260915,795,822,791,795,7510,605189
20260916,810,832,792,820,10957,890893
20260917,825,835,785,805,15731,1271322
20260918,828,850,815,832,18318,1521615
20260921,849,878,824,827,23391,1983503
20260922,875,909,875,909,29109,2620692
