# date,open,high,low,close,lot,wan
20250814,33.55,33.55,33.2,33.35,1091,3635
20250815,33.2,33.2,32.45,32.55,1611,5260
20250818,32.6,32.8,32,32.05,1606,5175
20250819,31.95,32.05,31.45,31.55,2134,6776
20250820,31.95,32,31.45,31.5,1220,3864
20250821,31.5,31.95,31.5,31.7,973,3075
20250822,31.7,32.1,31.55,31.65,567,1805
20250825,31.95,32.1,31.8,31.85,391,1249
20250826,31.75,32.1,31.6,32.05,431,1374
20250827,32.15,32.5,32.15,32.25,533,1723
20250828,32.3,32.5,32.1,32.25,523,1690
20250829,32.35,32.45,32.15,32.15,408,1317
20250901,32.15,32.15,31.4,31.5,612,1936
20250902,31.6,31.9,31.4,31.6,382,1207
20250903,31.6,32,31.6,32,339,1079
20250904,32,32.25,31.95,32.05,427,1373
20250905,32.25,32.35,32,32.05,310,995
20250908,32.75,32.75,32.1,32.1,366,1182
20250909,32.4,32.4,31.9,31.95,426,1366
20250910,32,32.05,31.8,31.85,395,1261
20250911,31.9,31.9,31.1,31.1,1009,3164
20250912,31.05,31.3,31.05,31.1,438,1366
20250915,31,31.4,31,31.3,352,1096
20250916,31.15,31.3,31,31.15,367,1143
20250917,31.1,31.55,31.1,31.25,341,1070
20250918,31.55,31.85,31.3,31.65,648,2051
20250919,31.7,31.95,31.65,31.85,503,1599
20250922,31.9,32.25,31.9,32.25,418,1340
20250923,32.25,32.25,31.7,31.7,418,1333
20250924,31.75,31.9,31.6,31.65,252,798
20250925,31.5,31.95,31.5,31.55,246,778
20250926,31.5,31.5,30.85,30.95,689,2139
20250930,31,31.35,30.95,31.3,280,873
20251001,31.6,31.9,31.25,31.3,190,599
20251002,31.3,32.25,31.3,31.6,746,2372
20251003,31.85,31.85,30.9,30.9,621,1930
20251007,31,31.3,30.7,31.2,307,952
20251008,31.65,31.65,31.05,31.25,245,765
20251009,31.55,31.9,31.4,31.6,345,1093
20251013,31,31.3,30.7,31.15,467,1447
20251014,31.15,31.45,30.7,30.9,654,2028
20251015,30.95,31,29.25,29.25,1544,4587
20251016,30,31.2,30,30.95,1382,4254
20251017,30.95,31.4,30.8,30.9,339,1052
20251020,31.05,31.05,30.7,30.7,427,1317
20251021,30.7,31.05,30.7,30.8,412,1274
20251022,30.8,31.25,30.8,31.25,393,1222
20251023,31,31.3,31,31.2,186,581
20251027,31.7,31.75,31.3,31.75,564,1782
20251028,31.7,31.9,31.6,31.7,496,1574
20251029,31.85,31.85,31.5,31.55,251,794
20251030,31.3,32.05,31.3,31.7,698,2223
20251031,31.9,32.1,31.6,32,489,1558
20251103,32,32.1,31.8,31.9,488,1558
20251104,31.9,32.15,31.6,31.6,561,1790
20251105,31.6,31.85,31.1,31.35,407,1273
20251106,31.4,32.6,31.4,32.35,696,2245
20251107,31.8,31.9,31.2,31.45,860,2702
20251110,31.85,31.85,30.9,31.1,506,1576
20251111,31.75,32.55,31.75,32.4,1389,4473
20251112,32.55,33,32.4,33,1122,3679
20251113,33,33.2,32.65,33,616,2035
20251114,32.8,33.9,32.6,33.55,1791,5998
20251117,34,34,33.2,33.25,910,3049
20251118,33.45,33.45,32.3,32.5,714,2327
20251119,32.4,32.65,31.95,32.1,383,1232
20251120,32.55,33.05,32.4,33.05,720,2356
20251121,32.75,32.75,32.15,32.25,521,1688
20251124,32.65,33,32.35,32.8,359,1174
20251125,32.95,33.35,32.95,33.3,588,1951
20251126,33.5,33.8,33.25,33.25,535,1792
20251127,33.2,33.4,33,33.35,385,1279
20251128,33.35,33.35,33.1,33.2,381,1264
20251201,33.35,33.35,32.8,32.9,249,820
20251202,33.05,33.35,32.95,33.2,293,974
20251203,33.3,33.65,33.1,33.55,461,1545
20251204,33.6,33.8,33.5,33.6,441,1487
20251205,33.65,33.65,33.25,33.45,239,796
20251208,33.75,33.75,33.2,33.2,206,687
20251209,33.4,33.65,33.3,33.45,431,1444
20251210,33.45,33.55,33,33,295,979
20251211,32.6,32.7,31.7,31.85,1015,3252
20251212,31.85,32.1,31.7,31.8,273,868
20251215,31.7,32.05,31.5,31.9,197,628
20251216,31.65,31.9,31.5,31.8,262,831
20251217,31.5,32,31.5,31.55,185,588
20251218,31.85,32.05,31.65,31.8,222,708
20251219,31.8,31.8,31.4,31.65,418,1320
20251222,31.6,31.8,31.6,31.7,159,505
20251223,31.7,31.85,31.6,31.7,218,692
20251224,31.75,31.85,31.5,31.55,340,1074
20251226,31.6,31.65,31.4,31.5,235,739
20251229,31.6,31.75,31.45,31.7,207,653
20251230,31.7,31.7,31.35,31.5,297,934
20251231,31.5,31.8,31.5,31.65,286,907
20260102,31.75,32.05,31.6,31.9,280,892
20260105,31.9,32,31.5,31.55,413,1305
20260106,31.65,32.15,31.6,32.1,773,2467
20260107,32.15,32.45,31.95,32.35,609,1967
20260108,32.65,32.65,31.8,31.85,453,1451
20260109,31.85,32.15,31.7,32.1,438,1399
20260112,32.1,32.55,32.1,32.35,519,1679
20260113,32.9,33.2,32.65,33.15,1282,4228
20260114,33.45,33.75,33.3,33.5,874,2931
20260115,33.7,33.7,33.3,33.6,527,1765
20260116,33.75,33.9,33.5,33.6,622,2095
20260119,33.85,33.85,33.6,33.8,475,1601
20260120,34,34,33.4,33.4,438,1471
20260121,33.4,33.6,33.1,33.45,561,1875
20260122,33.45,33.6,33.35,33.55,375,1255
20260123,33.6,33.85,33.4,33.65,443,1490
20260126,33.85,34.25,33.45,33.65,706,2385
20260127,33.7,33.95,33.5,33.5,533,1797
20260128,33.6,33.7,33.2,33.6,491,1640
20260129,33.65,33.65,33.2,33.4,270,900
20260130,33.4,33.4,32.8,33.2,420,1386
20260202,33.2,33.5,32.8,32.85,337,1112
20260203,33,33.6,33,33.2,389,1298
20260204,33.3,35,33.25,35,2560,8795
20260205,34.9,35.9,34.5,35.45,3238,11487
20260206,35.45,35.8,34.6,35.45,1763,6218
20260209,35.8,36.4,35.2,35.7,2957,10603
20260210,35.7,38,35.7,37.3,6795,25321
20260211,37.85,37.95,36.8,37.4,3232,12096
20260223,37.4,37.6,36.95,37.25,1649,6142
20260224,37.25,37.4,36.65,36.85,1381,5103
20260225,36.75,37.2,36.6,37.05,1460,5389
20260226,37.15,37.35,36.6,36.7,962,3548
20260302,36.35,36.5,35.65,35.75,1148,4136
20260303,35.7,35.9,35,35.2,881,3113
20260304,34.75,34.8,33.5,33.9,1220,4153
20260305,34.6,35.45,34.5,35.3,976,3411
20260306,35.1,35.6,35,35.35,537,1895
20260309,34.45,34.85,33.6,34.1,958,3261
20260310,35.3,35.35,34.75,34.95,579,2027
20260311,35.05,37,35.05,36.45,1663,6073
20260312,37.7,37.95,37.3,37.55,2465,9267
20260313,37.95,40.45,37.9,39.85,9013,35673
20260316,42.15,43.2,41.15,41.9,7866,33080
20260317,42.25,45,41.85,44.8,10615,46797
20260318,45.8,45.85,43,44.65,7605,33629
20260319,43.8,44.3,43.15,43.25,2883,12592
20260320,43.6,45,42.6,42.8,5295,23204
20260323,41.8,43.55,41.35,42.55,2690,11444
20260324,43.6,43.75,42.6,42.9,2921,12613
20260325,43.75,43.85,42.75,43.45,1836,7944
20260326,43.5,44.25,43.2,43.85,2318,10155
20260327,43.85,44.8,43.4,44.45,5651,25001
20260330,44,44,41.7,41.9,3938,16689
20260331,41.25,42,40.6,41.45,2489,10289
20260401,42.3,42.85,41.1,41.5,2917,12221
20260402,41.4,41.45,40.3,40.35,2592,10531
20260407,41.45,41.5,40.75,41,1337,5491
20260408,42.1,43.55,41.75,43.05,2337,9949
20260409,43.5,44.3,43.2,43.95,2774,12154
20260410,45.5,46.3,43.4,43.7,3347,14836
20260413,43.7,46.2,43.05,45.3,5379,24311
20260414,45.9,46.95,45.3,46.3,4525,20866
20260415,46.3,47.2,45.25,46,4563,21110
20260416,47.2,48.4,46.7,47,5662,26901
20260417,47.05,48,47.05,47.45,2620,12465
20260420,48.1,49.35,47.95,48.5,4616,22527
20260421,49.4,49.45,47.45,48.6,2955,14261
20260422,48.7,50.3,48.6,50,3787,18815
20260423,51.2,51.9,47.95,49.55,7066,35412
20260424,50.3,54.5,50.1,54.5,13249,71181
20260427,55.4,55.5,51,53.2,12475,66265
20260428,52.5,54.1,51.9,53.5,3517,18699
20260429,52.8,53.3,51,51.1,3529,18277
20260430,50.9,52.8,50.5,52.2,2969,15476
20260504,52.7,52.9,51.2,51.8,2642,13690
20260505,51.8,55,51.8,54.1,3018,16271
20260506,55.1,56.3,54,55.9,5271,29166
20260507,56.7,56.7,54.5,54.7,3016,16736
20260508,55.1,56.2,53.5,55,2451,13487
20260511,58.6,60.5,58.6,60.5,6651,40100
20260512,64.7,66.5,64.1,66.5,8106,53488
20260513,62.9,65.5,60,62.7,11603,73172
20260514,63,65.2,62.2,63.5,4614,29418
20260515,65.5,68.8,59.6,68,10296,66808
20260518,68.8,73.5,67.1,73.3,11579,82004
20260519,72.2,77.6,71.6,76.2,9217,69335
20260520,76.3,79.8,76.2,78,8002,62523
20260521,79,80.6,74.6,79.1,10285,80250
20260522,79.6,80.5,78,78,5673,44909
20260525,77.9,77.9,73.1,73.9,7909,59072
20260526,73.9,80.5,73.1,80.4,8025,62749
20260527,81.2,83.7,80.2,81.4,5756,46853
20260528,81.8,82.2,78.1,78.5,3930,31438
20260529,80.4,80.4,75.3,76.1,4576,35058
20260601,76.5,78.3,75,75.3,3683,28159
20260602,75.3,77.8,74.6,77.8,2672,20421
20260603,77.2,79.5,77,77.8,2650,20664
20260604,77.3,78.4,76.2,77,2195,16962
20260605,76.4,76.7,73.3,73.5,2688,20015
20260608,66.2,70.7,66.2,69.9,2949,20206
20260609,70.7,72.2,69.3,71.4,2127,15090
20260610,70,70.8,64.3,64.9,6432,42824
20260611,62.9,63.5,60.4,61.8,4005,24806
20260612,64.3,64.3,61,61.2,3648,22806
20260615,62.7,63.3,60.7,61.3,2054,12678
20260616,61.8,62.6,60.5,60.6,1757,10745
20260617,60.1,60.5,59.1,60.3,1747,10457
20260618,61.6,62.7,61.2,62.3,2111,13125
20260622,63.8,63.9,62.4,62.8,2211,13936
20260623,63.2,63.3,61.8,61.9,1301,8115
20260624,61.5,61.9,60.4,61.2,1637,9975
20260625,61.8,62.1,60.6,60.6,951,5813
20260626,60.6,61.6,60.1,60.2,1562,9512
20260629,60.3,60.4,58.1,58.4,1843,10882
20260630,59.3,59.7,58.7,59.2,924,5472
20260701,59.6,60.2,57.4,57.6,1600,9370
20260702,57.5,59,56.4,59,1623,9367
20260703,58.9,60.8,58.8,60.2,1407,8455
20260706,61,61.3,59.7,60.4,963,5814
20260707,60.8,61.1,58.2,58.5,1161,6908
20260708,58.1,59.2,56.6,57.2,1384,7927
20260709,57.6,60.6,57.3,58.8,1653,9808
20260713,61.8,62.9,59,59.9,2470,14980
20260714,60,60.1,57.4,58.6,1484,8684
20260715,59.6,62.9,59,60.3,2552,15585
20260716,60.6,60.7,58.5,60,1104,6583
20260717,59.2,59.2,55.6,55.9,1856,10612
20260720,56.7,56.7,53.3,55.5,1831,10064
20260721,55.5,57.8,55.3,57.3,1566,8911
20260722,57.5,58,56.7,57.2,1282,7345
20260723,57.3,58,56.7,58,1109,6386
20260724,57.4,58.7,57.4,57.9,849,4906
20260727,57.9,58.2,55.9,57.2,1184,6722
20260728,56.1,56.1,54.5,55,1482,8158
20260729,55,55.2,51.4,53.4,2495,13160
20260730,53,53.7,51.7,52.3,1731,9104
20260731,54.6,56.6,54.2,55.8,1422,7920
20260803,55.5,56.5,54.6,55.5,995,5561
20260804,55.2,58.2,55.1,58.1,1582,9079
20260805,59,60.2,58.6,58.7,2218,13128
20260806,58.5,59.1,57.8,59,850,4973
20260807,59,59.3,57.3,57.6,1309,7591
20260810,58.2,58.5,55.5,55.8,2651,14982
20260811,56.5,57,55.9,56.8,2029,11444
20260812,56.9,56.9,55.2,55.5,2456,13658
20260813,56.3,56.8,55.5,56,3285,18408
20260814,56.3,56.4,52.6,52.8,5787,31249
20260817,53.2,53.4,52,52.2,1938,10143
20260818,52.2,52.2,50.7,51.2,2854,14636
20260819,50.5,51.2,50.4,50.8,1217,6180
20260820,51.2,51.5,50.6,51.1,1263,6439
20260821,51.1,52.6,51,51.4,1526,7900
20260824,51.8,52.8,51.8,52.2,2039,10673
20260825,51.7,52.1,51,52,1964,10123
20260826,52,52.3,51.5,51.8,1998,10348
20260827,51.9,52.1,51.3,51.4,2049,10578
20260828,51.8,52.3,50.8,51.9,3695,19008
20260831,47.5,47.5,45.7,45.85,4145,19200
20260901,45.5,46.4,45.4,46.4,2441,11191
20260902,46.3,48.25,46.3,47.5,2369,11241
20260903,47.7,48.25,47,47,1575,7476
20260904,47.5,47.6,46.1,46.6,1153,5368
20260907,46.9,46.9,45.9,45.9,1218,5608
20260908,46.35,46.35,45.35,45.35,1134,5156
20260909,45.5,45.6,45.05,45.5,589,2674
20260910,45.5,46.4,44.9,46.3,1146,5249
20260911,45.45,45.75,44.55,44.65,2278,10227
20260914,44.8,45.2,44.15,44.7,772,3455
20260915,44.7,44.8,44.25,44.25,571,2534
20260916,44.25,45.45,44.25,45.35,875,3948
20260917,45.65,45.7,45.1,45.35,684,3108
20260918,45.9,45.9,45.45,45.8,444,2029
20260921,46.1,46.3,45.85,45.85,781,3597
20260922,46.15,46.3,45.7,45.85,657,3026
20260923,45.9,46.05,45.5,45.75,527,2411
20260924,45.6,45.85,45.3,45.8,452,2060
