# date,open,high,low,close,lot,wan
20250814,208,210.5,201,201,7379,151179
20250815,201,201,196,196.5,2947,58188
20250818,195,197.5,193,194.5,2459,47869
20250819,195,195,190.5,190.5,2791,53487
20250820,189,189,184,184,3136,58350
20250821,186,191,186,187,1407,26434
20250822,189,189,185,186,1085,20232
20250825,190,191.5,188,190.5,1569,29847
20250826,192.5,198,191,196,2634,51343
20250827,198,198.5,195.5,197,1795,35379
20250828,196,199,196,197,1460,28882
20250829,199,199.5,197.5,197.5,1525,30274
20250901,198.5,199.5,192.5,193.5,1493,29194
20250902,195.5,198,193,194.5,1303,25460
20250903,196,201.5,195.5,200.5,2486,49640
20250904,202.5,203.5,199,199,2421,48585
20250905,201.5,203.5,199,201,2684,54115
20250908,203,207.5,203,205,4225,86941
20250909,208.5,224.5,207,218.5,9824,213330
20250910,223.5,223.5,216.5,217.5,5993,131667
20250911,218.5,223.5,212,212,5970,128841
20250912,218,224,214.5,216.5,6346,138925
20250915,219.5,220,213,217.5,3536,76595
20250916,218,221,215,219.5,5584,122116
20250917,221.5,231.5,220,224,14801,332336
20250918,224.5,242.5,224.5,237.5,16891,394818
20250919,238,249,235,246.5,13819,335382
20250922,247,255,235,243,14971,365622
20250923,245.5,246,238.5,239.5,8110,195792
20250924,239,250,239,242,10853,266070
20250925,243.5,251.5,242.5,242.5,7334,180568
20250926,240.5,241,231,237.5,7671,180610
20250930,238,243,234,242.5,4894,117070
20251001,242,243,238,238.5,4054,97285
20251002,241.5,249.5,241,242.5,7175,175367
20251003,243,258,242,256.5,11649,293069
20251007,260,260,246,249,8840,221602
20251008,245,246,237.5,242,7157,172236
20251009,240,243.5,238,238,4034,96827
20251013,224.5,240,223,239,3865,90471
20251014,241,242,229.5,230,5005,117628
20251015,231.5,231.5,227,227.5,2452,56068
20251016,229.5,238.5,229.5,235.5,3292,77430
20251017,234,238,233.5,234.5,2791,65672
20251020,236,239,235.5,237,1921,45618
20251021,238,245,237,243,3758,91124
20251022,243,245.5,240.5,244,2274,55395
20251023,245,245,240.5,241.5,2046,49577
20251027,244,244,238.5,238.5,2386,57261
20251028,240.5,242.5,235,236,2213,52468
20251029,238,240.5,236.5,238.5,1789,42675
20251030,238,239,231,232,3114,72684
20251031,232,235,231,232,1973,45846
20251103,232,237,231.5,234,1420,33301
20251104,235.5,236,229,229.5,1598,36995
20251105,225,233,222.5,233,1508,34400
20251106,234,237,231,231,1176,27390
20251107,229.5,232,226,226,1609,36736
20251110,226,230,220.5,228,1796,40413
20251111,230,231,224,224,1416,32174
20251112,225.5,228,223,225,1247,28083
20251113,226,226,221.5,222.5,2013,44915
20251114,218,223.5,213,213,2933,63858
20251117,214.5,215.5,210.5,211,1789,37972
20251118,210,210.5,203,203,2060,42526
20251119,202,205.5,199.5,199.5,1583,31876
20251120,204.5,208,203,206,1315,27026
20251121,201,204,196.5,198,1591,31649
20251124,202,202,196.5,198,1322,26220
20251125,202,205,201.5,204.5,897,18243
20251126,207,210,206.5,208.5,1152,23966
20251127,211.5,211.5,207.5,208,673,14052
20251128,209,210.5,208,209,618,12925
20251201,210.5,211,208,209,755,15813
20251202,210.5,211.5,208,209,635,13290
20251203,209,211,207.5,207.5,532,11122
20251204,208.5,210.5,206.5,206.5,415,8635
20251205,207,208,204,206.5,638,13137
20251208,207.5,210.5,207.5,209.5,445,9297
20251209,210,210,205.5,205.5,640,13225
20251210,204.5,207,204,204,1065,21839
20251211,207,209,204,204.5,1143,23602
20251212,205.5,206,203,203.5,552,11276
20251215,200,208.5,200,206,773,15810
20251216,205,205.5,198,203,1914,38429
20251217,204,204,200,201,1029,20766
20251218,201,202,199,199,464,9263
20251219,201,206,198.5,205.5,1107,22339
20251222,207,207.5,205.5,206,614,12673
20251223,207.5,207.5,202,202,595,12107
20251224,203,205,202,203,408,8287
20251226,204,204,199.5,200.5,992,19898
20251229,201,204.5,200.5,202.5,757,15369
20251230,201.5,203.5,200,202.5,518,10462
20251231,202,204.5,202,202.5,660,13387
20260102,202.5,208.5,202.5,206,1907,39193
20260105,208,210,203,205,2341,48284
20260106,205.5,211,205.5,211,2049,42909
20260107,213.5,213.5,207.5,210.5,1675,35144
20260108,210,210,205,206.5,1097,22721
20260109,208,208.5,202.5,208,1100,22701
20260112,208,210,206,209.5,853,17797
20260113,210.5,213.5,206,208,1729,36213
20260114,209.5,211.5,208.5,211.5,1114,23418
20260115,211,211,206,209,1340,27825
20260116,209.5,211,207,209,1041,21737
20260119,209,210.5,206,208.5,1183,24579
20260120,208.5,210.5,206.5,210.5,1285,26865
20260121,207.5,209.5,204.5,204.5,1940,40154
20260122,206.5,209,205.5,206.5,1440,29838
20260123,207.5,219.5,207.5,216.5,3864,83134
20260126,216.5,216.5,210.5,215.5,2666,56949
20260127,217.5,219,215,216,2369,51339
20260128,217.5,218,214,214.5,1940,41786
20260129,216,216,208.5,208.5,1620,34098
20260130,207.5,207.5,199,199.5,2176,43820
20260202,198.5,199.5,190,195,1948,37696
20260203,198,198.5,191.5,192,1284,24884
20260204,194,196.5,192,195.5,1287,24980
20260205,194,196,190,192,1319,25368
20260206,191,191,185,187,2101,39173
20260209,189.5,190,185,185.5,1380,25700
20260210,189,195,189,193.5,2007,38483
20260211,193.5,193.5,190,191,1216,23237
20260223,192.5,201.5,191.5,198,1875,37015
20260224,198.5,205,198.5,205,1626,33085
20260225,207,208,203.5,206,1851,38021
20260226,206,209,205.5,206,1410,29184
20260302,201,206.5,198.5,203,1187,24168
20260303,204,204.5,196.5,198,1233,24558
20260304,196,196,189,189,1574,30086
20260305,195,196.5,192,195.5,830,16162
20260306,195.5,198,193.5,197,528,10379
20260309,189,189,183,184.5,1478,27371
20260310,190,192,187.5,189.5,719,13636
20260311,192.5,199,191,198,825,16199
20260312,198,202.5,194,198,1050,20914
20260313,197,200,194,198,549,10875
20260316,200,200,196.5,198,611,12070
20260317,199,200,197,197,668,13238
20260318,198.5,199,196.5,197.5,683,13500
20260319,196.5,198,190.5,190.5,981,18990
20260320,191.5,197.5,190,195,904,17609
20260323,190.5,195.5,188.5,190.5,609,11658
20260324,194.5,194.5,188.5,189,543,10379
20260325,192.5,193.5,191.5,193,363,6989
20260326,193,195,189.5,189.5,685,13096
20260327,187,189.5,186.5,189.5,582,10934
20260330,185,188,184.5,185.5,598,11102
20260331,183.5,187,176.5,177,1512,27324
20260401,182.5,183.5,181,182.5,725,13178
20260402,184,184,178.5,180,595,10721
20260407,183,183,180.5,182.5,404,7355
20260408,185,190,185,189,840,15813
20260409,189,189,187,187,699,13126
20260410,188.5,191,187.5,187.5,696,13168
20260413,187.5,189.5,186,188,577,10831
20260414,190,191,189,190.5,715,13602
20260415,192.5,194,190.5,190.5,1219,23445
20260416,192.5,200,192.5,198,1821,35920
20260417,201.5,203,196,198,1076,21372
20260420,198.5,201.5,197,200,1137,22681
20260421,201.5,203,198,200,2195,43919
20260422,202.5,220,202.5,220,6185,132366
20260423,236,236.5,210,215,10530,234035
20260424,221,221.5,210.5,212,4666,100342
20260427,213,213,204,205.5,2628,54301
20260428,205.5,213.5,204,209,1312,27570
20260429,209,211.5,204.5,206.5,1310,27128
20260430,208,209,204.5,207.5,1258,26028
20260504,209.5,210.5,205.5,209,1420,29595
20260505,209,216,208,213,1666,35523
20260506,216,217,210,216,2127,45518
20260507,219,221,216.5,217,1862,40650
20260508,217,231,215.5,226.5,6091,137540
20260511,229.5,234.5,224.5,231.5,4086,94105
20260512,232,233,224,228.5,2417,55000
20260513,227,233,221.5,223,3035,68660
20260514,224.5,230,224,228,2256,51134
20260515,230,233.5,220,220,2771,62919
20260518,217.5,223.5,213.5,221,1340,29416
20260519,221,230.5,218,218.5,1969,44013
20260520,218.5,230.5,218,223.5,2768,62399
20260521,227.5,230.5,225.5,229,2324,53212
20260522,234,234,227.5,233,2659,61573
20260525,235.5,236,231.5,232.5,2679,62578
20260526,235.5,237,230.5,236,2653,62132
20260527,238,238.5,224,226.5,2804,64642
20260528,230,240.5,223,225.5,4682,108616
20260529,230,230.5,225,227.5,1397,31702
20260601,227.5,233,221.5,233,3169,71854
20260602,233,236,229.5,235,2837,66019
20260603,237.5,238,232,233,2204,51750
20260604,232.5,232.5,227,228,1615,36994
20260605,228,229.5,217.5,225,1888,42099
20260608,208,213,205.5,211,1747,36449
20260609,217,220.5,213.5,219.5,1085,23598
20260610,217,222,212,212,1056,22921
20260611,212.5,215.5,206,213,1036,21859
20260612,216.5,222.5,216,216,1377,30152
20260615,222,222,216,216,816,17811
20260616,219,219,214.5,215.5,581,12523
20260617,215,218,214,217.5,615,13309
20260618,218.5,225,218,225,2001,44581
20260622,228,235.5,228,230,3801,88081
20260623,232.5,234.5,227.5,228,2144,49485
20260624,226.5,228.5,223.5,228.5,1074,24230
20260625,231,237,227.5,227.5,4064,94288
20260626,227.5,229,212,212.5,3699,80800
20260629,215.5,233.5,215.5,233.5,5691,131204
20260630,233.5,241,232.5,238,9047,214484
20260701,244,250,230,230.5,10115,241421
20260702,232,241,229,235,5085,120058
20260703,235,242,233.5,235,3519,83477
20260706,238,250,235.5,235.5,7964,193089
20260707,238.5,245,232,232,5745,137286
20260708,233.5,236,226,228,3099,70965
20260709,229,229,220.5,221.5,3049,68238
20260713,211,213,199.5,201,4204,86170
20260714,201.5,203,188.5,198.5,3268,63709
20260715,200,200.5,195,196.5,2052,40523
20260716,195,195,188.5,190,2377,45200
20260717,187,187,177.5,178,2933,53014
20260720,179.5,183.5,174.5,182.5,2002,35952
20260721,183,193.5,182.5,193,1680,31765
20260722,196.5,203.5,196.5,201.5,2065,41477
20260723,201.5,203.5,198,202,1292,25925
20260724,199.5,203,197,201,972,19540
20260727,200,202.5,194.5,198.5,737,14534
20260728,194.5,194.5,189,190,1097,20913
20260729,190.5,191,179,185,1567,28743
20260730,181.5,187.5,180,181,911,16704
20260731,190,194.5,189.5,192,1479,28383
20260803,190.5,199.5,190.5,197,1289,25372
20260804,196,205.5,196,205.5,1231,24822
20260805,207.5,210,206.5,209.5,1563,32612
20260806,206.5,207.5,200.5,204,893,18158
20260807,205.5,211,204.5,205.5,1908,39820
20260810,210,214.5,208.5,210,1801,38010
20260811,208,210.5,205.5,209,874,18146
20260812,205,206,202.5,204,1358,27702
20260813,205.5,206,200,201.5,1217,24549
20260814,201.5,202,198,198,768,15294
20260817,198.5,200.5,196.5,198.5,574,11410
20260818,198.5,201,195.5,196.5,792,15643
20260819,194,200,192.5,198,585,11530
20260820,199,200.5,195.5,200,827,16430
20260821,198.5,199,194.5,195,832,16292
20260824,195.5,197,193,193,699,13593
20260825,193,195,188,194,622,11907
20260826,194,198.5,194,197.5,526,10359
20260827,198.5,199,196.5,198,547,10809
20260828,199.5,201.5,197,197,582,11596
20260831,195,196,191.5,192,862,16616
20260901,195.5,198,194.5,196.5,496,9747
20260902,195,199.5,195,195.5,429,8444
20260903,195.5,196.5,191.5,191.5,533,10302
20260904,194,194,189.5,192,436,8351
20260907,192.5,193,190,190.5,684,13049
20260908,190.5,191,186,186.5,899,16871
20260909,186,187,185,185.5,640,11899
20260910,186,187,183.5,183.5,488,9008
20260911,182,182.5,180.5,181.5,573,10383
20260914,181.5,182.5,179.5,181,499,9045
20260915,182,182,180,180,518,9355
20260916,180.5,184.5,180,184,447,8180
20260917,184.5,186,182,182.5,659,12094
20260918,184,186,182.5,186,598,11015
