# date,open,high,low,close,lot,wan
20250814,148.5,149,145,145,336,4907
20250815,145,146.5,141,142.5,300,4293
20250818,141,142,138.5,141,251,3534
20250819,142,155,136,155,962,14238
20250820,159,159,151.5,154,755,11715
20250821,156,156,147.5,149.5,410,6218
20250822,150,151,145,145,283,4176
20250825,145.5,148.5,143.5,144,225,3269
20250826,144,146,143,144,197,2844
20250827,146,152,143,149,404,5971
20250828,152,152,145,145.5,315,4604
20250829,147,148.5,144.5,147,208,3044
20250901,147,147,142,142,290,4166
20250902,143,144,139.5,140.5,225,3171
20250903,142,145,142,145,150,2155
20250904,146.5,146.5,141.5,141.5,163,2334
20250905,143,144.5,140.5,141.5,129,1832
20250908,144,144,141.5,142,113,1611
20250909,142,148,141.5,142.5,269,3891
20250910,144,146,142.5,143,183,2634
20250911,143.5,146,139.5,139.5,380,5359
20250912,140.5,140.5,138.5,139,179,2495
20250915,138.5,142.5,136.5,139,186,2580
20250916,139,146,138,143,333,4737
20250917,142.5,157,142.5,157,1200,18612
20250918,160,172,154,169,2075,33970
20250919,167.5,176,165,166.5,1332,22689
20250922,166.5,167.5,159,159.5,650,10528
20250923,162.5,168.5,158.5,164.5,679,11115
20250924,168,176,168,170.5,1062,18210
20250925,173.5,173.5,163.5,163.5,613,10163
20250926,164,164,155.5,162,442,7056
20250930,162,162,156,156,336,5312
20251001,157,160,154,155,304,4740
20251002,158,158,152.5,153,236,3639
20251003,156,162,156,157.5,407,6469
20251007,161.5,161.5,155,156,330,5198
20251008,158.5,158.5,153,153,183,2813
20251009,153.5,156,150,150,391,5934
20251013,140,147,140,146,259,3735
20251014,149,149.5,142,142.5,291,4245
20251015,143,147,143,144.5,133,1926
20251016,145,148,144,146,172,2504
20251017,146.5,149.5,144.5,146,184,2704
20251020,146,146.5,144.5,146,144,2101
20251021,147,154.5,147,149,303,4565
20251022,151,151,146,146.5,220,3233
20251023,148,148,143.5,144.5,137,1982
20251027,148,148,143.5,144,197,2847
20251028,144,144,142,142.5,144,2052
20251029,142.5,146,142,142.5,153,2187
20251030,142,142,140,140,193,2713
20251031,140,144,140,143.5,137,1948
20251103,144.5,148,142,148,296,4318
20251104,146.5,147,142,142.5,273,3921
20251105,139,142,139,141.5,142,1992
20251106,142,142.5,140,141.5,128,1809
20251107,140.5,141,138.5,139,218,3045
20251110,138.5,141.5,138.5,139,130,1810
20251111,139.5,144,139,139,129,1818
20251112,139,140.5,138.5,139,162,2257
20251113,139.5,140.5,138,140,144,1999
20251114,139,141,138.5,140,143,2000
20251117,140,140,137,137,209,2894
20251118,137,139,133,133,227,3085
20251119,132.5,136,132.5,132.5,118,1580
20251120,134.5,138,133,133,158,2141
20251121,132.5,133,127,129.5,240,3128
20251124,132.5,134,130,130.5,96,1267
20251125,132.5,143,132.5,140.5,340,4703
20251126,140,141,136.5,137,242,3350
20251127,138,139,135.5,135.5,110,1503
20251128,135.5,137.5,135,135.5,85,1158
20251201,137,139.5,136,138,185,2554
20251202,136,136.5,133,133.5,190,2551
20251203,135,136.5,133.5,134,62,836
20251204,138,138,134,135,90,1216
20251205,135,137,132,133,145,1936
20251208,133.5,135.5,132.5,134,102,1364
20251209,135,135,130,131,230,3012
20251210,131,131.5,129.5,130.5,132,1722
20251211,133,139.5,133,134.5,372,5073
20251212,135.5,135.5,133,133,112,1498
20251215,129.5,133.5,129,131,116,1524
20251216,130.5,136,130.5,133.5,211,2820
20251217,133.5,136.5,132,134,165,2214
20251218,136,136,131,131.5,113,1494
20251219,131,133,130.5,130.5,115,1512
20251222,133,133,131,131.5,107,1414
20251223,133,133,129.5,130,226,2953
20251224,130.5,131,127.5,128,198,2549
20251226,128,129,124,125.5,365,4576
20251229,125,127,122,123,344,4273
20251230,123,123,119,123,380,4574
20251231,123,129,123,124,315,3959
20260102,125.5,125.5,121,121,255,3122
20260105,124,124,119,121.5,355,4269
20260106,121.5,124,120,122,231,2821
20260107,122,128.5,122,125.5,335,4197
20260108,125,125.5,121.5,121.5,220,2714
20260109,122,122.5,119,122.5,166,2007
20260112,122.5,128,122.5,126.5,249,3143
20260113,128.5,133,124.5,125,432,5528
20260114,125,125.5,123,123.5,228,2836
20260115,122.5,123,121,123,209,2548
20260116,123,123,119.5,120,371,4461
20260119,119,122,119,120.5,350,4216
20260120,120.5,122.5,119,120,355,4280
20260121,119.5,119.5,117,117.5,436,5119
20260122,119.5,120,117,119.5,275,3261
20260123,121.5,131,120.5,131,1283,16370
20260126,137.5,144,137,144,1396,19741
20260127,150,153,146.5,149,2137,32116
20260128,147.5,155,140.5,152.5,1161,17065
20260129,156,156,147.5,151.5,902,13704
20260130,148,149.5,142,142,657,9516
20260202,141,142,132.5,136,668,9058
20260203,141,141,131,133.5,593,7959
20260204,133.5,134,130,133,344,4533
20260205,131,133,128,128,301,3905
20260206,128,128,120,122.5,328,4028
20260209,129,129,122.5,123,222,2760
20260210,123,128,123,127,220,2780
20260211,125,126,121.5,126,286,3521
20260223,126,129.5,126,127.5,256,3268
20260224,128.5,130.5,127,128.5,199,2567
20260225,130.5,130.5,126,126,225,2861
20260226,125,129.5,125,128.5,212,2712
20260302,128,141,125,141,740,9974
20260303,149,155,143.5,143.5,1838,27256
20260304,136.5,140,129.5,133.5,677,9102
20260305,138.5,140,131,134,361,4873
20260306,131.5,135,131.5,132.5,156,2073
20260309,125,129,122,126.5,256,3214
20260310,129,133,126.5,128,144,1858
20260311,129,132.5,129,132,211,2763
20260312,135,135,130,131,204,2692
20260313,133,133,130,130,171,2240
20260316,132,132,128,128.5,222,2869
20260317,129,133,128.5,130.5,279,3639
20260318,132,132,128.5,130.5,278,3619
20260319,130.5,130.5,124.5,124.5,436,5540
20260320,127,128,123,124,366,4567
20260323,122.5,124,120,120.5,278,3382
20260324,122,127,120.5,124,361,4460
20260325,125,126,122.5,123,208,2580
20260326,125.5,129,123.5,123.5,313,3943
20260327,123,126,121,126,162,1989
20260330,123,138.5,123,138.5,915,12208
20260331,137,141.5,130.5,132.5,779,10617
20260401,133.5,143,133.5,135,663,9128
20260402,137.5,137.5,130,132,404,5400
20260407,130.5,134.5,130,133,242,3195
20260408,133.5,136.5,133.5,135.5,275,3726
20260409,135,135.5,127.5,128,459,5979
20260410,128.5,130.5,128.5,129,175,2271
20260413,129,135.5,129,134.5,250,3331
20260414,137,138,133,134,237,3207
20260415,135.5,136,131.5,131.5,298,3963
20260416,131.5,139,131.5,134.5,603,8223
20260417,134.5,140.5,133.5,138.5,571,7883
20260420,140,152,139.5,152,1161,17217
20260421,160,167,154,167,2181,35073
20260422,172,183.5,171,183.5,1423,25628
20260423,195,201.5,176,201.5,4939,95288
20260424,211.5,220.5,201.5,218.5,3011,64114
20260427,213,237,213,218,1340,30007
20260428,216,224,216,216.5,660,14394
20260429,216.5,216.5,195,198,1482,29624
20260430,198,203,190,198,683,13342
20260504,205,209,200,200,647,13228
20260505,209,220,205,220,1120,24272
20260506,231,242,221,242,1427,33505
20260507,244,262,244,257.5,1118,28292
20260508,249.5,256.5,232,242,1127,27308
20260511,235,250,232,241.5,873,20881
20260512,236,248.5,222,226.5,1726,40206
20260513,215,219,204.5,211,1571,32989
20260514,213,216,207,207,946,19868
20260515,210,213.5,195,199,1255,25431
20260518,199,200,190.5,198,725,14193
20260519,197.5,198,178.5,180,1644,30046
20260520,185,198,185,198,955,18314
20260521,212,215,207,210,1577,33261
20260522,211.5,222,208,211.5,1026,22006
20260525,213,232,213,230,1340,30068
20260526,236,236,219.5,220,1243,27879
20260527,226,227.5,208,210.5,1036,22376
20260528,211,215,200,201,1117,22859
20260529,206,206,200,201,541,10908
20260601,203,205,196,196.5,803,15905
20260602,204,204,189,194.5,717,13932
20260603,194.5,196.5,189.5,190,521,9957
20260604,190,192,185.5,185.5,510,9573
20260605,185.5,188.5,178.5,180.5,690,12523
20260608,163,170,162.5,167.5,494,8143
20260609,173,173,167.5,171,342,5812
20260610,167.5,173,159,161,595,9828
20260611,159,167,158.5,161,424,6847
20260612,164,165.5,160.5,160.5,314,5092
20260615,162.5,176.5,161.5,176.5,320,5496
20260616,184.5,194,179.5,193,1365,26017
20260617,182,184,179,181.5,746,13567
20260618,182,184.5,180.5,183.5,422,7699
20260622,191,200,187,195.5,705,13688
20260623,196,200,187,187,558,10688
20260624,186,186,179.5,180.5,431,7833
20260625,182.5,185.5,176,176.5,389,6989
20260626,176.5,194,173.5,185.5,1379,26128
20260629,183,186,175.5,176,726,13099
20260630,181.5,181.5,177,179.5,288,5171
20260701,183,185,178.5,179.5,327,5905
20260702,184.5,193.5,179.5,185.5,656,12202
20260703,181,186.5,180.5,181.5,322,5877
20260706,186,190,183.5,184.5,438,8175
20260707,185,186.5,177,178,416,7525
20260708,177,181,175.5,179.5,239,4268
20260709,179.5,180.5,173.5,173.5,395,6940
20260713,178,178,170,171,251,4336
20260714,171,174.5,161.5,168,356,5896
20260715,172.5,174,170,172,186,3195
20260716,174,174,168,168,175,2964
20260717,167,168.5,158.5,159.5,382,6158
20260720,164,164,153.5,158,202,3187
20260721,162.5,162.5,159,161,124,1993
20260722,161,167,161,165.5,159,2633
20260723,165,165,159,159.5,157,2527
20260724,160,161,156.5,157,150,2374
20260727,157,157.5,152,153,170,2616
20260728,152,153,144,144,274,4020
20260729,157,157,133.5,135.5,450,6229
20260730,135,140,127,130.5,435,5749
20260731,137,143.5,134,140.5,545,7562
20260803,139.5,145,135,140,240,3386
20260804,143,145.5,135,145,281,3991
20260805,148,148,144.5,145.5,250,3651
20260806,145.5,146.5,141,146.5,140,2017
20260807,145,146.5,138,141.5,253,3589
20260810,144,149,142,144.5,248,3609
20260811,144.5,146,141.5,146,98,1407
20260812,144.5,146.5,144,146,137,1994
20260813,148.5,155,148,149,352,5293
20260814,151,151,147,149,187,2774
20260817,154,155,145,147,154,2276
20260818,147,147,140,140,180,2546
20260819,140,142,138,139,123,1716
20260820,144,144,139.5,141.5,76,1071
20260821,141,141.5,139,141,91,1277
20260824,144,144,139.5,139.5,82,1159
20260825,139.5,142,137.5,142,85,1183
20260826,144,156,142,156,316,4821
20260827,159,162,153,154,508,7970
20260828,154,169,154,166.5,739,12316
20260831,163,171.5,159,171.5,484,7919
20260901,172,188,169,180,827,14854
20260902,178,188,175,179,605,11009
20260903,184.5,184.5,171,171,260,4601
20260904,173.5,180,170,174,227,3966
20260907,178,180,174,177,196,3485
20260908,179,184.5,177.5,177.5,302,5457
20260909,177.5,178.5,173,173.5,279,4880
20260910,172.5,174,168,169.5,227,3881
20260911,167.5,169,164,165.5,191,3168
20260914,166,166,163,165.5,129,2123
20260915,164,164.5,160,160.5,208,3358
20260916,161,165,161,164.5,117,1913
20260917,164.5,168.5,162.5,164,150,2483
20260918,165.5,168.5,164.5,167,168,2803
20260921,167,177.5,166.5,174,321,5537
20260922,178,180,169.5,171.5,332,5815
20260923,172,172,166.5,167,226,3806
20260924,167,174,164,174,193,3262
