# date,open,high,low,close,lot,wan
20250814,117.5,118,115.5,116.5,58028,678578
20250815,117.5,118,116,116.5,49555,577862
20250818,117,117.5,114.5,116,41642,482197
20250819,116,117.5,115,115.5,30213,351506
20250820,115,115.5,113,113.5,35257,400729
20250821,114,115,111,111.5,48820,547463
20250822,112,114,111.5,112,24400,274979
20250825,114,114.5,113,113.5,27636,313710
20250826,113.5,113.5,112,113,20417,230283
20250827,113.5,116,113.5,115,34317,394243
20250828,114.5,116,113.5,115,19851,227973
20250829,115.5,116,113,113,17672,201735
20250901,112,112.5,109,109.5,32460,358204
20250902,110,111.5,109,110,17232,190102
20250903,110,111,109.5,110,9421,103935
20250904,111.5,116.5,111,113,49141,561186
20250905,114.5,115.5,113,115.5,19819,227251
20250908,115.5,116,114.5,114.5,11676,134215
20250909,115.5,118,114.5,116,33557,390889
20250910,117.5,120,117,120,54343,647466
20250911,122,122.5,118.5,119,51751,622947
20250912,120.5,121.5,119.5,120,25617,307899
20250915,121,121,118.5,119.5,20920,249812
20250916,120,120,117.5,118,32249,382673
20250917,118,122,118,119,29778,356851
20250918,119.5,120,118.5,120,25928,309629
20250919,120.5,121.5,119.5,121,42698,516535
20250922,121.5,122,120.5,121.5,18787,227650
20250923,122.5,126,122,122.5,76759,949325
20250924,123.5,124,120,121.5,29210,354317
20250925,122,127.5,121.5,125.5,101244,1267979
20250926,125.5,130,122,128,121428,1539998
20250930,135,140.5,134.5,140.5,110549,1542091
20251001,146,153.5,144,146,284878,4228220
20251002,154.5,156,148.5,149.5,121888,1847982
20251003,149.5,154,148,153.5,90491,1368577
20251007,157,158,152,156,92846,1439542
20251008,152.5,152.5,147.5,150.5,80193,1200664
20251009,153.5,154,147.5,151,66170,996713
20251013,142.5,148,142,145.5,72177,1048462
20251014,148.5,149.5,137.5,138,77131,1097631
20251015,139,140.5,136.5,138,38560,533755
20251016,139,141.5,137.5,139.5,58307,815826
20251017,136,138,135,136.5,65226,890560
20251020,139.5,144.5,139,142,66050,937381
20251021,146.5,146.5,142,142.5,63374,912431
20251022,141,144,140.5,143.5,30789,438434
20251023,142,148,141.5,143,53129,770221
20251027,146.5,147.5,144,146.5,59029,861964
20251028,146,150,144.5,148,52349,773143
20251029,149,153,148,152.5,68152,1032821
20251030,154,156.5,151,155,76209,1173744
20251031,155.5,155.5,149,150.5,59060,896798
20251103,150,150,142.5,143.5,81148,1177889
20251104,143,145,139,139,54223,768011
20251105,136,138.5,132,137.5,76835,1042521
20251106,138.5,142.5,137,142,43113,604617
20251107,139.5,141.5,137,137.5,40659,562010
20251110,139,141,137,138.5,38781,537696
20251111,141,148,140.5,144.5,84454,1224663
20251112,142,142,138,139,88398,1234899
20251113,142,148,141.5,144,85473,1239855
20251114,141,143,139.5,140.5,55416,780651
20251117,142.5,143,137,138,51212,713592
20251118,138,140.5,136,137,41296,568554
20251119,137.5,140,136,137,33800,464735
20251120,142.5,145,141,143,51463,736176
20251121,139.5,140.5,137.5,139,39879,553634
20251124,140.5,141,137.5,139,33983,471590
20251125,141.5,142.5,139,139.5,20989,294232
20251126,141,143,140.5,142.5,27515,390675
20251127,144,146,143,145.5,41822,604866
20251128,146,146,140.5,144.5,42676,609159
20251201,143.5,144,141,141,23059,327133
20251202,141.5,146,141,143,45775,657281
20251203,144.5,147,144,145,41640,605609
20251204,146,146.5,144,146,30394,441910
20251205,146,153,145.5,151,86358,1297329
20251208,151,152,147.5,149,38490,572844
20251209,153.5,154,149.5,149.5,95838,1446978
20251210,150,150.5,146.5,147.5,43430,642185
20251211,148.5,150,144,144,45779,668762
20251212,145,146,142.5,143.5,24583,354078
20251215,141,143.5,140.5,141.5,35532,502140
20251216,141,141,138,139,32244,448940
20251217,140,140.5,138,138,25230,351120
20251218,138.5,141,138,139.5,23189,322842
20251219,141.5,144,141,144,32344,461567
20251222,146,148,144.5,146.5,41606,608392
20251223,146.5,147,145,145,21400,311563
20251224,146.5,148,145.5,145.5,27769,407011
20251226,146,146.5,145.5,146.5,13977,204099
20251229,146.5,148,145,146,21467,314500
20251230,146,147,143.5,147,24127,351038
20251231,148,151,147,150.5,53485,798351
20260102,152,155.5,149.5,155,91886,1408793
20260105,157,158,153.5,155,57375,892364
20260106,155,155.5,152.5,154.5,34038,523377
20260107,155.5,161,155.5,158.5,77250,1229911
20260108,159.5,160,149,151,72666,1109938
20260109,150.5,153,148,149,52832,790376
20260112,150.5,151,146,146,45604,672600
20260113,147.5,148,143.5,143.5,34452,499603
20260114,144.5,148,144,146,31548,461540
20260115,146,146,143,143.5,29396,422507
20260116,145.5,145.5,143.5,145,33930,490586
20260119,143,143.5,138,138.5,118083,1647141
20260120,138,139,136,136,61421,840630
20260121,135,137.5,133.5,133.5,57956,783380
20260122,135.5,137,134,135.5,46455,629084
20260123,137.5,138.5,135.5,136.5,34223,467498
20260126,137,138,135.5,136.5,29444,402321
20260127,137.5,138.5,134.5,134.5,40546,550762
20260128,136,137.5,134,134.5,37327,503779
20260129,135,135.5,132,132.5,36860,489461
20260130,132,132,130,130.5,35537,464715
20260202,129,130,127,128,29527,378679
20260203,130.5,131.5,128,128.5,26353,340657
20260204,127,130,126,129,22082,282673
20260205,128.5,133,127.5,127.5,32893,425606
20260206,128,130.5,125,129,29717,380398
20260209,133,133.5,131,131,28241,373428
20260210,132,132,129.5,129.5,23368,305189
20260211,130.5,131.5,129.5,131.5,29447,384680
20260223,130.5,132,128.5,129.5,43602,568427
20260224,130,131.5,129,131,26171,340973
20260225,132.5,139.5,132.5,138,87159,1196518
20260226,139,139,134.5,136,56005,759300
20260302,131.5,136,131,135,30906,414232
20260303,134,136.5,131,131.5,37418,497025
20260304,130,131,125,125,56909,722964
20260305,128,131,128,128.5,35783,462362
20260306,127.5,131,127,130.5,22106,285356
20260309,125.5,127.5,123.5,127.5,42816,536968
20260310,131,132,127.5,129,29474,381765
20260311,131.5,134,131,133,36330,482400
20260312,132,134,131,132.5,22050,291423
20260313,131,135,130,134,33552,447667
20260316,135.5,137.5,134.5,135,42570,578448
20260317,137,137,132.5,134,39186,526040
20260318,135,135.5,130,130.5,45721,602266
20260319,129.5,130,127,127.5,35163,450948
20260320,128.5,133.5,126.5,130,65186,851727
20260323,127.5,128.5,125,125.5,32118,405799
20260324,128,131,126,129,33691,434770
20260325,132,132,127.5,128,34729,447194
20260326,128.5,129,127,127,23872,305432
20260327,126,127.5,125.5,127,17631,222960
20260330,125,127,124,125.5,20893,262374
20260331,125,126,122.5,122.5,37539,465111
20260401,126,127.5,125,127,21100,266805
20260402,127,128,124,125,15663,196335
20260407,124.5,125,123,123.5,19599,242680
20260408,126.5,131,126.5,131,40544,525286
20260409,132,132.5,130,132.5,37301,490020
20260410,134,136.5,133,135,42082,568129
20260413,135,136.5,132.5,134.5,26992,363794
20260414,137,139,136,136.5,38753,532468
20260415,137.5,138,132,133,39442,531353
20260416,134,135.5,131.5,134,35493,473002
20260417,133,137,132.5,136.5,36848,499802
20260420,137,141,135.5,140.5,79146,1095851
20260421,142,145.5,141.5,144.5,86280,1243091
20260422,145,145.5,143,144,50378,726935
20260423,145,146,135,139.5,63203,883284
20260424,140.5,141.5,138,141.5,40786,571336
20260427,143,144,141,142.5,38391,547503
20260428,143.5,144.5,140,140.5,27611,389836
20260429,139,140.5,136.5,140.5,23369,324619
20260430,139.5,140.5,136,137,26873,370709
20260504,138.5,141,138,140.5,23501,328121
20260505,140.5,142.5,139,142,24899,350650
20260506,143.5,146.5,142.5,146.5,71829,1039900
20260507,148.5,149,143.5,146,43322,634073
20260508,146,149,143.5,146.5,44207,645932
20260511,147,147,138,139,114217,1598990
20260512,139,143,135.5,141.5,75966,1058427
20260513,139,141.5,138,140.5,26883,376191
20260514,140.5,141.5,138,138,42378,590181
20260515,139.5,144,135,135.5,67279,939194
20260518,135,136.5,132,135.5,29122,392075
20260519,135.5,136,132.5,132.5,25581,342405
20260520,134,135.5,132,132.5,20643,275187
20260521,134.5,141.5,134,140,53679,747719
20260522,142.5,146,139.5,144.5,70278,1009828
20260525,148.5,150.5,147,149,70127,1045500
20260526,149.5,149.5,145.5,146,35796,525224
20260527,147.5,148.5,143.5,145,37563,548098
20260528,146,149,143,144.5,41754,609506
20260529,154,158.5,153,158.5,114139,1802818
20260601,174,174,172.5,174,94609,1646058
20260602,179,191,177,191,282188,5316298
20260603,193,201,188,194,175481,3425137
20260604,188,189,176,176,128624,2322401
20260605,172.5,174,165.5,171,75786,1291178
20260608,156,163.5,156,163.5,71041,1139483
20260609,166,168.5,163,165.5,64817,1075077
20260610,162.5,165,158,158,42515,683134
20260611,157,159,150.5,152.5,55231,847336
20260612,159,159,156,156,38078,598212
20260615,162,166,158.5,161.5,46483,749732
20260616,162,162,158,158,31462,501967
20260617,158.5,164.5,158,162.5,49733,807134
20260618,162,163.5,160.5,161.5,45633,737542
20260622,164.5,166,161.5,162.5,45906,749729
20260623,163,163.5,158,158.5,46745,746931
20260624,156.5,159.5,155,157.5,30029,471874
20260625,159.5,162,156.5,160,42349,676390
20260626,159,159,153,153,43076,667470
20260629,154,158,153.5,154.5,27018,420164
20260630,157.5,160,156,158.5,27372,434166
20260701,161,162,159,159.5,37037,594920
20260702,157,160,156,158.5,17411,276467
20260703,157.5,161.5,157.5,159,24769,396286
20260706,161,162,157.5,158,26190,417411
20260707,158.5,159.5,155.5,155.5,34773,546102
20260708,150,152,145,146.5,59257,869790
20260709,147,148,144.5,144.5,29080,423525
20260713,147,148,142.5,143.5,27031,390075
20260714,144,145,139,142.5,27926,394385
20260715,144,146.5,142.5,145.5,26072,377659
20260716,144.5,148,143,146.5,30592,447108
20260717,144,144.5,139,139,38763,546876
20260720,142,147,141.5,143.5,51717,748260
20260721,145,150.5,144.5,149.5,36193,538231
20260722,154,164,153.5,164,94857,1539289
20260723,168,179.5,165.5,173.5,218009,3799983
20260724,175,184,173,179,179841,3233696
20260727,180,180.5,167.5,177,109006,1882090
20260728,168,177.5,167,170,83361,1431998
20260729,173,178.5,164,169.5,155521,2660762
20260730,170,170.5,157.5,160,82602,1344118
20260731,176,176,165.5,176,138687,2393775
20260803,172.5,188,169.5,186,162427,2961823
20260804,186.5,198,183,195,153901,2953315
20260805,198,202.5,190,193,206766,4061272
20260806,193.5,199,188,189.5,83293,1595078
20260807,188,188,180.5,183.5,65416,1202512
20260810,185.5,193.5,184.5,193,69636,1325370
20260811,190,193.5,188,191,34518,660017
20260812,189.5,195,189,193.5,43109,831075
20260813,196,199.5,193.5,197,72282,1423407
20260814,198,206,193,193.5,94749,1882968
20260817,193.5,193.5,184.5,187,51873,972028
20260818,186.5,187,179,181,39194,714067
20260819,177,182,175,182,28163,504729
20260820,183.5,184,177,180,33489,600945
20260821,178,178,175,175.5,28031,493863
20260824,176,177.5,173.5,175.5,20242,355705
20260825,177.5,184.5,172.5,178.5,56953,1011795
20260826,177,182,176,182,21025,378619
20260827,184.5,188,179,179.5,50713,932847
20260828,182.5,183.5,178,178,26485,475011
20260831,176,181,174,178,38947,692071
20260901,179,182,178,182,27957,504306
20260902,184,192.5,183,185.5,84036,1574514
20260903,188,196,186.5,188.5,97295,1865722
20260904,195.5,200,193,198,82904,1629183
20260907,199.5,200.5,192,197,65694,1286913
20260908,189,189,182.5,186.5,123234,2291053
20260909,185.5,191,184,189,66841,1260589
20260910,190.5,192,184,185,88550,1655975
20260911,182,188,181,185.5,43003,797348
20260914,181,183,179.5,181,36189,656000
20260915,181,184,181,182.5,21186,386116
20260916,182,185.5,181,183,32630,596759
20260917,184,188.5,184,186.5,31292,585041
20260918,189.5,190.5,186.5,186.5,44060,827504
20260921,188.5,189.5,186,186.5,21114,396028
