# date,open,high,low,close,lot,wan
20250814,17.3,17.6,17.3,17.3,155,269
20250815,17.45,17.5,17.25,17.35,227,395
20250818,17.45,17.45,17.2,17.4,175,303
20250819,17.4,17.45,17.25,17.35,60,104
20250820,17.25,17.35,16.85,17.35,257,439
20250821,17.4,17.45,17.1,17.4,261,453
20250822,17.35,17.45,17.25,17.35,81,141
20250825,17.35,17.5,17.3,17.5,175,304
20250826,17.3,17.5,17.2,17.4,387,671
20250827,17.45,17.5,17.3,17.35,144,251
20250828,17.45,17.45,17.3,17.45,165,287
20250829,17.5,17.55,17.35,17.35,68,119
20250901,17.35,17.35,17.1,17.1,61,105
20250902,17.1,17.1,16.85,16.95,71,120
20250903,16.9,17.15,16.9,17.1,33,56
20250904,17.2,17.2,17,17.15,103,176
20250905,17.1,17.15,16.9,16.9,117,199
20250908,16.95,16.95,16.8,16.8,110,185
20250909,17,17.05,16.85,16.85,104,176
20250910,16.9,16.9,16.65,16.7,98,164
20250911,16.7,16.85,16.65,16.65,141,236
20250912,16.75,17.3,16.75,17.05,285,486
20250915,17.1,18.3,17.1,17.4,1295,2294
20250916,17.45,17.65,17.45,17.5,125,219
20250917,17.5,17.85,17.45,17.6,261,460
20250918,17.75,17.8,17.55,17.65,200,353
20250919,17.8,19.4,17.75,19.4,3036,5767
20250922,20.3,21.3,20.25,21.3,8056,17023
20250923,21,21,19.3,19.75,3845,7704
20250924,19.8,21.7,19.5,21.7,5371,11339
20250925,21.5,22.95,21,21.05,9207,20331
20250926,21.35,22.9,20.8,21.45,8267,18319
20250930,21.35,21.7,20.65,21.25,2818,5983
20251001,21.15,22,21,21.1,2297,4902
20251002,20.95,21.25,20.2,20.25,1535,3163
20251003,20.3,21.55,20.3,21.1,2912,6132
20251007,21.2,21.5,20.55,20.9,1704,3576
20251008,20.7,20.8,20.35,20.5,861,1766
20251009,20.65,20.85,20,20,887,1799
20251013,19.35,19.4,18.45,18.95,1002,1902
20251014,19.2,19.55,18.2,18.25,1282,2414
20251015,18.4,18.6,18.2,18.4,333,614
20251016,18.4,19.5,18.4,18.9,786,1498
20251017,18.9,20.75,18.8,20.4,4112,8436
20251020,20.4,22.4,20.15,22.4,8715,19097
20251021,22.85,24.6,22.7,24.6,17464,41859
20251022,24.4,25.5,22.7,24.1,15795,38020
20251023,23.75,25.4,23.75,23.75,10740,26420
20251027,24.35,25,23.75,24.25,6173,14936
20251028,24.25,25.75,23.45,25.75,11822,29373
20251029,26.6,27.95,25.2,26.1,16325,43435
20251030,25.2,26,24.15,24.35,4600,11445
20251031,24.15,24.9,23.5,23.5,2384,5716
20251103,23.5,24.3,23.45,23.5,1790,4256
20251104,23.7,23.75,22.4,22.6,1595,3641
20251105,21.6,22.45,21.6,22.2,1239,2731
20251106,22.5,23.1,22.15,22.9,1700,3843
20251107,23,23.2,22.2,22.6,1149,2600
20251110,22.6,22.75,21.7,22.1,1091,2408
20251111,22.95,24.3,22.55,24.3,3930,9409
20251112,25.25,26.7,24.7,25.85,16047,41544
20251113,26.1,27.8,25.6,26.1,13558,36199
20251114,25.3,27.7,25.25,26.1,14431,38628
20251117,26.25,26.8,25.25,26.1,6756,17519
20251118,26,27.4,25.45,25.7,11367,30076
20251119,25.95,28.25,25.8,27.2,27217,74849
20251120,27.8,29.25,26.25,27.3,23794,66498
20251121,26.65,28,26.35,26.75,10828,29395
20251124,27.4,28.2,27,27,14581,40190
20251125,26.8,26.85,25.65,25.7,5603,14641
20251126,25.8,25.95,25.3,25.65,2856,7325
20251127,25.85,27.95,25.55,27.3,8844,23974
20251128,27.6,28.4,27.05,27.1,8332,22927
20251201,26.9,26.9,25.85,26.1,2160,5680
20251202,26.15,26.4,25.85,25.85,1870,4870
20251203,26.2,28.4,26.2,28.4,16162,45500
20251204,28.75,30.6,27.5,27.55,28145,81150
20251205,27.2,27.2,26.35,26.9,3792,10141
20251208,26.95,28.3,26.6,28.15,7004,19401
20251209,28,28.65,27.6,27.85,7285,20428
20251210,27.85,28.7,27.3,27.95,6757,18905
20251211,28.1,28.55,27.2,27.2,3497,9630
20251212,27.1,27.6,26.8,27.15,2247,6095
20251215,26.75,27.9,26.45,26.8,4129,11283
20251216,27.2,27.65,25.9,26.4,2922,7803
20251217,26.6,28.25,26.45,27.2,5420,14961
20251218,27.6,29.9,27.5,28.7,31457,92216
20251219,29.3,29.6,27.5,28.05,13890,39403
20251222,28.15,28.65,27.8,28.65,4636,13094
20251223,29,29.85,28.45,29.85,12119,35453
20251224,30.6,31.9,28.8,29.2,18101,54338
20251226,29.3,29.4,28.6,28.9,4130,11906
20251229,28.9,29.2,28,28.05,3447,9764
20251230,27.95,28.65,27.95,28,2621,7376
20251231,28,28.9,27.5,28.25,4987,14128
20260102,28.95,30.8,28.95,30.1,18972,56750
20260105,30.75,33,30.4,31.5,21740,69339
20260106,31.6,31.65,30.3,30.8,7693,23740
20260107,31.8,32.75,30.8,31.25,7220,22690
20260108,31.25,31.25,29.45,29.7,4560,13717
20260109,29.7,31.65,29.5,30.95,7785,24051
20260112,31.85,33.55,31.35,31.35,10542,34151
20260113,31.5,32.8,30.8,32.65,8601,27454
20260114,33.8,35.9,33.5,35.9,13204,46516
20260115,36.7,38.75,35.2,37.9,47887,177754
20260116,37.5,38.45,36.4,37.05,13737,51034
20260119,36.85,38.5,36,37.8,14320,53940
20260120,37.55,37.6,36.65,37.1,5783,21475
20260121,37,37,35.3,35.55,5352,19277
20260122,37.05,38.45,35.9,36,10767,40029
20260123,36.25,36.25,33.55,33.65,5751,19806
20260126,33.9,34.7,33.1,34.3,3253,10996
20260127,34.6,34.75,33.4,33.8,2973,10097
20260128,34.1,34.2,32.45,32.5,3445,11366
20260129,32.6,32.6,30.95,30.95,3509,11003
20260130,30.95,31.75,29.7,30.15,2793,8533
20260202,28.9,29.2,28.15,28.35,2242,6407
20260203,29,29.4,28.4,29,1679,4861
20260204,29.3,30.45,29.05,30.1,1860,5531
20260205,29.8,30.5,28.55,28.55,1598,4688
20260206,28.3,28.35,27.05,27.55,1465,4057
20260209,29.25,29.45,28.1,29.05,1601,4608
20260210,29.1,29.3,28.05,28.15,932,2663
20260211,28.3,28.95,27.7,28.6,938,2664
20260223,29.95,31.35,29.95,30.5,3122,9610
20260224,30.5,32.5,30.05,32.5,4724,15018
20260225,33.5,34.2,32.15,32.65,8927,29516
20260226,32.6,33.35,31.65,32.85,3419,11176
20260302,31,32.7,30.8,32.65,1871,6018
20260303,32.5,33.45,30.6,30.7,2495,7966
20260304,29.95,30.5,28.15,28.25,1763,5110
20260305,29.5,30.25,29.35,30.1,1173,3497
20260306,29.5,30.45,29.25,29.55,676,2004
20260309,26.6,27.15,26.6,26.65,1520,4057
20260310,27.55,28.05,27,27.25,954,2627
20260311,27.55,28.4,27.55,27.8,1166,3276
20260312,28,28.1,27.05,27.05,1066,2920
20260313,27,27.95,26.3,27.4,955,2611
20260316,27.7,28.1,27,27.9,803,2220
20260317,28.4,30.65,28.3,30.65,3523,10480
20260318,30.85,33.7,30.8,32.6,16180,52315
20260319,31.6,33.75,31.25,33.2,7298,23914
20260320,33.45,35,33.35,33.9,11699,39831
20260323,33,33,31.4,31.45,2599,8330
20260324,32.3,32.7,30.4,31.4,2118,6668
20260325,31.7,32.3,31.05,31.05,1805,5694
20260326,31.1,31.9,29.7,29.7,1703,5222
20260327,29.65,29.75,28.9,29.65,1101,3227
20260330,28.95,29.45,28.25,29.4,1020,2945
20260331,29.4,31.85,29.2,30.5,3852,11814
20260401,31.5,32.6,31.05,31.2,3571,11336
20260402,32.15,32.25,30.5,30.5,2629,8196
20260407,31.2,31.2,29.6,29.6,1068,3231
20260408,30.3,31.25,30.3,31.05,1710,5284
20260409,31,31.45,30.65,30.8,1154,3574
20260410,32,33.4,31.4,32.6,6257,20297
20260413,32.95,35.45,32.95,34.6,14866,51191
20260414,34.5,35.2,33,33.85,7522,25479
20260415,34.5,36.95,34.2,34.5,10238,36143
20260416,34.9,37.9,34.2,35.8,14681,53495
20260417,35.8,36.6,34.9,35.25,6341,22607
20260420,34.9,35.4,33.85,33.9,4251,14666
20260421,33.95,34.5,33.65,33.9,2003,6811
20260422,33.95,34.7,32.9,32.9,2408,8084
20260423,33.25,33.3,29.65,30.2,3140,9707
20260424,31,31,28.6,29.55,1835,5404
20260427,29.8,29.9,28,29.55,1844,5367
20260428,29.75,31.35,29.55,30.65,3272,10082
20260429,31.65,31.65,30.2,30.65,1533,4731
20260430,30.65,31,29.7,29.75,1103,3335
20260504,30.1,31.25,29.7,30.65,1331,4080
20260505,30.6,32.4,30.6,32,2160,6815
20260506,32.45,32.75,30.55,30.95,2074,6546
20260507,32,33.7,31.05,32.6,4692,15396
20260508,33,35.85,32.9,34,13841,48206
20260511,34.5,34.75,32.2,34.6,6231,21136
20260512,34.9,36,33.5,35.35,9367,32959
20260513,35.65,38.85,34.9,38.85,20698,77097
20260514,40.3,42.7,39.15,40.2,36689,149844
20260515,39.15,42.7,38,38.9,20019,80732
20260518,37.15,41.3,37.15,41.05,14079,56458
20260519,40.85,41.95,39.45,40.3,11234,45604
20260520,39.7,44.05,39.7,43.9,29260,124054
20260521,45.8,48.25,45.8,48.25,18231,87015
20260522,52.6,53,52,53,5981,31614
20260525,58.3,58.3,58.3,58.3,1681,9800
20260526,62.3,62.4,54.2,58.2,22934,133034
20260527,61.4,62,55.8,56.9,14036,82034
20260528,55,58,53,53.5,3893,21653
20260529,55.1,55.5,53.9,55,2041,11195
20260601,56.8,58.8,56,57.3,2870,16460
20260602,57.5,57.5,52.5,55,2707,14535
20260603,55.6,55.8,54,54,1363,7472
20260604,52.1,52.8,51.2,51.5,1357,7038
20260605,50.6,54,47.8,53.9,1755,9047
20260608,48.55,53.5,48.55,53,1432,7256
20260609,53.7,56.7,52.3,56.5,2547,14055
20260610,54.9,59.3,52.3,52.3,4647,26677
20260611,52,57.5,52,57.5,19435,108972
20260612,61.9,63.2,61.9,63.2,6601,41585
20260615,64.8,69.5,63.7,69.5,38786,261284
20260616,72,73,65,65.8,33869,232519
20260617,65.8,68.4,65,67.1,14389,96513
20260618,68.9,72.8,67.1,71,25306,178747
20260622,71,71.6,66.2,66.4,15818,107307
20260623,66,66.6,60.6,61,8108,50899
20260624,60.7,63.9,60.5,63.8,7415,46144
20260625,64.3,70.1,63.5,70.1,21461,145703
20260626,68.2,72.8,66.7,67.5,46911,330103
20260629,68.5,68.5,62,62.7,13112,85546
20260630,63.1,68.9,62.2,68.9,8757,58240
20260701,70,75.7,70,73,32896,244943
20260702,72.9,75,70,70.1,20250,146169
20260703,69,74,67.1,68.7,17789,125005
20260706,69.7,70.6,64.7,66.8,9282,62333
20260707,66.8,68.4,60.2,64.8,9457,59918
20260708,64.1,64.1,60.4,62,7101,44134
20260709,63,63.8,60.2,60.8,6024,37233
20260713,60.8,61.6,56.2,57.2,6509,37802
20260714,56.5,58.4,51.9,54.5,5825,31891
20260715,56.2,56.2,52,54.7,4716,25442
20260716,53,56.2,53,53.7,5280,28833
20260717,52,52.3,48.35,48.35,3256,16168
20260720,48,48.05,43.75,44.45,4416,19989
20260721,45.95,47,44.9,46.1,3715,17061
20260722,49.6,50.3,46.5,47.05,4491,21694
20260723,47.1,47.55,44.15,44.75,2716,12419
20260724,44.6,44.6,42,42,2438,10504
20260727,41.6,43.6,41.05,42.75,3455,14587
20260728,41.2,41.3,38.8,38.9,2165,8645
20260729,38.9,40.2,35.5,38.45,4771,17853
20260730,37.9,40.2,35.1,35.25,5397,20349
20260731,38.3,38.75,38,38.75,1014,3917
20260803,38.95,42.6,38.95,42.6,4610,19230
20260804,42.6,43.6,41.35,43,5677,24154
20260805,45,45.4,42.65,42.7,3214,14070
20260806,42.45,43.35,40.75,43.25,2112,8936
20260807,43.9,43.95,40.75,40.9,2105,8822
20260810,42.9,43.4,42.2,42.95,1847,7885
20260811,42.95,46.8,42.6,46.15,6924,31484
20260812,45.65,46.6,44.7,45.2,4846,22125
20260813,46,49,46,47.3,7376,35226
20260814,47.7,47.7,44.85,45.7,2952,13583
20260817,45.25,45.8,44.2,45.1,1558,7007
20260818,45.1,45.85,43.4,43.4,1491,6618
20260819,42,47.7,42,46.65,7025,32585
20260820,47,47.5,44.35,44.5,4835,22111
20260821,44.6,45.55,43.95,44,1777,7891
20260824,43.7,45,43.35,43.35,921,4069
20260825,43.05,43.35,41.8,43.2,1024,4357
20260826,43.45,44.7,42.95,43.9,1386,6058
20260827,43.95,44.95,43,44.15,2049,9078
20260828,45.35,47.9,45.3,46.1,6343,29559
20260831,45.2,47.5,44.4,44.9,3124,14289
20260901,45,46.8,44.5,44.9,3270,14835
20260902,43.9,44.3,43.75,43.8,1142,5016
20260903,44.1,44.3,42,42,1246,5361
20260904,42.9,45.8,42.9,44.45,3492,15496
20260907,45.05,47.15,44.55,45.95,5318,24461
20260908,45.4,45.65,43.45,43.45,2491,11008
20260909,43.5,44.6,43.25,44.2,1380,6066
20260910,43.7,45.4,43.2,45,1695,7500
20260911,43.85,45.35,42.9,42.9,2525,11138
20260914,42.3,43.9,41.45,43.1,1399,5951
20260915,43.1,44.45,42.45,42.45,1320,5740
20260916,43.75,43.75,42.9,43.6,968,4198
20260917,43.65,44.7,42.75,42.75,1282,5587
20260918,43.5,43.9,42.9,43.35,787,3420
20260921,43.6,44.3,43.5,43.65,956,4196
20260922,43.75,46.5,43.1,43.1,3380,15090
20260923,43.8,44.6,43.2,43.7,1095,4797
20260924,43.2,44.95,43.15,43.85,2008,8871
