# date,open,high,low,close,lot,wan
20250814,73.3,73.7,72.9,73.3,1943,14251
20250815,73.8,73.8,72.8,73.1,1879,13722
20250818,73.3,74.8,73.2,74.8,4676,34684
20250819,75.6,75.6,73.6,73.6,2836,21086
20250820,73.6,73.6,70.3,70.5,6356,45517
20250821,71,72,70.8,71.6,2693,19224
20250822,72,72,71.2,71.4,2068,14784
20250825,72,72.2,71,71.3,3960,28289
20250826,71.5,71.8,70.4,71.2,3407,24213
20250827,71.6,74.9,70.7,74.4,9492,69540
20250828,73.7,74.8,73.7,74,4839,35870
20250829,74.5,76,74,74.3,9966,74624
20250901,74.4,75.3,72.6,73,6180,45526
20250902,74.1,74.5,72,72.5,4746,34670
20250903,72.9,74.8,72.8,74.5,4644,34472
20250904,75.3,75.7,74.7,74.7,5030,37820
20250905,75.9,81.1,75.5,80.7,28762,225942
20250908,81.6,84.8,78.7,83.3,30686,252535
20250909,85.1,87.5,85,85.9,27730,238467
20250910,86.8,89.5,86.2,87.3,18989,166541
20250911,87.5,87.8,84.7,85.2,12424,106913
20250912,86,86.5,84,84.4,7024,59541
20250915,85,86,83.4,85.4,7674,65274
20250916,86.5,86.6,84,85.4,7732,65909
20250917,85.3,85.5,83.5,83.5,4684,39433
20250918,83.8,86.5,83.8,84.8,6159,52489
20250919,85.5,85.9,84.1,85,3852,32708
20250922,85.8,88.5,84.8,87.8,12910,112276
20250923,88.1,94,86.8,88.5,31399,282471
20250924,90.3,90.4,85.6,86.4,12819,111801
20250925,86,87.6,85,85,6842,58837
20250926,84.7,85.7,83.6,84.9,5654,47872
20250930,85.5,86.7,84.9,85,4894,41715
20251001,85.4,85.4,83,84.3,9723,81815
20251002,84.9,85,78.4,82.5,17171,139965
20251003,82.5,83,80.6,80.8,4259,34769
20251007,81,83.8,80.9,82.3,4400,36420
20251008,81,81.5,79.7,79.9,9270,74658
20251009,80.7,81.4,80.6,80.9,2946,23841
20251013,77.6,79.6,77,78.8,3986,31356
20251014,79.8,80.5,77,77.3,5364,42145
20251015,78.4,80.6,78.1,80.1,7120,56914
20251016,80.9,82.9,80.8,82.3,5955,48890
20251017,81.5,82.3,79.6,81.4,8002,64680
20251020,82.3,85,81.5,84.6,6996,58382
20251021,84,84.8,83.7,84.1,5825,49029
20251022,84.4,84.5,83.6,84.4,2779,23394
20251023,84.3,84.6,83.9,83.9,1986,16697
20251027,85,86.5,84.5,86.1,7279,62324
20251028,87.7,88.6,86.6,87.7,11024,96743
20251029,88.7,90.6,88,88.8,8950,79690
20251030,89.8,90.4,86.6,88.4,8571,75679
20251031,89.3,95,89.3,93.5,20083,187359
20251103,95.5,102.5,94.9,101,28532,284116
20251104,102.5,103,92.7,92.9,25097,246554
20251105,91.5,94.5,90.9,92.1,12411,114194
20251106,92.7,93.6,90.8,91.6,7738,70930
20251107,90.8,91,88.5,88.5,6014,53708
20251110,89.8,90.9,88.8,89.5,4631,41559
20251111,90,91,89.2,89.6,4186,37701
20251112,90,90.7,88.5,89.3,5659,50496
20251113,89.5,90.9,89,90.6,4303,38847
20251114,89.6,90.3,88.5,88.5,4187,37333
20251117,89.4,89.5,87,87.4,4655,40906
20251118,87.1,91.3,86.2,87.9,10201,91098
20251119,87.4,89.8,86.5,87.3,8916,78767
20251120,89.7,92.3,87.7,91.2,11005,99544
20251121,88.5,89,86.2,86.2,9813,85586
20251124,86.8,87.1,85,86.4,6967,59899
20251125,87.8,88.2,87,87.1,3945,34535
20251126,87.9,90,87.4,88.5,4644,41233
20251127,89.5,93.3,89.3,91.7,12394,113839
20251128,92.2,92.2,90.2,91.3,4989,45600
20251201,92,92,87.4,87.6,8521,75822
20251202,88,88.6,86.1,86.5,7423,64380
20251203,87.2,87.9,86.9,87.6,2145,18765
20251204,88.1,88.1,86.3,86.6,3898,33812
20251205,87,89.8,86.6,89.2,4491,39664
20251208,90,93.6,90,91.8,14884,137516
20251209,92.9,93.2,91.2,92,6069,56013
20251210,93.2,96,92.6,94.3,10313,97249
20251211,96,99.9,94.7,94.7,19946,192983
20251212,96.2,96.4,93.4,94.4,6673,63211
20251215,93.3,93.4,91.5,92.9,4674,43256
20251216,92.9,93.3,88.2,89.6,6815,61532
20251217,90.5,92.2,89.4,90.7,5618,51038
20251218,91,91.6,89,89,4799,43171
20251219,89.9,90.7,89.4,90.5,2408,21706
20251222,93.3,94.5,92.2,92.6,8684,80837
20251223,92.8,92.8,90.6,90.8,5895,53816
20251224,91.7,96.6,91.7,93.1,17826,168347
20251226,96.6,102,96.2,102,34475,346758
20251229,105,112,101,112,64356,685707
20251230,111,114.5,108.5,113.5,48709,546615
20251231,119,124.5,118.5,124.5,35549,438592
20260102,130.5,131.5,123.5,126.5,49945,639485
20260105,129.5,130,123.5,125.5,19303,242618
20260106,123,126.5,123,126,5478,68656
20260107,128,133,127,127,6076,78976
20260108,128,128,119,121,6025,73416
20260109,122,126.5,116.5,125,5292,64522
20260112,126.5,131,124,131,6023,77134
20260113,132,133,128,130.5,7696,100708
20260114,135.5,141.5,134,141,8802,122696
20260115,139,142,136.5,140,5625,77824
20260116,141,143.5,137,141.5,5553,78103
20260119,142,154.5,142,154.5,9220,137476
20260120,143,168.5,141,165,42699,672700
20260121,164,168,148.5,148.5,31136,484397
20260122,154.5,159,147,151.5,30869,476799
20260123,153.5,154,146,151,17096,256980
20260126,152,163.5,147,160.5,24100,382552
20260127,161,170.5,157,162.5,28677,469514
20260128,162.5,168.5,159,166,21534,352334
20260129,167,167.5,156.5,157,17856,286871
20260130,157,162.5,155,159.5,12428,197018
20260202,155.5,156.5,149.5,153.5,12593,191993
20260203,158.5,159.5,152,154.5,8103,125817
20260204,154,155,150,154,7437,113110
20260205,152,155.5,145,148,6999,104272
20260206,146,147,138.5,143,9119,129741
20260209,148.5,156.5,145.5,151,11193,170370
20260210,153,161.5,152.5,160,21326,338012
20260211,158.5,159,152.5,152.5,9543,147811
20260223,153,159.5,148,149,15976,242829
20260224,150.5,158,150.5,158,8358,129729
20260225,160,160.5,152.5,156,6972,108423
20260226,157,161.5,153,157.5,9608,151740
20260302,150.5,156.5,146.5,150,14525,218577
20260303,151,154,142,142,10899,158310
20260304,138,143.5,135,139,9295,129917
20260305,144.5,147,140,141.5,6875,98250
20260306,141,144,138.5,143,5482,77293
20260309,130,133,129.5,133,5492,71902
20260310,139,146,138,146,9518,137378
20260311,148,159,147.5,154,16449,253545
20260312,153,156,151,152,6571,100708
20260313,149,152,146.5,151,4718,70621
20260316,153,154,150,151,4433,67406
20260317,153,158.5,151.5,157,7194,111276
20260318,160,165,154.5,155.5,20515,328358
20260319,153.5,157,151,154,6831,105064
20260320,158,158,150.5,152,4686,71775
20260323,145,147,143,145,5176,74984
20260324,149.5,151,143.5,145.5,3863,56959
20260325,150.5,156,150,154.5,5292,81672
20260326,157.5,157.5,150,150,4496,68844
20260327,149,158,146,158,5941,91373
20260330,154,163,152.5,162,10519,167135
20260331,164.5,169.5,154,155.5,30623,493685
20260401,164,168.5,161.5,166,17292,286088
20260402,173,178,161,161,20221,340365
20260407,165,166,156,156,10235,163786
20260408,161.5,165.5,160,164.5,11032,179677
20260409,170,180.5,163,180.5,27895,491683
20260410,189.5,196.5,176,189,40599,755747
20260413,191,202,187,191.5,24390,471664
20260414,193.5,195.5,182,187,18673,346961
20260415,187,198,182.5,187,21422,408396
20260416,186.5,186.5,172.5,175,18470,327257
20260417,175,176.5,171.5,172,9695,167726
20260420,176,188.5,174,187.5,18269,336307
20260421,198,206,196.5,206,16301,331518
20260422,208,221.5,202.5,210,35250,747108
20260423,213.5,216,193,197.5,19882,407345
20260424,201.5,215,201,210,22899,478982
20260427,212,213,190,194,19129,377031
20260428,194,201.5,191,198.5,7281,143480
20260429,195.5,200.5,194,199.5,7257,143284
20260430,197.5,202.5,192,195,10284,201915
20260504,197,214.5,197,214.5,12305,258943
20260505,220,235.5,218,235.5,18479,424350
20260506,244,249,218.5,226,26935,621965
20260507,236,248.5,230,248.5,15151,364569
20260508,240,244.5,224,224,20591,474533
20260511,220,228.5,216.5,225.5,8182,182795
20260512,227.5,234,222,228.5,11008,250287
20260513,224,231,222,230,5615,127859
20260514,234,237,227,229,9426,218222
20260515,232,241,222,226,19092,438532
20260518,219,230,217.5,230,5719,129041
20260519,230,230,210,214.5,11515,250025
20260520,212,214,203.5,206.5,11803,245448
20260521,212.5,221,212,219,6281,137287
20260522,221,229.5,218,221.5,7076,158857
20260525,226,232,223,224,8140,185173
20260526,228,233.5,221,231,9852,225770
20260527,238.5,239,226.5,229.5,8698,201603
20260528,231,249,227.5,235.5,16313,387047
20260529,254.5,259,241,243.5,26959,679920
20260601,245,245,219.5,223,26196,590038
20260602,224.5,225.5,213,214.5,20244,436947
20260603,222,233,221.5,229.5,15427,353963
20260604,230,241,227,236.5,12568,296493
20260605,233.5,233.5,220.5,228.5,8041,183044
20260608,206,213,206,211,4525,94559
20260609,214,218,209,216.5,4578,98004
20260610,215,228.5,211,211.5,7571,166230
20260611,210,217,204.5,215,5027,106443
20260612,224.5,233,224,227.5,9098,208786
20260615,235,238,228,228,5262,122218
20260616,233,233.5,219.5,220,3885,87081
20260617,219.5,219.5,208,211.5,9141,193276
20260618,213,232.5,213,232.5,13921,317938
20260622,238,248,238,242,14378,349144
20260623,243,251.5,233,233.5,13695,332302
20260624,233,235.5,226,234.5,6408,147606
20260625,239.5,243.5,227.5,228,5618,130675
20260626,230,232,212,214.5,6988,153889
20260629,214.5,223,213.5,215.5,4787,103765
20260630,215.5,228,215.5,222,6689,149433
20260701,227,237.5,227,232,10264,238764
20260702,227.5,249.5,223.5,249,9703,230928
20260703,241.5,251,236,247,10406,253866
20260706,268,271.5,254.5,257,18551,492977
20260707,259.5,262,231.5,231.5,13058,315333
20260708,235.5,235.5,222.5,232,5114,117368
20260709,234,239,229.5,235,4950,115961
20260713,236,240,221,225,5521,125305
20260714,219,225,206,217.5,6715,143494
20260715,223,229,222,224.5,4287,96366
20260716,223.5,243.5,219.5,237.5,9595,225167
20260717,228.5,228.5,214,214,9201,198856
20260720,215,215,194.5,197.5,6423,129164
20260721,201,211.5,200,210,3293,67459
20260722,216,219.5,214,217,4451,96637
20260723,220,221,209.5,218,4446,96432
20260724,215.5,216,202,209.5,10060,210625
20260727,215,216.5,199,206,8285,169535
20260728,197,198,185.5,185.5,5677,107666
20260729,184.5,185,167,167,7261,124540
20260730,160,173,159,161,6587,109202
20260731,177,177,172,177,5092,89661
20260803,179.5,194,179,187.5,4766,89810
20260804,188,196,183.5,193.5,4101,78478
20260805,202,207,198.5,202,5415,110011
20260806,201.5,215.5,200,211.5,8972,187530
20260807,211.5,219,206,207.5,9841,207752
20260810,213.5,228,210.5,222.5,15680,350407
20260811,221,221.5,214.5,219.5,9513,207961
20260812,221,225.5,216,216.5,7596,167088
20260813,222.5,238,220,230.5,16612,387361
20260814,232,232.5,224,225.5,6336,144445
20260817,225.5,229,219,219,5013,111937
20260818,219,220.5,210,210.5,4054,86456
20260819,205,210.5,202.5,206.5,2908,60069
20260820,209,211,205,208.5,2302,47796
20260821,206.5,206.5,202,203,2681,54586
20260824,205,209,204,205.5,2424,49892
20260825,205.5,213,202.5,213,3945,81876
20260826,213,224.5,211.5,217.5,6713,146384
20260827,219,224.5,213.5,219.5,6068,133320
20260828,223,237.5,222,235,11444,265894
20260831,230,230.5,220.5,228,5877,133386
20260901,233,239,232.5,237.5,7787,184121
20260902,234,239.5,232,233.5,5024,117930
20260903,237,237,226,226,4168,96159
20260904,231,232,224.5,227,3077,70129
20260907,230,233,227,227,3079,70786
20260908,234,242,222.5,225,6342,145258
20260909,225,235.5,225,233,7212,166900
20260910,242,251.5,236,240,24809,606359
20260911,235.5,237,227,230.5,6468,149628
20260914,225,232,222,227.5,5193,118217
20260915,225,228.5,220.5,221,4528,101361
20260916,221.5,225.5,220,223,3470,77222
20260917,229.5,245,229.5,244.5,20984,508345
20260918,251,268.5,250.5,268.5,28853,752101
20260921,274,284,266,284,26820,738695
20260922,289,289.5,274.5,276.5,21876,613691
