# date,open,high,low,close,lot,wan
20250814,23.6,23.9,23.4,23.55,102,240
20250815,23.5,23.6,23.4,23.5,59,138
20250818,24.5,24.85,24.1,24.5,148,362
20250819,24.6,25.15,24.5,25,157,390
20250820,25.1,25.5,24.6,24.85,277,692
20250821,21.45,21.7,21.2,21.5,213,457
20250822,21.5,21.85,21.2,21.5,192,413
20250825,21.5,21.9,21.5,21.65,143,310
20250826,21.85,21.85,21.15,21.15,259,554
20250827,21.2,21.35,21,21.35,125,265
20250828,21.6,21.6,21.2,21.55,144,309
20250829,21.6,21.6,21.25,21.35,99,212
20250901,21.55,21.55,21.05,21.05,90,191
20250902,21.4,23.15,21.4,23.15,297,682
20250903,24.3,25.05,23.35,23.75,902,2175
20250904,23.8,25.85,23,24.55,841,2072
20250905,24.9,25,24.05,24.15,353,864
20250908,24.15,24.85,23.65,23.9,447,1076
20250909,24,24.85,23.5,24.35,310,754
20250910,24.45,24.85,24.15,24.15,229,559
20250911,24.45,24.95,24.05,24.15,257,626
20250912,24.25,26.55,24.25,26.55,1142,2999
20250915,26.6,27.1,25.4,25.75,1644,4322
20250916,25.85,26.25,25.4,26,396,1023
20250917,26,26.3,25.55,25.8,321,830
20250918,25.9,26.1,25.15,25.15,283,720
20250919,25.3,25.3,24.1,24.3,440,1080
20250922,24.6,24.6,24.1,24.2,91,221
20250923,23.85,23.85,23.15,23.3,212,495
20250924,23.3,23.6,23.05,23.45,44,103
20250925,23.45,23.8,23.05,23.4,76,177
20250926,22.95,23,22.3,22.55,91,206
20250930,22.45,22.7,22,22.35,76,170
20251001,22.35,22.45,22.2,22.25,45,100
20251002,22.2,22.35,22.05,22.1,42,93
20251003,22.75,22.75,22.25,22.55,101,227
20251007,22.3,22.65,22.3,22.5,49,110
20251008,22.5,22.5,21.2,21.35,423,911
20251009,21.5,21.5,21,21.25,226,478
20251013,21.1,21.1,20.5,20.95,149,310
20251014,20.95,21.3,20.8,20.8,118,248
20251015,21.2,22.85,21.2,22.85,901,2045
20251016,22.9,22.9,21.95,21.95,854,1909
20251017,21.95,22,21.6,21.65,114,248
20251020,21.65,22,21.25,21.55,82,177
20251021,21.2,21.55,21.2,21.35,64,137
20251022,21.3,21.55,21.3,21.35,62,133
20251023,21.35,21.35,21.25,21.25,48,102
20251027,22,23.35,21.6,22.2,3547,8175
20251028,22.2,22.2,21.5,21.6,414,900
20251029,21.65,21.65,21.45,21.45,146,314
20251030,21.45,21.65,21.25,21.65,80,172
20251031,21.55,21.95,21.3,21.35,106,227
20251103,21.2,21.2,20.95,21.1,152,320
20251104,21.05,21.1,20.65,20.75,140,292
20251105,20.75,20.8,20.55,20.7,53,110
20251106,20.75,20.95,20.75,20.9,42,87
20251107,20.9,20.9,20.5,20.6,114,236
20251110,22.6,22.65,22.25,22.65,965,2183
20251111,23.8,23.8,22.25,22.8,1126,2592
20251112,23,24.3,22.7,23.8,533,1258
20251113,23.8,23.85,22.95,23.2,305,711
20251114,23.15,23.55,22.85,22.9,208,481
20251117,22.9,22.9,22,22.15,198,444
20251118,22,22.45,21.8,22.1,123,273
20251119,21.6,22.1,21.25,21.25,244,526
20251120,21.4,21.7,21.1,21.15,212,452
20251121,21,21.25,20.75,20.8,183,383
20251124,20.8,21.1,20.6,20.95,381,797
20251125,21,21.7,21,21.6,158,339
20251126,21.6,22.15,21.6,22.1,97,213
20251127,22.2,22.2,21.9,21.95,51,112
20251128,21.9,22.1,21.85,22.1,53,116
20251201,21.55,22.05,21.55,21.75,30,65
20251202,21.75,21.95,21.5,21.8,53,115
20251203,21.95,22,21.55,22,71,155
20251204,22,22.05,21.65,21.75,66,144
20251205,21.8,21.9,21.4,21.6,71,153
20251208,21.4,21.6,21.25,21.5,66,141
20251209,21.4,22.1,21.25,21.95,88,191
20251210,21.35,21.85,21.35,21.5,296,640
20251211,21.3,21.55,21.05,21.25,142,302
20251212,21.45,21.55,21.25,21.25,63,134
20251215,21.2,21.3,21,21.1,99,209
20251216,21.1,21.1,20.7,20.85,101,211
20251217,20.85,21.1,20.6,20.65,135,281
20251218,20.65,20.7,20.15,20.65,146,298
20251219,20.8,21.05,20.65,20.8,86,179
20251222,20.7,21.05,20.7,20.75,57,119
20251223,20.75,21,20.5,20.85,66,137
20251224,20.85,21.25,20.85,21.1,72,152
20251226,21.25,21.5,21.2,21.3,87,186
20251229,21.25,21.45,21,21.05,101,213
20251230,21,21,20.8,21,56,117
20251231,21.1,21.2,20.95,21.2,49,103
20260102,21,21.2,20.9,20.95,51,107
20260105,20.95,20.95,20.25,20.45,181,372
20260106,20.45,20.75,20.35,20.45,71,146
20260107,20.7,20.7,20.35,20.45,107,219
20260108,20.7,20.7,19.95,20.1,238,480
20260109,20.4,20.55,20.2,20.25,138,281
20260112,20.15,20.3,19.95,20,236,474
20260113,20.05,20.15,19.9,20.05,123,246
20260114,20.15,20.65,20.1,20.35,216,440
20260115,20.7,20.95,20.6,20.7,119,247
20260116,20.75,21.1,20.7,20.7,247,515
20260119,20.95,21.45,20.75,21.25,213,453
20260120,21.45,21.45,20.9,21,107,226
20260121,20.7,20.85,20.55,20.55,72,149
20260122,20.6,20.7,20.5,20.6,69,142
20260123,20.9,20.9,20.2,20.6,116,237
20260126,20.8,20.9,20.6,20.85,76,158
20260127,21,21,20.7,20.95,61,127
20260128,20.95,21,20.6,20.7,106,220
20260129,21,21,20.45,20.7,121,249
20260130,20.55,20.55,20.15,20.15,101,205
20260202,20,20,19.85,19.9,79,157
20260203,20.25,20.4,19.8,20.2,101,203
20260204,20.2,20.5,20,20.5,85,171
20260205,20.2,20.4,20.1,20.1,56,113
20260206,22.05,22.1,21.75,22.1,1630,3599
20260209,23.1,23.15,21,21.05,1988,4375
20260210,21.05,21.05,20.4,20.5,224,463
20260211,20.55,20.95,20.45,20.6,157,324
20260223,20.85,21,20.5,20.7,243,504
20260224,20.7,20.85,20.6,20.6,121,250
20260225,20.6,21,20.35,20.35,268,550
20260226,20.4,20.6,20.35,20.35,118,241
20260302,20.35,20.35,20,20,211,423
20260303,20.15,20.15,19.9,20,133,266
20260304,20,20,19.25,19.25,249,487
20260305,19.5,19.7,19.25,19.5,136,264
20260306,19.55,19.55,19.25,19.4,60,116
20260309,19.15,19.25,18.5,18.85,217,409
20260310,19.15,19.45,18.7,18.7,89,168
20260311,19.15,20.2,18.9,19.7,249,491
20260312,19.7,20.25,19.7,19.8,83,165
20260313,19.65,19.7,19.3,19.4,74,144
20260316,19.4,19.8,19.15,19.5,81,158
20260317,19.8,20,19.4,19.95,181,357
20260318,20.15,20.15,19.6,19.7,211,419
20260319,19.5,19.6,19.3,19.35,136,264
20260320,19.55,19.7,19.3,19.3,62,121
20260323,19,19.65,19,19.15,222,426
20260324,19.55,19.9,19.15,19.2,950,1845
20260325,19.5,19.95,19.4,19.95,235,464
20260326,20,20.15,19.65,19.65,107,213
20260327,19.9,20.15,19.7,19.85,110,220
20260330,19.6,20,19.45,19.6,66,130
20260331,19.5,19.7,19.1,19.35,66,128
20260401,19.6,19.85,19.5,19.7,24,47
20260402,19.7,19.8,19,19.25,54,105
20260407,19.25,19.3,19.1,19.25,32,62
20260408,19.35,19.5,19,19.5,91,175
20260409,19.55,19.6,19.3,19.4,33,64
20260410,19.4,19.4,19.15,19.3,57,110
20260413,19.3,19.35,18.95,19,92,176
20260414,19.2,19.2,18.85,18.85,160,304
20260415,18.9,18.9,18.65,18.65,222,417
20260416,19,19.25,18.7,18.75,148,280
20260417,19,19,18.65,18.8,181,340
20260420,18.9,18.9,18.2,18.4,281,520
20260421,18.4,18.4,18,18.2,234,423
20260422,18.2,18.2,17.45,17.6,580,1029
20260423,17.7,17.7,17.1,17.1,319,552
20260424,17.05,17.1,16.9,17.05,149,253
20260427,17.1,17.1,16,16.45,357,584
20260428,16.7,16.75,16.3,16.65,118,195
20260429,16.45,16.65,16.25,16.25,140,230
20260430,16.1,16.15,15.4,15.7,406,640
20260504,15.8,16.2,15.7,16.05,243,387
20260505,16.2,16.2,15.85,15.85,223,355
20260506,15.9,16.2,15.85,16.2,187,300
20260507,16.3,16.5,16.05,16.1,103,167
20260508,16.3,17.7,16.3,17.7,545,939
20260511,18.4,18.4,17.35,17.45,907,1616
20260512,17.65,17.65,16.65,16.7,286,486
20260513,16.7,16.7,16.2,16.3,165,270
20260514,16.3,16.5,15.7,16,220,352
20260515,16,16,15.6,15.65,187,296
20260518,15.65,15.65,15.3,15.35,215,331
20260519,15.55,15.6,15.35,15.4,75,116
20260520,15.55,16.9,15.55,16.9,272,452
20260521,16.3,17.25,16.3,16.9,458,770
20260522,17,17,16.6,16.8,131,220
20260525,17.55,18.45,16.65,16.65,518,904
20260526,16.8,16.8,16.1,16.2,267,435
20260527,16.3,16.4,15.85,15.9,211,339
20260528,15.9,16,15.7,15.9,107,170
20260529,15.95,16.15,15.8,16,168,267
20260601,16,16.3,15.8,15.85,291,463
20260602,16.1,16.1,15.7,15.85,163,259
20260603,16.05,17.4,15.85,17.4,669,1124
20260604,18.1,19.1,18.1,19.1,2883,5475
20260605,19.7,21,19.45,19.55,4198,8509
20260608,17.7,19.4,17.65,19.35,770,1429
20260609,19.9,20.95,19.85,20.35,897,1827
20260610,20.1,20.75,19.5,19.65,777,1547
20260611,20.05,20.1,19.05,19.05,504,974
20260612,19.6,20.8,19.5,19.55,842,1685
20260615,20.2,20.55,20,20.25,624,1268
20260616,20.7,20.7,19.8,20.2,444,892
20260617,20.2,22.2,20.15,22.2,1144,2496
20260618,23.5,23.75,22.2,22.7,2502,5733
20260622,23.2,24.6,23,24.1,1751,4199
20260623,24.1,25.75,23.7,25.4,1293,3196
20260624,24.9,26.55,24.75,26.5,1611,4192
20260625,27.2,29.15,26.6,29.15,2538,7244
20260626,30.4,31.5,28.9,29.35,4167,12546
20260629,30,31.9,29.5,29.55,2908,8917
20260630,30,31.2,27.9,28.65,2677,7769
20260701,28.65,29.85,27.9,28.95,1592,4571
20260702,28.95,30.4,28.55,30.3,1306,3856
20260703,31.2,31.5,29.9,30.15,1645,5042
20260706,30.5,31.8,30.1,30.85,1713,5283
20260707,31.7,32.9,28.5,28.9,2027,6177
20260708,29.2,29.5,28.15,29,631,1817
20260709,28.8,29.45,28.2,28.35,506,1459
20260713,28.6,28.6,25.55,25.65,1504,3930
20260714,25.2,25.8,24.2,25.45,907,2261
20260715,25.6,26.8,25.2,25.8,555,1437
20260716,26.1,26.45,25.2,25.95,433,1118
20260717,25.3,25.35,23.55,23.8,566,1373
20260720,23.8,24.15,23,23.95,366,859
20260721,24.4,24.95,23.95,24,283,689
20260722,24.2,24.4,23.85,23.85,236,567
20260723,23.45,23.55,21.6,21.9,676,1518
20260724,21.9,22.1,21.15,21.4,461,995
20260727,21.45,21.45,20.5,21.2,464,972
20260728,21.05,21.4,20.45,20.65,337,699
20260729,20.6,20.8,19.7,20.05,552,1105
20260730,19.45,20.3,19.4,20.25,257,513
20260731,21.05,21.25,20.2,20.3,502,1037
20260803,20.3,20.9,20,20.65,188,387
20260804,20.85,21.3,20.7,20.75,178,372
20260805,21.1,21.6,20.75,20.8,206,435
20260806,20.85,21.8,20.65,21.8,207,440
20260807,21.8,22.1,21.2,21.2,323,697
20260810,21.2,21.2,20.5,20.55,224,463
20260811,20.35,21.15,20.2,20.95,110,226
20260812,21.15,22.1,21,21.2,356,765
20260813,21.35,21.7,21.2,21.5,215,461
20260814,21.8,23.65,21.8,22.9,1372,3164
20260817,22.15,22.15,20.9,21,511,1087
20260818,21.2,21.2,20.3,20.8,249,515
20260819,20.75,20.95,20.1,20.6,106,218
20260820,20.8,20.95,20.55,20.65,53,110
20260821,20.55,20.8,20.35,20.75,52,108
20260824,20.9,20.9,20.6,20.65,109,225
20260825,20.6,20.6,20.2,20.4,71,145
20260826,20.7,21.6,20.65,21.3,273,578
20260827,21.4,21.4,20.85,21.15,148,311
20260828,21.1,21.15,20.8,21,94,197
20260831,20.75,20.75,20.3,20.5,149,305
20260901,20.5,20.9,20.5,20.65,82,169
20260902,20.35,20.85,20.35,20.6,56,115
20260903,21.1,21.15,20.6,20.6,45,93
20260904,21,21.1,20.45,20.85,107,221
20260907,20.45,20.55,20,20.2,262,528
20260908,20.2,20.45,19.85,19.95,111,223
20260909,20.35,20.4,19.85,19.85,129,257
20260910,19.7,19.95,19.5,19.9,116,228
20260911,19.7,19.9,19.3,19.3,132,258
20260914,19.05,19.6,19.05,19.3,51,98
20260915,19.3,19.7,19.2,19.25,63,122
20260916,19.5,21.15,19.2,19.85,510,1039
20260917,19.85,20.15,19.7,19.85,117,234
20260918,21.1,21.1,20.15,20.35,191,392
20260921,20.35,20.35,19.85,19.85,113,225
20260922,20.1,20.45,19.8,19.8,145,290
