# date,open,high,low,close,lot,wan
20250814,127,129,126.5,128,686,8772
20250815,128.5,129,125.5,128,645,8181
20250818,127.5,127.5,123.5,124.5,896,11203
20250819,124,124.5,122.5,124,457,5651
20250820,124,124,120.5,121,631,7677
20250821,121.5,125,121.5,122.5,322,3972
20250822,123.5,125.5,122,123,365,4513
20250825,125,126.5,124.5,125,578,7252
20250826,125,126.5,124.5,126.5,353,4444
20250827,127.5,132,127,132,1881,24477
20250828,132,133,130,131,1025,13481
20250829,132,135,131,132,1846,24616
20250901,132.5,136,129.5,130.5,1662,22065
20250902,131.5,133.5,128.5,130,696,9081
20250903,131,132.5,129.5,131,452,5935
20250904,132.5,133,130,131,808,10655
20250905,132.5,132.5,129,131,627,8192
20250908,131.5,135.5,131.5,134.5,1887,25338
20250909,136,136,128,128.5,2022,26374
20250910,129,129.5,127.5,128,531,6823
20250911,127,127,123.5,124.5,1132,14132
20250912,126,128,125,125.5,453,5725
20250915,125.5,126,123,123,329,4086
20250916,124,125,123,124.5,217,2692
20250917,124.5,126,124.5,125,190,2375
20250918,126,127,124.5,124.5,371,4644
20250919,125,126,124,124,371,4640
20250922,124.5,126,123.5,125.5,490,6114
20250923,126.5,130.5,123.5,129.5,1556,19871
20250924,129,129,122,123,1970,24493
20250925,123.5,125,122,122.5,535,6586
20250926,123,123,115.5,115.5,1437,16847
20250930,115.5,120,115.5,120,649,7693
20251001,117,119,117,117,489,5762
20251002,119,119,116.5,117,401,4707
20251003,117.5,117.5,116,116,267,3114
20251007,117.5,118,114.5,115.5,590,6847
20251008,114.5,114.5,112.5,113.5,406,4610
20251009,113.5,115.5,113,114,398,4539
20251013,113,116,109.5,115,706,7987
20251014,119,121,112,112.5,1090,12748
20251015,114,115.5,113,115.5,421,4833
20251016,116,120,116,118,769,9089
20251017,118,120,117.5,118.5,716,8508
20251020,119.5,120,117,118,706,8345
20251021,118.5,120,118,119.5,690,8209
20251022,120,120,118.5,119,401,4780
20251023,119,119.5,117.5,118,436,5146
20251027,119,119.5,117,117.5,471,5544
20251028,118,118.5,115,115.5,489,5653
20251029,113.5,114,111,112,1080,12130
20251030,112.5,113.5,111.5,112.5,351,3945
20251031,112,113,109.5,110.5,754,8341
20251103,109.5,116.5,109.5,116,1714,19398
20251104,116.5,117.5,112.5,113,955,10971
20251105,112,112.5,110,111,932,10328
20251106,111,111,108,109,760,8277
20251107,108,108,104.5,106,826,8752
20251110,106,107.5,106,106.5,299,3179
20251111,106.5,107.5,106,106.5,435,4637
20251112,108,109.5,107.5,109,455,4952
20251113,109,109,104.5,105.5,770,8161
20251114,103,104,102.5,103.5,674,6963
20251117,103.5,104,101,102.5,790,8077
20251118,102,104,101.5,101.5,771,7936
20251119,103,103,100,100.5,423,4277
20251120,101.5,103,101,102.5,360,3674
20251121,101,101,98.3,99.4,692,6874
20251124,100,101.5,99.4,101.5,379,3815
20251125,102,103,101.5,101.5,231,2364
20251126,103,104,103,103,363,3753
20251127,104,104,102.5,103.5,194,2006
20251128,103,105.5,103,105.5,428,4473
20251201,105,105.5,102,104,299,3099
20251202,103.5,104.5,103,104,180,1869
20251203,104,104.5,103.5,104,133,1383
20251204,104,105.5,104,105.5,210,2209
20251205,106,106.5,104,104.5,198,2084
20251208,105.5,106,104.5,106,217,2286
20251209,105.5,106,103.5,104,239,2499
20251210,104,105,103.5,103.5,160,1665
20251211,104,106,104,105.5,409,4301
20251212,106,106.5,105,106,212,2246
20251215,104,106,104,104.5,157,1648
20251216,104.5,105,102.5,103.5,385,3990
20251217,103.5,105.5,103.5,105,234,2452
20251218,105,107.5,103.5,106,806,8547
20251219,107.5,110.5,106.5,109,1686,18266
20251222,110,110.5,108,110,892,9770
20251223,111,111,107,107.5,398,4317
20251224,107.5,109,106.5,107,390,4202
20251226,107.5,113,107.5,113,1270,14174
20251229,115,115,110.5,111.5,970,10878
20251230,111,112.5,111,112.5,543,6068
20251231,113,117,112,115,1411,16298
20260102,119,126.5,119,126.5,3146,39258
20260105,129,129.5,120,121.5,4987,61786
20260106,120.5,121.5,117.5,117.5,1581,18776
20260107,117.5,118.5,115,115.5,1089,12665
20260108,116,117,113.5,114,807,9253
20260109,114.5,117,112,117,1041,12016
20260112,120.5,124.5,119,123,2113,25920
20260113,123,124.5,120.5,121,1499,18249
20260114,121.5,122.5,121,122.5,614,7480
20260115,123,123,121,123,611,7471
20260116,123.5,124,121,122,819,10025
20260119,122,122.5,119.5,120.5,941,11355
20260120,121,125,120,123.5,1421,17513
20260121,122.5,124,119.5,120,968,11704
20260122,127,127,121,121,2511,30883
20260123,122,123,119.5,121,617,7463
20260126,122.5,125,122,124.5,1368,16902
20260127,124.5,135.5,124,130,7913,104320
20260128,131,137,129,134,4260,56687
20260129,139,147,137.5,140,10240,146891
20260130,139,140,134.5,135,4021,54965
20260202,132.5,133.5,126,126.5,2078,26799
20260203,130,132,124.5,127.5,1783,22802
20260204,127.5,138,126.5,136.5,3617,48552
20260205,135,138,132,135,3463,46906
20260206,136.5,136.5,128,128,2859,37385
20260209,131.5,132,126.5,128,1757,22556
20260210,128,131.5,127,128.5,1971,25405
20260211,127.5,127.5,121.5,123.5,2664,32858
20260223,125,132.5,123.5,128,2459,31670
20260224,128,132,127.5,131,1708,22206
20260225,134,137,132.5,133,2575,34409
20260226,134,137.5,132.5,132.5,3107,42010
20260302,126,136,126,134.5,2636,35107
20260303,138,147,136,140.5,12262,172838
20260304,134,137,127,128.5,4598,60120
20260305,133.5,137,133,133.5,3040,40963
20260306,134,136.5,130,131.5,2245,29862
20260309,121.5,122.5,118.5,119.5,2407,28722
20260310,123,125.5,121.5,125.5,1581,19463
20260311,126.5,130,125.5,128,1437,18415
20260312,127.5,129,123.5,123.5,1888,23749
20260313,120.5,124,120.5,124,847,10382
20260316,125,125,120,124.5,1340,16463
20260317,126,126.5,123,124,921,11462
20260318,124.5,136,122.5,136,4284,56055
20260319,138.5,149.5,138.5,145,17233,252322
20260320,148,149,138.5,139,9028,128872
20260323,135,152.5,132.5,148,18552,274602
20260324,153,158,136,140.5,17082,249065
20260325,143,151,140.5,145,11261,164017
20260326,142,142.5,136,137,7328,101818
20260327,133,139.5,133,138,2604,35595
20260330,134,135,129,132.5,2677,35252
20260331,130.5,133.5,127.5,128,2127,27641
20260401,133,135,132,132,2082,27728
20260402,133.5,134.5,129,129,1352,17703
20260407,131.5,132,128,128,1277,16523
20260408,132,138,130,137,3155,42516
20260409,142.5,150.5,139.5,150.5,9161,134597
20260410,156,159.5,146.5,155.5,11925,183560
20260413,151.5,171,151.5,171,7600,127461
20260414,182,188,182,188,3745,69858
20260415,188,189,175.5,183.5,12928,236770
20260416,181.5,189,175.5,182,9689,175712
20260417,178,183.5,178,180,2731,49244
20260420,198,198,198,198,1471,29126
20260421,217.5,217.5,205,210.5,6970,147339
20260422,213.5,213.5,203,203.5,3080,63468
20260423,210,219,183.5,190.5,6050,117403
20260424,197,197,172,182.5,3364,61589
20260427,181,181,171,176,2259,39344
20260428,181,193.5,178.5,190.5,2274,42610
20260429,189.5,193.5,187,193,1572,30073
20260430,198.5,204,196,199,3071,61429
20260504,205,209,193.5,194,8635,170994
20260505,190,200.5,187,192,5610,108326
20260506,192,194.5,175,180,8808,159146
20260507,182,184.5,176,179,3753,67753
20260508,172.5,183,171,175.5,4907,86033
20260511,177,186.5,172,181.5,5213,94606
20260512,186,188,180.5,181.5,4667,85778
20260513,177.5,180,173,175.5,3477,61275
20260514,176.5,178,164,168,6062,102604
20260515,169,178,166.5,167,3844,65760
20260518,165,168,160.5,165.5,2403,39624
20260519,166,168,160.5,162,2360,38449
20260520,162,164.5,160.5,160.5,1132,18330
20260521,163.5,169.5,163,163.5,1967,32762
20260522,164.5,171.5,164.5,169,1776,30037
20260525,172.5,174.5,170.5,172.5,2255,38844
20260526,175,175,168.5,172.5,1707,29205
20260527,173,175,168,169.5,2081,35521
20260528,171.5,174.5,163.5,165.5,2521,42450
20260529,168.5,171,165,168,1648,27625
20260601,169,170,166,166.5,1352,22666
20260602,168.5,169,160.5,164.5,1678,27467
20260603,166,180.5,166,180.5,5651,98972
20260604,178,184,174.5,179,6350,114156
20260605,178.5,183,175,182.5,5760,103924
20260608,164.5,175,164.5,172,3219,54173
20260609,173.5,175.5,167,175,2633,45283
20260610,172.5,174,157.5,157.5,4744,77486
20260611,154.5,159.5,149,152,2914,44550
20260612,158.5,162,156.5,159.5,1882,29925
20260615,168,170,165.5,169,1900,31891
20260616,172,175,168.5,169.5,2987,51545
20260617,167.5,174.5,167.5,169.5,2746,46820
20260618,168.5,175,168.5,174.5,1603,27736
20260622,176.5,179.5,174,179,3911,69218
20260623,182,183,169,169.5,4011,70705
20260624,167.5,173,165.5,169.5,2793,47334
20260625,169.5,170.5,162.5,165,1735,28724
20260626,163.5,165,155,155,1576,25191
20260629,157.5,161.5,155,159,790,12510
20260630,163,174.5,161,174.5,2881,49674
20260701,179.5,182,167,173.5,4592,79922
20260702,170.5,190.5,168,190.5,9684,178375
20260703,189,191,174.5,180,7757,140531
20260706,182,182.5,169,169,5122,89297
20260707,170.5,171.5,160,161,3349,55120
20260708,160,163.5,157,163,1724,27655
20260709,164,165.5,161.5,161.5,1011,16492
20260713,162.5,163,157.5,162.5,1162,18634
20260714,161,162.5,150,157,1728,26759
20260715,160,162.5,156,160.5,951,15154
20260716,159.5,162,158,160.5,785,12562
20260717,156.5,157,147,147.5,1474,22243
20260720,147.5,149,136,141.5,1162,16473
20260721,144,147,143,145.5,526,7633
20260722,149,153,147.5,147.5,915,13718
20260723,148.5,150.5,146,147.5,481,7111
20260724,145,152.5,145,150.5,850,12717
20260727,151,151,147,147.5,395,5868
20260728,143.5,148,138.5,143.5,721,10380
20260729,144,145,130,133.5,1629,21889
20260730,131,135.5,126.5,129.5,1212,15932
20260731,139,141.5,136.5,140.5,977,13654
20260803,140,145.5,135.5,141.5,630,8947
20260804,142,147.5,141.5,145,802,11636
20260805,148,150,144.5,144.5,1231,18196
20260806,144.5,147.5,141,147,371,5360
20260807,142.5,143.5,137,138.5,1227,17225
20260810,138.5,144,138.5,140.5,679,9603
20260811,140.5,141.5,137,140,563,7826
20260812,141,142.5,139.5,140.5,475,6698
20260813,143,144,140.5,141.5,704,10022
20260814,142.5,143,136.5,137,1536,21288
20260817,137,140,137,139.5,446,6184
20260818,139,140,133,134,644,8727
20260819,131.5,136,131.5,135,424,5721
20260820,136.5,138,133,137.5,350,4741
20260821,138.5,138.5,134.5,134.5,357,4835
20260824,135.5,137,133.5,133.5,285,3834
20260825,133,136,130,135,408,5395
20260826,139,143,137,140.5,839,11743
20260827,140.5,142.5,139,142,552,7808
20260828,142.5,143,140.5,140.5,470,6663
20260831,140.5,141,135.5,138,792,10971
20260901,138,144,138,143,649,9252
20260902,142,147,141,141.5,871,12533
20260903,142,144.5,137.5,138,592,8325
20260904,140,141,136,140,441,6125
20260907,143,143,140,140.5,485,6844
20260908,140.5,141,138,138,314,4365
20260909,139,141,138.5,140,293,4092
20260910,140,140,137,138,222,3060
20260911,134,135,131.5,132,1025,13614
20260914,131.5,134.5,130,133,356,4716
20260915,134.5,134.5,129.5,129.5,359,4699
20260916,130.5,133,129.5,131.5,305,4003
20260917,133.5,134,131.5,133.5,378,5025
20260918,134.5,137,134,136.5,432,5869
20260921,138,138.5,136,136.5,246,3361
20260922,138.5,140,136.5,138.5,1594,22061
20260923,138.5,139.5,136,136.5,589,8076
20260924,137.5,141,135.5,140,520,7223
