# date,open,high,low,close,lot,wan
20250814,68.8,69,66.7,67.2,39,265
20250815,67.2,68.4,63.6,68.4,104,690
20250818,66.3,67.1,66.1,67,58,386
20250819,66.2,66.5,65,66.5,36,236
20250820,65.1,65.2,63.5,64.2,79,507
20250821,65.4,65.4,64.2,64.9,16,103
20250822,64,65,63.6,63.6,27,173
20250825,63.6,64.5,63.6,63.8,24,153
20250826,63.1,64.9,63.1,64.9,12,77
20250827,65,67.8,64.9,65.8,27,179
20250828,68,68,65.8,65.8,16,106
20250829,65.8,66.2,65.3,65.3,22,145
20250901,65.4,65.4,62.4,63.5,66,420
20250902,65,65,63,63.5,40,253
20250903,63.5,63.5,63.4,63.5,12,76
20250904,63,63.5,63,63.5,27,171
20250905,63.5,63.8,63.3,63.5,32,203
20250908,63.8,64,63.4,63.4,31,197
20250909,63.4,63.5,62.5,63.4,21,133
20250910,63.4,66.7,63.1,66.7,48,313
20250911,65.6,67.3,65.5,66.8,26,174
20250912,65.6,67.1,65,67,32,212
20250915,65.8,66.5,65.8,66.5,7,46
20250916,66,66.7,65.3,66.6,11,73
20250917,66.6,66.6,65.3,65.3,22,144
20250918,65,65.1,64.5,64.5,24,156
20250919,64.5,64.5,64.3,64.5,9,58
20250922,64.2,64.5,63.7,64.5,12,77
20250923,64.1,64.4,64,64.1,12,77
20250924,64.2,64.2,64,64,11,71
20250926,63.5,64,63.5,64,20,127
20250930,63.6,64.1,63.5,63.7,27,172
20251001,63.6,63.7,63.4,63.7,14,89
20251002,63.7,64,63.1,64,6,38
20251003,65.7,65.7,64.2,64.8,14,91
20251007,65,65,64.8,65,7,45
20251008,63.6,66.4,63.5,66.4,17,110
20251009,66.8,66.8,65,65.9,24,158
20251013,65.7,65.7,63.5,65,29,187
20251014,63.7,64.5,63.4,63.5,30,192
20251015,64.4,64.4,63,63.4,10,64
20251016,63.6,64,63,64,24,152
20251017,64,64,63,63.7,14,89
20251020,63.3,63.6,63.3,63.6,14,89
20251021,63.2,63.6,63,63.6,33,209
20251022,63.5,63.5,63.3,63.5,10,63
20251023,63.3,63.4,62.7,63.4,33,208
20251027,62.7,63.4,62.7,63.4,26,164
20251028,62.9,65,62.9,63.7,46,294
20251029,64.1,65.9,64.1,64.8,33,215
20251030,65,65.2,64.6,64.9,16,104
20251031,64.6,65.3,64.5,65.3,10,65
20251103,65.3,65.4,65.2,65.3,12,78
20251104,65,65.9,63.8,65.9,11,71
20251105,65.3,65.9,63.8,63.9,21,136
20251106,64.1,65,63.9,65,13,84
20251107,65,65.8,65,65.8,6,39
20251110,64,64.1,63.2,63.3,39,248
20251111,63.1,64.4,63.1,63.5,9,58
20251112,63,63.6,62.9,63.3,30,190
20251113,63.3,63.3,63,63.3,7,44
20251114,63.1,63.3,62.9,63.3,12,76
20251117,62.9,63.4,62.5,63.2,78,490
20251118,62.5,63,60.7,63,44,274
20251119,63,63.5,61.6,63.5,36,225
20251120,63.5,64.5,63.5,64.5,12,77
20251121,62.9,63.3,62.8,63.3,18,114
20251124,64.2,65.8,64,65.8,36,234
20251125,65.8,65.8,65.8,65.8,1,7
20251126,67.3,67.3,65.9,67,13,86
20251127,67,67,66.9,67,5,33
20251128,67.9,67.9,66,66.9,25,167
20251201,65.2,67,65.2,67,9,60
20251202,65.7,66.8,65.5,66.8,20,132
20251203,65.8,66.2,65.2,65.5,18,118
20251204,65.5,65.8,64.6,65.6,10,65
20251205,64.6,65.4,64.6,65.2,16,104
20251208,65.2,67.2,65.2,67.2,28,186
20251209,67.2,67.2,67.2,67.2,10,67
20251210,67.9,70,67.9,69.8,40,275
20251211,70.5,71.8,70,71.8,80,571
20251212,71,74.5,70.6,74.5,183,1344
20251215,74.5,79.9,74.5,79.9,159,1223
20251216,80,81.9,76.5,79.9,92,731
20251217,79.9,81.9,78,81.9,99,799
20251218,81.7,84.9,80.6,84.9,150,1231
20251219,85.9,87.4,82.9,87.2,160,1375
20251222,87.4,88.8,84.7,87.8,80,693
20251223,86,88,86,87.3,49,427
20251224,87.3,88,85.5,86.8,73,631
20251226,87.8,87.8,85.2,86,36,309
20251229,84.8,86,84,85.9,63,539
20251230,85.4,87.2,84,86.7,174,1491
20251231,86.8,87.1,85.1,86.8,118,1018
20260102,86.7,86.7,85,86.3,75,643
20260105,85.1,86,84.5,84.5,34,289
20260106,85.2,85.5,83.7,84.5,53,449
20260107,83.6,83.8,82,82,67,553
20260108,81.6,81.6,77,77,69,542
20260109,77.7,80,76.7,78.3,35,273
20260112,80.6,80.7,76,78.9,73,570
20260113,80,80,78.1,79.4,34,269
20260114,80.7,80.7,80.3,80.3,17,137
20260115,78.5,79.8,78.5,79.8,25,198
20260116,78.8,79.8,78.6,79.8,32,254
20260119,79.7,79.7,76.8,76.8,66,511
20260120,75.9,77.5,75.8,77.5,66,508
20260121,77,77.9,76.1,77.9,64,493
20260122,77,77.4,76,76,32,245
20260123,76.3,76.3,75,75.6,15,113
20260126,74.7,75.5,74,74,29,216
20260127,74,75.1,73.6,73.8,100,744
20260128,74.8,75.4,73.1,75,77,572
20260129,74.3,74.3,72.5,73,21,154
20260130,75,75,72.7,73.8,16,118
20260202,72.1,73.1,71.5,73,52,378
20260203,73,74.5,72,72.3,35,254
20260204,71.2,72.8,70,71.3,78,557
20260205,70,71.3,68,71.3,48,333
20260206,70,73,70,73,35,250
20260209,73,74,71.7,71.7,19,138
20260210,71.1,72.3,70.4,72.3,24,171
20260211,72.4,72.4,70.8,71.5,11,79
20260223,71.5,71.5,70,70.2,42,298
20260224,70.1,71,68.8,71,31,217
20260225,71,73.3,71,73.3,21,152
20260226,73.5,78,72,78,47,347
20260302,78,79.2,77.1,78,62,484
20260303,77,78.5,72.7,78.5,38,290
20260304,77.3,78.5,75.5,75.5,23,176
20260305,75.8,77,75.6,77,7,53
20260306,77,78,77,77.8,27,210
20260309,74.1,76.2,73.2,76.2,43,325
20260310,73.6,76.7,73.6,76.7,18,137
20260311,77.4,77.4,74.2,74.2,45,341
20260312,74.3,74.9,74,74.2,12,89
20260313,74.3,75.8,74.3,74.7,3,22
20260316,72.3,74.2,72.3,73,13,95
20260317,73,75.3,72,75.3,42,307
20260318,75.3,76.8,74.5,76.3,16,121
20260319,76.3,76.4,74.2,74.2,22,166
20260320,74.2,76.3,73.4,73.4,24,178
20260323,70.9,73,70.8,72.9,6,43
20260324,71.5,78.8,71.5,75.5,861,6275
20260325,75.1,76.8,74.6,76.3,1049,7901
20260326,77.9,83.9,76.7,83.9,1854,14806
20260327,83.5,83.5,75.8,75.8,1292,10530
20260330,73.5,75.8,73.3,74.4,1127,8438
20260331,74.4,75.5,71.5,72.2,1015,7593
20260401,74,74,72.2,72.5,40,290
20260402,72.1,72.1,70,71.1,20,142
20260407,71.5,72.5,70.1,70.1,459,3267
20260408,70.3,72.5,70.3,71.4,116,829
20260409,71.4,72.3,70,70.1,107,761
20260410,71,71.8,69.6,71.3,344,2456
20260413,70.6,71.3,68.8,71.3,105,738
20260414,71.3,71.5,70.5,71.5,15,107
20260415,70.5,71.2,69,70.2,60,420
20260416,69.7,70.5,68.1,70,135,944
20260417,69.5,72.3,69.5,72.3,138,984
20260420,73,73,70.5,71,21,149
20260421,71,71.7,70.7,71.7,300,2141
20260422,71,71,70.2,70.4,60,423
20260423,69.8,70.6,67.2,67.5,92,629
20260424,67.5,68.5,66,68.4,123,829
20260427,67,69.1,66.1,69.1,112,766
20260428,70.4,70.4,69.1,69.7,76,532
20260429,70.6,70.6,69.3,70,61,427
20260430,70,70.3,69.2,69.9,40,280
20260504,68.3,69,67.2,67.5,51,347
20260505,68,69,66.5,69,54,367
20260506,69,70.7,69,70.7,22,154
20260507,69.4,70.1,69,69,28,194
20260508,68.1,70,67.1,68.9,14,96
20260511,68.9,69.8,68.9,69,9,62
20260512,69.3,69.6,68.6,68.9,53,368
20260513,69,69.8,67.9,69.2,134,927
20260514,68.2,70.1,67.5,70.1,214,1460
20260515,69.5,69.5,68.2,69.5,22,152
20260518,69.4,69.4,68,68,15,103
20260519,69.8,69.8,67,69.7,16,110
20260520,69.7,70.1,68.9,68.9,4,28
20260521,69.6,70.1,68.3,70.1,63,437
20260522,69.5,76.9,69,76.9,225,1638
20260525,76.8,76.9,72.4,73.2,62,461
20260526,73.2,73.3,72.2,72.7,447,3272
20260527,72.7,77,72.1,76.6,1097,8004
20260528,76.6,78,72.6,72.6,1084,8246
20260529,72.7,74.5,72.3,72.3,1002,7366
20260601,72.4,76.4,71.6,72.8,1123,8184
20260602,72.8,73.4,71.2,71.2,1045,7610
20260603,71.5,73.6,71.5,72,1128,8156
20260604,72,73.5,71.9,72.1,975,7082
20260605,75.4,75.4,71.1,72.2,121,875
20260608,65.3,72,65.3,69.5,131,889
20260609,69.6,70.2,69.6,70.2,22,154
20260610,70.1,70.1,68,68.4,17,117
20260611,68.4,69,65.3,67,50,335
20260612,66.9,68.5,66.5,67.4,17,114
20260615,67.4,67.5,66,66.3,58,387
20260616,66.1,66.1,64.1,65.7,64,417
20260617,65.9,65.9,65.1,65.8,6,39
20260618,65.2,66,64.5,65.8,19,124
20260622,65.3,65.3,64.1,65.3,77,498
20260623,65.3,65.3,63.6,65.1,36,232
20260624,65,65,64.5,64.9,5,32
20260625,64.4,64.9,64.1,64.9,10,65
20260626,63.8,64.9,63.5,64.6,13,84
20260629,64.6,64.6,64.6,64.6,2,13
20260630,64.6,65.7,63.7,65.7,14,91
20260701,65.7,65.9,65.7,65.9,3,20
20260702,65.9,66.9,65.1,66.9,14,92
20260703,66.9,67.5,66.4,67.5,13,87
20260706,67.1,68.5,66.7,68.5,19,128
20260707,68,69,67.7,68.5,40,273
20260708,68.8,68.8,68.6,68.6,2,14
20260709,68,69.1,67.8,69.1,13,89
20260713,71.3,71.4,68.1,69.2,23,160
20260714,67.7,68.8,67.1,68.1,17,115
20260715,68.1,68.7,68,68.3,10,68
20260716,68.5,68.5,68.3,68.3,13,89
20260717,67,68.2,66.7,67.5,43,290
20260720,67.5,68.3,66.5,67.8,7,47
20260721,67,67.8,66.7,67.4,12,81
20260722,68,68,68,68,1,7
20260723,67.3,67.5,67,67.5,5,34
20260724,66.6,67.3,66.3,67.3,7,47
20260727,66.6,66.6,65.4,66,15,99
20260728,64,65.9,63.5,65.9,18,116
20260729,64.2,65.7,63.8,65.7,24,155
20260730,65.7,66.4,65.6,65.6,4,26
20260731,65.6,66.8,65.6,66.8,11,73
20260803,66.6,67.4,65.7,67.2,13,86
20260804,67.2,67.2,67.2,67.2,4,27
20260805,67,67,67,67,1,7
20260806,67.5,68,66.7,68,17,115
20260807,68.5,68.5,67.7,68,9,62
20260810,69.8,69.8,68,69.6,11,76
20260811,70.1,73.2,69.7,70.7,76,543
20260812,70.3,71,69.1,69.1,39,272
20260813,69.8,69.8,68.2,68.6,11,76
20260814,69.8,69.8,67.6,68.8,11,75
20260817,69.6,69.6,69.6,69.6,1,7
20260818,67.3,69.3,67.3,68.2,24,164
20260819,68.5,69.5,68.5,69.5,11,76
20260820,69.5,69.5,68,68.1,25,171
20260821,69.4,69.4,69.3,69.3,2,14
20260824,68,69,67.4,67.9,11,75
20260825,68.3,68.5,68,68,12,82
20260826,68.8,68.8,68.8,68.8,2,14
20260827,68,68.8,68,68.8,9,62
20260828,69.9,69.9,68.5,68.5,14,96
20260831,68.5,68.6,68.5,68.6,10,69
20260901,68.9,69,68.6,68.8,28,193
20260902,69.7,69.7,68.2,69.2,23,158
20260903,69.1,69.1,68.6,69.1,17,117
20260904,69.1,69.1,67.7,68.8,14,96
20260907,68.8,68.8,67.2,67.2,24,162
20260908,68.8,68.8,67.1,67.6,19,128
20260909,66.3,67.5,66.3,67.5,12,80
20260910,68,69.8,66.5,67.5,17,115
20260911,68,68,68,68,1,7
20260914,70.4,70.4,67.3,68.5,11,75
20260915,69.4,69.4,67.9,68.9,23,159
20260916,68.9,69,67.7,69,8,55
20260917,69.5,69.5,68,68.2,24,164
20260918,69,69,68.8,68.8,3,21
20260921,70,70,67.7,68.5,14,96
