# date,open,high,low,close,lot,wan
20250814,46,48.1,46,47.6,1072,5046
20250815,48.35,48.35,47.25,47.6,532,2538
20250818,47.6,47.8,47.25,47.4,419,1989
20250819,47.4,47.4,46.45,46.5,248,1159
20250820,45.9,46.35,45.45,46,271,1245
20250821,46.25,46.9,46.25,46.65,127,593
20250822,46.8,47.15,46.65,46.95,231,1084
20250825,47.3,48.35,47.25,48,730,3481
20250826,43,43.05,42.05,42.25,549,2328
20250827,42.35,44.25,42.35,43.45,291,1254
20250828,43.55,43.85,43.4,43.6,120,523
20250829,44,44.3,43.5,43.55,159,695
20250901,43.8,43.8,42.5,42.7,174,750
20250902,42.7,42.95,41.6,42.45,174,737
20250903,42.5,44.85,42.5,44.2,618,2730
20250904,44.6,45.7,44.1,44.25,570,2549
20250905,44.6,44.6,43.75,43.85,373,1639
20250908,44.35,44.65,43.9,44.25,204,903
20250909,44.2,44.7,43.35,43.85,334,1465
20250910,44.1,44.1,43.4,43.6,211,919
20250911,44,45.05,43.25,43.25,433,1915
20250912,44.7,47.55,44.4,46.45,3119,14564
20250915,45.5,45.6,44.25,44.25,1266,5676
20250916,44.5,47.65,44.5,46.05,1770,8235
20250917,46.05,50.6,45.85,50.6,5363,26258
20250918,51.8,54.6,51.8,52.9,13097,69403
20250919,51.9,52.5,50,50.4,3072,15635
20250922,50,50.5,49.05,49.35,1409,6987
20250923,49.45,49.7,48.15,48.55,1389,6771
20250924,48.9,51.5,48.25,49.9,2380,11870
20250925,49.65,52.2,49.25,49.6,2672,13494
20250926,49.85,50.5,48.15,49.85,1362,6699
20250930,50.2,53.2,50.1,53,5075,26230
20251001,54,56.7,51.7,54,10206,55101
20251002,53,54,52.2,52.3,2254,11894
20251003,51.8,53.2,51.1,51.3,1550,8027
20251007,51.3,51.3,50.3,50.5,1093,5534
20251008,50.3,50.9,49.2,49.5,918,4571
20251009,50.3,50.5,49.65,49.75,737,3688
20251013,47.75,48.55,47,48.45,883,4227
20251014,48.95,49.4,47.3,47.3,1093,5277
20251015,47.9,49.75,47.85,49.5,1036,5093
20251016,49.7,50.6,49.1,49.7,845,4209
20251017,49.45,50,48.7,48.7,617,3038
20251020,49.65,51.8,49.25,51.7,2237,11417
20251021,53,56.8,51.9,56.8,14444,80271
20251022,55.5,57.5,52.2,52.7,18882,103449
20251023,53,57.2,52.2,55.7,9764,54134
20251027,57.5,58.9,55.9,57.4,12097,69176
20251028,57,57.3,54.2,54.4,3808,21074
20251029,54.9,55.9,53.5,55.3,4314,23646
20251030,55.6,56.8,54.8,56.8,9502,53133
20251031,56.8,61,55.2,56.6,12183,70500
20251103,55.5,56,52.9,53.1,3001,16212
20251104,52.9,53.2,50.4,50.8,2118,10898
20251105,49.85,51.8,49.8,51.3,1207,6119
20251106,51.9,51.9,50.8,51.4,782,4014
20251107,50.9,51.1,49.65,50,741,3709
20251110,50,50.5,49,49.95,631,3135
20251111,50.5,52.3,50.5,51,925,4753
20251112,51.1,51.4,50.3,50.4,750,3802
20251113,50.8,51.4,50.1,50.5,671,3389
20251114,49.45,50.6,49.1,49.1,771,3819
20251117,49.1,49.5,48,48.05,688,3338
20251118,47.95,48.75,46.85,46.9,678,3212
20251119,46.9,47.4,46,46.15,510,2371
20251120,47.5,47.8,46.35,47.5,409,1925
20251121,46.5,46.65,45.05,45.25,596,2723
20251124,45.5,46.15,45.5,45.75,239,1093
20251125,46.3,46.85,45.8,46.15,284,1316
20251126,46.6,47.2,46.4,47.15,386,1810
20251127,47.8,47.8,46.9,47.1,408,1929
20251128,47.25,47.6,47.05,47.5,236,1118
20251201,47.5,47.5,46.4,46.5,237,1107
20251202,46.55,46.8,46.3,46.45,192,894
20251203,46.6,47.25,46.6,47.2,248,1167
20251204,47.25,47.7,46.85,47.2,290,1370
20251205,46.95,47.2,46.8,46.85,188,883
20251208,46.95,47.25,46.75,47.2,225,1057
20251209,47.2,47.8,46.8,46.95,234,1102
20251210,47.25,47.4,46.3,46.45,363,1693
20251211,46.75,47.35,45.75,45.75,342,1579
20251212,46,46.1,45.4,45.4,202,923
20251215,45,45.55,44.5,45,265,1194
20251216,45.05,45.1,44.1,44.5,312,1388
20251217,45.05,46.2,44.9,45.25,300,1370
20251218,45,45.25,44.55,44.6,221,991
20251219,44.75,45.2,44.65,44.9,122,548
20251222,45.35,45.8,45.35,45.75,128,583
20251223,45.45,46,45.15,45.4,189,860
20251224,45.8,46.1,44.9,44.9,177,802
20251226,45,45.65,44.6,44.8,294,1325
20251229,45.2,45.3,44.5,44.6,216,967
20251230,44.6,44.6,44,44.35,342,1512
20251231,44.35,45.1,44.25,44.65,187,836
20260102,44.45,45.6,44.45,45.35,223,1011
20260105,45.35,46.8,44.1,46.5,929,4218
20260106,45.65,47.15,45.25,45.5,741,3415
20260107,46.35,46.8,45.3,46.25,715,3316
20260108,46.25,46.25,44.9,44.95,570,2589
20260109,45.2,45.6,44.35,45.2,286,1287
20260112,45.6,46.35,45.6,46,381,1754
20260113,46.25,46.45,45.7,45.95,320,1473
20260114,46.05,47.6,46.05,47,881,4156
20260115,47,47.4,46.55,46.85,565,2646
20260116,47.1,47.2,46.6,46.8,394,1846
20260119,47.15,51.1,47.15,49.8,2221,11069
20260120,49.35,54.7,49.1,54.7,7462,39701
20260121,54.6,58.7,54.1,57.3,13753,78258
20260122,57.3,58.2,55.2,55.5,6307,35590
20260123,55.8,55.8,52.8,53,3146,17052
20260126,53,53.3,51.3,51.7,2296,11946
20260127,52.5,52.7,51.2,51.9,1325,6884
20260128,51.9,52.8,50.6,50.8,1399,7197
20260129,51.1,52.3,49.65,49.65,1770,8975
20260130,49.95,50.6,48.4,48.8,939,4627
20260202,48.4,48.4,46.55,46.8,774,3647
20260203,47.95,48.05,46.6,47.55,724,3418
20260204,47.5,48.4,47.25,48.35,411,1970
20260205,47.95,49.8,47.35,47.9,1021,4963
20260206,47.75,47.75,45.85,46.65,906,4211
20260209,48.5,49.1,47.35,47.45,449,2152
20260210,48,48.15,47.4,47.6,458,2184
20260211,47.65,47.95,46.45,47.95,549,2584
20260223,47.95,49.7,47.9,48.95,805,3939
20260224,49.05,49.5,48.85,49.25,533,2620
20260225,49.8,49.85,48.7,48.9,668,3276
20260226,49.15,51.1,49.05,50.5,1135,5691
20260302,49.05,50.5,48.7,50,547,2725
20260303,50.2,51.1,48.7,48.8,738,3658
20260304,48.4,48.4,45.25,45.45,966,4467
20260305,47,47.7,46.2,46.9,370,1742
20260306,46.85,48.15,46.35,47.8,350,1656
20260309,44.5,45.25,43.5,44.5,623,2764
20260310,45.35,46.2,44.5,45.05,357,1619
20260311,45.75,47,45.75,46.65,334,1556
20260312,46.4,47.05,46.05,47,349,1628
20260313,46,51,45.9,49.8,2088,10349
20260316,48.4,48.55,46.3,48,2005,9535
20260317,48.4,48.8,47.9,48.15,622,3004
20260318,48.3,48.5,47.55,47.9,577,2772
20260319,47.25,47.85,46.4,46.5,503,2365
20260320,46.55,47,45.9,46,382,1770
20260323,45,45.55,44.1,44.35,361,1612
20260324,45.05,45.25,43.95,44.2,271,1206
20260325,44.75,47.1,44.75,46.95,468,2170
20260326,47.1,48.1,46.3,47.35,912,4333
20260327,46.6,49.9,46.35,49.9,1588,7671
20260330,49.75,51.6,49.25,51,3733,18841
20260331,50.4,51.5,49.1,49.25,2462,12423
20260401,51,51.2,49.8,50.4,1612,8140
20260402,51.5,51.9,50.3,50.3,1796,9146
20260407,51,51,49.9,50.1,908,4566
20260408,51.1,51.9,50.9,51.3,2240,11495
20260409,52.4,52.5,50.3,50.3,2554,13081
20260410,50.4,51.2,50.3,50.5,907,4587
20260413,50.9,51.7,50.5,51.6,1186,6080
20260414,52.3,52.3,50.7,51,1049,5371
20260415,51.1,51.6,50.5,50.8,707,3595
20260416,51.4,51.8,50.6,51.1,1052,5382
20260417,51.3,55.4,51.3,54.6,4958,26772
20260420,55.5,56.6,54.1,54.1,5430,30033
20260421,54.1,55.9,53.4,53.6,2132,11624
20260422,53.6,56.4,53.3,55,3804,21056
20260423,56,56,49.7,51.4,2730,14266
20260424,51.7,55.2,51.4,55.2,3270,17669
20260427,56.8,58,53.6,57.3,12402,69928
20260428,59,59.9,56.1,57.3,9233,53358
20260429,56,56.7,54.8,55.7,2450,13628
20260430,55.4,56.8,55.4,55.7,3040,17056
20260504,56,59,55.8,58.9,4466,25749
20260505,58.4,63.4,57.9,62.2,10160,62027
20260506,62.8,65.9,61.5,64.9,12350,78767
20260507,66.6,70,66,66.9,11615,78324
20260508,66.2,66.5,62,62.2,5247,33428
20260511,64,68.4,62.6,68.2,10889,72425
20260512,67,69,66.7,67.9,6891,46686
20260513,67,68.6,64.9,68.3,4169,27991
20260514,69,74.9,69,74,12979,94890
20260515,75,76.1,71.7,75.3,13703,102515
20260518,74,77,72.8,75.8,6336,47591
20260519,75.8,77.8,75.3,76,7835,59960
20260520,76,80.4,72.3,72.5,12331,94170
20260521,73.2,75.7,73,75.7,4910,36412
20260522,75.5,77.7,75.5,76.1,4647,35573
20260525,76.8,83.7,76.5,83.7,11166,91427
20260526,84.2,87.7,81,83.7,11988,100536
20260527,85.7,87.5,81.5,82.3,8330,70260
20260528,82.9,86,80.7,82.8,6256,52370
20260529,85.9,86.8,83.1,83.8,4776,40179
20260601,83.5,84,79.7,79.8,4761,38760
20260602,80.5,82.4,77.5,82.2,5670,45349
20260603,83,84.9,81,81.5,4949,40984
20260604,81,82.6,80.5,80.8,2117,17279
20260605,80.3,81.1,77.6,81.1,2025,16122
20260608,73,75.3,73,74.3,2582,19037
20260609,74.5,78.7,73.5,78.3,4381,33489
20260610,78.3,81.8,76.5,76.5,5830,46457
20260611,76.5,77.7,74,75.2,1854,14055
20260612,77.2,79.7,77.2,78.6,2409,18934
20260615,82.1,82.8,79.5,81.2,3819,31027
20260616,80.2,81,75.9,77.4,3304,25819
20260617,77,80.9,76.7,80.3,2680,21365
20260618,84.7,88.3,84.7,88.3,11307,99435
20260622,95,97.1,94.8,97.1,8283,79854
20260623,98.5,103.5,90.5,92,20212,190790
20260624,91.3,94.8,89,93.3,6389,58887
20260625,93.6,93.6,90.8,92.8,4536,41627
20260626,91.8,97,90,90,9095,84678
20260629,88.8,90.3,85.7,85.7,4059,35705
20260630,86.6,90.3,86.6,89.4,3656,32640
20260701,92.7,94.6,88.4,88.5,3877,35345
20260702,88.5,97.3,88,97.3,9360,88848
20260703,97.3,102,92.5,96.2,16366,157770
20260706,102,105.5,102,105.5,8100,85107
20260707,107,108,95.3,96.9,13706,138219
20260708,97.2,100,93.7,99,6768,65433
20260709,99,100.5,96.6,96.6,4846,47637
20260713,97,98,91.3,92,3753,35129
20260714,91.1,93.1,84.9,90.1,3357,30050
20260715,91,91.7,88.8,90.6,2221,20022
20260716,89.5,95.1,87.6,91.7,3724,34217
20260717,91,93,83.7,84.3,5509,48916
20260720,84.9,84.9,77,77.8,2496,19792
20260721,78.1,79.8,77.1,78,1786,13964
20260722,79.8,82.6,79.8,80.1,1587,12882
20260723,79.5,80.7,78,78.9,1042,8261
20260724,78,79.8,75.7,75.7,1309,10111
20260727,75.2,75.6,72.4,74.3,1132,8344
20260728,72,72,66.9,66.9,1362,9341
20260729,66.9,68,60.3,62.6,1637,10239
20260730,61.2,63.8,58.9,59.3,1099,6739
20260731,64.2,65,62.5,63.7,747,4762
20260803,63.4,67.3,63,65.5,1033,6824
20260804,65.5,68.3,64.5,68,781,5237
20260805,70.7,71.3,69.4,69.7,872,6138
20260806,69.4,70.6,67.2,69.8,558,3867
20260807,69.8,70.2,67.2,67.3,584,3988
20260810,68.2,69.9,68.2,68.9,479,3313
20260811,69,71,68.8,69.2,504,3510
20260812,70.1,70.8,69.7,69.8,444,3116
20260813,70.6,73.5,70.4,70.6,836,5995
20260814,71.2,71.2,68.1,68.6,741,5116
20260817,68.6,69.8,67.7,69,390,2682
20260818,69.3,71.5,66.9,66.9,893,6157
20260819,66.9,69.7,65.8,66.9,918,6224
20260820,68.4,68.7,66,66.5,360,2406
20260821,66.5,67.5,65.5,65.5,400,2643
20260824,66.2,66.9,65,65,387,2547
20260825,64.1,64.7,62.1,63.8,367,2315
20260826,63.8,68.5,63.1,66.8,1381,9117
20260827,67.5,68.3,65.9,66.7,996,6677
20260828,67.7,70.1,66.7,66.7,1205,8207
20260831,66,66,62.2,63,914,5831
20260901,63.9,64.6,63.1,63.2,641,4088
20260902,63.3,63.5,62.5,62.5,590,3709
20260903,62.8,63.5,61,61,620,3864
20260904,62,62.9,61.2,62.6,428,2661
20260907,63.4,63.8,62.1,62.2,415,2606
20260908,59.6,59.6,56.5,56.5,1795,10276
20260909,56.5,57.9,56.5,57.6,600,3439
20260910,57.3,57.3,55.8,56,505,2837
20260911,54.7,55.3,54.2,54.5,446,2435
20260914,54.5,55.6,53.3,54.7,402,2204
20260915,55.1,55.2,53.7,53.8,209,1135
20260916,54.6,55.7,54,55.5,353,1943
20260917,56.1,56.2,55.1,55.1,397,2207
20260918,55.9,56.2,55.2,56.2,359,2004
20260921,56.5,56.5,55.7,56.2,258,1450
20260922,57.9,60.8,57,60.5,1547,9119
20260923,63.4,66.5,63.1,66.5,9364,61649
