# date,open,high,low,close,lot,wan
20250814,68.2,68.2,66,66,2168,14478
20250815,66,66,63.3,65,1920,12480
20250818,65.5,67.8,65.5,66.8,1886,12574
20250819,66.8,67.1,64.6,64.7,1207,7895
20250820,65,65.4,63.3,63.4,1004,6429
20250821,64.5,65.2,63.5,64.1,618,3980
20250822,64.5,64.8,63.3,63.6,455,2907
20250825,64.6,65.4,64,64,652,4214
20250826,64.1,65.4,64,64.4,623,4017
20250827,65.1,65.8,64.7,65.1,944,6161
20250828,65.2,66.9,64.4,65.5,988,6502
20250829,66.5,66.5,64.5,65,780,5093
20250901,65,65,62,62.2,1107,6966
20250902,62.7,63.3,61,61.9,513,3178
20250903,61.8,62.8,61.7,61.8,403,2511
20250904,62.4,62.9,61.2,61.6,634,3923
20250905,62,63,62,62.4,760,4755
20250908,63,64,62.6,63,420,2647
20250909,63.4,63.4,61.9,62,357,2226
20250910,61.6,61.7,60.7,61.1,627,3848
20250911,61.4,62,60.3,60.3,643,3930
20250912,60.7,61.1,60,60,360,2175
20250915,60.2,61,59.3,60,547,3300
20250916,60.2,60.5,60,60.3,330,1988
20250917,60.4,61.2,59.5,59.5,457,2748
20250918,59.7,60.6,59.5,60.2,349,2096
20250919,60.6,61.1,60.4,60.4,384,2330
20250922,60.8,61,59.4,59.4,582,3491
20250923,60,61.1,59.5,59.9,495,2976
20250924,59.9,60.1,58.7,59.7,420,2492
20250925,60.1,60.2,58.4,58.4,466,2743
20250926,58.4,58.4,56.2,56.6,481,2728
20250930,56.9,58.4,56.9,58.4,349,2023
20251001,58.4,58.6,57.7,57.8,246,1428
20251002,58,59.7,57.6,57.6,569,3333
20251003,58.5,58.5,56.9,56.9,222,1275
20251007,57.2,58.3,57.2,57.9,338,1954
20251008,57.3,57.9,56.8,57.5,214,1227
20251009,57.8,58.4,57,57.1,226,1300
20251013,55.1,55.6,53.6,55.5,403,2215
20251014,56,56.8,54.1,55.2,412,2296
20251015,55.3,56,54.8,55.7,208,1155
20251016,56.5,57.8,56.5,57,364,2087
20251017,57,57.5,56.2,56.5,192,1086
20251020,56.5,56.6,55.8,55.9,214,1197
20251021,56.5,57.5,56.5,57.3,386,2205
20251022,57.3,57.8,57.1,57.7,226,1295
20251023,58.5,58.7,56.5,56.5,292,1672
20251027,57.4,57.4,55.8,55.9,261,1462
20251028,56.4,56.9,55.9,56.2,287,1619
20251029,56.8,57.9,55.3,55.5,503,2827
20251030,55.1,55.9,54.7,54.7,329,1817
20251031,54.7,54.7,52.9,53,798,4263
20251103,53.1,53.9,53,53.7,276,1478
20251104,53.6,53.8,51.7,51.7,479,2513
20251105,51.5,52,50.6,51.4,267,1373
20251106,51.5,52,51.3,51.8,177,917
20251107,51.1,52.2,50.7,51.3,297,1531
20251110,51,51.3,50.3,50.5,288,1460
20251111,50.6,51.5,50.3,50.4,227,1147
20251112,50.4,51.2,50.4,50.7,243,1238
20251113,50.7,50.8,50,50.4,277,1390
20251114,50.1,50.4,49.5,49.65,460,2298
20251117,49.65,49.7,48.8,48.8,289,1422
20251118,48.6,48.8,47.3,47.55,326,1559
20251119,48,49,47.3,47.35,285,1362
20251120,48.5,48.75,47.7,48.1,165,791
20251121,47.75,47.9,46.5,46.55,264,1241
20251124,47.1,47.65,46.65,46.9,129,606
20251125,47.15,48.2,47.15,47.6,139,663
20251126,48.8,49.15,48.4,48.6,147,714
20251127,49.05,49.7,48.6,48.7,175,854
20251128,49.2,49.45,48.7,49.25,188,924
20251201,50,52,49,49.15,484,2413
20251202,49.9,49.9,48.25,48.5,278,1358
20251203,49.8,50,49.05,49.3,325,1606
20251204,49.15,50.4,49.15,49.6,267,1328
20251205,49.6,50,49,49.25,292,1444
20251208,49.25,49.75,49,49.65,145,717
20251209,49.95,50.4,49.6,50,289,1447
20251210,50,50.3,49.5,49.75,211,1054
20251211,50,50.5,49.25,49.5,202,1003
20251212,49.65,49.9,48.7,48.7,333,1635
20251215,48.2,49,47.8,48.9,181,880
20251216,48.75,49.3,48.25,49.25,271,1322
20251217,49.25,50.4,49.25,49.3,234,1165
20251218,49.3,49.7,48.75,48.75,227,1114
20251219,48.8,49.3,48.6,48.8,184,899
20251222,48.95,49.9,48.95,49.65,188,931
20251223,50.4,50.4,49.3,49.3,131,649
20251224,49.4,49.95,48.8,48.8,181,886
20251226,48.8,49,47.35,48.95,174,847
20251229,49.1,50.2,48.5,50,293,1450
20251230,49.9,49.9,49,49.2,190,937
20251231,49.7,50.3,49.3,49.3,350,1745
20260102,49.45,50.9,49.45,50.2,439,2208
20260105,50.7,51.1,49,49.5,416,2072
20260106,49.55,49.95,49.25,49.8,222,1102
20260107,49.8,50.7,49.3,50.3,383,1921
20260108,50.5,50.8,49.1,49.2,357,1766
20260109,49.35,49.5,48.1,48.55,246,1200
20260112,48.65,49.45,48.55,48.7,174,848
20260113,48.8,48.9,48,48.1,329,1590
20260114,48.1,51.8,48.1,50.7,1083,5488
20260115,50.7,51,49.5,50,482,2400
20260116,50.3,50.3,49.5,50.1,335,1675
20260119,50.7,52.4,50.6,51.6,878,4540
20260120,50.6,51.4,50.6,51,441,2244
20260121,51,52.1,50.5,51.4,566,2917
20260122,52.8,56.5,52.8,56.5,2568,14029
20260123,57.5,60.7,56.8,59.5,6457,38002
20260126,58.5,58.5,56.3,56.4,1412,8041
20260127,56,56,52.3,52.7,2318,12383
20260128,52.9,53.1,52,52.9,819,4299
20260129,53.4,54.1,52.6,52.8,869,4629
20260130,53.5,53.5,50.5,50.9,639,3268
20260202,50.9,52.4,50,51.1,406,2072
20260203,51.6,52.1,50.9,51.2,247,1271
20260204,51.7,52.8,51.3,52.5,419,2196
20260205,52.5,53,51.8,52.5,319,1669
20260206,52.5,52.5,50.5,50.9,373,1898
20260209,51.6,51.8,50.4,50.6,330,1671
20260210,50.9,51.9,50.9,51.6,356,1838
20260211,51.6,52.6,50.5,52.2,396,2035
20260223,52.6,53.5,52.3,53.3,563,2983
20260224,52.6,54.8,52.6,54.2,836,4508
20260225,54.5,58.8,54.5,56.7,2362,13436
20260226,57,58.4,56.9,58,1560,9013
20260302,55.8,58.5,55.2,58,1122,6452
20260303,58,59.6,57.1,57.2,1180,6852
20260304,57.2,59.3,55.1,57.3,1849,10643
20260305,58.6,59.9,57.6,57.9,1561,9173
20260306,57.4,59.3,56.6,58.9,1246,7230
20260309,55.1,58.2,54.7,57.7,897,5094
20260310,58.5,58.5,56.4,56.5,788,4517
20260311,56.4,59.5,56.4,58.9,1121,6569
20260312,59.8,60.7,58.6,58.8,927,5508
20260313,57.6,59.9,57.6,58.6,807,4762
20260316,59.2,60,57,57.2,1060,6164
20260317,58.1,58.8,57.4,57.8,718,4167
20260318,58.8,63.5,58.8,63.5,3971,24497
20260319,63.6,69.5,62.5,66.1,6811,45157
20260320,67.5,67.5,63.6,64,3218,20993
20260323,62.3,65,60.7,61,1497,9375
20260324,62.9,64,60.8,61.3,925,5752
20260325,63,64.6,61.8,61.8,1128,7097
20260326,62.3,63.9,60.5,60.6,836,5190
20260327,60.1,62.4,59.5,62.2,657,4034
20260330,61.2,61.2,59,60.2,740,4431
20260331,60.2,60.2,57.7,57.9,732,4295
20260401,59.7,60.5,59.3,59.9,405,2435
20260402,60.5,61.4,59.7,60.2,556,3360
20260407,60.7,61.4,58.3,58.5,507,3003
20260408,59.4,60.5,58.9,60.4,585,3505
20260409,60.6,60.6,59.3,59.5,441,2639
20260410,60.5,63.1,58.7,59,1196,7198
20260413,59.2,59.9,58.4,59,558,3295
20260414,59.7,62.8,59.7,61.6,1953,12065
20260415,64.9,65.6,61.6,65,2791,17806
20260416,65.1,66.4,64.1,64.5,1684,10945
20260417,64.5,67.4,64.1,65.5,2010,13274
20260420,66.1,68.6,66,66.8,2247,15088
20260421,68.5,73.4,68.4,70.7,9838,70948
20260422,70,77.7,69.7,77.7,12502,94601
20260423,85,85.4,78.5,85.4,20492,169634
20260424,83.5,89.7,79,81.2,23146,195336
20260427,79.8,80.7,76.1,78.5,6954,54533
20260428,78.6,79,75,75.5,4638,35469
20260429,75,78.5,75,76.6,3189,24543
20260430,76.7,77,74.1,74.2,2338,17653
20260504,74.9,75.5,73.2,74.3,1785,13249
20260505,74.2,75.6,72.6,74,1858,13703
20260506,74.5,76.3,73.1,74.9,2319,17353
20260507,74.6,74.9,73.1,73.3,1835,13540
20260508,73.1,74.1,71.4,72.9,2151,15645
20260511,72.1,72.4,70.5,72.4,1655,11873
20260512,73,74.4,71.2,71.5,1335,9681
20260513,71.5,71.5,70,70,1083,7621
20260514,71,71.9,68.6,68.7,1521,10625
20260515,70,75.5,69.6,73,4505,33512
20260518,73.2,78.2,72,77.8,4738,36019
20260519,76.3,77.4,72.9,73.4,2290,17132
20260520,73.6,74.5,72.5,72.5,1019,7458
20260521,73,73.9,72.2,72.8,1044,7613
20260522,73.7,77.5,73.1,77,2172,16480
20260525,79.3,79.6,76.2,76.4,3526,27264
20260526,76.5,78.4,73.8,78.4,2160,16430
20260527,78.5,78.8,75.2,75.6,2512,19317
20260528,75.7,77.1,71.9,72.5,1541,11381
20260529,73.5,73.9,72.8,73.4,762,5592
20260601,80.7,80.7,80.7,80.7,1669,13469
20260602,88.7,88.7,87.8,88.7,6321,56062
20260603,93.1,94.3,85.6,85.8,11483,101351
20260604,85.8,85.8,81.5,81.5,3144,26084
20260605,80.6,81.4,77.6,78.6,2177,17238
20260608,70.9,80,70.9,77.3,2357,17598
20260609,77.8,78.8,76,77.1,1577,12212
20260610,77.2,78.4,73.7,73.7,1494,11291
20260611,72.9,74.9,71.5,73.4,1081,7906
20260612,75.4,76.2,74.1,74.1,651,4886
20260615,75.2,76,74.8,75.6,729,5509
20260616,76,76.6,73.5,73.8,811,6045
20260617,73.7,75.5,73,74,603,4456
20260618,74.2,75.9,73.9,75.2,723,5410
20260622,76.8,78.2,75.4,75.8,993,7550
20260623,76.6,77.5,74.3,74.8,1076,8136
20260624,74.7,74.8,73.3,74.8,641,4747
20260625,73.5,75.8,72.9,73.3,666,4908
20260626,73,73,69,69,948,6720
20260629,70.3,70.5,67.6,68.4,724,5007
20260630,69.1,71.2,69.1,71,457,3220
20260701,71.3,73.1,71.3,72.1,673,4849
20260702,72,72.5,71.4,71.8,336,2413
20260703,71.5,72.5,71.2,72.4,354,2552
20260706,73.3,74,71.3,72.3,567,4139
20260707,72.7,72.7,67.7,67.7,834,5784
20260708,68,69,66.4,67.3,440,2946
20260709,69,73.5,68.5,69.5,1007,7146
20260713,70.9,70.9,67.7,68.2,620,4272
20260714,68.5,68.5,63.5,65.6,884,5761
20260715,65.9,68,65.6,67.1,413,2758
20260716,68.1,68.9,66.2,68.2,319,2152
20260717,67.7,67.7,63.8,63.8,588,3823
20260720,63.8,64.8,60.6,62.9,426,2660
20260721,66.2,69.1,65.7,69.1,1088,7404
20260722,69.1,71.5,67.4,67.4,1398,9662
20260723,67.9,68.6,66.1,66.4,412,2755
20260724,65.6,67.4,64,64.1,496,3243
20260727,63.2,64.3,62.1,63.6,236,1485
20260728,62.6,62.6,59.2,59.2,816,4914
20260729,59.2,60,54,56.7,1148,6457
20260730,56.3,57.5,54.5,54.8,727,4051
20260731,57.8,58.9,57.6,58,253,1471
20260803,57.3,63.8,57.3,63.8,620,3846
20260804,63.9,64.9,62.8,64.3,526,3375
20260805,65,65.8,63.4,63.6,399,2576
20260806,64.4,66,63.9,65.2,460,2993
20260807,65.4,66.1,63.5,64,331,2135
20260810,64.4,64.6,63.1,63.3,492,3127
20260811,64.3,64.3,62.6,63.1,284,1796
20260812,63.5,64.5,63.1,64.1,328,2094
20260813,64.3,65.3,64,64.6,346,2230
20260814,65.2,65.2,63.4,63.8,216,1378
20260817,63.8,64.5,62.6,63.6,211,1342
20260818,63.5,63.5,61.4,62,233,1449
20260819,60.8,62.3,60.8,61.5,202,1242
20260820,61.6,61.7,60.9,61.6,139,856
20260821,62,62,61,61,137,841
20260824,61.5,61.6,60.4,60.9,146,892
20260825,61.5,61.5,59.2,60.2,186,1115
20260826,61,62.3,60.8,62.3,225,1393
20260827,63,65.1,62.7,63.9,447,2864
20260828,65,65,63.5,64.2,242,1547
20260831,63.7,65.5,63.1,64.1,183,1180
20260901,64.1,68,64,66.8,795,5265
20260902,66.6,67.9,66.2,66.5,408,2734
20260903,66.7,67.2,63.1,63.1,488,3169
20260904,63.8,66,63.6,65.4,376,2445
20260907,66.2,66.5,65.3,66,274,1808
20260908,68.3,71.8,67.4,68.2,2119,14794
20260909,69.2,70.1,67,68.1,963,6583
20260910,67.3,67.7,66.5,67.1,346,2321
20260911,66.3,67.4,65.9,66.5,223,1486
20260914,65.3,67.1,65,65.5,370,2437
20260915,65.1,66,64.5,64.7,177,1151
20260916,64.2,65.5,64.2,65.1,184,1197
20260917,65.4,67.4,64.5,66,831,5504
20260918,66.5,68.1,66,68,521,3522
20260921,68.5,68.7,67.1,67.9,303,2050
20260922,68.2,68.2,66.6,66.8,260,1753
20260923,66.8,67.7,66.8,67,193,1296
