# date,open,high,low,close,lot,wan
20250814,18.95,19.05,18.55,18.8,361,677
20250815,18.8,19.3,18.65,18.85,179,339
20250818,19,19.2,18.65,19.2,374,704
20250819,19.4,21.1,19.4,19.65,1483,3006
20250820,19.6,19.6,18.6,18.6,406,768
20250821,18.7,19.25,18.65,18.65,125,236
20250822,18.6,18.6,18.1,18.25,82,150
20250825,18.45,18.7,18.35,18.6,82,152
20250826,18.6,18.7,18.2,18.5,91,168
20250827,18.6,18.6,18.45,18.6,92,170
20250828,18.5,18.8,18.5,18.65,71,132
20250829,18.65,18.65,18.4,18.6,53,98
20250901,18.6,18.65,18.1,18.3,67,122
20250902,18.1,18.1,17.45,17.9,94,167
20250903,17.95,18.2,17.65,18.15,87,157
20250904,18.3,19.1,18.3,18.55,152,285
20250905,18.65,18.8,18.5,18.55,73,136
20250908,18.15,18.2,17.9,18.05,122,220
20250909,18,18.2,17.8,18,80,144
20250910,17.8,18.05,17.7,18.05,30,54
20250911,18.15,18.15,17.3,17.3,110,193
20250912,17.4,17.75,17.4,17.45,74,130
20250915,17.3,17.55,17.3,17.5,9,16
20250916,17.45,17.5,17.3,17.5,32,56
20250917,17.5,17.95,17.5,17.65,57,101
20250918,17.65,17.9,17.65,17.8,55,98
20250919,17.8,18.15,17.7,17.7,39,70
20250922,17.7,17.9,17.05,17.75,79,138
20250923,17.75,17.75,17.4,17.4,36,63
20250924,17.55,17.65,17.4,17.4,29,51
20250925,17.7,17.7,17.4,17.5,27,47
20250926,17.5,17.5,16.65,16.9,72,122
20250930,16.85,16.95,16.65,16.95,24,40
20251001,17,17,16.55,16.85,114,190
20251002,16.75,16.8,16.7,16.75,67,112
20251003,16.55,16.55,16.3,16.4,89,146
20251007,16.4,16.7,16.3,16.55,34,56
20251008,16.6,16.8,16.55,16.75,21,35
20251009,16.75,16.75,16.55,16.7,36,60
20251013,16.15,16.5,16.1,16.5,24,39
20251014,16.7,16.8,16.2,16.3,55,90
20251015,16.5,16.5,16.3,16.4,9,15
20251016,16.4,16.7,16.4,16.55,76,126
20251017,16.3,16.5,16.3,16.35,21,34
20251020,16.35,16.55,16.3,16.45,30,49
20251021,16.45,16.5,16.3,16.5,40,66
20251022,16.5,16.55,16.5,16.55,14,23
20251023,16.45,16.55,16.45,16.55,15,25
20251027,16.75,16.75,16.3,16.45,33,54
20251028,16.6,16.6,16.2,16.25,36,59
20251029,16.35,16.35,16.15,16.15,30,49
20251030,16.35,16.35,16.15,16.3,28,45
20251031,16.35,16.4,16.1,16.15,113,183
20251103,16,16.15,16,16.05,63,101
20251104,16,16.05,15.45,15.45,121,192
20251105,15.45,15.75,15.3,15.75,35,54
20251106,15.9,16.1,15.65,15.95,63,100
20251107,16.05,16.05,15.75,15.9,42,67
20251110,16.1,17.45,16.1,16.7,813,1390
20251111,16.45,16.8,16.3,16.45,108,178
20251112,16.45,17,16.3,16.9,99,165
20251113,16.6,16.8,16.5,16.7,70,116
20251114,16.6,16.85,16.55,16.7,30,50
20251117,16.8,16.8,16.4,16.5,31,51
20251118,16.15,16.15,15.65,15.8,51,81
20251119,15.7,15.95,15.3,15.5,171,269
20251120,16,16,15.75,15.75,6,9
20251121,15.4,15.7,15.2,15.7,32,49
20251124,15.25,15.5,15.2,15.5,66,101
20251125,15.55,16.05,15.5,15.85,29,46
20251126,15.9,16.2,15.9,16.05,43,69
20251127,16.3,17.35,16.2,16.75,271,453
20251128,16.85,17,16.55,16.95,126,211
20251201,16.9,17,16.75,16.95,66,111
20251202,17,18.6,16.95,18.6,688,1243
20251203,20.45,20.45,20.45,20.45,609,1245
20251204,21.85,22.45,21.5,22.45,1914,4242
20251205,22.6,23.35,20.4,20.8,5240,11460
20251208,21.1,22.25,20.8,21.1,1940,4150
20251209,21,21.5,20.05,21.35,999,2067
20251210,21.8,22.55,20.5,20.6,1299,2788
20251211,20.7,21.45,20.1,20.8,659,1369
20251212,21.45,21.6,20.55,21.15,625,1308
20251215,20.85,21,20.25,20.7,287,592
20251216,20.35,20.75,19.4,19.95,373,747
20251217,20.25,20.25,19.5,19.5,239,474
20251218,20.2,21.45,19.8,21.45,1695,3591
20251219,21.45,21.75,20.35,20.7,2136,4508
20251222,20.7,22.75,20.6,22.75,2788,6154
20251223,23.45,25,22.5,25,5250,12565
20251224,25.65,27.5,25,25.8,6581,17375
20251226,26.3,28.35,26.05,28.35,3914,10765
20251229,29.85,31.15,28.8,31.15,7319,22039
20251230,34.1,34.2,29.35,29.5,12661,39734
20251231,29.5,29.9,28.25,28.7,1374,3972
20260102,29.5,29.5,28.6,28.75,556,1613
20260105,28.5,28.5,27.2,27.5,942,2597
20260106,27.5,27.5,26.5,27.2,601,1616
20260107,26.55,27.5,26.55,27.1,447,1206
20260108,27.1,27.25,26.6,26.6,329,885
20260109,26.8,27.2,26.55,26.65,286,765
20260112,27.2,29.1,26.8,28.75,827,2333
20260113,29.15,30,27.9,29.4,862,2503
20260114,30,30.4,29.1,29.3,1165,3478
20260115,29.3,32.2,28.6,32.2,5766,17989
20260116,32.8,35.4,31.05,31.05,8967,30014
20260119,30.55,31.8,29.6,29.85,2955,9003
20260120,29.6,30.9,29.3,30.3,1639,4922
20260121,29.85,32.8,29.25,29.7,3076,9504
20260122,30.05,30.75,28.8,29.1,1470,4352
20260123,29.3,29.45,28.5,28.6,723,2088
20260126,28.6,29.3,27.8,28.7,697,1977
20260127,29.35,29.35,26.75,27.2,1026,2850
20260128,27.1,27.45,26.7,27.05,672,1819
20260129,27.5,27.5,26,26.4,834,2208
20260130,26.45,26.45,24.05,25.1,889,2219
20260202,25.1,25.1,23.9,24.5,560,1368
20260203,25.1,25.35,24.05,24.55,540,1326
20260204,24.5,24.95,24.2,24.9,292,718
20260205,24.75,25.2,23.8,24.1,360,872
20260206,25.1,25.35,22.5,23.05,1196,2780
20260209,23.55,23.7,23.2,23.35,221,519
20260210,23.35,25.15,23.1,23.65,1185,2873
20260211,23.75,24.7,23.35,24.25,1377,3342
20260223,24.1,24.4,23.7,24.35,469,1134
20260224,24.95,25.4,24.65,24.65,647,1618
20260225,24.7,25,24.05,24.2,301,731
20260226,24.55,26.6,24.55,26.6,1001,2601
20260302,26.6,29.25,25.35,29.25,3471,9622
20260303,31.5,31.8,27.8,28.7,4690,14082
20260304,29.5,31.5,28.35,29,6072,18185
20260305,29.65,31.3,27.5,28,3470,10216
20260306,27.65,28.65,26.5,27.7,894,2458
20260309,26.25,26.25,24.95,25.2,643,1628
20260310,26,27.5,25.35,27.15,691,1818
20260311,27.2,28.5,26.9,27.7,850,2377
20260312,27.7,30.45,26.95,30.45,2446,7261
20260313,30.1,33.2,28.75,32.45,8155,25575
20260316,32.45,32.85,29.65,30,2995,9324
20260317,30.35,31.3,28.8,29.15,1714,5124
20260318,29.45,29.7,28.55,29.2,807,2350
20260319,28.9,29.85,28.25,28.45,761,2202
20260320,28.45,29.6,28.1,28.2,657,1886
20260323,26.8,27.9,26.15,26.8,646,1745
20260324,27.3,27.75,26.1,26.15,453,1210
20260325,27,27.85,26.9,27.55,370,1016
20260326,27.55,27.55,25.7,25.7,603,1601
20260327,24.8,25.6,24.75,25.3,488,1227
20260330,25.05,25.05,23.95,24.45,395,965
20260331,24.7,24.85,23.6,23.7,445,1073
20260401,24.2,25,24.2,24.4,387,952
20260402,24.45,25.1,24.4,24.7,274,679
20260407,24.7,25.2,24.05,24.05,235,576
20260408,24.45,25.85,24.35,25.45,424,1059
20260409,25.4,25.6,24.8,24.9,272,684
20260410,25.25,25.8,24.55,25.7,256,643
20260413,25.6,28.25,25.4,27.6,1346,3657
20260414,27.95,28.65,27,27.05,830,2295
20260415,27.3,28.2,26.5,27.3,566,1550
20260416,27.45,29.45,27.2,28,1678,4768
20260417,28.05,28.75,27.9,28.15,615,1742
20260420,28.7,30.95,28.15,30.95,1843,5585
20260421,33.3,34,29.6,29.6,7507,24430
20260422,29.8,32,29.8,30,1679,5148
20260423,30.45,31,27,28.1,1225,3508
20260424,28.8,29.85,27.1,27.25,734,2066
20260427,27.4,27.6,25,25.95,770,1987
20260428,26.45,27.3,26.05,26.35,487,1295
20260429,26.3,26.95,25.6,26.5,268,707
20260430,26.75,27.2,26.3,26.35,239,637
20260504,26.95,28.1,26.95,28.05,637,1770
20260505,28.05,28.9,27.45,28.85,654,1857
20260506,28.9,31.7,26.75,31.1,3565,10887
20260507,31.2,34.2,30.4,34.2,8179,26664
20260508,36,37.6,33.7,35.4,8940,31931
20260511,35.65,37.5,34.25,35,3939,14100
20260512,35.6,36.2,34,34.7,2398,8390
20260513,34.3,35.3,32.75,34.75,1878,6447
20260514,35.3,35.9,33.1,33.6,1558,5300
20260515,33.7,34.5,32.25,33,1296,4319
20260518,32.7,32.75,30.6,31.35,975,3057
20260519,31.35,34.25,30.5,33.1,3355,10931
20260520,33.1,33.15,31.15,31.75,1088,3474
20260521,32.25,33,32.05,32.15,693,2251
20260522,32.65,34.75,32,34.75,1647,5560
20260525,35.15,35.9,33.4,33.75,1876,6433
20260526,34,36.7,33.05,34.2,3120,10907
20260527,34.45,35.1,32.3,32.5,1684,5603
20260528,32.85,34.4,30.95,31.35,1496,4857
20260529,31.85,33.15,31.35,31.7,929,2984
20260601,31.8,34.85,31.05,34.6,2579,8732
20260602,35.1,35.1,31.45,33.2,2406,7943
20260603,33.15,34.3,32.55,32.55,934,3107
20260604,32.55,32.7,31.1,31.1,709,2252
20260605,31,31,29.5,30.3,660,1997
20260608,27.35,29,27.3,28.5,666,1864
20260609,28.95,29.4,28.35,28.55,547,1578
20260610,28.4,29.25,27.25,27.3,580,1641
20260611,27,27.5,25,26.65,834,2210
20260612,27.6,28.1,27.3,27.5,490,1354
20260615,28.25,28.75,27.8,28.3,381,1077
20260616,28.55,28.7,27.6,27.6,390,1090
20260617,27.4,28.2,27.4,28.2,390,1084
20260618,28.25,28.65,27.7,28,302,848
20260622,28.3,30.5,28.3,29.4,832,2449
20260623,29.65,29.8,28,28.2,615,1758
20260624,28.1,28.4,27.5,27.7,314,872
20260625,28.25,28.25,27.05,27.05,228,624
20260626,27.4,27.4,25.8,26,359,954
20260629,25.9,26.9,25.9,26.25,237,625
20260630,26.65,28.2,26.45,27.25,398,1088
20260701,27.7,28.2,26.9,26.95,254,699
20260702,26.95,27.3,26.6,27.2,182,489
20260703,27.2,27.6,26.85,27.5,92,251
20260706,27.6,28.65,27.25,27.3,360,1002
20260707,27.7,27.8,26.1,26.15,260,700
20260708,26.3,26.35,25.55,25.55,225,580
20260709,26,28.1,25.65,26.45,713,1934
20260713,26.2,26.75,25.25,25.3,306,791
20260714,25.3,25.4,23.3,24.5,325,786
20260715,24.65,25.2,24.4,24.9,114,282
20260716,24.85,24.85,24.05,24.3,130,316
20260717,23.4,23.5,21.9,21.9,436,973
20260720,21.9,22.65,20.3,21.7,306,653
20260721,21.8,23.3,21.8,22.4,264,598
20260722,22.55,23.35,22.4,23,198,454
20260723,23,23.85,22.1,22.45,153,351
20260724,21.8,22.65,21.65,21.8,111,245
20260727,21.5,21.9,21.25,21.4,88,190
20260728,21.35,21.35,20.1,20.2,121,248
20260729,20.2,20.2,18.2,18.95,332,627
20260730,18.9,19.45,18.45,18.6,217,411
20260731,19.15,19.9,19.15,19.8,123,243
20260803,20,20.35,20,20.15,150,303
20260804,19.85,20.45,19.85,20.15,104,210
20260805,20.6,21.35,20.6,21.1,149,313
20260806,20.85,20.95,20.2,20.95,70,144
20260807,20.45,20.55,20.3,20.4,61,124
20260810,20.3,20.95,20.25,20.95,104,216
20260811,21.1,21.1,20.35,20.65,71,147
20260812,20.6,21,20.45,20.7,98,204
20260813,21.2,21.2,20.6,20.6,151,314
20260814,20.8,21,20,20.7,102,210
20260817,20.7,20.95,20.35,20.7,70,144
20260818,20.7,21,20.4,20.55,61,126
20260819,20.4,20.4,20.15,20.15,64,130
20260820,20.8,20.8,20.15,20.45,71,145
20260821,20.9,20.95,20.25,20.3,57,116
20260824,20.25,20.8,20.25,20.45,32,65
20260825,20.45,20.45,20,20.4,48,97
20260826,20.5,22.4,20.5,22.4,697,1533
20260827,22.9,24.6,22.4,24.6,1118,2663
20260828,26.45,27.05,25,25.3,2678,7012
20260831,24.3,24.9,23.3,23.65,630,1512
20260901,24.05,24.65,23.7,23.7,341,822
20260902,23.55,26.05,23.55,26.05,952,2427
20260903,26.25,26.6,24.15,24.15,1262,3204
20260904,24.65,24.65,23.7,24,385,928
20260907,24.1,26.4,23.95,26.4,1391,3608
20260908,26.4,28.85,26.25,28.3,4373,12115
20260909,28.5,29.8,27.85,28.7,3542,10218
20260910,29.15,30.9,29.1,30.45,3674,11128
20260911,29.8,30.3,29,29.85,1573,4660
20260914,29.6,30.95,28,28,1731,5183
20260915,27.45,30.2,27.3,27.75,1543,4400
20260916,28.1,30.5,27.85,30.5,2194,6552
20260917,30.65,31.7,29.25,29.25,2550,7713
20260918,29.35,30,29.1,29.2,872,2563
20260921,29.7,31.5,28.8,30.4,2476,7544
