# date,open,high,low,close,lot,wan
20250814,13.4,14.4,13.4,14.15,1778,2512
20250815,14.15,14.35,13.8,13.95,649,907
20250818,13.9,13.95,13.65,13.65,413,568
20250819,13.75,14.25,13.7,13.75,675,940
20250820,13.9,13.9,13.2,13.35,279,374
20250821,13.4,13.6,13.3,13.4,214,288
20250822,13.4,13.5,13.25,13.35,149,199
20250825,13.55,13.65,13.35,13.4,181,244
20250826,13.4,13.4,12.85,12.9,520,680
20250827,13.15,13.2,12.9,12.95,287,375
20250828,13.1,13.2,12.95,13,150,195
20250829,13.1,13.15,12.95,13,119,155
20250901,13,13,12.7,12.75,210,269
20250902,12.65,12.85,12.6,12.8,95,121
20250903,12.8,13.05,12.8,12.9,132,171
20250904,12.9,13.05,12.9,12.9,214,278
20250905,13.05,13.05,12.9,12.95,77,100
20250908,13,13,12.8,12.85,65,84
20250909,12.95,12.95,12.65,12.65,141,180
20250910,12.65,12.75,12.6,12.65,113,143
20250911,12.65,12.8,12.65,12.65,97,123
20250912,12.75,12.85,12.7,12.75,75,96
20250915,12.7,12.8,12.5,12.55,125,158
20250916,12.65,12.7,12.6,12.65,60,76
20250917,12.8,13.3,12.8,12.95,292,381
20250918,13.1,13.25,12.95,12.95,150,196
20250919,13.1,13.3,12.8,12.85,141,183
20250922,13.05,13.05,12.85,12.85,92,119
20250923,13.05,13.2,12.85,12.95,244,318
20250924,13.15,13.25,13,13.05,156,204
20250925,13.05,13.3,13.05,13.1,89,117
20250926,13.05,13.05,12.7,12.8,113,144
20250930,12.85,13,12.8,12.85,45,58
20251001,12.8,12.9,12.7,12.7,162,207
20251002,12.8,12.85,12.65,12.7,129,164
20251003,12.75,12.75,12.55,12.6,184,233
20251007,12.65,12.75,12.5,12.7,159,201
20251008,12.75,12.8,12.55,12.7,85,108
20251009,12.7,12.85,12.7,12.75,66,84
20251013,12.5,12.5,12.2,12.45,169,209
20251014,12.45,12.6,12.3,12.4,104,130
20251015,12.45,12.45,12.3,12.4,62,77
20251016,12.6,12.6,12.4,12.5,71,89
20251017,12.4,12.45,12.35,12.35,55,68
20251020,12.6,12.6,12.45,12.45,81,101
20251021,12.55,12.8,12.55,12.75,151,191
20251022,12.65,12.75,12.4,12.65,96,121
20251023,12.65,12.7,12.5,12.6,95,119
20251027,12.8,12.8,12.5,12.5,53,67
20251028,12.5,12.5,12.35,12.4,107,133
20251029,12.55,12.6,12.4,12.4,73,91
20251030,12.35,12.45,12.25,12.3,88,108
20251031,12.3,12.35,12.25,12.25,93,114
20251103,12.3,12.3,12.2,12.2,80,98
20251104,12.1,12.1,11.85,11.9,153,183
20251105,11.75,11.95,11.6,11.9,93,109
20251106,12,12,11.8,11.9,30,36
20251107,11.85,13.05,11.6,13.05,1265,1627
20251110,13.4,13.4,12.2,12.6,1019,1301
20251111,12.75,12.85,12.5,12.65,211,267
20251112,12.65,12.9,12.65,12.7,156,198
20251113,12.8,12.9,12.65,12.75,223,285
20251114,12.75,12.75,12.65,12.7,56,71
20251117,12.8,12.9,12.5,12.5,164,206
20251118,12.5,12.5,12.15,12.3,103,127
20251119,12.15,12.25,11.9,12.1,148,179
20251120,12.3,12.3,12.1,12.1,121,147
20251121,11.95,12.05,11.9,11.95,115,138
20251124,12,12.25,12,12.1,85,103
20251125,12.1,12.35,12.1,12.1,48,58
20251126,12.2,12.45,12.2,12.35,103,127
20251127,12.4,12.45,12.3,12.35,94,116
20251128,12.25,12.4,12.25,12.35,58,72
20251201,12.4,12.7,12.4,12.45,99,124
20251202,12.55,12.55,12.45,12.45,66,82
20251203,12.4,12.6,12.35,12.5,86,108
20251204,12.55,12.65,12.4,12.6,27,34
20251205,12.5,12.8,12.5,12.65,75,95
20251208,12.55,12.85,12.55,12.65,53,67
20251209,13.2,13.65,13.15,13.15,1109,1482
20251210,13.3,13.7,13.3,13.35,542,733
20251211,13.8,13.8,13.45,13.45,479,651
20251212,13.65,13.7,13.3,13.35,210,282
20251215,13.3,13.3,12.8,13.25,130,170
20251216,13.2,13.4,13.1,13.2,151,200
20251217,13.4,13.4,13.05,13.05,103,136
20251218,13,13.1,12.95,13,69,90
20251219,13,13,12.8,12.85,121,156
20251222,13,13,12.8,12.8,111,143
20251223,12.85,13.1,12.8,12.8,59,76
20251224,12.95,12.95,12.6,12.65,153,195
20251226,12.7,12.7,12.5,12.65,77,97
20251229,12.5,12.95,12.5,12.7,172,219
20251230,12.55,12.6,12.55,12.6,71,89
20251231,12.6,13.85,12.6,13.85,1261,1723
20260102,14.8,15.2,14.7,15.2,3653,5517
20260105,15.75,16.65,15.4,15.75,7638,12154
20260106,15.5,15.5,14.6,14.9,2205,3280
20260107,15.1,15.3,14.3,14.5,1858,2717
20260108,14.5,14.5,13.95,14.1,953,1349
20260109,15.5,15.5,15.5,15.5,890,1380
20260112,16.25,17,16,16,6296,10346
20260113,16.6,16.6,15.8,16.05,2843,4597
20260114,16.1,16.3,15.9,15.95,1346,2158
20260115,15.85,15.9,15.35,15.55,1234,1917
20260116,15.65,15.75,15.4,15.6,888,1383
20260119,15.45,15.65,15.35,15.5,969,1501
20260120,15.5,16.1,15.4,15.4,1039,1626
20260121,15.35,15.35,14.8,14.8,916,1376
20260122,15.15,15.25,14.7,14.7,641,954
20260123,14.75,14.75,14.4,14.45,469,679
20260126,14.5,14.85,14.4,14.45,635,920
20260127,14.65,15.85,14.65,15.85,2130,3328
20260128,15.75,15.8,15.15,15.5,2091,3220
20260129,15.65,15.65,14.85,15,731,1101
20260130,14.85,14.9,14.35,14.6,546,794
20260202,14.3,14.3,13.8,14.05,570,804
20260203,14.15,14.6,14.15,14.4,359,514
20260204,14.4,14.7,14.3,14.7,286,417
20260205,14.8,14.8,14.05,14.5,584,842
20260206,14.35,14.4,13.8,14,385,543
20260209,14.15,14.45,13.9,14,323,454
20260210,15.2,15.4,14.85,15.2,4717,7178
20260211,15.2,16.3,15.2,16.05,5895,9337
20260223,16.7,16.8,15.9,16.5,2833,4644
20260224,16.5,17.65,16.4,17.55,4182,7217
20260225,18.2,18.35,16.95,17.15,3320,5823
20260226,17.5,17.85,17.05,17.1,2206,3833
20260302,15.85,16.95,15.85,16.6,1370,2278
20260303,16.6,17.1,16.15,16.45,1226,2024
20260304,16.2,16.2,15.45,15.45,1058,1661
20260305,15.85,16.5,15.85,16.3,1197,1935
20260306,16.25,16.55,15.9,16.4,765,1244
20260309,15.15,15.2,14.85,15.1,893,1343
20260310,15.65,15.65,15,15.15,498,758
20260311,15.25,15.8,15.25,15.8,848,1327
20260312,15.85,16,15.5,15.7,630,991
20260313,15.5,15.5,15,15.05,866,1312
20260316,15.1,15.3,14.8,15,794,1196
20260317,15.25,15.9,15.1,15.3,1014,1556
20260318,15.55,15.7,15.2,15.3,697,1072
20260319,15.3,15.55,15.2,15.3,569,874
20260320,15.45,15.5,15.1,15.45,916,1401
20260323,15.05,15.45,14.8,15.2,936,1419
20260324,15.4,15.45,14.9,14.95,659,995
20260325,15.2,15.45,15.15,15.35,467,715
20260326,15.35,16.45,15.35,15.45,1138,1795
20260327,15.3,15.35,15,15.1,519,783
20260330,14.8,14.85,14.2,14.35,1151,1660
20260331,14.35,14.4,13.85,13.9,743,1044
20260401,14.4,14.45,14.25,14.35,383,550
20260402,14.5,14.5,14.1,14.1,225,321
20260407,14.25,14.35,14.15,14.15,155,220
20260408,14.3,14.6,14.3,14.6,271,392
20260409,14.4,14.5,14.1,14.15,387,553
20260410,14.15,14.4,14.05,14.1,317,448
20260413,14.1,14.2,14,14,213,300
20260414,14.25,14.4,14.1,14.2,233,332
20260415,14.3,14.55,14.25,14.35,675,972
20260416,14.35,14.4,14.2,14.2,284,405
20260417,14.3,14.5,14.15,14.15,295,421
20260420,14.15,14.15,13.85,13.9,547,765
20260421,14.05,14.4,13.95,14.4,398,567
20260422,14.55,14.55,14.2,14.2,311,445
20260423,14.25,14.3,13.45,13.8,817,1125
20260424,13.75,13.9,13.55,13.65,249,340
20260427,13.7,13.7,13.2,13.4,388,519
20260428,13.55,13.85,13.4,13.6,212,289
20260429,13.55,13.8,13.45,13.55,124,169
20260430,13.55,13.7,13.3,13.3,270,363
20260504,13.45,13.45,13.25,13.25,148,197
20260505,13.1,13.35,13.1,13.35,241,319
20260506,13.35,13.7,13.3,13.4,337,453
20260507,13.6,13.6,13.35,13.45,193,260
20260508,13.45,14.65,13.4,14.05,1163,1641
20260511,14.35,14.55,14,14.55,859,1223
20260512,15.2,16,14.75,16,6329,9825
20260513,15.95,16.95,15.4,16.85,6313,10233
20260514,16.1,16.2,15.7,15.75,2273,3617
20260515,15.6,15.9,14.9,14.9,1325,2009
20260518,14.9,14.9,14.35,14.6,506,737
20260519,14.7,14.7,14.1,14.25,452,648
20260520,14.3,14.5,14.25,14.35,242,348
20260521,14.45,14.75,14.4,14.65,390,569
20260522,14.65,15.05,14.6,14.95,563,835
20260525,15.2,15.2,14.5,14.65,569,838
20260526,14.65,14.65,14.3,14.4,398,573
20260527,14.45,14.6,14.2,14.25,363,521
20260528,14.35,14.8,14.1,14.1,654,938
20260529,14.25,14.4,14.1,14.25,243,346
20260601,14.15,14.3,14,14.1,601,848
20260602,14.15,14.4,14,14.4,442,625
20260603,14.45,15,14.35,14.85,837,1233
20260604,14.85,15,14.65,14.85,407,601
20260605,14.95,14.95,14.4,14.55,452,658
20260608,13.5,14.25,13.45,14.25,325,450
20260609,14.25,14.45,14.2,14.25,167,239
20260610,14.35,15,14.3,14.6,854,1254
20260611,15.45,15.95,14.6,14.8,1505,2273
20260612,14.9,15.15,14.7,15,743,1108
20260615,15.5,15.5,15.05,15.2,578,879
20260616,15.4,16.15,14.85,15.3,1519,2361
20260617,15.3,16.8,15.2,16.6,7800,12843
20260618,16.4,16.85,16,16.25,2522,4154
20260622,16.35,17.55,15.8,17.25,3356,5665
20260623,16.95,18.35,16.7,17.95,6700,11854
20260624,18.85,19.7,18.8,19.7,5402,10497
20260625,21.65,21.65,19.3,20.9,19335,40447
20260626,20,20.2,19.1,19.1,5924,11614
20260629,19.2,21,19.2,20.65,9414,19524
20260630,21,22.7,20.7,22.7,14577,32372
20260701,23.05,23.85,21,21.25,11151,24670
20260702,20.9,22.4,20.9,21.85,4492,9731
20260703,21.6,21.9,20.3,20.4,3676,7667
20260706,20.65,21.2,20.35,20.6,2420,5019
20260707,20.65,20.8,19,19.15,3069,5998
20260708,19.2,19.5,18.45,19.25,1748,3314
20260709,19.25,20.8,18.8,20.1,2674,5311
20260713,20.8,22.1,19.7,20.15,10779,22931
20260714,20.3,21.85,19.8,21.45,5404,11217
20260715,20.95,23.45,20.7,22.85,9874,22347
20260716,23.05,23.5,20.6,20.75,11570,25498
20260717,20.35,21,19.15,19.55,4692,9305
20260720,19.3,19.85,18.85,18.85,2972,5719
20260721,19,19.8,19,19.05,1239,2395
20260722,19.4,19.6,18.55,18.85,2464,4672
20260723,19.3,19.3,17.3,17.95,2464,4464
20260724,17.85,17.85,17,17.05,1637,2827
20260727,16.9,17,16.45,16.75,950,1583
20260728,16.3,16.3,15.7,15.8,1094,1743
20260729,16.1,16.1,14.25,15,1787,2664
20260730,14.65,15.35,14.65,14.9,1200,1799
20260731,15.6,15.85,15.35,15.7,854,1330
20260803,15.6,16.15,15.45,15.9,594,945
20260804,16.05,16.6,15.9,16.5,967,1579
20260805,16.8,16.9,16.3,16.3,946,1560
20260806,16.4,16.4,15.9,16.1,601,967
20260807,16.25,16.6,15.95,16.05,478,772
20260810,16.2,16.6,16.2,16.25,683,1116
20260811,16,16.5,15.9,15.9,686,1104
20260812,16,17.45,16,17.45,1386,2368
20260813,17.45,17.75,16.95,17.1,2500,4333
20260814,17.45,17.45,16.3,16.3,1061,1753
20260817,16.3,16.4,15.95,16.05,518,831
20260818,16.05,16.2,15.45,15.5,527,827
20260819,15.4,16,15.3,15.7,540,846
20260820,15.9,15.9,15.5,15.6,460,721
20260821,15.75,15.8,15.45,15.7,242,378
20260824,15.65,15.9,15.35,15.35,350,544
20260825,15.35,15.35,15.1,15.35,235,357
20260826,15.4,15.7,15.4,15.55,314,490
20260827,15.6,15.9,15.5,15.5,350,549
20260828,15.8,15.95,15.25,15.55,669,1042
20260831,15.7,15.8,15.4,15.45,441,684
20260901,15.55,15.65,15.35,15.35,384,594
20260902,15.35,15.4,15.2,15.2,312,477
20260903,15.3,15.35,14.8,14.8,643,964
20260904,14.95,15,14.6,14.9,256,380
20260907,15.15,15.15,14.7,14.9,167,248
20260908,14.9,14.9,14.65,14.7,188,277
20260909,14.7,14.8,14.6,14.8,179,263
20260910,14.7,14.8,14.55,14.65,340,498
20260911,14.3,14.55,14.25,14.4,483,696
20260914,14.55,14.55,14.25,14.3,135,194
20260915,14.4,14.45,14,14.05,290,410
20260916,14.35,14.45,14.25,14.45,242,348
20260917,14.65,14.7,14.45,14.6,222,324
20260918,14.65,14.8,14.55,14.8,232,341
