# date,open,high,low,close,lot,wan
20250814,27.6,27.85,27.35,27.7,849,2348
20250815,27.8,28.35,27.65,28.1,1322,3723
20250818,28.25,28.5,27.75,28,1022,2869
20250819,27.8,28.3,27.65,27.75,787,2194
20250820,27.85,27.9,27.1,27.1,927,2538
20250821,27.2,27.75,27.2,27.4,837,2298
20250822,27.35,27.65,27.25,27.35,412,1129
20250825,27.6,28.25,27.6,27.75,1240,3459
20250826,27.85,29.45,27.85,28.75,4830,14011
20250827,28.85,29.15,28.7,28.9,1413,4077
20250828,28.9,29.2,28.3,28.45,1326,3808
20250829,28.7,29.1,28.65,28.8,1127,3251
20250901,28.75,28.75,27.1,27.15,1925,5334
20250902,27.4,27.65,26.65,26.8,998,2692
20250903,26.9,28.95,26.9,28.15,2799,7945
20250904,28.65,29.7,28.35,28.85,3577,10311
20250905,28.95,29.15,28.2,28.55,2315,6606
20250908,28.5,28.75,28.2,28.75,1282,3653
20250909,28.9,29.7,28.7,29.15,4886,14265
20250910,29.1,29.15,28.1,28.5,2409,6846
20250911,28.65,29.35,28,28,3125,8963
20250912,28.2,28.5,27.9,28.15,918,2589
20250915,28.15,28.15,27.6,27.7,933,2593
20250916,27.9,27.9,27.5,27.6,729,2014
20250917,27.6,28.1,27.5,27.6,950,2635
20250918,27.9,28.45,27.75,27.95,1196,3365
20250919,28.3,28.5,27.9,28.15,982,2773
20250922,28.35,29.3,28,29.3,2133,6143
20250923,32.2,32.2,32.2,32.2,4012,12919
20250924,34.4,34.6,32.5,33.3,24101,80950
20250925,33.3,33.3,30.75,31.1,6948,22033
20250926,30.95,30.95,29.4,29.5,4012,11974
20250930,29.5,30,28.85,29.1,3209,9362
20251001,29.3,29.55,28.5,28.85,2664,7717
20251002,28.9,29.25,28.55,28.7,1995,5751
20251003,30,31.3,29.45,30.6,10638,32291
20251007,30.35,30.5,29.7,30.25,4476,13462
20251008,30.05,30.4,29.7,30.3,2041,6131
20251009,30.45,31.7,30.15,31.2,4305,13392
20251013,30,32.35,29.7,32.25,4622,14424
20251014,32.25,35,31.4,31.4,9157,30061
20251015,31.9,33.15,31.1,32.9,4928,15829
20251016,33.2,33.9,32.85,33.75,6591,21994
20251017,32.75,33.65,32.5,32.5,4002,13154
20251020,32.5,32.9,32.2,32.45,2010,6538
20251021,32.95,33.2,32.35,32.75,2168,7113
20251022,32.8,32.9,32.2,32.4,1556,5047
20251023,32.35,32.4,31.95,32,1129,3622
20251027,32.35,32.8,31.75,32.6,2100,6803
20251028,32.8,33.2,32,32.85,5262,17298
20251029,32.5,34.15,32.5,32.95,6910,23071
20251030,33.2,35.95,32.95,34.1,19645,68317
20251031,34.1,34.2,32.5,32.5,7000,23109
20251103,32.35,33.6,32.2,33.4,4493,14870
20251104,33.4,33.4,31.55,31.55,3093,9978
20251105,29.7,30.3,29.1,29.65,5461,16238
20251106,29.55,29.9,29,29.75,2958,8691
20251107,29.6,29.7,29.1,29.35,1777,5216
20251110,29.35,29.45,28.85,29,1261,3661
20251111,29.1,29.75,29.1,29.3,1237,3637
20251112,29.65,30.45,29.6,30.25,1987,5987
20251113,30.45,31.3,30.2,30.6,2019,6197
20251114,30.3,30.95,29.9,30.2,1443,4366
20251117,29.95,30.15,29.2,29.45,1359,4030
20251118,29,29.2,28.3,28.45,1745,4997
20251119,28.45,28.7,27.45,27.75,1518,4230
20251120,28.15,28.65,28.1,28.6,1146,3256
20251121,28.15,28.3,27.55,27.8,938,2614
20251124,27.9,29.15,27.7,29.15,3285,9472
20251125,28.9,29.25,28.25,28.5,2817,8120
20251126,28.7,29.7,28.7,29.05,1905,5546
20251127,29.2,30.4,29.2,30.2,2985,8935
20251128,30.2,30.45,29.65,29.7,1725,5161
20251201,29.65,29.65,29,29.1,1233,3601
20251202,29.15,29.75,29.1,29.7,1073,3168
20251203,30,31.65,29.95,31.35,4843,15056
20251204,31.8,31.85,30.55,30.55,2800,8670
20251205,30.9,31.1,30.45,31,1426,4379
20251208,31.35,33.4,31.1,32.7,8170,26643
20251209,32.5,33.1,32.35,32.55,3312,10830
20251210,33.2,33.3,32,32.15,4180,13620
20251211,32.95,32.95,31.85,32,3025,9770
20251212,32.25,33.2,31.95,32.15,3606,11683
20251215,31.3,33.15,31.3,32.55,2700,8801
20251216,32.45,33.1,31.85,32.3,2529,8208
20251217,32.6,32.85,31.8,31.8,1802,5810
20251218,31.85,31.9,31.05,31.2,1154,3618
20251219,31.45,31.7,30.95,31.05,1209,3768
20251222,31.55,32.2,31.45,32.05,1226,3917
20251223,32.25,32.25,31.3,31.4,1369,4326
20251224,31.7,32.3,31.5,32.1,1693,5419
20251226,32.35,32.75,31.65,32.3,2319,7458
20251229,32.75,32.95,31.6,31.6,1733,5550
20251230,31.6,31.6,31,31.4,1029,3216
20251231,31.45,31.95,31.05,31.35,1682,5278
20260102,31.15,31.7,31.15,31.65,1438,4522
20260105,31.4,31.65,30.85,31.05,2170,6771
20260106,33.2,33.85,32,32.45,7897,26050
20260107,32.6,33.1,32.15,32.3,2659,8653
20260108,32.3,32.95,31.75,31.75,2724,8806
20260109,31.8,32.15,31.1,31.65,1417,4479
20260112,32,33.35,32,33,5322,17532
20260113,33.45,34.6,33,33.35,8636,29020
20260114,34,35.3,33.8,34.8,10417,36168
20260115,35.3,35.3,33.6,34.2,5059,17273
20260116,34.6,34.6,33.45,33.5,3157,10645
20260119,33.5,35,33.4,34.85,5439,18797
20260120,34.8,34.8,34.2,34.45,2333,8037
20260121,34.15,34.95,33.85,34.4,3032,10461
20260122,35,35.75,33.95,34.05,4211,14693
20260123,34.45,35.3,34.05,34.95,3706,12879
20260126,35.7,36.35,34.55,34.6,5459,19324
20260127,35.2,35.8,34.85,35.1,4315,15198
20260128,35.7,36.15,35,35.05,2928,10384
20260129,35.25,35.3,33.85,34,3071,10534
20260130,34.4,34.4,32.25,33,2290,7574
20260202,32.5,34.05,32.5,33.65,3063,10241
20260203,34.25,35.95,34.2,34.7,6482,22734
20260204,33.75,34,32.2,32.45,7377,24114
20260205,32.25,32.25,31.1,31.1,3879,12238
20260206,31.1,31.1,29.9,30.3,2272,6881
20260209,31.1,31.55,30,30.05,2258,6872
20260210,30.3,30.45,29.9,30.15,1281,3861
20260211,30.45,30.45,29.9,30.15,1379,4150
20260223,30.5,32.4,30.35,32.3,3621,11494
20260224,32.35,33.35,32.3,33,3157,10407
20260225,33.1,33.25,31.9,32.4,2053,6639
20260226,32.45,32.5,31.25,31.25,5963,18806
20260302,30,34.35,30,34.35,10157,33636
20260303,35.5,37.2,34.7,35.45,18152,64823
20260304,34.2,34.35,31.95,32.2,5535,18089
20260305,34.35,35.4,34.15,35.4,10961,38548
20260306,35.7,36.05,34.4,34.9,11098,39058
20260309,32,33.25,31.65,33.25,7345,23768
20260310,34,36,33.75,36,9445,33275
20260311,36.1,36.65,35.45,35.55,23239,83750
20260312,35.35,37.3,35.2,35.9,11375,41327
20260313,35.3,36.6,34.7,36.15,6216,22322
20260316,36.35,36.9,34.9,35.15,6939,24748
20260317,35.75,37.6,35.55,36.45,12411,45713
20260318,37.5,37.85,35.6,35.95,6996,25385
20260319,35.8,37.85,35.55,36.65,10941,40467
20260320,36.65,37.35,35.95,36.15,4816,17552
20260323,35.3,35.6,34.2,34.2,3294,11470
20260324,35.25,35.5,33.3,33.75,2369,8080
20260325,34.5,36.75,34.2,36.45,4756,17099
20260326,36.85,38.25,36.25,36.25,13417,50035
20260327,35.65,37.45,35.65,37.1,7011,25833
20260330,36.1,36.75,35.55,36.25,3277,11830
20260331,36.25,36.75,34.85,35.05,3727,13238
20260401,36,37.65,36,36.7,8179,30263
20260402,37,37.6,35.55,35.55,4585,16687
20260407,37.5,38.5,37,37.35,13230,50185
20260408,38.5,41.05,38.35,41.05,19189,76999
20260409,43.8,43.95,40.3,41.3,31808,132398
20260410,41.5,41.75,38.85,39.1,11752,46638
20260413,38.95,39.75,38.25,39.1,7486,29141
20260414,39.2,39.65,38.15,38.2,6283,24174
20260415,38.5,39.15,38,38.9,5279,20406
20260416,39.15,41.25,39.1,41,14333,57951
20260417,41,42,40.25,41.55,8904,36774
20260420,41.75,41.8,39.5,40.85,7776,31418
20260421,41,41.45,39.8,40.6,6066,24492
20260422,40.55,40.55,39.8,40,3710,14868
20260423,40.55,40.7,36.05,36.8,8500,32082
20260424,36.8,36.95,34.5,34.9,7594,26782
20260427,35.5,35.65,33.45,35.3,4166,14429
20260428,35.3,35.3,34.25,34.9,1955,6800
20260429,34.8,34.85,33.9,34,2376,8143
20260430,34.4,34.45,33.55,33.6,2359,7999
20260504,34.35,34.75,33.6,33.7,2729,9279
20260505,34,34.75,33.55,34.75,2162,7391
20260506,34,34,31.5,31.75,10915,35325
20260507,31.95,32.7,31.7,32.6,3573,11588
20260508,32.6,33.2,31.7,31.9,3659,11852
20260511,31.9,32.35,31.75,32.2,2053,6586
20260512,32.35,32.65,31.8,32.2,2178,7030
20260513,32,32,31.35,31.65,2560,8090
20260514,32.15,32.7,31.5,31.6,3104,9954
20260515,31.8,32.1,30.85,31,2286,7170
20260518,30.8,31.9,30.5,31.75,2145,6731
20260519,31.6,32.6,31.35,31.45,2661,8509
20260520,31.6,32.45,31.3,32.25,2301,7386
20260521,32.5,32.9,32.3,32.7,3234,10553
20260522,33,34.3,32.95,34.15,5385,18162
20260525,35.3,36.15,35.05,35.8,7178,25555
20260526,36.2,36.2,34.7,35.4,4641,16314
20260527,36,36.7,34.75,35.5,5337,19040
20260528,35.7,38.05,35.7,36.1,9716,35977
20260529,37,39.4,36.45,38.6,10992,41941
20260601,39.1,39.65,38.1,38.8,7955,30894
20260602,38.85,40.3,38.45,40.2,9177,36200
20260603,40.25,40.7,39.15,40.55,7968,31981
20260604,40.7,40.75,38.9,39,6236,24623
20260605,39,39.5,37.35,37.5,4672,17760
20260608,33.75,34.75,33.75,34.45,4316,14748
20260609,34.75,35.05,33.55,34.7,3975,13644
20260610,34.05,35.25,33.25,33.3,3775,12911
20260611,33.7,34.25,32.6,34.15,2818,9452
20260612,35.1,35.55,33.85,33.9,2983,10316
20260615,35.3,36.3,35,35,5293,18829
20260616,35.5,35.6,34.2,34.35,2357,8167
20260617,34.1,35.8,34,35.4,2804,9883
20260618,35.4,35.7,34.7,34.95,4012,14066
20260622,35.5,36.3,34.85,35.8,4216,15070
20260623,36,36,33.95,34.2,4087,14172
20260624,33.8,34.85,33.8,34.5,2702,9286
20260625,34.9,34.9,33.5,33.65,2686,9112
20260626,33.65,33.65,31.5,31.5,4566,14764
20260629,31.9,33.4,31.55,32.7,2381,7793
20260630,33.2,34.5,32.95,34.05,2282,7748
20260701,34.6,34.8,33.15,33.2,2099,7056
20260702,33.4,34.2,32.8,34.05,1434,4805
20260703,34.2,36.45,34.15,36,6377,22580
20260706,36.05,36.3,35.3,35.4,3800,13613
20260707,35.65,35.9,33.7,34.05,2602,8952
20260708,34.2,34.55,33.2,34.25,1857,6297
20260709,34.7,35.6,33.75,33.75,2150,7442
20260713,34.2,34.8,33.25,33.65,1622,5507
20260714,34.15,34.15,31.7,32.2,2435,7911
20260715,32.55,33.15,32.35,32.9,1541,5050
20260716,32.4,33,31.95,32.2,1394,4530
20260717,31.8,31.8,29.7,29.8,3844,11703
20260720,30.2,30.5,28.3,29.2,2226,6534
20260721,29.5,30.5,29.35,30.35,1530,4603
20260722,30.65,31.1,30.5,30.8,1418,4368
20260723,31.05,31.25,30.15,30.6,1153,3524
20260724,30.15,30.85,29.7,29.8,1362,4086
20260727,29.8,30.45,29.5,30.3,2398,7192
20260728,29.6,29.6,28.35,28.35,2192,6313
20260729,28.5,28.75,25.55,27.05,3833,10167
20260730,27.1,27.35,25.9,25.9,1993,5267
20260731,27.85,27.95,27.05,27.45,1187,3262
20260803,27.45,29.8,27.05,29.05,2164,6244
20260804,28.8,29.35,28.55,29.25,1245,3620
20260805,29.45,30,28.8,28.9,2188,6428
20260806,28.8,28.9,27.8,28.55,1581,4472
20260807,28.7,28.85,27.9,27.95,1430,4035
20260810,28.25,28.9,28.25,28.5,1150,3285
20260811,28.65,28.65,27.75,28.25,1088,3056
20260812,28.45,28.9,28.25,28.4,1386,3963
20260813,28.9,29,28.3,28.3,1164,3329
20260814,28.3,28.3,27.65,27.8,1741,4858
20260817,27.85,28.1,27.6,28,851,2374
20260818,27.9,28.05,26.8,26.9,1870,5075
20260819,26.6,27.35,26.3,27.15,1134,3064
20260820,27.35,27.65,27,27.3,1015,2769
20260821,27.3,27.75,27.1,27.55,643,1761
20260824,27.55,27.8,27.1,27.15,755,2068
20260825,27.4,27.4,26.85,27.25,658,1782
20260826,27.3,27.9,27.3,27.75,758,2098
20260827,27.95,28.8,27.85,27.85,1976,5592
20260828,28.05,28.55,28,28.15,993,2809
20260831,28.15,28.5,27.8,28.5,6685,19002
20260901,28.5,28.85,28.3,28.35,1835,5240
20260902,28.85,30.55,28.7,30.05,8377,24791
20260903,30,30.45,29,29,7242,21553
20260904,29.4,30.1,28.9,30,2949,8737
20260907,31.05,31.2,29.7,29.85,3627,10925
20260908,30.2,30.55,29.75,29.9,3061,9203
20260909,30.1,31,30.1,30.4,3006,9158
20260910,30.1,31.2,30.1,30.65,2863,8814
20260911,30.25,31.15,30.25,30.75,2235,6892
20260914,30.3,30.65,29.7,29.95,2564,7727
20260915,29.95,30,29.5,29.55,1117,3316
20260916,29.5,30.35,29.5,30.2,1395,4201
20260917,30.5,30.7,30,30.35,2339,7099
20260918,30.7,30.7,30,30.15,1525,4604
20260921,30.4,33.15,30.25,33.15,10726,34740
20260922,33.55,33.7,31.9,32.95,13199,43181
20260923,33,33,31,31,5531,17541
20260924,31,31.65,30.9,31.6,1565,4917
