# date,open,high,low,close,lot,wan
20250814,30.95,31.4,30.4,30.4,132,406
20250815,30.6,30.6,30.2,30.25,75,228
20250818,31.75,33.25,31.5,33.25,350,1157
20250819,36.55,36.55,35.15,35.5,2675,9692
20250820,35.45,35.45,32.65,32.8,703,2361
20250821,33.1,34.6,33.1,33.95,356,1209
20250822,34.4,34.4,33,33,164,548
20250825,33.8,34.5,33.35,33.8,246,836
20250826,33.9,34.8,33.9,34.2,175,601
20250827,34.6,34.8,34.05,34.35,194,667
20250828,34.1,35.3,33.95,35.05,376,1308
20250829,36.4,36.5,34.8,34.9,745,2654
20250901,34.8,34.8,33,33.2,236,791
20250902,33.25,33.7,32.6,33.15,130,431
20250903,33.3,35.7,33.3,35.7,491,1713
20250904,36.3,37.4,35.05,35.05,820,2978
20250905,35.15,35.5,34.35,35,251,876
20250908,35.3,35.3,34.55,34.75,109,378
20250909,34.8,35.1,34.7,34.75,98,342
20250910,34.95,35.2,34.5,35,167,583
20250911,35.1,36,34,34.85,200,700
20250912,34.75,35,34.3,34.4,142,491
20250915,34.75,34.75,33.8,34.2,114,389
20250916,34.2,34.2,33.6,33.85,76,257
20250917,34.05,34.5,33.75,33.75,93,316
20250918,33.5,33.95,33.45,33.85,152,511
20250919,33.85,34.2,33.65,33.95,84,286
20250922,33.9,34.2,33.65,33.8,55,186
20250923,33.6,33.6,32.7,32.9,117,388
20250924,32.15,33,32.15,32.5,46,150
20250925,33,33,32.6,32.8,22,72
20250926,32.5,32.5,31.6,31.95,65,207
20250930,32.3,32.7,32,32.3,30,97
20251001,32.35,32.35,32.25,32.25,25,81
20251002,32,32.2,31.95,32,37,119
20251003,32,32,31.85,31.85,15,48
20251007,31.85,32.85,31.8,32.15,103,332
20251008,32.3,32.9,32.25,32.5,54,176
20251009,32.6,33.25,32.5,32.55,45,147
20251013,31.35,31.6,30.4,31.6,43,134
20251014,31.8,32.1,30.6,30.6,64,200
20251015,30.9,31.65,30.9,31,41,128
20251016,31,31.9,31,31.45,68,213
20251017,31.1,31.45,30.85,31.1,28,87
20251020,31.15,31.5,31.05,31.5,77,240
20251021,31.6,32.5,31.6,32.05,124,398
20251022,32.05,32.35,31.6,32.05,34,109
20251023,32,32.1,31.7,31.8,34,108
20251027,31.8,31.8,31.6,31.65,64,203
20251028,31.7,31.7,31.2,31.2,35,110
20251029,31.3,31.3,31,31,43,134
20251030,31,31.1,30.8,30.9,45,139
20251031,31.55,31.7,31.1,31.55,58,183
20251103,31,31.75,31,31.15,61,192
20251104,31.1,31.55,30.8,30.8,26,81
20251105,30.6,30.85,30.45,30.5,20,61
20251106,30.55,31,30.4,30.7,34,104
20251107,30.7,30.8,30.45,30.45,23,71
20251110,30.15,32.05,30.15,32,141,445
20251111,32.6,33.3,32.3,32.8,381,1249
20251112,32.6,33.55,32.25,33.45,198,650
20251113,33.35,33.6,32.8,32.8,98,325
20251114,32.7,32.8,32.5,32.5,33,108
20251117,32.6,32.65,31.45,31.7,67,216
20251118,32.2,32.2,31.1,31.1,38,119
20251119,31.1,31.2,30.6,30.7,24,74
20251120,31,31.65,30.95,31.1,9,28
20251121,30.6,30.9,30.6,30.7,22,68
20251124,33.75,33.75,33.75,33.75,216,729
20251125,37.1,37.1,35.1,35.3,3448,12577
20251126,36.2,37.5,35.1,36.3,1605,5852
20251127,36.5,37.2,35.35,35.4,1064,3852
20251128,36,36.25,35.1,35.7,333,1189
20251201,36.2,39.25,35.3,38.85,1779,6802
20251202,38.7,39.25,37.35,38,1326,5053
20251203,38,39.65,37.6,38.45,901,3486
20251204,39.15,40.5,38.75,39,1849,7312
20251205,38.9,40.15,38,38,1113,4350
20251208,38.2,39,37.5,38,422,1613
20251209,38.1,38.9,38.1,38.9,285,1101
20251210,38.55,40,38.1,39.6,817,3229
20251211,40.55,40.6,39,39.45,1175,4686
20251212,39.5,42.2,39.5,40.85,1894,7796
20251215,40,40.55,39.1,39.35,627,2489
20251216,39.7,39.7,38,38,674,2593
20251217,38.2,38.7,38.15,38.45,182,700
20251218,38.15,38.7,38.15,38.7,174,669
20251219,38.8,39.9,38.8,39,186,732
20251222,39.55,39.9,38.95,39,186,731
20251223,38.85,39.6,38.7,38.8,157,612
20251224,39.2,39.65,38.5,38.55,225,878
20251226,38.55,38.75,38.25,38.45,119,457
20251229,38.4,39.3,38.4,38.4,148,574
20251230,38.2,38.25,37.05,37.05,352,1320
20251231,37.35,37.85,36.5,37.55,312,1159
20260102,37.5,38,37.5,37.5,97,366
20260105,37.55,37.55,36.35,36.45,204,749
20260106,36.1,37.2,36.1,36.4,144,525
20260107,36.2,37,36.2,36.7,104,380
20260108,36.35,37.55,36.35,37.05,143,528
20260109,37.05,37.8,36.3,37.35,158,586
20260112,37.75,38.45,37.65,37.8,177,673
20260113,37.75,37.75,36.5,37.1,207,768
20260114,37.1,37.95,37.1,37.55,72,271
20260115,37.55,37.95,37.15,37.25,79,296
20260116,37.25,37.8,37.1,37.35,108,405
20260119,37.35,37.8,37.3,37.3,112,420
20260120,37.05,37.6,36.95,37.05,121,450
20260121,37.05,38.1,36.75,37,193,725
20260122,37.95,38.1,37.2,37.2,207,778
20260123,37.9,38.4,37.45,37.75,208,787
20260126,37.85,39.5,37.85,38.7,592,2294
20260127,39.15,39.2,38,38.15,187,719
20260128,38.45,38.7,37.6,37.85,163,619
20260129,37.95,37.95,36.85,36.85,151,561
20260130,36.8,36.8,35.5,35.85,166,598
20260202,35.7,35.8,34.6,34.7,169,591
20260203,35.7,35.7,34.6,35.4,85,299
20260204,35.4,36.1,35.4,36.1,73,260
20260205,35.5,35.95,35.35,35.5,33,118
20260206,35.5,35.5,34.1,34.65,86,299
20260209,34.85,35.65,34.85,35.3,68,241
20260210,34.95,35.3,34.8,35,36,126
20260211,34.6,35,34.05,34.05,143,494
20260223,33.6,35.15,33.6,34.55,142,489
20260224,34.55,35.1,34.35,34.65,112,391
20260225,35.25,37.7,34.1,36.45,502,1821
20260226,37.65,38,36.55,36.85,410,1520
20260302,35.55,36.7,35.5,35.9,115,413
20260303,36,37.1,35.3,35.5,243,878
20260304,35.5,35.5,32.6,32.95,366,1234
20260305,33.3,34.55,33.3,34.25,113,386
20260306,33.4,34.3,33.4,34.05,39,133
20260309,33.15,33.2,32,32.4,95,308
20260310,32.9,33.4,32.7,32.85,70,232
20260311,33,33.75,32.7,33.2,223,738
20260312,32.7,33.1,32.5,32.55,95,310
20260313,32.5,33,32.1,32.55,91,297
20260316,32.45,32.85,32.2,32.6,107,348
20260317,32.6,33.35,32.55,32.95,123,405
20260318,33.05,33.45,32,32.5,431,1397
20260319,33,33.5,31.4,31.7,577,1872
20260320,32.15,32.4,29.15,30.35,1235,3746
20260323,29.6,30.8,29.5,30.1,166,500
20260324,30.65,30.8,29.9,30.55,87,264
20260325,30.7,31.3,30.7,31,104,322
20260326,31.2,31.3,30.4,30.4,111,341
20260327,30.25,30.7,30.25,30.65,24,73
20260330,30,30.6,30,30.1,62,187
20260331,30.1,30.15,29.5,29.7,56,167
20260401,30.1,30.2,30,30.05,46,138
20260402,30.5,30.5,29.7,29.7,43,128
20260407,30.45,30.45,29.75,29.9,22,66
20260408,29.95,30.75,29.95,30.75,108,329
20260409,30.75,30.75,30.2,30.3,49,149
20260410,31.75,32.45,31.35,31.4,478,1522
20260413,31.4,32.75,31.05,32.2,292,939
20260414,32.75,35,32.55,32.9,909,3049
20260415,33.2,34.2,32.35,32.35,392,1302
20260416,32.5,32.95,32.3,32.7,171,558
20260417,33,33.1,32.25,32.4,188,617
20260420,33,34.5,33,33.6,540,1827
20260421,33.6,35.7,33.15,35.7,933,3252
20260422,36.2,36.5,35.4,35.65,1336,4802
20260423,36,36,32.75,33.4,392,1333
20260424,33.4,34.2,33,33.8,187,629
20260427,34.6,34.6,33.1,33.45,113,380
20260428,33.35,33.7,33.25,33.4,57,191
20260429,33.2,33.7,33.2,33.5,72,241
20260430,34.6,34.6,33.5,33.5,156,526
20260504,33.45,34.1,33.3,33.6,129,435
20260505,33.6,36.9,33.6,36.9,885,3194
20260506,39.6,40.55,38.75,39.8,4550,18239
20260507,39.5,40,38.8,39.1,1088,4271
20260508,40,43,38,42.8,2973,12393
20260511,42.8,43.7,40,40.55,2631,10836
20260512,40.85,40.9,39.1,40.1,1005,3989
20260513,39.4,40,38.85,39,511,2002
20260514,39.6,42.9,39.15,42.9,2357,9910
20260515,44.65,46.4,43.1,44.45,5897,26414
20260518,44.25,45.1,42.75,43.35,1534,6716
20260519,45.1,47.65,43.8,43.8,5860,27194
20260520,44,48.15,44,48.15,9353,44203
20260521,48.4,52.9,47.9,52.9,10888,55531
20260522,52.5,53.4,51.5,52.2,5640,29431
20260525,54.5,57.4,54.3,57.4,3169,17780
20260526,56.9,58.8,54.2,55.9,4711,26439
20260527,56.4,56.4,51,51.7,3391,17844
20260528,51,53.9,49.6,50.2,2106,10835
20260529,50.9,54.4,49.15,53.9,3077,16073
20260601,53.4,55.4,52.2,54.2,2248,12107
20260602,56.5,58.5,51.7,54.7,3283,18056
20260603,54.7,55.6,52.1,52.2,1655,8886
20260604,51.6,55.5,50,54.8,2135,11267
20260605,55.7,60.2,55.2,60.2,8910,52519
20260608,54.2,55.6,54.2,54.6,6309,34342
20260609,56.2,59.1,55.4,59.1,1856,10782
20260610,64.4,65,64.2,65,3613,23433
20260611,65.1,71.5,62.4,71.5,21788,147824
20260612,72,75.5,69.6,70,18876,135518
20260615,71.4,77,70,73.7,10968,81639
20260616,73.4,81,73.2,81,13229,103941
20260617,83.8,89.1,83.8,89.1,8845,77650
20260618,89,94,88.9,92.3,14045,128799
20260622,90,90,86.6,86.6,3185,27987
20260623,86.6,86.6,81.8,82.1,2054,17014
20260624,82.2,90.3,82.2,90.3,2265,19921
20260625,93.4,95.8,91.7,92.8,1941,18117
20260626,90.1,90.1,83.6,83.6,1780,15175
20260629,79.5,83.5,75.6,76.2,1242,9706
20260630,77.1,80.8,75.7,80,922,7272
20260701,80.1,81,76.2,77.2,872,6824
20260702,75.8,80.7,75.8,80,698,5527
20260703,79,81.1,78,78.8,852,6747
20260706,77.3,80.1,77.3,79,1151,9075
20260707,79.4,79.4,71.1,71.1,1408,10367
20260708,71,72,66.7,69.3,2945,20321
20260709,70.2,75.3,67.6,67.6,4821,34165
20260713,70.4,74.3,70.2,74.3,1832,13521
20260714,73.2,73.8,66.9,67.3,4888,33601
20260715,67.7,67.7,63.4,64.7,2552,16541
20260716,63.8,71.1,63.7,69.7,5906,40821
20260717,68,70.6,66.5,68,5774,39472
20260720,69.8,69.8,63.3,63.7,5608,37633
20260721,65,66.1,63.3,63.7,3294,21259
20260722,65.2,68,63.9,64,1987,13011
20260723,64.9,70.3,64.5,68.7,6218,42164
20260724,66.8,67.5,62.2,64.3,3339,21640
20260727,65,70.7,65,70.7,12333,85717
20260728,67.5,77.7,67,77.2,26591,199633
20260729,77.5,84.9,75,84.8,58554,470561
20260730,84,90.5,76.4,76.4,37237,313250
20260731,81.7,84,78.9,84,16122,133420
20260803,87,92.4,83.3,92.4,32991,291333
20260804,93.5,95.8,85.5,89.6,49089,445243
20260805,90.3,93.8,85,85.4,22356,200209
20260806,84.6,89.4,81.3,88.4,13687,116665
20260807,87,94.3,84.4,84.4,17339,154112
20260810,82.7,84,79,79.5,8144,65871
20260811,79.2,82,77.9,79.3,4922,39442
20260812,79.3,87.2,79.2,87.2,10760,91051
20260813,87.4,88.7,85,85,11425,98676
20260814,86,88.9,80,83.8,10023,84266
20260817,83,91,82.6,87.4,18810,165723
20260818,87.4,90.5,84.6,86.2,12749,111228
20260819,83.6,90.3,82.2,88.5,9559,83491
20260820,93.3,97.3,91.7,97.3,17226,165266
20260821,102,107,95.5,107,48653,486372
20260824,113.5,117,109,112.5,27905,314338
20260825,111,119,108.5,114,26865,304009
20260826,113.5,125,113,125,11877,143587
20260827,133.5,137.5,127,137.5,32034,427873
20260828,138.5,140.5,129.5,130,27256,366216
20260831,127.5,137.5,127.5,136,4530,60750
20260901,137,139,130,133,3180,43114
20260902,133,140,130,139.5,3875,53277
20260903,142,144,130,130,3173,43342
20260904,134,143,129.5,143,4705,65322
20260907,140,141.5,129,131,13589,183540
20260908,130,134,123.5,132,12595,164341
20260909,132.5,144,129,143.5,21508,298837
20260910,141.5,157,137,151,27586,403513
20260911,149.5,166,147,166,22967,362909
20260914,167,173,157.5,160.5,36125,586225
20260915,162,176.5,159,169.5,37659,637405
20260916,170,186,170,186,18981,345754
20260917,198.5,201,188.5,192.5,47398,920870
20260918,185,187,177,185.5,2828,51640
20260921,190,190,175,177.5,1873,34020
20260922,175.5,181.5,172.5,181,2104,37070
