# date,open,high,low,close,lot,wan
20250814,52.6,53.3,52.5,53.3,268,1417
20250815,53.8,58.6,52.8,56.9,723,4083
20250818,57.2,59.3,56.5,58.7,746,4337
20250819,58.7,59.4,58,58.9,337,1971
20250820,58.3,58.6,55.3,55.5,509,2871
20250821,56.8,59.1,56,58.7,717,4142
20250822,58.8,58.8,55.7,55.8,360,2049
20250825,56.8,57.5,56.5,56.7,256,1457
20250826,56.7,57.6,56.2,56.8,175,993
20250827,57.5,59.5,57,58.8,600,3503
20250828,59.7,61.9,58.4,61.9,806,4841
20250829,68,68,68,68,524,3563
20250901,71.8,74.3,67.1,69.6,2755,19504
20250902,69.5,69.5,62.7,63.1,1469,9575
20250903,62.8,63.3,61.8,62.2,623,3889
20250904,63.2,63.2,60.3,60.5,570,3519
20250905,61.3,61.3,59.7,60.7,277,1676
20250908,62.3,62.3,60,60.5,265,1608
20250909,61.7,61.8,60.6,61.6,234,1430
20250910,62.1,66.6,61.8,65.6,1109,7218
20250911,65.6,65.6,60.4,61.3,959,5963
20250912,61.5,62.5,61.3,62.1,215,1330
20250915,62,62,60.3,60.8,191,1165
20250916,60.9,61.6,60.5,61,150,914
20250917,61,61.9,60.7,61.4,234,1436
20250918,61.2,62.2,61.2,61.8,267,1650
20250919,61.9,61.9,60.6,60.7,208,1269
20250922,61,61.5,60.3,60.7,198,1204
20250923,61.1,61.1,59.5,59.8,203,1218
20250924,59.8,60.9,59.5,59.8,138,828
20250925,60.5,60.8,58.4,58.4,203,1210
20250926,58.1,58.3,56.5,57.2,253,1447
20250930,57.4,57.7,56.9,57.5,171,979
20251001,57.6,58.1,57.4,57.7,80,461
20251002,57.7,58.6,57.6,57.6,104,602
20251003,57.9,58.4,57.6,57.8,145,842
20251007,59.5,63.5,58,63.4,791,4912
20251008,64.4,67.1,63.9,65.1,1203,7870
20251009,66.1,67.8,64.1,64.2,678,4424
20251013,62.2,63,61.6,62.2,285,1777
20251014,63.9,63.9,58.6,58.6,396,2394
20251015,59.2,60.2,58.7,59.4,407,2417
20251016,60,60,58.5,59.1,171,1012
20251017,58.6,59.1,57.5,57.5,189,1101
20251020,57.6,58.7,57.1,58.3,269,1558
20251021,58.5,60.1,58.5,59,316,1874
20251022,59,59.1,58.1,58.5,281,1646
20251023,58.8,58.8,57.6,57.7,200,1160
20251027,58.6,58.6,57.7,57.8,94,545
20251028,58,58,57.2,57.4,109,628
20251029,58.2,58.2,57.1,57.1,105,603
20251030,57.9,57.9,55.4,56.1,248,1397
20251031,54.8,56.5,54.8,55.7,63,351
20251103,56,57,56,56.3,144,811
20251104,56.4,56.4,54.5,54.5,166,915
20251105,54,54.5,53.2,53.9,133,715
20251106,53.9,54.4,53.8,54,77,416
20251107,54,54,52,53.6,238,1261
20251110,54,55.1,53,53.8,123,664
20251111,53.8,54.9,53.7,53.7,200,1085
20251112,54.1,54.4,53.8,54.2,85,460
20251113,54.5,55,54.1,54.5,132,719
20251114,53.8,54.5,52.4,52.5,131,696
20251117,53.1,53.5,51.5,51.5,110,571
20251118,50.9,51.8,50.4,50.4,126,643
20251119,50.8,51.7,50.7,50.8,123,629
20251120,51.8,52.5,50.5,51.1,108,552
20251121,49.8,50.6,49.55,49.85,68,340
20251124,50.6,50.7,49.85,50,46,231
20251125,50.4,51.8,50.4,51.8,333,1701
20251126,52.6,53.5,52,53.3,343,1809
20251127,53.6,54.1,52.6,52.6,254,1352
20251128,52.9,53.3,51.7,53.1,166,870
20251201,53.5,53.6,51.9,52,78,409
20251202,52.1,53,52.1,52.1,54,283
20251203,52.8,54.3,52.2,52.9,154,816
20251204,53.6,53.7,52.6,52.7,62,328
20251205,52.5,53,51.5,51.7,91,473
20251208,51.7,52.9,51.5,52.9,111,579
20251209,53,53.3,52.4,53.2,62,328
20251210,53.6,54.8,52.7,52.7,141,756
20251211,52.9,53.4,51,52.3,163,844
20251212,52.6,53,52.1,52.4,98,513
20251215,50.9,55.2,50.9,54.1,276,1487
20251216,54.3,54.7,53.3,54.1,220,1190
20251217,54.9,56.9,54.3,55.6,912,5066
20251218,55.6,56.5,54.7,54.8,538,2988
20251219,55,55.6,54.6,54.6,160,881
20251222,55,55.2,53.6,54,145,785
20251223,54.4,59.4,54.3,59.4,1232,7107
20251224,61.7,64,60.3,61.6,2832,17501
20251226,62.4,67.7,62.1,67.7,2950,19566
20251229,70.9,74.4,70.9,73.1,3798,27905
20251230,70.7,74.5,70.6,73.5,1675,12142
20251231,75,78,74,74.5,2401,18180
20260102,73.8,74.5,73,74.4,488,3604
20260105,76.1,76.1,71,71.3,410,2970
20260106,71.1,71.1,70.2,70.8,246,1735
20260107,71,72.5,71,72.5,235,1687
20260108,72.9,74,72.9,73.5,244,1792
20260109,74,74.9,73.4,73.9,120,889
20260112,73.9,74.8,73.6,74.3,149,1108
20260113,74.3,75,72.9,74.8,247,1829
20260114,75.8,78.1,75.1,78.1,472,3625
20260115,78.5,81.5,78.5,79.8,499,3983
20260116,79.3,82.3,74.3,76.2,995,7744
20260119,74.7,76.2,73.7,75.5,463,3473
20260120,74.3,77.6,74.1,74.3,519,3920
20260121,72.1,73.7,70.7,73.7,740,5339
20260122,75.8,75.8,73.2,73.4,306,2267
20260123,73.9,73.9,71.9,71.9,257,1863
20260126,74.2,74.2,69.6,69.6,569,4017
20260127,70,71,69.6,70,208,1455
20260128,70.4,71.4,69.9,70.3,356,2503
20260129,70,71.1,67.6,67.8,298,2052
20260130,67.4,67.5,66,66.7,244,1627
20260202,66.3,68.5,65.3,66.7,204,1356
20260203,67.4,67.4,65.8,66.6,202,1342
20260204,66.3,68.5,66.3,68.2,237,1600
20260205,67.5,70,66.9,67,236,1605
20260206,66.4,66.4,63.7,63.8,192,1242
20260209,64.8,65.1,62.9,62.9,170,1079
20260210,64.9,64.9,62.9,64,117,746
20260211,61.9,62.9,61.8,62.3,134,835
20260223,62.8,65.7,62.8,64.8,206,1334
20260224,64.9,65.3,64.1,65,151,977
20260225,65,70.5,64.1,69.9,1182,8142
20260226,68.9,68.9,66.8,68.2,489,3321
20260302,65.1,69,65.1,67.3,199,1347
20260303,67.4,68.5,64.5,64.5,302,1998
20260304,63.7,64.1,60,60,276,1706
20260305,63.2,63.8,61,61.4,205,1272
20260306,60.4,61.8,60.4,61.6,82,503
20260309,60,60,56.7,57.5,163,939
20260310,59.2,60.1,58.8,59.6,130,773
20260311,60.9,61.7,60.2,61.7,121,738
20260312,62.7,62.7,60.1,60.3,79,479
20260313,61,61,59.8,60.4,58,351
20260316,60.6,61.8,60.2,61.2,93,567
20260317,61.3,63,61.3,62.1,138,860
20260318,62.3,66,62.3,66,201,1291
20260319,66,66,63.9,64.1,214,1382
20260320,65.5,65.5,62.9,63.4,103,658
20260323,60,61.5,60,60.6,69,418
20260324,62,62.5,59.9,60,135,820
20260325,60.6,61.8,60.6,60.7,89,545
20260326,61.2,61.9,60.2,61.1,75,457
20260327,59.3,60.2,59.1,59.6,83,494
20260330,59.5,65.5,58.5,63,441,2769
20260331,63,66,60.1,60.4,346,2184
20260401,62.6,63.3,60.9,62,135,837
20260402,62.1,64.5,61.2,63.8,207,1292
20260407,64.2,68.2,63.3,65.4,357,2352
20260408,67,70.4,65.5,69.6,541,3723
20260409,69.7,72.4,69.5,71.7,798,5660
20260410,71.9,72.3,70.8,71.6,513,3672
20260413,71.1,72.4,68.1,69.8,604,4221
20260414,70.8,75.2,70.8,72.6,1090,7920
20260415,74.9,79.8,73.3,78.7,1782,13878
20260416,79.7,81.6,76.3,80,1195,9470
20260417,81,84.3,78.6,83,1438,11644
20260420,85,91.3,85,91.3,753,6790
20260421,95,100,94.7,100,2458,24196
20260422,100,104,96.1,96.5,2587,25705
20260423,97,102.5,91,94.5,2189,21093
20260424,96,97.9,91,91,1331,12496
20260427,90.9,90.9,83,85.3,986,8443
20260428,85.3,86,84,84.2,312,2639
20260429,84,87.7,83.1,85.4,473,4057
20260430,84.5,86.5,84.5,85.3,174,1489
20260504,88,88.7,85.4,85.7,311,2684
20260505,86,94.2,86,94.2,656,6046
20260506,97,98.1,92.1,93.2,1272,12058
20260507,95.3,95.6,90.3,90.4,551,5070
20260508,89,94.4,86.7,89,527,4712
20260511,90.6,90.6,88.1,89.2,234,2089
20260512,92,94.6,89.1,94.5,755,7015
20260513,94.4,96.1,90,93.7,627,5829
20260514,95,98,94.3,95.5,695,6677
20260515,95.9,97,91,92.5,500,4664
20260518,92.6,99.5,89.5,96.6,919,8874
20260519,96.6,99,90,90.8,753,7148
20260520,90.8,92.6,87,89.5,871,7813
20260521,92.1,95.7,92.1,95.1,550,5200
20260522,95.1,97.8,95.1,97,538,5192
20260525,99.9,106.5,99.9,106,1954,20579
20260526,107.5,109.5,104,107,1353,14495
20260527,111,117.5,107.5,117.5,2559,29242
20260528,118,124,114,115.5,3834,45400
20260529,114,117.5,104,105,3440,37012
20260601,107,110.5,102,104.5,1531,16197
20260602,103.5,106,100,105,887,9133
20260603,104.5,107,101,101,846,8703
20260604,101,105.5,95,104,1804,18272
20260605,104,106,99.9,103,1501,15452
20260608,92.7,103,92.7,99.8,1042,10056
20260609,102.5,104,99.2,99.8,733,7374
20260610,97.6,105,92.1,92.1,1447,14171
20260611,90,93,86.8,89.8,653,5851
20260612,93,93,89.4,92.9,494,4525
20260615,94,94.6,91,91.2,433,3995
20260616,92.7,92.7,88.1,88.6,430,3846
20260617,88.6,94,88.1,91.8,306,2786
20260618,93,99,91.3,97.9,734,7087
20260622,99.8,100,95.6,95.6,680,6617
20260623,95.6,95.6,91.8,91.8,311,2901
20260624,91.8,93.8,90.3,93.4,413,3806
20260625,93.8,94.8,91.9,93.4,397,3695
20260626,93.4,93.4,88,88.9,372,3339
20260629,91.8,91.9,89.1,89.1,233,2101
20260630,89.3,91.2,89.3,90.9,162,1465
20260701,90.8,91.2,86.8,87.8,304,2696
20260702,87,89.2,86.1,87.8,238,2096
20260703,88.6,89.9,87.5,89.2,132,1171
20260706,89.2,93,88,89.1,434,3931
20260707,90.6,90.6,84.4,84.6,385,3333
20260708,85.3,85.5,82.3,83.6,165,1378
20260709,82,86.4,82,83.6,210,1773
20260713,85.3,86.9,84.2,85.3,193,1655
20260714,84.9,84.9,79.9,81.7,250,2033
20260715,82.2,84.9,81.2,83.2,194,1614
20260716,82.6,84,81.6,82.7,90,745
20260717,80,81.2,77.3,78,320,2529
20260720,78.3,78.6,74.2,75.1,155,1169
20260721,76.8,77,75.8,76.7,93,711
20260722,76.7,78.9,76.7,77.3,99,769
20260723,76,76.1,74.4,74.5,142,1062
20260724,74.5,74.8,72,72,101,737
20260727,71.5,72.5,70.4,71.4,85,607
20260728,70,70.2,66.1,66.6,309,2110
20260729,65.1,66.7,61.3,63.7,323,2044
20260730,62.9,64.8,60,61.5,208,1296
20260731,63.2,65.8,63,64.4,232,1481
20260803,63.3,67.2,63.3,66,139,918
20260804,65.8,67.6,65.8,67.6,88,591
20260805,69.8,69.8,68.2,68.6,110,758
20260806,67.6,68.8,67,68.7,45,306
20260807,69.8,75.5,68.5,75.3,555,4105
20260810,75.3,76.3,72.9,74,439,3259
20260811,74,78.2,73.2,76.3,500,3786
20260812,76.4,79.9,76.4,77.9,302,2353
20260813,79.9,79.9,78.4,78.7,262,2069
20260814,79.4,79.4,75.6,76.5,192,1477
20260817,77,79.9,75.9,78.8,260,2026
20260818,78.2,78.2,75.4,75.4,207,1587
20260819,75,77.9,73.8,76.2,237,1809
20260820,77,79.8,76.1,79.8,275,2150
20260821,80,81,78.1,79.8,219,1736
20260824,80.2,87.7,80,87.7,1045,8885
20260825,84,96,84,86.6,3580,32514
20260826,86.4,89.9,86.4,89.7,669,5913
20260827,90.9,90.9,84.3,84.8,647,5618
20260828,85.8,85.9,83,83,417,3500
20260831,83,83.8,81.8,83.6,190,1573
20260901,82.9,85.6,81.7,81.7,368,3050
20260902,81.3,83.8,81.3,83.7,279,2306
20260903,84.1,84.7,81,81,288,2401
20260904,85,87,81.7,83.7,615,5191
20260907,84.2,84.7,81.7,82.1,255,2102
20260908,82.1,84.4,80.5,83.1,201,1655
20260909,82.6,83.5,81,82.3,225,1841
20260910,82.3,82.3,81.1,81.4,108,879
20260911,79.7,80.3,78.6,78.7,152,1205
20260914,77.5,79.1,77.5,77.8,144,1128
20260915,77.7,78.4,77,77.2,70,543
20260916,77.8,79.9,77.3,79.3,155,1220
20260917,79.6,86.7,79.6,85.4,604,5022
20260918,85.1,85.1,81.8,82.2,362,2991
20260921,83.6,84.5,81.5,83.2,170,1417
20260922,83.4,83.4,79.2,79.7,340,2757
20260923,80.5,81.4,79.7,80.2,111,893
