# date,open,high,low,close,lot,wan
20250814,65,65,61.6,62.5,2358,14806
20250815,62.8,63.6,62.5,63,862,5430
20250818,63.6,67.5,63.3,66.9,3191,21068
20250819,67.1,68.4,64.8,66.2,2614,17442
20250820,65.7,65.7,61.6,62.6,2408,15181
20250821,64,68.8,63,68.8,4629,31235
20250822,70.6,74.9,68.2,69,9129,65566
20250825,73.3,75.9,72.5,75.9,4112,30933
20250826,76.4,76.9,73.8,74,6170,46395
20250827,72.4,78.3,72.3,76.6,6468,48710
20250828,76.9,82,76.7,79,6564,51707
20250829,80,80.6,77.4,77.5,3951,31087
20250901,77.5,79.5,75.5,77,2890,22444
20250902,78,82,77.2,77.6,5435,43278
20250903,77.6,84,77.6,82.1,7349,59684
20250904,82.8,82.9,76.5,78.8,5001,39673
20250905,79,84,79,82.4,7298,59717
20250908,78.4,78.6,74.2,74.2,4664,34869
20250909,72.3,72.3,66.9,67,6150,41941
20250910,67.6,69.4,67.3,67.5,2599,17730
20250911,68,68.1,63.4,65.4,1893,12490
20250912,66.2,66.5,65,65.3,633,4154
20250915,65.3,67.2,65,65.5,893,5883
20250916,65.8,67.2,65.2,66.3,499,3290
20250917,66.1,66.9,65,65.1,549,3605
20250918,65.9,65.9,63.6,64,854,5485
20250919,64.1,69,63.6,69,892,5866
20250922,68,71.2,66.7,69,2389,16510
20250923,69,69,67,67.1,780,5288
20250924,67.5,69.4,66.7,67.8,778,5291
20250925,68,68.4,67.2,67.6,449,3048
20250926,68.2,68.2,64.6,65.6,811,5315
20250930,66.2,69,65.2,68.7,1046,7090
20251001,68.7,70.1,67.3,67.9,1560,10733
20251002,68.7,71.1,67.6,70,4401,30790
20251003,70.9,72.1,69.5,69.7,3930,27795
20251007,68.9,68.9,63.4,64.5,4054,26456
20251008,64.6,65.3,64.2,64.2,733,4740
20251009,64.7,64.7,61.5,62.1,1114,6981
20251013,58.5,61.5,58.2,61,616,3704
20251014,61.3,61.7,57.7,58.2,894,5317
20251015,58.6,58.6,57.4,58,500,2893
20251016,58,59.2,58,58.6,453,2656
20251017,58.9,59.2,57.7,58,400,2332
20251020,58,59,57.3,58.7,449,2612
20251021,59.2,62.4,59.2,61.9,1004,6156
20251022,61.1,62.9,61.1,62,656,4092
20251023,61.8,61.9,60.3,60.6,283,1725
20251027,61.7,61.9,60.5,61.9,352,2150
20251028,61.9,62,60.6,60.7,309,1887
20251029,61.6,62.6,60,60.4,742,4516
20251030,60.8,64,58.6,58.6,1405,8636
20251031,59.1,59.7,58.3,58.7,505,2973
20251103,58.7,61,58.3,58.4,628,3736
20251104,58.8,58.9,57.3,57.4,443,2565
20251105,55.9,56.8,54.9,56,458,2558
20251106,56.5,57,55.8,56,344,1935
20251107,55.8,55.8,53.7,54.5,436,2374
20251110,54.6,57,54.1,56.4,466,2590
20251111,56.6,58,55.1,55.2,667,3762
20251112,55.4,56.9,53.7,54.8,431,2391
20251113,55.6,55.6,53.9,54.6,628,3410
20251114,53.6,56.4,53.5,54.9,503,2785
20251117,55,55.3,53.5,53.5,299,1625
20251118,53.5,53.5,50.9,51,494,2566
20251119,51.5,51.7,50.1,50.2,315,1596
20251120,51.6,51.8,50.7,51.3,267,1367
20251121,50.3,50.8,49.1,49.6,281,1401
20251124,50.5,50.5,49.9,50.4,133,670
20251125,50.8,52.5,50.6,52.2,302,1572
20251126,52.2,53.4,51.2,51.3,353,1850
20251127,51.5,52,51.1,51.6,174,895
20251128,51.8,52.8,51.6,51.6,270,1402
20251201,52.1,52.1,51,51.4,178,916
20251202,51.5,51.6,51.1,51.5,111,572
20251203,51.8,53,51.8,51.9,285,1493
20251204,52.5,53.9,52.2,52.3,392,2071
20251205,52.4,52.7,50.6,51.2,254,1302
20251208,50,50,48.05,48.9,978,4791
20251209,49.2,49.8,48.7,49.1,317,1559
20251210,49.6,49.6,48,48.05,308,1497
20251211,48.15,48.6,47.4,48.2,378,1810
20251212,48.85,49.1,48.05,48.2,169,819
20251215,47.5,48.6,47.5,48.3,120,581
20251216,48.3,48.3,46.4,47.3,284,1342
20251217,47.9,48.8,47.6,47.7,218,1047
20251218,47.6,47.6,46.55,46.6,205,959
20251219,46.85,47.2,46.65,46.7,160,751
20251222,47.45,48,47.2,47.85,177,845
20251223,49.4,52,48.45,50.2,2089,10516
20251224,50.6,53.7,50.6,53.5,3145,16587
20251226,53,53.9,51.7,52.5,1189,6266
20251229,52.8,52.9,50.6,51.2,751,3856
20251230,51.5,52,50.2,51.4,388,1992
20251231,51,56,50.8,53.3,2295,12374
20260102,53.3,53.6,52.5,52.5,688,3633
20260105,52.5,52.5,50,50.2,511,2608
20260106,50.3,50.6,49.2,49.4,444,2203
20260107,49.55,50,49.15,49.3,353,1745
20260108,49.3,49.3,48,48,488,2364
20260109,48.1,48.85,47.3,48,236,1140
20260112,47.9,48.5,47.45,47.55,410,1961
20260113,48,48,46.2,46.5,518,2421
20260114,46.5,47.3,46.5,47.05,324,1529
20260115,46.5,46.95,46.1,46.6,304,1414
20260116,47.2,48.5,46.45,46.45,801,3791
20260119,46.45,47.15,46.2,46.45,427,1989
20260120,46.5,47.2,46.15,46.7,386,1806
20260121,46.45,47.75,46.1,46.15,488,2281
20260122,46.5,47.1,46.2,46.35,280,1299
20260123,46.8,47.4,46.65,47.3,338,1591
20260126,47.3,47.85,46.65,47,300,1405
20260127,47,47.2,46.35,46.45,263,1225
20260128,47.05,47.25,46.65,46.8,224,1051
20260129,47.8,49.6,47.55,48.1,1030,4983
20260130,47.25,47.3,44.1,44.45,765,3483
20260202,43.3,43.7,42.55,42.8,419,1803
20260203,43.65,44.1,42,43,230,988
20260204,43.9,43.9,42.9,43.7,159,693
20260205,43.7,44.6,43.1,43.7,131,575
20260206,43.15,43.15,41.1,42.2,198,832
20260209,43,43,40.9,40.9,697,2884
20260210,41,41.2,40.3,40.65,220,897
20260211,40.5,40.7,40.25,40.35,164,662
20260223,40,41.4,39.7,41.35,331,1351
20260224,41.35,42.8,41.05,41.4,252,1044
20260225,41.1,41.8,40.6,40.9,219,897
20260226,41,42.15,41,41.4,249,1040
20260302,39.65,42.85,39.3,42.05,290,1200
20260303,42.85,44.2,41.7,42,645,2758
20260304,41.95,41.95,39.5,39.6,883,3553
20260305,40.25,42.3,39.7,40.4,199,816
20260306,39.5,40.5,39.5,40,81,325
20260309,38.6,38.6,37,38.25,328,1243
20260310,40.2,41.15,39.15,41,237,958
20260311,41.45,42.5,41.35,42.35,270,1131
20260312,42.25,42.25,41.4,41.55,180,755
20260313,40.95,43,40.7,42.6,306,1287
20260316,43.3,43.3,42,42,172,729
20260317,42.05,42.8,42,42.45,164,694
20260318,43.1,43.45,42.35,42.6,180,772
20260319,42.2,42.4,41.45,41.45,146,610
20260320,41.55,41.8,40.35,40.8,156,642
20260323,39.2,40.2,39.2,39.2,194,773
20260324,40.65,40.65,38.2,39.05,139,543
20260325,39.2,39.5,39,39.35,97,381
20260326,39.35,40.6,39.35,39.5,174,696
20260327,39.1,39.9,38.8,39.9,75,295
20260330,38.85,40.9,38.85,39.75,195,779
20260331,40.05,40.4,37.7,37.7,424,1643
20260401,39,39.5,38.65,38.7,103,400
20260402,38.85,39,37.4,37.4,171,648
20260407,38,38.05,37.45,37.55,128,483
20260408,38.1,39.6,38.1,38.9,183,711
20260409,38.9,39,38,38.1,154,587
20260410,37.55,38.5,37.55,37.6,253,962
20260413,37.6,38.7,37.05,38.6,192,730
20260414,38.6,39.3,38.35,38.9,239,926
20260415,39.45,40,38.85,39.8,343,1354
20260416,40,40,39.4,39.5,169,672
20260417,39.4,39.8,39.2,39.35,162,641
20260420,39.5,40,38.5,38.75,192,752
20260421,38.8,39.55,38.75,39.55,201,790
20260422,39,39.85,38.9,39.85,177,698
20260423,40.05,40.65,37.3,37.95,369,1432
20260424,38.15,39,37.75,37.75,143,546
20260427,37.85,37.85,36.5,36.65,231,851
20260428,37.55,37.55,36.65,37.05,117,433
20260429,37.35,37.8,37.15,37.6,78,292
20260430,38,38,37.15,37.4,115,430
20260504,37.6,39.3,37.4,39.15,396,1523
20260505,39.1,39.1,38.6,39,163,631
20260506,39.05,39.1,38,38.4,211,813
20260507,38.4,39.85,38.4,39.2,232,906
20260508,39.8,39.8,37.7,39.4,227,883
20260511,39.4,39.4,38.35,38.4,290,1121
20260512,38.85,39.05,37.8,38.7,181,698
20260513,38.45,38.45,37.55,37.8,157,594
20260514,37.65,37.9,36.25,36.3,436,1611
20260515,36.4,37.55,36.05,36.25,274,1011
20260518,36.05,36.2,35.5,36.1,183,658
20260519,36.1,36.7,35.15,35.3,185,661
20260520,35.65,36.55,35.65,36.3,150,543
20260521,36.5,38.2,36.3,37.9,296,1106
20260522,38.05,38.5,37.4,38.05,255,968
20260525,38,38.6,37.6,38,332,1264
20260526,38.6,38.75,37.15,37.3,334,1249
20260527,37.3,37.3,36.05,36.05,201,737
20260528,36.25,37.25,35.85,36.65,286,1041
20260529,36.45,37.1,36.35,36.9,181,665
20260601,36.9,39,36.9,38.6,460,1761
20260602,39.35,40.8,39.15,40.4,1095,4375
20260603,41.2,43.7,40.6,42.7,1446,6101
20260604,42.2,42.3,40.4,40.5,410,1689
20260605,40.35,41.9,38.8,41,689,2811
20260608,37.5,39.1,37.2,38.8,293,1116
20260609,38.5,42.65,38.5,42.65,855,3544
20260610,41.9,42.55,39.1,39.1,905,3696
20260611,39.9,39.9,38,38.55,291,1127
20260612,39.75,40.35,38.9,39.35,362,1426
20260615,39.95,40.45,39.55,39.6,281,1120
20260616,40.4,40.65,38.7,39,219,862
20260617,39,41,39,40.15,343,1373
20260618,40.6,40.6,39.75,40.2,259,1041
20260622,39.2,39.7,39.15,39.4,185,730
20260623,39.55,39.55,37.6,38,259,990
20260624,37.9,40.1,37.7,39.4,318,1248
20260625,39.4,39.55,38.1,38.35,256,986
20260626,38,38.05,36.2,36.6,271,1002
20260629,36.65,37.25,36.05,36.05,209,761
20260630,36.3,37.4,36.2,36.95,132,488
20260701,37.2,37.3,36.15,36.25,128,469
20260702,36.2,36.85,35.6,36.7,78,284
20260703,37.2,37.9,37.05,37.8,146,549
20260706,38.05,38.8,37.4,37.5,118,447
20260707,38.35,38.35,36.2,36.2,195,718
20260708,36.6,36.6,35.6,36.3,132,476
20260709,36.5,38.1,36.35,37.05,294,1097
20260713,37.9,37.9,35.5,35.75,253,918
20260714,36.05,36.05,32.2,32.55,876,2889
20260715,33.35,33.5,32.6,33,249,823
20260716,33.45,33.45,32.25,32.5,114,374
20260717,32,32,30.15,30.25,540,1658
20260720,30.25,30.9,28.55,30.3,443,1313
20260721,30.85,30.85,30.1,30.1,143,435
20260722,30.25,30.7,30.2,30.2,185,561
20260723,30.2,30.65,30,30.05,112,340
20260724,30.1,30.4,29.25,29.45,192,568
20260727,29.45,29.75,28.85,29.45,161,471
20260728,29.4,29.4,27.55,27.8,306,862
20260729,27.45,28.05,25.15,26.7,605,1589
20260730,25.7,26.55,25.6,25.75,312,811
20260731,26.95,27.05,26.6,27.05,158,423
20260803,26.75,27.3,26.7,26.8,189,511
20260804,26.8,27.55,26.8,27.4,131,356
20260805,27.8,28.05,27.65,27.65,133,371
20260806,27.9,28.45,27.3,28.35,123,343
20260807,28.85,28.95,27.9,28.25,153,435
20260810,28.05,28.2,27.1,27.4,238,654
20260811,27.4,27.55,27.1,27.15,74,201
20260812,27.15,27.85,27.15,27.6,103,285
20260813,27.55,27.85,27.5,27.85,57,158
20260814,27.6,27.6,27,27.1,98,268
20260817,26.9,27.3,26.8,27.1,40,108
20260818,27.05,27.3,26.45,26.55,70,188
20260819,26.45,27.1,26.45,26.9,72,192
20260820,26.9,27.45,26.8,27.3,56,152
20260821,27.55,27.55,27.2,27.45,23,63
20260824,27.4,28,27.4,27.45,82,227
20260825,27.05,27.15,26.8,26.95,47,127
20260826,26.85,27.65,26.85,27.45,49,136
20260827,27.85,27.95,27.6,27.6,81,225
20260828,27.85,28.8,27.8,28.7,159,449
20260831,28.75,30.75,28.55,30.15,556,1652
20260901,30.4,31.1,29.6,29.7,230,687
20260902,30.3,30.4,29.7,29.75,138,412
20260903,29.95,30.35,28.25,28.25,133,388
20260904,28.5,29.2,28.25,28.95,97,278
20260907,30.1,30.1,28.6,28.85,57,165
20260908,28.85,28.85,28.1,28.1,49,138
20260909,28,28.1,27.3,27.5,86,238
20260910,27.5,27.5,27.05,27.05,79,215
20260911,27,27.55,26.8,26.85,108,292
20260914,27,27.75,26.85,27.35,85,232
20260915,27.35,27.35,26.65,26.8,99,267
20260916,27,28,26.9,27.4,97,263
20260917,27.95,28.2,27.2,27.45,132,363
20260918,27.5,30,27.5,28.45,225,644
20260921,29.15,29.4,28.1,29,159,459
20260922,29,29,27.8,27.8,100,284
