# date,open,high,low,close,lot,wan
20250814,21.9,22.75,21.3,22.4,3422,7535
20250815,22.4,22.75,21.1,21.6,1704,3732
20250818,21.7,23.75,21.7,23.75,2866,6707
20250819,24.45,25.35,23.45,23.45,4405,10759
20250820,22.95,23.4,22.1,22.1,1482,3353
20250821,22.55,24.3,22.3,23,2673,6352
20250822,23.1,23.75,22.85,22.9,862,1996
20250825,23.45,23.85,22.1,22.55,1705,3886
20250826,22.6,23.05,22.3,22.55,585,1331
20250827,23.05,24.75,22.85,24,2044,4920
20250828,23.95,24.2,23.35,23.65,733,1734
20250829,24.35,24.45,23.35,23.35,527,1245
20250901,23.45,23.85,22.25,22.3,747,1690
20250902,22.3,22.75,21.8,22,695,1543
20250903,22.15,23.9,22,23,754,1744
20250904,23.4,24,23.2,23.4,708,1672
20250905,23.9,24.3,23.6,23.8,710,1702
20250908,24.25,24.75,23.9,24.2,720,1756
20250909,24.3,24.3,23.05,23.4,602,1411
20250910,23.35,23.65,22.35,22.8,734,1684
20250911,23.45,23.45,21.85,22,618,1382
20250912,22.25,22.95,22.25,22.55,411,927
20250915,22.7,23.45,22.7,22.9,615,1419
20250916,23.2,23.75,22.65,22.65,550,1274
20250917,22.75,24.65,22.75,23.75,1168,2798
20250918,24.35,25.2,23.9,25,2491,6153
20250919,25.45,26.3,23.6,23.6,2633,6510
20250922,23.6,23.6,22.6,22.8,775,1771
20250923,23.2,23.2,22.35,22.95,411,936
20250924,22.95,23.35,22.65,22.85,222,509
20250925,23.05,23.3,22.55,22.65,285,653
20250926,22.65,22.65,21.9,21.95,403,891
20250930,22.55,22.6,22.05,22.15,286,638
20251001,22.25,22.25,20.8,20.8,1882,3985
20251002,21.35,21.85,20.75,20.75,797,1693
20251003,21,21.05,20.7,20.95,207,431
20251007,20.95,21.2,20.55,21,316,663
20251008,20.65,21.3,20.65,21.05,185,388
20251009,21.4,21.7,21.05,21.1,297,631
20251013,20.7,21,20,21,276,568
20251014,21.1,21.4,20.35,20.45,416,866
20251015,20.45,20.7,20.3,20.5,342,700
20251016,20.5,20.9,20.35,20.7,130,268
20251017,20.85,20.85,20.6,20.8,152,316
20251020,20.7,21.35,20.6,20.7,170,354
20251021,20.85,22.25,20.85,22.25,1146,2495
20251022,22.3,22.75,21.9,22.65,615,1377
20251023,22.65,22.9,22.15,22.15,263,591
20251027,22.25,22.4,21.6,21.6,281,614
20251028,21.75,21.75,21,21.2,163,345
20251029,21.2,21.8,21.2,21.5,154,331
20251030,21.4,22,21,21.5,291,620
20251031,22,22,20.9,21.05,336,708
20251103,21.15,21.2,20.7,20.7,149,310
20251104,20.7,20.7,20.05,20.15,220,447
20251105,20.15,20.15,19.5,19.9,412,814
20251106,19.95,20.1,19.7,20,267,530
20251107,20,20.25,19.75,20,139,278
20251110,19.85,20.25,19.75,19.75,409,811
20251111,19.85,20.2,19.75,19.75,199,398
20251112,19.85,20.6,19.85,20.5,322,654
20251113,20.5,20.9,20.05,20.2,426,866
20251114,20.2,20.7,20,20.65,200,410
20251117,21.15,21.15,19.7,19.75,272,543
20251118,19.55,19.95,19.3,19.75,276,538
20251119,19.85,19.85,19.3,19.7,148,289
20251120,19.85,20.05,19.75,19.8,110,219
20251121,19.8,19.8,19.25,19.3,150,293
20251124,19.65,19.8,19.35,19.8,87,171
20251125,19.8,20.45,19.55,19.6,102,202
20251126,19.8,20.35,19.8,20.05,168,337
20251127,20,20.6,19.8,20.4,188,379
20251128,20.4,21,20.15,20.7,233,481
20251201,20.75,21.45,20.75,20.75,181,380
20251202,20.85,21,20.5,21,152,315
20251203,20.7,21.6,20.7,21.35,341,727
20251204,21.45,21.5,21,21.15,115,245
20251205,21,21.4,20.7,20.7,89,186
20251208,21.05,21.4,20.8,21.1,187,394
20251209,21.1,21.5,20.9,21.5,179,382
20251210,21.35,22,21.05,21.05,300,645
20251211,21.4,21.5,20.9,20.95,109,230
20251212,20.6,21.1,20.6,20.95,47,99
20251215,20.95,21.2,20.9,20.9,105,221
20251216,21,21,20,20.3,267,546
20251217,20.15,20.65,20.1,20.2,142,288
20251218,20.25,20.45,20.05,20.2,54,108
20251219,20.35,20.45,20.05,20.35,81,165
20251222,20.5,21.15,20.15,21.1,264,551
20251223,21.1,21.4,20.85,20.85,134,284
20251224,21.15,21.15,20.7,20.75,91,189
20251226,21.4,21.4,20.9,21.05,71,150
20251229,21.1,22,21.1,21.8,443,963
20251230,21.85,21.9,21.45,21.6,156,339
20251231,21.6,21.65,21.05,21.25,144,306
20260102,21.25,21.7,21.1,21.55,211,451
20260105,21.75,21.9,21.05,21.5,370,793
20260106,21.7,22.45,21.65,21.7,290,637
20260107,22,22.05,21.75,21.9,289,633
20260108,21.85,21.95,21.5,21.55,227,492
20260109,21.6,21.7,21.4,21.7,179,387
20260112,21.55,21.75,21.45,21.5,307,663
20260113,21.55,21.55,21.25,21.35,207,443
20260114,21.5,21.65,21.3,21.5,255,549
20260115,21.5,21.55,21.25,21.5,184,394
20260116,21.5,21.75,21.35,21.65,333,718
20260119,21.8,21.85,21.35,21.45,341,734
20260120,21.15,21.55,21.15,21.35,249,532
20260121,21.35,23.45,21.35,23.45,1252,2845
20260122,24.95,24.95,22.15,22.15,2557,5955
20260123,22.4,23.55,22.4,22.9,830,1913
20260126,22.95,23.2,22.5,23,470,1072
20260127,22.9,22.9,22.25,22.4,380,856
20260128,22.5,22.55,22.25,22.35,234,525
20260129,22.35,22.35,21.5,21.5,328,713
20260130,21.45,21.45,20.95,21.05,375,791
20260202,21.15,21.25,20.55,20.7,281,584
20260203,21,21.15,20.6,20.9,115,240
20260204,20.7,21.45,20.7,21.4,134,284
20260205,21.35,21.95,21.3,21.3,96,207
20260206,21.25,21.25,20.5,20.75,183,383
20260209,20.95,21.7,20.85,20.85,135,288
20260210,21.5,21.5,20.95,21.3,88,188
20260211,21,21.2,20.65,20.8,227,473
20260223,21,21.7,20.9,21.35,376,806
20260224,21.5,21.7,21,21.2,287,610
20260225,21.3,21.5,20.8,20.85,284,598
20260226,21.05,22,20.85,21.15,366,782
20260302,21.15,23,21.1,22.5,597,1317
20260303,22.45,22.55,21.6,21.7,332,732
20260304,21.15,21.2,20.1,20.2,452,924
20260305,20.6,21.15,20.3,21.1,211,438
20260306,20.95,21.1,20.45,20.85,112,234
20260309,20.1,20.25,19,19.75,273,541
20260310,20.2,20.45,20,20.05,187,379
20260311,20.3,20.75,20.3,20.45,209,429
20260312,20.5,20.5,20.15,20.3,150,305
20260313,20.15,20.4,20.15,20.15,130,262
20260316,20.3,21,20,20.2,217,443
20260317,20.8,21.4,20.55,20.85,278,582
20260318,21.35,21.75,20.8,21.75,259,554
20260319,21.75,23.25,21.6,22.55,667,1509
20260320,22.7,23.2,22.1,22.9,695,1578
20260323,22,22.6,21.75,22.2,355,788
20260324,22.35,22.65,21.9,21.9,250,558
20260325,22.3,22.35,22,22.1,155,342
20260326,22.8,22.8,22.05,22.05,221,494
20260327,22,22,21.3,21.7,170,368
20260330,21.7,21.7,20.75,20.95,283,594
20260331,21.95,22.05,19.9,19.95,418,861
20260401,20.65,20.9,20.4,20.6,110,227
20260402,20.95,20.95,20.2,20.45,83,171
20260407,20.4,21,20.25,20.55,128,264
20260408,20.65,21.1,20.65,20.7,167,350
20260409,20.5,20.7,20.05,20.05,318,645
20260410,20.15,21,19.95,20.15,370,750
20260413,20.3,21.95,20.3,21.55,386,813
20260414,21.55,22.5,21.55,22.15,567,1246
20260415,22.5,24,22.5,23.85,1447,3385
20260416,24.25,26.2,24.15,26.2,4188,10866
20260417,26,27.5,25.8,27.05,4221,11306
20260420,28,29.75,28,29.75,1536,4536
20260421,32.65,32.7,30.75,31,6710,21251
20260422,30.75,33.75,30,32.7,4163,13432
20260423,32.4,32.4,29.45,30.6,2014,6094
20260424,31,31.7,30.15,30.3,792,2455
20260427,30.6,30.6,28.75,29.3,828,2432
20260428,30,31.6,29.9,31.6,754,2336
20260429,32,33.2,32,32.8,1090,3577
20260430,33.4,33.4,32.8,32.8,905,3000
20260504,34,34.5,33.85,34.3,1352,4607
20260505,34.8,36.55,34.8,36.55,1439,5135
20260506,38.5,40,37,38.9,2498,9778
20260507,40,40,37.7,37.85,1590,6134
20260508,38,39.3,35,36,3209,11790
20260511,35.8,39,34.1,37,2205,8096
20260512,37.35,39.25,36.8,37.6,2761,10551
20260513,37.6,38.4,36.3,36.45,1644,6105
20260514,36.8,38.5,35.85,36.3,1460,5349
20260515,37,37.55,32.8,33,2946,10119
20260518,33,33.2,31.8,32.7,1588,5163
20260519,32.7,32.8,31.7,31.9,982,3160
20260520,31.8,32.7,31.25,32.2,1127,3638
20260521,33.25,33.6,32.1,33.55,1030,3407
20260522,34.15,35.75,33.8,35.65,1418,5006
20260525,36.2,38.95,36.2,37.45,2600,9823
20260526,37.5,37.5,35.2,36,1460,5279
20260527,36.65,37.45,35.2,35.8,1242,4495
20260528,35.25,37.1,34.35,34.55,1863,6652
20260529,35.5,35.5,33.2,33.35,1567,5299
20260601,33.45,34.05,31.15,31.9,3706,11894
20260602,32.05,33.8,31.5,33.75,1867,6064
20260603,34,34.7,33,33.45,1167,3918
20260604,33.2,33.45,32,32.05,880,2863
20260605,31.9,32.15,31,31.85,652,2056
20260608,29,31.25,29,30.8,952,2876
20260609,30.65,31.35,30.35,30.35,637,1954
20260610,30.35,30.4,27.5,27.65,1561,4509
20260611,27.55,28,26.2,26.8,1538,4152
20260612,27.9,28.45,27.45,27.6,664,1846
20260615,27.95,28.2,27.65,27.75,512,1426
20260616,28.5,28.5,27.5,27.8,488,1354
20260617,27.6,28.5,27.6,28.3,457,1287
20260618,28.3,28.85,28.05,28.35,472,1339
20260622,29.3,31.15,29,30.9,1649,5043
20260623,30.9,30.9,29.8,29.9,988,2973
20260624,29.5,30.2,29.05,29.75,545,1616
20260625,30.65,31.35,29.65,29.65,807,2450
20260626,29.1,29.55,28.55,28.9,625,1816
20260629,29.1,29.85,28.8,29.2,397,1164
20260630,29.6,29.95,29,29.8,405,1198
20260701,30.2,31.5,30.05,30.4,753,2309
20260702,31,33.4,30.5,33.35,2536,8246
20260703,32.95,36.6,32.5,36.35,4658,16545
20260706,37.3,38,35.6,36.05,3003,11050
20260707,36.55,37.8,34.75,35.3,1801,6498
20260708,35.3,35.7,31.95,32.3,1941,6374
20260709,31.7,31.7,29.5,29.85,1897,5749
20260713,30.2,30.25,29.4,29.65,708,2108
20260714,29.65,29.8,28,29.15,754,2162
20260715,29.3,29.8,29.05,29.2,298,875
20260716,28.85,29.3,28.4,28.4,392,1128
20260717,27.9,27.9,26,26.7,1319,3547
20260720,26.85,27.25,25.4,26.2,781,2040
20260721,26.6,26.8,26.15,26.4,322,849
20260722,27,27.2,26.55,26.9,297,801
20260723,27.35,27.35,26.35,26.4,310,826
20260724,26.8,26.9,26.1,26.45,253,667
20260727,26.45,26.45,25.85,26.3,297,774
20260728,25.8,25.85,24.7,24.7,525,1325
20260729,24.7,24.95,22.35,23.6,978,2267
20260730,23.05,24.2,22.95,23.4,369,868
20260731,24.5,25.45,24.25,25.3,323,804
20260803,24.75,26.6,24.7,25.9,483,1246
20260804,25.65,26.35,25.55,25.8,260,676
20260805,26.2,26.75,25.6,25.65,365,948
20260806,25.6,25.9,24.95,25.6,315,800
20260807,26.05,28.15,25.9,28.15,724,1983
20260810,30.15,30.85,28.15,28.25,1481,4377
20260811,27.8,28.65,27.5,27.9,340,952
20260812,28.1,28.6,28,28.3,219,621
20260813,28.15,28.9,27.9,28.5,325,920
20260814,28.8,28.8,28.25,28.25,438,1243
20260817,28.3,28.85,27.9,28.6,208,593
20260818,28.6,28.6,27.9,28.2,258,724
20260819,28.3,28.45,27.55,27.7,197,549
20260820,27.85,28.75,27.85,28.7,219,623
20260821,28.65,28.65,27.85,27.85,208,583
20260824,27.75,27.95,27.15,27.4,183,504
20260825,27.4,27.4,26.85,27.35,260,704
20260826,27.5,27.8,27.25,27.7,102,281
20260827,27.65,28.1,27.6,27.65,205,571
20260828,27.65,27.9,27.5,27.85,161,445
20260831,27.6,29,27.5,28.55,292,823
20260901,29,31.4,28.8,31.4,2879,8882
20260902,31.3,33.4,30.9,31.9,4156,13375
20260903,33.05,34.75,31.25,31.85,3558,11775
20260904,31.55,32.3,30,30.8,1515,4659
20260907,30.55,30.65,29.75,29.75,759,2286
20260908,29.8,30.35,29.1,29.1,513,1510
20260909,29.1,29.5,29.05,29.25,302,883
20260910,29.15,30.1,29.1,29.5,551,1635
20260911,29.15,30.1,28.9,28.95,584,1712
20260914,28.9,30.15,28.8,30,496,1470
20260915,30,30.55,29.6,29.7,430,1287
20260916,29.9,30.95,29.75,30.3,512,1561
20260917,30.35,31.85,30.35,31.1,750,2335
20260918,31.5,31.5,30.8,30.9,415,1289
20260921,31.1,32.3,30.95,31.65,937,2984
