# date,open,high,low,close,lot,wan
20250814,11.85,12,11.85,12,62,74
20250815,12,12,11.9,12,46,55
20250818,11.9,11.95,11.7,11.85,69,82
20250819,11.85,12,11.8,12,57,68
20250820,11.9,11.9,11.8,11.9,38,45
20250821,11.9,12.25,11.8,12.2,155,186
20250822,12.25,12.25,12,12.05,48,58
20250825,12.2,12.2,11.85,12,111,132
20250826,11.95,11.95,11.7,11.9,85,100
20250827,11.8,11.9,11.7,11.85,92,108
20250828,11.85,12.05,11.8,11.9,118,141
20250829,11.9,11.95,11.85,11.95,35,42
20250901,12,12,11.8,11.85,34,40
20250902,11.85,11.95,11.4,11.7,102,118
20250903,11.8,11.8,11.5,11.65,70,82
20250904,11.65,11.95,11.65,11.9,61,72
20250905,12,12,11.85,12,62,74
20250908,12.05,12.05,12,12.05,30,36
20250909,12,12.05,12,12.05,55,66
20250910,12.05,12.05,12,12,25,30
20250911,12,12.9,11.75,12.05,86,104
20250912,12.05,12.05,11.95,12,75,90
20250915,12.05,12.05,11.9,11.95,28,33
20250916,11.9,11.95,11.85,11.9,15,18
20250917,11.8,12.05,11.8,11.95,34,41
20250918,11.95,12,11.85,11.9,69,82
20250919,11.8,11.95,11.7,11.9,74,87
20250922,11.9,12,11.9,12,55,66
20250923,12,12,11.9,11.95,37,44
20250924,12,12.5,11.95,12.3,128,155
20250925,12.15,12.15,12,12,36,43
20250926,11.95,11.95,11.9,11.95,59,70
20250930,12.05,12.85,11.85,12.85,98,120
20251001,12.7,12.7,12.2,12.2,83,103
20251002,12.2,12.2,12.2,12.2,19,23
20251003,12.2,12.2,11.95,12.1,50,60
20251007,12.15,12.15,11.85,11.9,61,72
20251008,11.85,12.2,11.8,11.85,55,65
20251009,11.9,11.95,11.85,11.9,32,38
20251013,11.9,12,11.85,11.9,81,97
20251014,11.9,11.9,11.75,11.8,77,91
20251015,12.2,12.2,11.75,11.75,84,100
20251016,11.95,11.95,11.8,11.8,24,28
20251017,12,12,11.75,11.8,22,26
20251020,11.8,11.9,11.75,11.75,32,38
20251021,11.95,11.95,11.7,11.7,75,88
20251022,11.7,11.75,11.7,11.75,29,34
20251023,11.6,11.65,11.6,11.65,32,37
20251027,11.8,11.8,11.5,11.65,116,134
20251028,11.6,11.7,11.6,11.7,37,43
20251029,11.6,11.95,11.55,11.6,62,72
20251030,11.7,11.8,11.65,11.7,81,95
20251031,11.6,11.7,11.4,11.7,27,31
20251103,11.6,11.65,11.5,11.5,81,94
20251104,11.5,11.5,11.4,11.4,48,55
20251105,11.3,11.4,11.3,11.35,16,18
20251106,11.35,11.95,11.35,11.95,115,134
20251107,11.9,11.95,11.65,11.65,21,25
20251110,11.65,11.75,11.5,11.55,29,34
20251111,11.6,12.25,11.6,11.9,193,230
20251112,11.85,11.9,11.7,11.9,216,256
20251113,12.4,12.4,11.9,12,83,99
20251114,11.75,12,11.7,11.85,23,27
20251117,11.85,11.95,11.85,11.85,57,68
20251118,11.85,11.9,11.5,11.5,186,217
20251119,11.65,11.7,11.05,11.5,39,45
20251120,11.5,11.6,11.4,11.55,110,127
20251121,11.5,11.8,11.5,11.8,136,159
20251124,12.05,12.95,12.05,12.95,847,1088
20251125,13.6,14.2,13.2,14.1,2006,2782
20251126,14,14,13.05,13.65,902,1226
20251127,13.7,15,13.7,15,1310,1922
20251128,15.3,16.5,14.1,14.2,4421,6807
20251201,14.2,14.9,14.1,14.6,736,1073
20251202,14.65,14.8,14.2,14.2,342,493
20251203,14.25,15.4,14.25,14.95,716,1072
20251204,15.05,15.1,14.4,14.6,251,367
20251205,14.4,14.6,14.3,14.5,153,221
20251208,14.9,14.9,14.25,14.25,207,299
20251209,14.35,14.65,14.25,14.6,194,279
20251210,14.8,15.2,14.6,15.05,365,546
20251211,14.8,15.45,14.8,15.45,275,412
20251212,16.35,16.45,15.6,16.05,681,1089
20251215,16.15,16.15,15.55,15.85,234,371
20251216,15.65,16,15.5,15.5,221,346
20251217,15.5,15.8,15.3,15.4,83,128
20251218,15.4,15.4,14.6,14.6,296,438
20251219,14.65,14.65,14.15,14.15,299,429
20251222,14.6,14.65,14.2,14.3,145,210
20251223,14.6,14.6,14.25,14.25,81,116
20251224,14.25,14.3,14,14.1,253,358
20251226,14.15,14.15,13.55,13.55,289,397
20251229,13.55,13.55,13.15,13.2,261,349
20251230,13.3,14.5,13.25,14.5,330,471
20251231,14.8,15.25,14.05,14.05,784,1144
20260102,13.5,14.2,13.5,14,190,264
20260105,14.1,14.3,13.55,13.75,213,295
20260106,13.8,14.15,13.75,13.95,192,270
20260107,14.15,14.9,14.15,14.6,395,576
20260108,14.65,14.75,14.2,14.25,119,171
20260109,14.35,15,14.25,14.8,178,263
20260112,15.15,15.15,14.35,14.5,187,273
20260113,14.5,14.5,14.3,14.3,80,115
20260114,14.35,14.7,14.3,14.65,94,137
20260115,15,15,14.6,14.8,130,192
20260116,14.8,14.8,14.5,14.5,117,171
20260119,14.3,14.65,14,14.2,199,282
20260120,14.1,14.2,13.95,14,186,261
20260121,13.8,14.35,13.7,13.95,70,97
20260122,14.65,14.65,13.85,14,74,104
20260123,14,14.05,14,14,37,52
20260126,13.95,14.2,13.8,13.85,108,151
20260127,14,15.2,13.85,15.2,372,552
20260128,15.6,15.65,14.7,15.15,492,740
20260129,15.2,15.2,14.85,15,104,156
20260130,14.9,14.9,14.7,14.7,90,133
20260202,14.6,16.15,14.6,16.15,1298,2070
20260203,16.9,17.45,15.2,15.8,2569,4208
20260204,15.95,16.2,15.95,16.2,307,494
20260205,16.15,16.3,15.55,16.15,201,320
20260206,15.9,16.9,15.4,16.45,472,772
20260209,17.3,17.3,16.6,16.8,401,673
20260210,16.35,16.75,15.55,15.65,665,1053
20260211,15.65,15.8,15.35,15.7,162,254
20260223,15.85,15.9,15.6,15.75,96,151
20260224,15.45,15.7,15.25,15.45,279,431
20260225,15.45,15.65,15.35,15.35,160,248
20260226,15.65,15.65,15.2,15.25,171,262
20260302,15,15.1,14.9,15,147,220
20260303,14.7,15.25,14.4,14.75,94,139
20260304,14.5,15.1,14.4,14.8,390,579
20260305,15.05,15.25,14.8,14.8,61,92
20260306,14.8,15,14.7,15,77,115
20260309,14.7,15.4,14.25,14.3,444,666
20260310,14.55,14.55,14.3,14.3,79,114
20260311,14.25,14.65,14,14.15,221,316
20260312,14.25,14.25,14,14.15,88,124
20260313,14.05,14.25,14,14.1,97,137
20260316,14.1,14.1,14,14.1,29,41
20260317,14.25,14.25,13.9,13.9,75,105
20260318,13.9,14.05,13.8,13.85,111,154
20260319,13.75,13.8,13.7,13.7,55,76
20260320,13.7,15.05,13.55,15.05,320,474
20260323,14.95,14.95,13.75,13.75,446,627
20260324,13.9,13.9,13.55,13.75,201,277
20260325,14.35,14.35,13.75,13.75,86,120
20260326,13.75,14,13.75,13.85,72,100
20260327,13.75,13.9,13.65,13.85,14,19
20260330,13.65,13.95,13.2,13.4,284,382
20260331,13.2,13.2,12.95,13,235,306
20260401,13.1,13.3,12.8,13,206,268
20260402,13.15,13.15,12.8,12.8,116,149
20260407,12.9,13.1,12.8,12.85,97,125
20260408,12.85,13.95,12.85,13.45,109,147
20260409,13.55,13.75,13.5,13.75,44,60
20260410,14.3,14.75,13.85,13.85,148,209
20260413,13.85,13.85,13.8,13.8,8,11
20260414,14.3,14.6,13.9,14.4,140,201
20260415,14.4,14.4,13.95,14.1,58,82
20260416,14.05,14.25,13.95,14.2,98,138
20260417,14.2,14.9,14.1,14.55,189,272
20260420,14.55,14.6,14.25,14.5,85,122
20260421,14.5,14.5,14.2,14.35,95,136
20260422,14.6,14.6,14.2,14.3,109,156
20260423,14.3,14.3,14,14.2,120,170
20260424,14.1,14.15,14.05,14.1,50,71
20260427,14.1,14.1,13.7,13.75,190,265
20260428,13.75,14.8,13.7,14.65,271,381
20260429,14.4,14.5,14.15,14.15,30,43
20260430,14.15,14.15,13.9,13.9,44,62
20260504,14,14.25,14,14.15,114,161
20260505,14,14.85,13.7,14.85,95,135
20260506,14.95,15.1,13.85,13.9,286,411
20260507,14,14.05,13.7,13.9,149,206
20260508,13.9,14,13.7,13.7,55,76
20260511,13.65,13.65,13.2,13.25,156,209
20260512,13.3,13.3,12.9,12.95,131,171
20260513,13,13.15,12.8,13.15,60,78
20260514,13.35,13.4,12.95,13.2,107,140
20260515,13.2,13.2,13,13.1,46,60
20260518,13.25,13.25,12.8,13,22,28
20260519,12.95,13,12.95,12.95,36,47
20260520,13,13.15,12.95,13.1,36,47
20260521,13.1,13.25,13,13,42,55
20260522,13.05,13.2,13,13.05,48,63
20260525,13,13.05,12.75,12.8,109,141
20260526,12.7,12.9,12.5,12.55,159,201
20260527,12.55,12.55,12.2,12.2,118,146
20260528,12.5,12.5,12.2,12.2,97,119
20260529,12.2,12.2,12.1,12.1,85,103
20260601,12.1,12.1,11.95,11.95,164,197
20260602,11.95,12,11.8,11.8,170,202
20260603,11.8,12,11.8,11.95,43,51
20260604,12,13.1,12,12.35,581,754
20260605,12.35,12.8,12.35,12.55,133,167
20260608,12.25,12.35,12,12.35,69,84
20260609,12.45,12.45,12.35,12.45,19,24
20260610,12.3,13.2,12.25,12.9,203,261
20260611,13,13.3,12.55,12.6,76,98
20260612,12.65,13.05,12.6,12.65,52,67
20260615,12.7,13.05,12.6,12.65,129,164
20260616,12.65,12.9,12.5,12.6,66,84
20260617,12.6,12.85,12.4,12.6,40,51
20260618,12.85,12.9,12.55,12.55,48,61
20260622,12.5,12.5,12.2,12.25,69,85
20260623,12.3,12.45,12.05,12.15,59,72
20260624,12.15,12.25,12.1,12.1,48,58
20260625,12.05,12.05,11.95,12.05,73,88
20260626,11.95,12.05,11.9,12.05,70,84
20260629,12.1,12.1,12,12.1,43,52
20260630,12.1,12.25,12.05,12.1,45,55
20260701,12.1,13.3,12,13.3,504,657
20260702,13.35,13.5,12.8,12.8,220,290
20260703,12.8,13.1,12.7,12.9,145,188
20260706,13.3,13.3,12.9,13,128,166
20260707,13.1,13.1,12.5,12.55,51,65
20260708,12.55,12.55,12.35,12.4,87,108
20260709,12.5,13.6,12.5,13.6,481,647
20260713,13.6,13.6,12.95,13.05,280,370
20260714,12.95,12.95,11.9,12.3,121,149
20260715,12.3,13.15,12.3,12.6,25,31
20260716,12.6,12.95,12.45,12.6,43,54
20260717,12.6,12.6,12.1,12.2,129,157
20260720,12.2,12.3,12,12.1,61,74
20260721,12.5,12.5,12.1,12.4,35,43
20260722,12.45,12.65,12.3,12.3,23,29
20260723,12.25,12.25,12.1,12.2,22,27
20260724,12.2,12.2,12.2,12.2,64,78
20260727,12.2,13.4,12.2,13.35,169,223
20260728,13.05,13.35,12.5,12.55,142,182
20260729,12.9,13.5,12.1,12.2,45,56
20260730,12.35,12.35,12.15,12.2,45,55
20260731,12.3,12.55,12.3,12.35,12,15
20260803,12.2,12.35,12.2,12.25,24,29
20260804,12.3,12.3,12,12.25,48,58
20260805,12.45,12.5,12.15,12.15,54,66
20260806,12.15,12.2,12.15,12.15,13,16
20260807,12.2,12.25,12.1,12.25,16,19
20260810,12.25,12.4,12.2,12.25,15,18
20260811,12.2,12.25,12.2,12.25,6,7
20260812,12.25,12.25,12.2,12.25,9,11
20260813,12.7,12.7,12.3,12.65,39,49
20260814,12.65,12.65,12.2,12.25,11,14
20260817,12.1,12.35,12.1,12.3,8,10
20260818,12.3,12.45,12.1,12.3,21,26
20260819,12.2,12.3,12.1,12.1,36,44
20260820,12.15,12.55,12.15,12.2,14,17
20260821,12.2,12.2,12.15,12.15,34,41
20260824,12.05,12.15,12.05,12.1,13,16
20260825,12.25,12.45,12.1,12.45,22,27
20260826,12.15,12.3,12.05,12.15,23,28
20260827,12.15,12.3,12.15,12.15,19,23
20260828,12.15,12.55,12.1,12.25,94,114
20260831,12.25,12.25,11.8,12.1,21,25
20260901,12.1,12.2,12.1,12.1,9,11
20260902,12.1,12.25,12,12.25,29,35
20260903,12.05,12.2,12.05,12.05,17,21
20260904,12.1,12.15,12.1,12.1,5,6
20260907,12.1,12.25,11.95,12.25,142,171
20260908,12.25,12.3,12,12.15,121,148
20260909,12.1,12.3,12.1,12.3,2,2
20260910,12.1,12.15,12,12.05,121,146
20260911,12.05,12.05,12,12,17,20
20260914,11.95,12.2,11.95,12.2,7,8
20260915,12.2,12.3,12.05,12.05,13,16
20260916,12,12.2,11.95,12.05,15,18
20260917,12,12.2,11.9,12,37,44
20260918,12.05,12.1,11.95,12,16,19
20260921,12,12,11.9,11.95,39,47
