# date,open,high,low,close,lot,wan
20250814,2155,2225,2140,2150,756,164569
20250815,2160,2160,2045,2080,801,166644
20250818,2060,2100,2030,2030,774,158890
20250819,2035,2045,2000,2025,810,163770
20250820,2010,2010,1955,1960,1148,227314
20250821,1960,2035,1945,2020,721,143702
20250822,2020,2075,2020,2030,599,122763
20250825,2080,2110,2060,2065,588,122639
20250826,2060,2085,2035,2075,360,74398
20250827,2095,2105,2065,2095,317,66277
20250828,2080,2165,2080,2125,502,106733
20250829,2155,2165,2065,2065,582,122246
20250901,2065,2270,2050,2270,1905,423568
20250902,2330,2435,2310,2325,2454,580567
20250903,2340,2520,2320,2460,2193,537572
20250904,2490,2510,2455,2475,1299,322832
20250905,2510,2525,2455,2460,685,169632
20250908,2450,2470,2350,2355,789,189326
20250909,2345,2350,2280,2320,810,186988
20250910,2340,2355,2295,2325,361,84046
20250911,2345,2360,2290,2300,394,91192
20250912,2300,2310,2260,2265,307,70015
20250915,2235,2235,2140,2145,862,186834
20250916,2160,2175,2120,2130,658,140978
20250917,2120,2150,2075,2090,416,87326
20250918,2090,2135,2080,2090,487,102374
20250919,2115,2165,2095,2110,594,125958
20250922,2115,2115,2065,2075,455,94602
20250923,2100,2175,2080,2150,726,155142
20250924,2175,2220,2125,2155,968,210604
20250925,2160,2230,2140,2190,1028,225298
20250926,2180,2180,2035,2035,862,179516
20250930,2055,2060,1995,2015,934,188941
20251001,2015,2050,2015,2030,431,87494
20251002,2040,2055,1970,1980,688,137406
20251003,1995,2075,1980,2070,765,156004
20251007,2110,2115,2000,2010,739,149742
20251008,2020,2070,2000,2070,394,80346
20251009,2075,2090,2015,2035,503,102770
20251013,1955,1995,1945,1990,915,180561
20251014,2035,2065,2010,2040,901,183792
20251015,2080,2080,1990,1990,658,132111
20251016,2020,2130,2020,2055,891,185314
20251017,2040,2260,1985,2210,2107,454577
20251020,2340,2385,2280,2370,2344,549478
20251021,2390,2425,2315,2315,1397,329924
20251022,2285,2300,2240,2240,806,182374
20251023,2195,2205,2135,2150,752,162338
20251027,2220,2230,2130,2180,610,132325
20251028,2170,2220,2140,2210,434,94844
20251029,2230,2230,2135,2135,361,78458
20251030,2110,2115,1985,2005,1423,287582
20251031,2005,2005,1965,1990,1276,253649
20251103,1965,2010,1965,1980,495,98190
20251104,1985,2045,1975,2020,834,167514
20251105,1990,1995,1930,1955,844,165099
20251106,2040,2150,2035,2150,1867,396932
20251107,2145,2170,2085,2095,1346,285576
20251110,2100,2110,2015,2035,922,188092
20251111,2075,2110,2020,2020,741,152458
20251112,2025,2035,1985,1985,548,109508
20251113,2000,2015,1975,2000,299,59700
20251114,1950,1995,1945,1955,454,89145
20251117,2120,2150,2080,2150,1354,287788
20251118,2150,2150,2025,2045,1186,247336
20251119,2045,2075,1970,1985,1067,213254
20251120,2065,2065,1960,2005,917,183202
20251121,1960,1985,1830,1835,1321,250184
20251124,1860,1945,1840,1915,1129,213804
20251125,1955,2000,1905,1990,812,158964
20251126,2000,2030,1955,1975,797,158628
20251127,1975,2010,1965,1990,432,85838
20251128,2010,2080,1995,2045,920,188204
20251201,2045,2045,1970,1985,676,134755
20251202,2000,2125,2000,2050,1444,298985
20251203,2065,2195,2040,2040,1542,325756
20251204,2050,2165,2020,2040,1203,250378
20251205,2055,2055,1980,1995,783,156878
20251208,1985,2020,1965,1980,657,130403
20251209,1985,2015,1965,1995,852,169790
20251210,1995,1995,1930,1930,939,183560
20251211,1940,1975,1890,1890,948,181648
20251212,1910,1935,1855,1890,637,120743
20251215,1855,1865,1820,1860,528,97536
20251216,1835,1845,1745,1745,1050,187683
20251217,1740,1745,1690,1705,919,157358
20251218,1665,1695,1660,1685,865,145214
20251219,1710,1725,1700,1715,604,103654
20251222,1750,1775,1720,1720,309,53822
20251223,1740,1755,1705,1705,383,65999
20251224,1720,1770,1720,1725,465,80944
20251226,1745,1750,1705,1710,257,44191
20251229,1750,1760,1705,1730,388,67070
20251230,1730,1825,1720,1765,960,170777
20251231,1765,1765,1725,1730,444,77316
20260102,1730,1765,1705,1720,518,89746
20260105,1730,1740,1610,1650,1576,260004
20260106,1660,1750,1655,1730,961,164850
20260107,1740,1780,1705,1775,794,138318
20260108,1755,1780,1665,1665,833,142629
20260109,1675,1675,1600,1650,854,139132
20260112,1680,1720,1660,1695,515,87002
20260113,1715,1735,1670,1680,638,108082
20260114,1690,1710,1660,1690,494,83560
20260115,1690,1700,1670,1680,405,68058
20260116,1700,1750,1655,1675,818,138142
20260119,1680,1745,1660,1675,718,122158
20260120,1670,1690,1600,1605,974,158985
20260121,1570,1570,1495,1545,1622,247924
20260122,1540,1545,1490,1490,2091,315195
20260123,1525,1575,1495,1520,1476,224219
20260126,1545,1640,1540,1635,1511,242101
20260127,1645,1795,1630,1795,1544,268704
20260128,1880,1970,1815,1970,4288,814082
20260129,1990,1990,1885,1905,1792,344994
20260130,1880,1890,1800,1830,1411,259050
20260202,1755,1780,1670,1700,1453,248690
20260203,1745,1745,1660,1690,1108,187666
20260204,1695,1755,1675,1715,990,169396
20260205,1680,1835,1675,1795,1453,259414
20260206,1805,1875,1700,1850,2528,456236
20260209,1950,1960,1855,1875,1690,321814
20260210,1875,1875,1770,1805,1413,255824
20260211,1820,1985,1810,1985,2043,394286
20260223,2180,2180,2180,2180,587,127966
20260224,2370,2390,2240,2385,3870,907038
20260225,2495,2510,2380,2485,2039,502968
20260226,2500,2600,2430,2530,1036,260954
20260302,2430,2585,2430,2545,613,154758
20260303,2550,2550,2310,2335,799,191486
20260304,2270,2305,2150,2255,708,159140
20260305,2355,2425,2260,2425,406,96272
20260306,2380,2400,2350,2390,355,84296
20260309,2155,2190,2155,2190,499,107776
20260310,2305,2310,2150,2260,413,93188
20260311,2300,2485,2300,2485,594,146055
20260312,2485,2485,2415,2470,714,175228
20260313,2440,2565,2375,2480,1273,315802
20260316,2550,2615,2490,2555,1484,379636
20260317,2620,2810,2615,2810,1885,518032
20260318,2780,2795,2635,2725,2100,565690
20260319,2675,2845,2645,2775,1531,421876
20260320,2765,2805,2660,2700,951,259338
20260323,2480,2675,2480,2600,961,248548
20260324,2690,2695,2520,2535,1382,357752
20260325,2660,2785,2660,2785,662,182459
20260326,2800,2980,2790,2925,1660,485132
20260327,2815,2900,2800,2825,1134,322135
20260330,2740,2790,2645,2685,738,198914
20260331,2710,2815,2600,2630,1495,403642
20260401,2760,2845,2715,2725,1111,306728
20260402,2815,2815,2600,2630,623,165432
20260407,2700,2865,2670,2795,863,240278
20260408,2860,2990,2850,2925,895,261578
20260409,2925,3010,2840,2870,1064,309960
20260410,2980,3140,2935,2955,1628,490352
20260413,2995,3195,2945,3160,1030,320096
20260414,3255,3435,3225,3335,1049,349375
20260415,3385,3480,3335,3370,850,288950
20260416,3450,3705,3410,3705,1100,389871
20260417,3790,4075,3735,4075,1281,508720
20260420,4000,4430,3955,4385,1292,538647
20260421,4440,4570,4170,4400,1132,491920
20260422,4310,4400,4000,4055,962,400704
20260423,4160,4160,3655,3980,1103,421296
20260424,3930,4260,3800,3900,889,354471
20260427,4000,4060,3880,4045,720,287548
20260428,4045,4045,3920,3985,431,171664
20260429,3995,3995,3900,3900,498,195232
20260430,3980,3980,3805,3895,636,246192
20260504,3910,4210,3910,4180,481,194084
20260505,4280,4445,4180,4445,583,249493
20260506,4360,4400,4005,4400,938,391159
20260507,4335,4785,4245,4705,1632,737177
20260508,4640,4650,4235,4335,1248,551775
20260511,4370,4665,4295,4460,1469,660375
20260512,4460,4460,4035,4115,1729,718576
20260513,3990,4115,3800,3920,1493,584046
20260514,4015,4040,3885,3920,518,204065
20260515,3960,4025,3800,3830,480,186826
20260518,3580,3650,3450,3450,784,273828
20260519,3330,3380,3210,3310,1891,620290
20260520,3380,3525,3335,3385,727,247796
20260521,3525,3660,3485,3555,724,258492
20260522,3700,3765,3600,3625,474,173918
20260525,3700,3790,3675,3710,400,149169
20260526,3800,3800,3445,3485,618,217810
20260527,3480,3555,3270,3295,1340,456046
20260528,3420,3520,3370,3470,1202,413465
20260529,3540,3545,3385,3410,1170,402517
20260601,3480,3505,3215,3280,1025,337270
20260602,3345,3530,3345,3530,949,328856
20260603,3580,3605,3470,3570,800,284354
20260604,3510,3625,3470,3545,841,299024
20260605,3500,3525,3385,3435,458,157690
20260608,3095,3255,3095,3200,850,269997
20260609,3255,3270,3050,3155,685,214110
20260610,3145,3145,2945,2980,417,126314
20260611,2945,3025,2870,3015,453,133833
20260612,3120,3160,3015,3090,347,107209
20260615,3210,3310,3185,3200,423,137280
20260616,3315,3315,3170,3200,237,76383
20260617,3195,3235,3105,3155,244,76920
20260618,3245,3340,3190,3270,392,128286
20260622,3400,3450,3150,3180,452,145966
20260623,3190,3320,3180,3185,599,193504
20260624,3190,3220,2980,3170,484,149952
20260625,3265,3425,3185,3245,819,269716
20260626,3265,3265,2925,2925,795,237620
20260629,2910,2935,2835,2900,336,97256
20260630,2960,3050,2925,2925,425,125862
20260701,3000,3035,2905,2950,327,96968
20260702,2865,3005,2865,2975,310,91726
20260703,3000,3085,2765,2770,1017,290410
20260706,2820,2855,2665,2805,939,258364
20260707,2810,2930,2725,2740,736,208900
20260708,2740,2760,2595,2680,567,150960
20260709,2650,2680,2585,2605,988,258586
20260713,2620,2635,2505,2550,845,215786
20260714,2510,2515,2295,2415,1005,239232
20260715,2460,2590,2420,2530,782,196474
20260716,2590,2595,2465,2530,427,107593
20260717,2405,2460,2335,2350,454,108498
20260720,2315,2350,2185,2300,888,201320
20260721,2340,2390,2280,2365,357,83540
20260722,2450,2600,2430,2600,732,187348
20260723,2620,2710,2480,2505,1017,262586
20260724,2475,2520,2405,2470,576,141652
20260727,2500,2550,2395,2430,247,60047
20260728,2355,2355,2200,2200,780,175344
20260729,2245,2275,1995,2085,1082,224369
20260730,2080,2290,2045,2290,970,217136
20260731,2515,2515,2355,2475,2072,509520
20260803,2410,2435,2330,2390,798,191221
20260804,2450,2620,2385,2575,1007,257776
20260805,2700,2780,2600,2630,1181,315033
20260806,2635,2770,2565,2660,1074,288680
20260807,2700,2770,2640,2725,784,213590
20260810,2755,2995,2705,2835,1454,416608
20260811,2795,2820,2655,2660,784,212040
20260812,2660,2705,2635,2660,545,145000
20260813,2675,2800,2630,2700,1001,270632
20260814,2740,2825,2635,2655,953,260434
20260817,2645,2685,2390,2390,1281,317800
20260818,2440,2500,2335,2340,1837,442132
20260819,2300,2380,2230,2260,1025,233170
20260820,2320,2320,2200,2210,525,117552
20260821,2220,2245,2150,2155,793,174337
20260824,2155,2215,2140,2200,504,110510
20260825,2180,2210,2090,2195,982,210979
20260826,2170,2410,2155,2410,757,176274
20260827,2605,2650,2590,2650,506,133547
20260828,2720,2720,2520,2540,1620,422452
20260831,2500,2505,2310,2400,7020,1682273
20260901,2490,2640,2490,2640,593,154342
20260902,2595,2600,2395,2395,1717,420363
20260903,2410,2485,2330,2330,1090,262584
20260904,2420,2515,2355,2385,1104,267340
20260907,2435,2590,2385,2570,2428,618268
20260908,2640,2825,2555,2825,2113,581554
20260909,2800,2875,2680,2780,2124,593586
20260910,2790,2835,2720,2730,1024,283526
20260911,2690,2720,2550,2580,1098,286248
20260914,2530,2770,2530,2730,1270,341350
20260915,2720,2720,2610,2625,881,233759
20260916,2650,2740,2625,2700,523,140460
20260917,2735,2810,2660,2710,1007,275744
20260918,2770,2890,2760,2845,1414,399255
20260921,2880,2950,2820,2830,857,245924
