# date,open,high,low,close,lot,wan
20250814,83.9,86.2,83.9,83.9,1443,12265
20250815,84.3,84.6,82.4,83.4,1283,10682
20250818,83.6,84.6,82.5,83.4,965,8049
20250819,83.5,84.4,82.3,82.7,624,5178
20250820,82.9,82.9,80.3,80.3,955,7752
20250821,81.7,84.8,81.7,83.8,1275,10652
20250822,83.6,84.4,82.1,82.2,383,3175
20250825,83.6,84.2,83,83.7,365,3051
20250826,83.3,85.3,83.2,84,532,4495
20250827,84.5,85.1,84.1,84.7,372,3145
20250828,84.7,85.7,83.5,85.2,479,4058
20250829,85.3,85.6,83.9,84,377,3179
20250901,83.6,83.6,77.8,78.5,4436,34572
20250902,79.8,81.5,78.2,78.2,1002,7989
20250903,78,80.1,78,78.9,499,3958
20250904,80.6,82.7,80,81.2,732,5962
20250905,81.5,81.9,80.6,80.8,260,2109
20250908,80.9,83.5,80.9,83,634,5229
20250909,83.1,83.7,82.2,83.3,408,3388
20250910,83.4,83.8,82.2,83.1,376,3128
20250911,84.4,84.4,81,81.1,466,3822
20250912,82.7,87.3,82.7,87,2473,21229
20250915,87,89.3,84.1,84.1,4850,42119
20250916,84.2,92.5,83.9,92.5,6685,59954
20250917,94.5,101.5,93.5,97.1,20860,202725
20250918,98.1,106.5,95,106.5,15411,155957
20250919,111,117,110.5,117,14374,165292
20250922,124,125.5,117.5,122.5,22235,269695
20250923,122,122,110.5,110.5,10367,118385
20250924,110.5,113,107.5,108.5,7799,85715
20250925,108,108.5,105,105.5,3266,34705
20250926,103,104,98.6,99,3831,38464
20250930,101.5,104,100,101.5,2604,26598
20251001,101.5,104,100,100.5,1536,15619
20251002,106.5,107,102,102.5,3378,35099
20251003,109.5,112.5,105.5,108,12890,142470
20251007,107,109.5,104,104.5,4151,44062
20251008,102.5,108,102,107.5,2159,22539
20251009,107.5,108,104,106,3579,38104
20251013,100,106,99.3,105,2252,22889
20251014,107.5,110,99.5,99.8,7305,76177
20251015,100,105.5,99,103,4032,41534
20251016,103,105.5,99.7,100.5,5560,56457
20251017,100.5,102,100,100.5,1115,11246
20251020,101.5,103.5,100,102,2204,22498
20251021,103.5,112,103,112,10741,118263
20251022,108,110,105,106,7566,81024
20251023,103.5,107,103,106,2924,30778
20251027,109.5,113.5,107,110.5,7943,88020
20251028,109,109.5,105,105.5,3363,35742
20251029,107.5,107.5,103,104,2451,25584
20251030,104.5,105,100,100.5,2356,23885
20251031,100.5,101.5,99.2,100,1677,16778
20251103,101.5,102,98.9,99.2,2228,22302
20251104,100.5,100.5,95.5,95.5,2026,19698
20251105,93.3,93.7,90.1,92.4,2226,20455
20251106,93,93.7,91.4,91.7,1017,9385
20251107,91.5,91.6,89.6,90,1010,9126
20251110,91,91.5,89.7,90.3,1427,12930
20251111,92,94.1,92,92.8,1381,12858
20251112,92.7,94.9,92.5,94.6,1099,10316
20251113,94.6,96.4,94.2,95.2,1267,12044
20251114,93.6,95,90.3,90.5,1310,12039
20251117,90.5,91.8,90,90.9,940,8548
20251118,91,91.1,87.9,88.5,1054,9402
20251119,89.8,89.8,86,86.3,1153,10051
20251120,87.9,89.6,87,89,782,6919
20251121,87.3,87.4,85,85,794,6824
20251124,86.3,86.7,85,86.7,544,4675
20251125,87.8,90.2,87.4,90,799,7137
20251126,90.5,91,89.7,90.2,588,5308
20251127,89.9,91.5,89.9,90.5,416,3762
20251128,90.8,92.1,90.5,91.7,652,5974
20251201,99.9,100.5,99.8,100.5,1549,15554
20251202,104,104.5,95,95,8993,88420
20251203,95.1,103.5,95.1,101.5,6281,62538
20251204,102.5,106,100,103,4469,45935
20251205,102,103,99.9,100.5,1820,18336
20251208,99.8,101,98.9,101,1175,11733
20251209,100.5,100.5,98.8,99.3,1112,11070
20251210,100,100.5,96.6,96.7,1504,14699
20251211,97.8,99.8,97.1,97.1,856,8397
20251212,98,98.6,96.6,96.6,484,4697
20251215,95.6,98.3,94.3,96.4,723,6991
20251216,95,96.3,92.3,94.1,1123,10563
20251217,94.1,101.5,94.1,95.1,4833,47486
20251218,94.8,95.2,90,90.1,6784,60925
20251219,93,95.2,91.6,91.9,2777,25810
20251222,92.3,94.1,92.2,93.8,895,8345
20251223,94.7,95,93,93.2,709,6648
20251224,94,94.4,91.4,92.1,668,6166
20251226,92.9,94.4,91.9,93.7,958,8966
20251229,94,97,94,95,1340,12804
20251230,95,96.5,94.1,96.4,1083,10367
20251231,97,97.9,95.1,95.1,1122,10830
20260102,95.4,97.8,94.8,96.8,1249,12052
20260105,98,101,97.3,99,3147,31168
20260106,104,108.5,104,108.5,8448,91196
20260107,112,119,109,119,16281,188404
20260108,121,125,112.5,113.5,16834,200684
20260109,113,115,105,110.5,5727,63027
20260112,115,121.5,114.5,121,8843,106287
20260113,122,129.5,114,125.5,15265,185262
20260114,127,138,124,136,16441,221825
20260115,137.5,141,130,132.5,12258,164708
20260116,135.5,135.5,130,133.5,6055,80235
20260119,134,141,132,139.5,9684,132883
20260120,136,144,132,139.5,9256,129221
20260121,136.5,143,130.5,132,7668,103566
20260122,136.5,141,133.5,133.5,7617,104451
20260123,135.5,146.5,134,146.5,15579,224918
20260126,147,161,140,155,14117,211482
20260127,153.5,156.5,149,152.5,6067,92335
20260128,153.5,155.5,148,149,6353,96137
20260129,150.5,150.5,143.5,146.5,4557,66722
20260130,144,146,137,141,4613,64868
20260202,139,140,131,133,3485,46854
20260203,140.5,146,137.5,139,5079,72355
20260204,137.5,142.5,136,139.5,2438,33883
20260205,136.5,137,133,134,3990,53792
20260206,133,135.5,127,133,3606,47695
20260209,138.5,140,135,137.5,2209,30360
20260210,140,151,138,151,7934,117884
20260211,146.5,148,142,148,7633,111218
20260223,148,156,136.5,143.5,9814,142241
20260224,141.5,143.5,138,139,5466,76716
20260225,142,142,137.5,138,1902,26515
20260226,139,141.5,137,138,3159,43836
20260302,133.5,140,130.5,135.5,5307,71829
20260303,136,138,124,125.5,4722,60842
20260304,122,126.5,116,124.5,4810,58969
20260305,131,132.5,123.5,126,2576,32840
20260306,125,126,122,122.5,1287,15906
20260309,111.5,113.5,110.5,110.5,1880,20909
20260310,115,120,113,118.5,2354,27684
20260311,120.5,126,120,125,1600,19858
20260312,123,126,121.5,126,1729,21490
20260313,123,128,121,126,1257,15644
20260316,128,135,127,133,2495,32969
20260317,138,142.5,135,137,3512,48715
20260318,141,150.5,139.5,150.5,6995,103873
20260319,151,165,150.5,153,10631,168133
20260320,155.5,157,141,143.5,5440,80254
20260323,135,140.5,134.5,135,3020,41166
20260324,138.5,141,131,132,2281,30924
20260325,137,137.5,127.5,133,13913,171066
20260326,138.5,146,138.5,146,3814,55021
20260327,148.5,149,138,141.5,6134,87725
20260330,138.5,142,134.5,140.5,1893,26113
20260331,139.5,141,130.5,130.5,1843,24795
20260401,137,137,133,135,932,12588
20260402,136,137.5,129.5,130.5,1062,14099
20260407,134.5,134.5,130.5,130.5,624,8226
20260408,134.5,143.5,134,141,2995,42111
20260409,143,153.5,138.5,150.5,4447,65766
20260410,153,165.5,152,165.5,5625,91734
20260413,173.5,182,173,182,5670,101943
20260414,184,194.5,177.5,179,10331,189154
20260415,181.5,196.5,181.5,193.5,11299,217642
20260416,190.5,196,184,194,1993,37821
20260417,194,194,188,188.5,822,15615
20260420,190,197.5,183.5,186,2806,53523
20260421,189,191,178.5,182.5,2644,48223
20260422,182.5,188.5,182,187,1500,27849
20260423,187,188,168.5,171.5,2334,40428
20260424,177,177,167,172.5,795,13796
20260427,179,182.5,177,182,1120,20233
20260428,183,183,177,178,850,15301
20260429,179,185,178,181.5,1121,20426
20260430,190.5,199.5,188,189,8141,157509
20260504,192.5,207.5,191.5,207.5,4853,98185
20260505,209.5,228,207,228,7927,174126
20260506,242,250.5,214,250.5,16612,400575
20260507,250.5,273,246,263,16975,445749
20260508,260,271,250,257.5,13841,358501
20260511,255,269.5,255,268,967,25642
20260512,269,269,260,264.5,692,18300
20260513,259,259,240.5,246.5,845,20871
20260514,248,250,245,246,713,17669
20260515,236.5,236.5,221.5,221.5,1187,26856
20260518,212,221.5,199.5,221.5,1094,23173
20260519,218,218.5,202,202,977,20012
20260520,210,210,202.5,205.5,686,14119
20260521,226,226,222,226,957,21610
20260522,235,248.5,235,248.5,1359,33313
20260525,273,273,265,273,4498,122592
20260526,297,300,293.5,300,3630,108595
20260527,299.5,316.5,280,290.5,10671,317180
20260528,290.5,316.5,281,290,10929,326218
20260529,319,319,319,319,1580,50418
20260601,350.5,350.5,350.5,350.5,1076,37716
20260602,324.5,328.5,315.5,315.5,1533,49227
20260603,321,324.5,310,314.5,898,28465
20260604,308,310,290,291,844,24911
20260605,281,290,268.5,290,669,18877
20260608,261,261,261,261,376,9816
20260609,269.5,287,265.5,284.5,719,20168
20260610,274.5,283.5,270,270,909,25013
20260611,268,297,266,297,1087,30735
20260612,326.5,326.5,304.5,326.5,12061,388498
20260615,349.5,359,349.5,359,3465,123455
20260616,370,394.5,370,394.5,2405,93675
20260617,387,426,384.5,395.5,15391,622926
20260618,390.5,395,372,390,6976,268599
20260622,382,388,377,378.5,952,36224
20260623,376.5,380.5,363,373,693,25858
20260624,364.5,369.5,358,365,642,23285
20260625,377.5,386,365,372,615,22960
20260626,372,383,336,336,787,27671
20260629,341,343.5,325,331,501,16695
20260630,364,364,364,364,335,12194
20260701,400,400,400,400,1829,73143
20260702,399,414.5,394,407,1366,55399
20260703,393.5,443.5,393.5,440,993,42169
20260706,455,484,406,406,16088,711138
20260707,410.5,429,376,383,9310,372196
20260708,387,420,375.5,409.5,6900,276522
20260709,415,450,408.5,423.5,9076,391625
20260713,465.5,465.5,465.5,465.5,1362,63413
20260714,459,510,430.5,510,19185,905091
20260715,535,552,506,523,15237,804295
20260716,504,519,471,471,7815,380593
20260717,424,470,424,424,9795,431738
20260720,434,466,401,466,12923,563428
20260721,470,470,432,433.5,18628,837420
20260722,446.5,476.5,440.5,468,14308,665143
20260723,472,499,421.5,421.5,14814,666707
20260724,405,410,379.5,379.5,7976,311922
20260727,372,380.5,357.5,379.5,6708,248735
20260728,350,355.5,342,342,3831,132538
20260729,337,339.5,308,308,2900,91657
20260730,277.5,294,277.5,277.5,6890,194365
20260731,305,305,269.5,271.5,2604,72815
20260803,254,276,254,265,2021,53984
20260804,284,291.5,284,291.5,570,16487
20260805,310,319,300,316.5,1134,35044
20260806,301,316.5,300,316,939,29394
20260807,316,316,308,312.5,308,9644
20260810,310,312.5,281.5,283,8467,245565
20260811,282.5,290.5,265.5,284,7776,215242
20260812,289,312,286.5,312,5999,185365
20260813,334.5,343,320.5,343,5508,185608
20260814,343,358,330,356,15489,531466
20260817,346,387.5,342,371.5,15694,582314
20260818,360,402.5,360,369,19319,740653
20260819,354,369.5,344.5,356.5,7432,264164
20260820,365,368,331.5,340,19359,643676
20260821,350.5,353,337.5,342.5,6282,216368
20260824,344.5,376.5,344.5,376.5,7237,270083
20260825,377.5,386,359,378,20936,784589
20260826,378,386,370.5,382,9820,372790
20260827,382.5,400,375.5,394,10266,400924
20260828,401,418.5,386,399,10690,429208
20260831,393,394.5,367.5,379,4415,167651
20260901,378,408.5,378,402,9119,364147
20260902,401,405,386,386,3848,151869
20260903,391,402,376,381,6008,235192
20260904,392,406.5,385,399,6836,271627
20260907,401,418.5,393.5,403,8013,325783
20260908,415,438.5,397,398,9378,391861
20260909,412,425.5,401.5,424,9176,382721
20260910,417,423,410,410,4335,180136
20260911,409.5,423.5,406.5,423,7432,308599
20260914,410,419,400,416,5382,221228
20260915,416,444,403,407,9431,399652
20260916,409,447,409,440,7747,330401
20260917,449,474,432,441.5,9585,429887
20260918,457,461,438.5,447.5,6778,302316
20260921,450.5,452,432.5,440,3944,173574
