# date,open,high,low,close,lot,wan
20250814,66.4,69.9,66.4,69.7,484,3308
20250815,69.3,72.9,68.7,71.9,1047,7497
20250818,71.9,72.2,70.6,71,377,2677
20250819,71.9,71.9,68.8,68.8,276,1915
20250820,67.7,68.5,66.7,67,252,1692
20250821,67.9,68.8,67.3,67.3,137,928
20250822,64.7,64.7,63.5,64.3,166,1064
20250825,64.8,66,64,64,107,693
20250826,64.1,67.5,64,65,198,1298
20250827,66.1,66.1,65,65.7,143,938
20250828,65.7,66.7,65.1,66.3,185,1222
20250829,66.3,67.9,66.3,67.7,190,1274
20250901,67.3,68.3,65.4,66.4,245,1633
20250902,66.3,66.8,64.8,64.9,86,563
20250903,64.5,66.9,64.5,65.5,173,1139
20250904,66.1,70.9,66.1,67.4,729,5023
20250905,68.4,68.4,65.6,66.2,222,1472
20250908,66.1,66.1,65.2,65.5,102,670
20250909,66.8,67,64.5,64.6,152,986
20250910,64.6,64.9,63.3,64.1,199,1276
20250911,64.4,65.7,61.8,62,270,1707
20250912,63.9,64.4,63,64,148,943
20250915,64,64.8,63.4,63.8,57,364
20250916,63.9,67,63.9,67,299,1979
20250917,67.8,70.8,67.5,69,601,4163
20250918,70,70.5,67.9,69.7,274,1897
20250919,70.1,70.2,68.8,69.4,283,1967
20250922,70.5,73.5,70,71.5,764,5506
20250923,71.5,71.5,68.2,68.5,309,2135
20250924,68.5,68.5,67,67.5,126,851
20250925,67.4,68.7,67.3,67.5,116,789
20250926,68,68,65,65.8,140,922
20250930,65.7,67.1,65.5,67.1,79,523
20251001,67.3,67.3,65.7,66.1,61,404
20251002,66.1,66.2,65,65.1,69,452
20251003,65.1,66.2,64.8,65.6,76,498
20251007,65.6,66.5,64.9,65.7,99,651
20251008,65.5,66.8,65,66.7,88,580
20251009,66.7,67.9,65.5,66.5,113,752
20251013,64,64.1,62.5,63.6,180,1138
20251014,63.8,65.9,61.6,62.2,232,1481
20251015,62.2,63.7,62.2,63.2,196,1233
20251016,63.8,64.3,62.8,63.3,77,488
20251017,63.1,63.6,63,63.2,56,354
20251020,62.8,62.9,62.1,62.5,178,1113
20251021,62.6,64.8,62.6,64.8,175,1123
20251022,64.8,69.6,64.8,68.5,563,3833
20251023,68.5,69.3,67.3,67.8,203,1382
20251027,68.6,68.6,66.4,66.8,160,1073
20251028,67.7,67.7,65.8,65.8,119,790
20251029,66.1,68,65.4,68,163,1086
20251030,68.7,71.1,67.2,68.3,676,4655
20251031,68.3,73.6,68.3,73.1,1251,8954
20251103,73.3,77.9,73,74.5,1491,11205
20251104,74.5,78.8,74.5,76.5,1413,10836
20251105,75.2,77.3,74.1,75.3,824,6200
20251106,74.8,77,72.6,73.5,1022,7665
20251107,72.2,72.8,69.2,70.4,604,4263
20251110,70.8,71.8,69.1,70.2,304,2130
20251111,71.2,73.2,71.2,72.5,440,3190
20251112,73.3,73.5,71.1,71.1,334,2404
20251113,72.2,72.6,69.7,70.4,461,3282
20251114,68.9,70.9,68.8,70,178,1246
20251117,69.9,70.2,67.6,68.3,287,1970
20251118,67.8,67.8,65.5,65.5,307,2038
20251119,65.4,66.7,63.8,64,221,1425
20251120,65,66.2,64.6,64.9,120,783
20251121,64,64.9,62.7,63.2,257,1631
20251124,63.2,64.4,62.6,62.6,162,1022
20251125,63,64.4,63,63.6,120,763
20251126,63.5,65.3,63.5,64.5,142,917
20251127,65,65.5,64.3,64.5,59,381
20251128,64.4,65.9,63.9,64.8,105,678
20251201,64.8,64.8,63,63.4,225,1431
20251202,63.4,64.9,63.2,64.8,111,713
20251203,65.8,66.4,65.1,65.6,192,1264
20251204,65.7,65.9,64.7,64.7,74,481
20251205,64.7,65.2,63.6,63.6,97,621
20251208,63.5,65.2,63.5,64.7,79,512
20251209,64.6,64.6,63.9,64.4,60,385
20251210,64.3,66.5,64.3,66.4,227,1494
20251211,66.8,67.2,64.5,64.6,194,1272
20251212,65,65.9,64.6,65,108,702
20251215,65,67.9,65,65.2,428,2833
20251216,65.7,66.1,63.1,63.7,180,1156
20251217,65,65.8,63.7,63.8,169,1092
20251218,64.5,64.5,62.5,63.3,116,734
20251219,64,64.2,63.2,63.7,67,427
20251222,64.3,64.3,63.4,64,139,886
20251223,63.8,63.8,62.8,62.9,181,1142
20251224,63.3,63.3,62.8,63.3,84,530
20251226,63,63.1,61.8,63,247,1541
20251229,63,65.7,63,64.1,309,1989
20251230,64.4,64.4,62.9,63.2,223,1410
20251231,64,64.3,63.2,63.5,112,714
20260102,63.5,63.5,62.8,62.8,167,1055
20260105,62.8,62.9,60.2,60.4,324,1974
20260106,60,61,60,60.9,113,686
20260107,61,62.2,61,62.1,121,749
20260108,62.2,62.6,61,61,86,530
20260109,61,61.7,59.9,60.4,225,1358
20260112,60.1,60.8,60.1,60.4,128,773
20260113,60.9,60.9,59.6,59.8,190,1140
20260114,60,61.3,60,61.3,205,1250
20260115,61.6,61.6,60.3,60.5,112,678
20260116,60.2,62.5,60.2,62,295,1827
20260119,62.8,63.5,61.9,62.4,198,1241
20260120,62.7,66,61.6,63.5,1038,6693
20260121,63,63,60.8,60.8,270,1664
20260122,60.9,61.5,60.2,60.8,178,1080
20260123,61.1,61.1,60,60.3,224,1354
20260126,60.4,60.9,60.1,60.4,116,702
20260127,60.6,60.7,59.2,59.2,321,1921
20260128,59.5,59.9,58.4,58.5,296,1737
20260129,58.5,58.5,56.8,57.1,410,2342
20260130,56.9,56.9,55.3,56.4,249,1388
20260202,56.2,56.2,53.7,53.9,286,1553
20260203,54.3,54.6,53.1,53.7,230,1233
20260204,53.7,54.4,53.5,54.3,203,1093
20260205,54.6,54.6,53.3,53.3,220,1181
20260206,52.8,52.8,50.9,51.8,241,1247
20260209,52.5,52.5,51,51.5,193,991
20260210,51.5,52.2,51.3,52.2,169,875
20260211,52,52.4,51.7,51.9,116,603
20260223,51.9,52.6,51.2,52.4,167,869
20260224,52.7,52.9,52.3,52.8,209,1098
20260225,53.4,53.4,51.9,52,251,1314
20260226,51.9,52,51.2,51.6,196,1012
20260302,50.9,51.3,50.2,50.9,213,1082
20260303,51,51.5,49.6,49.8,278,1393
20260304,49,49,46.4,46.8,369,1745
20260305,47.45,48.95,47.45,48.65,210,1020
20260306,48.6,49.2,47.95,48.8,90,438
20260309,47.3,47.3,45.65,46.8,250,1163
20260310,49.5,49.5,47,47.5,110,523
20260311,48,49.4,48,49.1,150,735
20260312,49.1,50,48.6,50,140,692
20260313,48.35,49.4,48.35,48.7,88,430
20260316,48.7,48.7,47.8,48.25,122,587
20260317,48.25,48.7,48.1,48.4,130,629
20260318,49,49,47.4,47.7,244,1167
20260319,47.7,47.7,46,46.05,237,1104
20260320,46.05,46.3,45.1,45.65,256,1169
20260323,45.1,46.1,44.5,45.95,227,1036
20260324,46.05,46.45,45.05,45.55,106,483
20260325,45.7,46.3,45.15,45.95,122,558
20260326,45.6,47.75,45.6,46.85,187,876
20260327,47,47.8,46,47.8,154,724
20260330,47.8,52.5,47.5,52.5,653,3364
20260331,52.5,57.7,52.3,57.7,1941,10855
20260401,58.8,63.3,58.1,59.6,5352,32286
20260402,58.8,59.4,54.9,55.4,1303,7359
20260407,56,56.4,52.8,53.7,494,2691
20260408,54.9,55.6,53.6,53.8,453,2462
20260409,54.3,54.5,52.4,52.9,273,1448
20260410,54.4,58.1,53.9,57,1136,6536
20260413,56.7,56.7,53,53.8,954,5184
20260414,54.5,55.4,54,55.2,495,2716
20260415,55.6,55.8,54.1,54.1,338,1849
20260416,54.6,56,54,54.1,331,1817
20260417,54.6,59.5,54,59.5,915,5214
20260420,59.8,65,59.3,63,2120,13454
20260421,63.7,63.7,60.6,61.2,813,5031
20260422,62,64.3,61,61.2,723,4521
20260423,62.4,62.4,56,60.2,827,4949
20260424,61.7,61.7,56.2,57.2,513,2966
20260427,57.4,57.4,54.5,55.2,370,2047
20260428,54.7,55.5,54.1,54.5,204,1118
20260429,54.5,54.9,54,54.2,193,1048
20260430,54.4,55.8,54.4,54.8,207,1138
20260504,55.2,56,54,54.1,287,1568
20260505,54.7,56,54.7,55.1,279,1541
20260506,55.5,55.5,53.8,53.9,298,1617
20260507,54.3,55.4,53.8,55.1,263,1439
20260508,55.8,58,54.5,54.6,521,2918
20260511,53.8,55.4,53.8,55,238,1301
20260512,55.8,56.4,54.4,56.4,331,1836
20260513,56.4,56.4,54.8,55.2,275,1523
20260514,55.7,56.9,55.1,55.5,212,1178
20260515,55.5,56.6,53,53,512,2790
20260518,52,52.5,51.6,52,267,1389
20260519,52.9,52.9,51.3,51.7,186,964
20260520,51.4,52.8,51.2,51.6,123,636
20260521,53.4,53.4,52.3,52.9,227,1201
20260522,53.2,53.3,52.6,53.3,171,906
20260525,53.5,54.1,53,53.1,350,1869
20260526,53.3,53.9,52.4,52.7,224,1183
20260527,53.5,54.1,51.6,51.8,358,1870
20260528,52.6,56.7,52.6,56,1331,7362
20260529,57.6,57.6,54.9,55.5,659,3674
20260601,56.4,56.4,53.3,54.5,498,2702
20260602,54.2,54.2,53.5,53.8,272,1463
20260603,54.1,55.7,53.9,55.6,507,2779
20260604,55.4,55.7,54.5,54.8,268,1473
20260605,55.2,55.3,53.7,54,162,878
20260608,48.6,49.25,48.6,48.85,526,2566
20260609,49.4,50.1,49.05,50,244,1210
20260610,49,50.2,48.6,48.65,194,955
20260611,48.75,49,47.5,48.6,192,925
20260612,49.1,50,49.1,49.6,147,727
20260615,50,50.1,49.45,49.5,224,1114
20260616,49.7,50,49.2,49.95,111,552
20260617,49.9,50.3,49.55,50.3,78,389
20260618,50.5,52.8,50.5,52,192,989
20260622,53.5,53.5,51.5,51.8,240,1250
20260623,52,52,50.2,50.3,227,1147
20260624,50.3,51.7,49.95,50.3,122,619
20260625,51.4,51.4,49.8,49.8,179,899
20260626,49.8,49.9,47.55,47.6,359,1738
20260629,47.95,48.5,47.65,48,94,451
20260630,48.85,48.85,47.45,47.7,321,1531
20260701,48.05,48.05,47.5,47.65,123,587
20260702,47.55,47.9,47.25,47.7,128,610
20260703,47.7,48.95,47.7,48.7,286,1388
20260706,49.25,50.8,49.05,49.05,244,1214
20260707,49.4,49.4,47.25,47.5,273,1310
20260708,47.6,47.65,47.15,47.5,94,446
20260709,47.55,48.1,47.4,47.5,90,429
20260713,48.5,48.55,46.75,46.75,167,786
20260714,46.75,46.75,44.8,45.75,294,1335
20260715,46,46.8,45.55,46.5,72,332
20260716,46.5,46.7,45.8,46,56,259
20260717,45.95,45.95,44.65,44.65,252,1133
20260720,45.05,45.5,44,45.05,118,527
20260721,45,46,45,45.5,55,251
20260722,47.55,47.55,46,46.15,77,356
20260723,46.05,46.3,45.85,46.2,80,369
20260724,47,48.15,46.1,47.8,259,1223
20260727,47.3,47.6,46,46.5,103,480
20260728,45,46.7,45,45.6,76,346
20260729,45.1,45.15,42.4,44.2,350,1540
20260730,42.55,45.35,42.55,44.5,220,966
20260731,45.8,46.2,44.8,44.8,89,403
20260803,44.7,47.2,44.5,46.3,145,665
20260804,46.3,46.5,45.45,45.7,80,368
20260805,45.7,46.35,45,45.35,139,635
20260806,45.55,45.55,44.35,45,96,431
20260807,45.05,45.05,44.15,44.2,141,626
20260810,44.5,45.2,44.3,44.8,55,246
20260811,44.75,44.75,44.1,44.35,54,239
20260812,45,45,44.5,44.8,73,326
20260813,45.2,45.7,44.9,45.5,122,555
20260814,45.5,45.5,44.35,45,69,310
20260817,45.7,45.7,44.5,44.7,112,500
20260818,45.5,45.5,44.4,44.8,64,287
20260819,45.1,46.5,44.7,45.75,222,1018
20260820,46.1,46.1,45.3,46,78,356
20260821,46.9,46.9,45.25,45.7,52,237
20260824,46.5,46.5,45.3,45.3,34,154
20260825,45.5,45.5,44.2,44.9,123,548
20260826,45.05,45.05,44.1,44.85,95,424
20260827,45.25,45.3,44.3,44.5,237,1056
20260828,44.5,45.1,44,44,295,1305
20260831,44,44,42.95,43.3,219,946
20260901,43,43.7,43,43.05,86,371
20260902,43.1,43.5,43.1,43.45,63,273
20260903,43.7,43.7,42.95,42.95,118,508
20260904,43.1,43.15,42.95,43,45,194
20260907,43.2,43.2,42.75,42.9,37,159
20260908,43,43,42.5,42.5,70,299
20260909,42.5,42.6,41.95,42.3,151,636
20260910,42.1,42.2,41.95,42.05,95,399
20260911,42.55,43,41.8,42.3,97,409
20260914,42.1,42.1,41.55,41.75,91,380
20260915,41.3,41.45,40.3,40.3,162,662
20260916,41.95,41.95,40.45,41.5,135,554
20260917,41.5,41.6,40.85,41.15,84,347
20260918,41.1,41.5,39.3,39.3,2884,11363
