# date,open,high,low,close,lot,wan
20250814,33.9,34.95,33.85,34.65,126,434
20250815,34.9,35,34,34,97,333
20250818,34.35,35.75,33.85,34.45,279,972
20250819,35.35,37.85,35.25,37.85,1477,5452
20250820,38,41.6,37.5,38.55,5651,22433
20250821,38.55,41,38.1,40.5,1991,7892
20250822,40.1,41,37.7,37.95,1483,5820
20250825,38.9,39.1,37.25,37.25,593,2258
20250826,37.5,40.3,37.4,39.75,962,3748
20250827,40.55,43.7,39,40.55,3801,15882
20250828,40.6,41.2,39.7,39.75,942,3799
20250829,39.85,43.7,39.1,43.7,2572,10938
20250901,44.55,48,42.2,42.4,5866,26621
20250902,43,43.75,40.3,40.35,1125,4681
20250903,40.2,42.7,40.2,41.25,1029,4259
20250904,41.6,41.95,39.15,39.5,675,2729
20250905,39.85,41.8,39.6,40.8,469,1909
20250908,41.5,41.5,40,40.5,268,1092
20250909,41.35,42.6,40.1,40.1,556,2294
20250910,40.55,41.5,39.9,40.2,471,1915
20250911,43.15,43.6,40.45,40.7,1246,5239
20250912,41.05,41.5,40.3,40.35,360,1466
20250915,40.5,40.5,38.25,38.25,422,1641
20250916,38.3,39.4,38.3,38.95,171,667
20250917,38.75,39.75,38.45,38.45,223,869
20250918,38.85,42.25,38.85,42,1381,5737
20250919,42,42.95,41.05,41.3,760,3190
20250922,41.8,41.8,40.35,40.65,219,893
20250923,40.75,40.75,39.35,39.9,288,1152
20250924,40.9,43,40.5,41.6,954,3991
20250925,41.9,42,40.2,40.35,335,1374
20250926,40.05,43.4,39.35,42.4,1108,4674
20250930,43.1,45.55,42.3,45.5,3012,13329
20251001,45.95,50,45.75,50,5322,26177
20251002,55,55,55,55,1536,8448
20251003,58.8,60.5,57,60.5,4566,27110
20251007,65.3,66.5,60.4,66,17529,111590
20251008,63.1,64,61.8,63,1805,11357
20251009,64,66,63.1,64.9,1260,8110
20251013,60.5,64,60.5,64,960,5969
20251014,66.4,66.4,60.4,61.4,1051,6630
20251015,62,64.5,61.6,64,832,5271
20251016,63.4,64.3,63,63.5,483,3071
20251017,63,64,63,63.1,251,1591
20251020,64.3,66.8,63.5,66.8,1010,6629
20251021,67.2,67.2,63,63.2,986,6305
20251022,61,61.9,61,61,791,4848
20251023,60.1,62.6,57.6,59,2106,12422
20251027,59.8,64.8,58.6,58.6,2692,16414
20251028,58.9,59.3,55,56,1912,10735
20251029,56.3,57.3,51.2,53.9,2107,11272
20251030,53.3,54.1,51.8,52.3,667,3511
20251031,52.4,52.6,51.3,52.2,457,2371
20251103,52.8,53.6,51.3,51.9,561,2918
20251104,51.7,51.9,49.7,50.1,580,2929
20251105,49.8,50.2,48.7,49.8,405,1996
20251106,51.7,54.7,50.6,54.7,1186,6354
20251107,54.8,55.7,50.1,50.5,2238,11850
20251110,51.3,54.8,51.3,54,1701,9075
20251111,54.6,57,53,53.8,1322,7186
20251112,54.4,55.1,53.7,54.2,676,3669
20251113,53.9,54.6,52.2,52.9,410,2182
20251114,52.9,58.1,52.9,58.1,3011,17237
20251117,60.8,63.9,60.6,63.9,10390,65374
20251118,63,70,62.9,65.4,17953,119393
20251119,65.3,65.3,61.2,61.3,3949,24858
20251120,64,64.3,58.5,61.3,3239,19915
20251121,59.6,60.2,58.3,59,1019,6002
20251124,59.2,64.5,58.2,63,1744,10845
20251125,64.4,69.3,63.4,69.3,6398,43087
20251126,71.4,72.5,62.9,65.7,11060,75308
20251127,67.9,72.2,67.5,72.2,5101,35852
20251128,71.2,73.4,68.3,71.1,10365,73334
20251201,71.3,71.6,68.5,69.6,2023,14149
20251202,69.5,71,67.1,67.7,1972,13498
20251203,67.7,69,67.2,67.6,1147,7779
20251204,69,73.8,67.3,67.5,3690,25900
20251205,67.5,68.8,66.6,67.7,1251,8459
20251208,67.7,68.7,67.1,67.6,668,4535
20251209,67.9,69.2,65.5,65.8,1165,7825
20251210,66.3,68.3,65.2,65.3,810,5379
20251211,64,64.7,61.2,61.2,1451,9117
20251212,61.9,62.6,61.3,62.4,649,4029
20251215,61.1,62.2,60.6,61.7,362,2222
20251216,61.2,61.3,59.1,59.8,534,3206
20251217,60.3,64.5,59.9,60.7,731,4527
20251218,60.9,65.7,60.8,62.9,2680,17146
20251219,63.5,69.1,63.2,69.1,4667,31548
20251222,72.6,75.2,71.1,72.1,8034,58531
20251223,71.5,74.6,71.1,72.2,2993,21645
20251224,73.5,77,71.5,71.6,4451,32775
20251226,71.1,73.5,71,71.5,2218,16033
20251229,71.5,77.5,69.9,76,5576,42018
20251230,76,76.6,71.6,73.2,4050,29780
20251231,72.8,73.2,71.3,72.8,2174,15718
20260102,72.8,73.2,71.2,71.3,1237,8933
20260105,72.3,73.3,68.2,69.5,1499,10512
20260106,69.6,69.9,67.8,68,789,5416
20260107,67.7,68.5,66.6,66.8,780,5248
20260108,66.8,68.3,64.8,64.8,1133,7504
20260109,65.1,66.6,63.3,65.9,791,5167
20260112,72.4,72.4,72.4,72.4,987,7146
20260113,77.8,79.2,71.7,72.7,5200,39442
20260114,74,74.9,72.4,73.4,1700,12537
20260115,73.6,75.9,72.8,74,1689,12595
20260116,75,76.4,72,72.5,1819,13540
20260119,72.5,77.8,72.1,76.8,3137,23767
20260120,77,84.4,75.7,80.8,9197,75262
20260121,80.8,83.5,76.7,77.3,3765,30141
20260122,79,79.9,74.5,74.6,2021,15488
20260123,75.1,75.9,73.1,74,1022,7593
20260126,73.3,74.9,72.6,74.4,659,4866
20260127,75.2,75.2,72.4,73,633,4641
20260128,74,76,73.4,75,950,7099
20260129,75.2,75.2,70.4,70.4,1178,8438
20260130,70.4,73.2,69.1,72.3,986,7021
20260202,72.1,72.1,68,69.7,738,5122
20260203,71.1,73.9,70.7,72.3,863,6237
20260204,71.9,75,71.2,74.9,767,5672
20260205,74,74.7,69.8,70,784,5632
20260206,68.1,68.2,64.5,66.8,835,5538
20260209,68.7,69.2,66.2,68,491,3317
20260210,68.3,68.9,65.4,65.7,504,3365
20260211,64.1,72.2,62.7,72.2,1753,12040
20260223,68.2,69.8,65,65.8,2943,19601
20260224,65.9,66.7,63.9,65.2,1417,9225
20260225,65.5,71.7,64.3,71.7,3085,21178
20260226,72.3,76.7,72.1,75.9,8155,61029
20260302,72.3,78,72.2,73.8,5638,42728
20260303,73.4,74.9,68,70.5,2229,15773
20260304,70.3,70.3,64.5,65.9,1160,7726
20260305,67.7,70.5,67.7,67.9,1504,10404
20260306,68,70,67,68.4,672,4627
20260309,62,63.7,61.6,62.3,865,5380
20260310,64.7,68,64.2,66.8,1000,6675
20260311,66.6,72.4,66.6,69.8,2348,16597
20260312,69,71.7,68.3,69.5,1186,8314
20260313,68.5,74.4,68,71.6,3043,21947
20260316,71,71.9,69.2,69.8,781,5488
20260317,71,72.7,68.5,68.8,941,6640
20260318,69.8,75.3,68.9,74,2604,19017
20260319,74,81,73.5,77,8555,67026
20260320,77.4,79.6,75.3,76.9,3415,26407
20260323,74.3,75,72.1,74,1082,7960
20260324,74.9,75.4,71.5,72.2,1049,7672
20260325,73.9,78.8,73.3,77.9,1723,13165
20260326,77,79.5,75,75,2119,16406
20260327,73.8,74.6,72.3,73.2,769,5640
20260330,70.6,71.2,67.8,69.9,1011,7017
20260331,68.6,69.8,65.9,66.8,805,5427
20260401,68.8,69.5,67.6,67.8,519,3541
20260402,68.5,69.4,65.8,65.8,432,2885
20260407,68.5,68.5,64.6,64.6,441,2896
20260408,66.8,67.9,65.7,66.7,572,3832
20260409,67.3,72.7,65,70,1430,9830
20260410,71,75,70.3,74.5,2116,15399
20260413,78.7,81.9,77.5,81.9,5125,41689
20260414,90,90,90,90,1021,9189
20260415,99,99,97,99,2489,24628
20260416,108.5,108.5,108.5,108.5,1135,12315
20260417,118.5,119,113.5,119,3396,39439
20260420,130.5,130.5,130.5,130.5,541,7060
20260421,143.5,143.5,143.5,143.5,471,6759
20260422,157.5,157.5,157.5,157.5,475,7481
20260423,173,173,142,157,2236,34286
20260424,172.5,172.5,156,163.5,1340,22100
20260427,179.5,179.5,151,153,798,13150
20260428,159.5,159.5,145,149,549,8160
20260429,149,163.5,147,163.5,526,8250
20260430,170,179.5,170,179.5,685,12093
20260504,197,197,197,197,320,6304
20260505,216.5,216.5,216.5,216.5,243,5261
20260506,238,238,220,234,908,20894
20260507,222,236.5,222,225.5,453,10317
20260508,224.5,238,220,235,519,11782
20260511,240,240,231,236.5,270,6350
20260512,240,240,229,234,217,5103
20260513,228,230,216.5,225,290,6492
20260514,242,242,218.5,226,212,4784
20260515,226,226,204,210,347,7364
20260518,209,220,192,216,435,8846
20260519,224.5,230,205,214,233,5078
20260520,214,214,205,205,198,4122
20260521,214,225.5,214,225.5,230,5133
20260522,248,248,248,248,347,8606
20260525,272.5,272.5,272.5,272.5,87,2371
20260526,299.5,299.5,267,280,4293,124164
20260527,279.5,279.5,252,252,3058,78813
20260528,244.5,254,236.5,240,1679,40766
20260529,258,258,233.5,236.5,1254,30021
20260601,236.5,250,233.5,244,876,21230
20260602,240,250,220,221.5,1571,35958
20260603,221.5,226,210,211,1324,28331
20260604,206.5,225,190,192.5,2656,54581
20260605,186.5,188,173.5,173.5,1159,20553
20260608,156.5,156.5,156.5,156.5,79,1236
20260609,141,141,141,141,209,2947
20260610,127.5,141,127.5,135,1204,15924
20260611,127.5,144,121.5,143,1002,12823
20260612,152,154,139.5,141.5,312,4565
20260615,146,146,133,141.5,251,3482
20260616,144.5,151.5,144.5,149,222,3291
20260617,155,163.5,154.5,163.5,272,4368
20260618,176,179.5,176,179.5,323,5780
20260622,185,187.5,178,178,414,7530
20260623,178,178,161,162,375,6149
20260624,152.5,159,147.5,153,318,4810
20260625,159,159,148,156.5,296,4517
20260626,145,149,141,141,1700,24285
20260629,137,145,132,136.5,782,10714
20260630,137,149,136.5,141.5,856,12194
20260701,145,149,140.5,142.5,462,6628
20260702,134.5,151.5,134.5,144.5,584,8505
20260703,141,145.5,138.5,143.5,292,4165
20260706,141.5,148,140,140,419,5991
20260707,140,142,127.5,129,653,8646
20260708,134,134,123,130,479,6108
20260709,133.5,136.5,129,133,329,4371
20260713,142.5,142.5,127.5,134,543,7390
20260714,130.5,133.5,120.5,125.5,661,8182
20260715,126,131,126,127.5,238,3053
20260716,125,127.5,121.5,123.5,219,2720
20260717,115,122,111.5,115.5,579,6659
20260720,111.5,114,105,110.5,636,6987
20260721,116.5,116.5,110.5,114.5,369,4161
20260722,117,123.5,117,122,424,5106
20260723,126,126,117,118,273,3276
20260724,112,117,110.5,112.5,186,2100
20260727,114,114,107,112,185,2034
20260728,102.5,106,101,101,402,4134
20260729,102.5,103,90.9,93.2,757,7142
20260730,86.1,95.8,86.1,90.9,582,5315
20260731,99,99.3,94.3,98.4,395,3839
20260803,100,108,97.5,108,469,4950
20260804,106,113,102.5,111.5,1074,11591
20260805,115,119,111.5,111.5,529,6034
20260806,110.5,122.5,107,122.5,528,6213
20260807,123.5,124,110.5,110.5,1176,13504
20260810,110.5,116.5,109,114,561,6401
20260811,112,118.5,112,115,294,3390
20260812,113,122,113,119,562,6656
20260813,119.5,130.5,119.5,126,1163,14678
20260814,130,130,117.5,119,842,10319
20260817,117,117,113,113,356,4074
20260818,113.5,114,105.5,106.5,524,5704
20260819,104.5,109.5,103,105.5,290,3077
20260820,107,107.5,105,106,250,2658
20260821,104.5,107.5,100.5,103.5,274,2834
20260824,102.5,106,100.5,100.5,230,2365
20260825,101,105,99.4,105,261,2653
20260826,103.5,112,103.5,111,434,4745
20260827,111.5,117.5,109,113,418,4731
20260828,113,114.5,110,110.5,296,3308
20260831,108.5,109,103.5,107,202,2154
20260901,107.5,117.5,107.5,113.5,687,7859
20260902,111,117.5,108,111.5,497,5649
20260903,113.5,115.5,107,107,487,5395
20260904,110.5,114,108.5,111.5,294,3267
20260907,114,114,108,108,368,4048
20260908,108.5,110,105.5,105.5,181,1944
20260909,105.5,112,105.5,107.5,363,3938
20260910,104,104,98,100.5,895,8951
20260911,99.4,100.5,96.9,98,273,2681
20260914,98.5,99.7,95.8,96.5,178,1731
20260915,96.5,97.8,92.8,92.8,274,2594
20260916,94.5,96.5,93.3,95.9,110,1050
20260917,98.1,99.6,96.2,96.2,186,1816
20260918,98.2,103,96.3,102,321,3227
20260921,103,107,102,103.5,284,2981
