# date,open,high,low,close,lot,wan
20250814,32.85,33,31.5,31.95,660,2128
20250815,31.95,33.4,31.75,31.85,601,1955
20250818,31.75,31.75,29.05,29.6,850,2544
20250819,29.6,30.1,29.2,29.6,224,662
20250820,29.5,29.5,28.8,28.8,123,357
20250821,28.9,29.6,28.15,28.15,366,1050
20250822,28.15,29.2,28.15,28.3,166,475
20250825,28.75,29.3,28.45,28.6,128,368
20250826,28.45,28.8,28.15,28.7,102,289
20250827,29.3,29.3,28.65,28.7,102,295
20250828,28.7,29.45,28.65,28.75,90,261
20250829,28.85,30,28.85,28.95,229,673
20250901,28.65,30.6,28.6,28.8,233,683
20250902,28.9,30.25,28.9,29.1,579,1717
20250903,29.05,29.65,28.9,29,191,555
20250904,29.4,29.4,28.8,28.95,123,357
20250905,30.1,31.8,30.1,31.65,1573,4937
20250908,32.3,32.5,30.4,32.5,941,2946
20250909,31.25,32.95,31.25,32,618,1982
20250910,32,32.4,31.05,31.05,238,752
20250911,31.2,31.2,29.25,29.25,350,1044
20250912,29.5,30.2,29.1,29.3,124,367
20250915,29.3,29.3,27.7,28.9,192,548
20250916,28.85,29.2,28.6,28.9,34,98
20250917,28.9,29.3,28.7,28.8,77,223
20250918,29.1,29.5,28.9,29.1,55,161
20250919,29.45,30.5,29.35,29.75,177,528
20250922,29.95,30,29.35,29.7,75,222
20250923,29.35,29.35,28.5,29,180,520
20250924,29.1,30,28.7,29.5,101,296
20250925,29.4,29.9,29.2,29.3,54,159
20250926,29.45,29.45,28.25,28.25,68,193
20250930,28.9,29.6,28.6,28.95,53,153
20251001,29.35,29.75,29,29.4,42,123
20251002,29.15,30,29.15,29.6,104,308
20251003,29.55,31.4,29.55,30.25,217,660
20251007,30.5,32.45,30.5,31.05,598,1902
20251008,31.75,32,30.5,31.4,193,607
20251009,31.85,32.05,30.7,30.95,126,392
20251013,30,31.8,30,31.2,133,413
20251014,31.2,31.4,30,30,163,498
20251015,30.5,31,29.35,29.4,211,633
20251016,29.75,29.95,29.1,29.2,87,256
20251017,29.2,29.75,28.85,29.1,65,190
20251020,29,29.35,28.7,29.1,110,318
20251021,29.1,30.35,29.1,29.55,118,351
20251022,29.5,30.55,29.5,30.4,175,526
20251023,30,30.5,30,30.45,94,284
20251027,30.65,30.65,29.85,29.9,137,413
20251028,29.9,29.9,29,29.25,111,325
20251029,29.4,30.35,29.4,30.25,123,369
20251030,30.5,31.5,30.25,31.2,332,1031
20251031,31.3,31.75,30.45,30.65,237,735
20251103,30.75,30.8,30.05,30.05,92,279
20251104,29.95,30.05,28.5,28.5,145,421
20251105,28.1,28.85,28.1,28.3,50,143
20251106,28.7,28.85,28.25,28.4,51,145
20251107,28.3,28.3,26.6,26.7,217,588
20251110,26.25,26.3,24.2,25.3,397,1001
20251111,25.55,26.3,25.55,26.2,68,177
20251112,26.15,26.15,25.45,25.65,88,226
20251113,25.75,26.2,25.7,25.85,77,200
20251114,25.3,25.95,25.25,25.75,29,75
20251117,25.6,26.5,25,26.2,90,233
20251118,26.2,26.2,25.4,25.5,41,106
20251119,25.65,25.95,25.5,25.9,36,93
20251120,25.9,26.25,25.6,25.85,29,75
20251121,25.85,25.95,25.05,25.65,35,90
20251124,26,26,25.75,25.75,6,16
20251125,26.4,26.6,25.9,25.9,5,13
20251126,25.95,26.05,25.65,25.75,33,85
20251127,26,26,25.6,25.8,54,139
20251128,26.1,26.1,25.65,25.8,26,67
20251201,25.1,25.9,24.7,25.75,39,100
20251202,26.35,26.35,25.3,25.45,45,116
20251203,25.75,26.25,25.6,26.25,26,68
20251204,26.25,26.45,25.8,25.85,31,81
20251205,26.25,26.6,25.8,26,40,105
20251208,26,26.6,26,26.6,28,74
20251209,26.65,26.65,26.65,26.65,1,3
20251210,26.65,26.65,26.1,26.25,24,63
20251211,25.45,26.4,25.45,25.6,34,88
20251212,25.8,26.1,25.35,25.85,39,101
20251215,25.85,26.05,25.85,26,19,49
20251216,26.1,26.25,25.85,25.9,18,47
20251217,26,26,25.65,25.8,28,72
20251218,25.5,25.5,25.4,25.5,7,18
20251219,25.5,25.5,25.1,25.25,32,81
20251222,25.45,26.3,25.45,25.8,47,120
20251223,26.05,26.05,25.6,25.7,38,98
20251224,25.5,25.9,25.5,25.9,29,74
20251226,25.35,25.6,25.35,25.5,56,142
20251229,25.55,25.7,25.25,25.6,80,204
20251230,25.6,25.6,25.1,25.6,60,152
20251231,25.6,25.7,25.3,25.7,64,163
20260102,25.7,26.25,25.45,25.7,45,116
20260105,25.9,25.9,25.5,25.55,37,95
20260106,25.3,25.35,25.05,25.05,54,136
20260107,25.4,25.9,25.4,25.4,53,135
20260108,25.4,25.9,25.25,25.4,38,97
20260109,25.3,25.5,25.25,25.5,25,63
20260112,25.5,25.5,25.3,25.3,31,79
20260113,25.3,25.3,24.1,24.35,190,466
20260114,24.45,24.75,24.45,24.75,41,101
20260115,24.75,24.9,24.7,24.7,25,62
20260116,24.95,27.15,24.95,27.15,390,1050
20260119,27.4,28.75,27.15,27.8,530,1479
20260120,28.1,28.1,27.25,27.3,80,219
20260121,27,27.75,27,27.35,83,227
20260122,27.55,28.35,27.35,27.35,67,186
20260123,28,28,27,27,65,178
20260126,27.6,27.6,26.8,27,41,111
20260127,26.9,26.9,26,26.1,135,354
20260128,26.5,26.5,26,26,15,39
20260129,26.05,26.5,25.7,25.75,55,142
20260130,25.2,25.4,25.2,25.3,40,101
20260202,25.2,25.2,24.3,24.5,91,223
20260203,24.7,24.85,24.3,24.5,74,181
20260204,24.2,24.75,23.8,24.65,79,193
20260205,24.65,24.9,24.5,24.55,52,128
20260206,24.5,25.35,24.45,24.85,78,192
20260209,25.05,25.5,25,25.2,66,166
20260210,25.8,26.5,25.3,25.4,84,216
20260211,25.05,25.35,24.65,25.1,72,181
20260223,25.4,25.8,25.1,25.45,44,111
20260224,25.45,25.45,25.05,25.25,46,116
20260225,25.3,25.3,25,25,58,145
20260226,24.95,25,24.85,25,49,122
20260302,25,25,24.6,24.8,36,89
20260303,24.55,24.55,24.2,24.35,30,73
20260304,23.9,24.1,23.6,23.6,47,112
20260305,23.7,24.4,23.6,24.15,26,62
20260306,23.7,24.15,23.7,23.8,11,26
20260309,23.65,23.65,22.4,22.55,61,138
20260310,22.8,22.95,22.5,22.95,33,75
20260311,22.6,22.95,22.5,22.95,47,107
20260312,23.1,23.6,23.1,23.3,78,182
20260313,23.1,23.6,23.1,23.6,18,42
20260316,23.6,23.6,23.3,23.3,5,12
20260317,23.1,23.8,23.1,23.8,50,118
20260318,23.8,23.8,23.35,23.45,40,94
20260319,23.4,23.45,23.4,23.4,12,28
20260320,23.35,23.65,23.25,23.5,31,72
20260323,23.85,24,22.85,23,52,120
20260324,23,23,22.5,22.7,41,93
20260325,22.75,23,22.55,23,60,136
20260326,23,23.1,22.9,22.9,30,69
20260327,22.7,23.3,22.7,23.3,71,163
20260330,23,23.25,23,23.25,8,18
20260331,23.05,23.2,23,23.05,34,78
20260401,23.1,24,23.05,23.45,25,59
20260402,23.5,23.55,23.15,23.5,50,117
20260407,23.5,23.6,23.45,23.6,7,16
20260408,23.85,23.85,23.7,23.75,21,50
20260409,23.3,23.9,23.25,23.6,34,80
20260410,23.65,23.7,23.6,23.6,21,50
20260413,23.8,24,23.75,23.9,21,50
20260414,24,24.1,23.9,24,21,50
20260415,24,25.2,24,24.8,48,118
20260416,24.6,24.8,24.45,24.8,31,76
20260417,24.5,24.75,24.45,24.7,13,32
20260420,24.5,25.2,24.5,24.65,69,171
20260421,24.7,25.25,24.55,25.1,99,247
20260422,25.6,26.5,25.35,26.05,129,334
20260423,26.3,26.9,25.1,25.2,213,556
20260424,25,25.45,24.9,25,26,65
20260427,25,25.1,24.1,24.6,30,74
20260428,24.5,24.7,24.1,24.35,72,175
20260429,24.2,24.3,24.2,24.2,49,119
20260430,24.65,25.45,24.2,24.4,29,72
20260504,24.55,24.55,24.35,24.35,48,117
20260505,24.8,26.75,24.8,26.75,231,612
20260506,27.15,27.15,25.3,25.6,323,850
20260507,25.75,26.3,25.5,25.65,127,326
20260508,26.3,26.3,25.55,25.65,65,167
20260511,26,28.2,26,28.2,697,1933
20260512,27.05,29,26.8,27.55,554,1538
20260513,27.55,27.6,26.95,27.5,170,464
20260514,27.55,27.8,26.9,27.5,151,413
20260515,27.5,27.85,26.85,26.85,93,253
20260518,26.85,26.85,26.4,26.5,53,141
20260519,26.15,26.2,26.1,26.2,27,71
20260520,27.8,27.8,26.8,27.25,41,112
20260521,27.35,29.9,27.35,28.1,528,1518
20260522,28.3,28.6,27.85,28.2,87,245
20260525,27.9,28.6,27.5,27.6,128,355
20260526,27.65,29.7,27.65,28.25,416,1203
20260527,28.25,29.2,27.6,27.95,206,581
20260528,27.95,28.5,27.7,28,89,250
20260529,28,28.8,27.85,28.05,78,219
20260601,28.1,28.1,27,27.5,83,229
20260602,27.35,27.55,27.05,27.55,123,335
20260603,27.5,29.9,27.5,28.8,397,1157
20260604,29.2,29.75,27.4,29.45,339,992
20260605,29.8,29.9,28.1,28.55,267,772
20260608,27.6,27.6,26.4,27.3,88,239
20260609,27.6,27.6,26.7,26.95,77,208
20260610,26.85,27.2,26.65,26.8,41,111
20260611,27,27.2,26.8,26.95,40,108
20260612,27.6,27.85,27.4,27.45,47,130
20260615,27.45,27.95,27.45,27.7,77,213
20260616,27.55,27.8,27.2,27.25,43,118
20260617,27,27,26.55,26.8,37,99
20260618,27.55,27.55,26.65,27,46,123
20260622,27,27,26.2,26.4,136,360
20260623,26.4,26.4,25.3,25.55,83,212
20260624,25.1,26.45,25.1,26.45,40,102
20260625,26.6,26.6,25.9,26.15,24,62
20260626,26.5,26.5,25.45,25.5,39,100
20260629,25.5,25.95,25.5,25.95,8,21
20260630,26,26.05,25.95,26.05,12,31
20260701,26.2,28.65,26.2,26.5,312,856
20260702,26.25,26.4,26.05,26.4,35,92
20260703,26.55,27.2,26.4,26.65,62,167
20260706,27.2,29.1,27.2,27.75,614,1729
20260707,28,28.35,27.05,27.25,79,218
20260708,27.6,28.2,26.55,27.7,65,178
20260709,27,27.2,27,27.1,21,57
20260713,26.7,26.9,26.6,26.75,22,59
20260714,26.55,26.7,25.9,26.5,90,235
20260715,26.8,26.95,26.55,26.75,42,112
20260716,26.5,26.95,26.5,26.5,15,40
20260717,26.15,26.45,25.55,26,47,122
20260720,25.6,26.2,25.35,26.2,46,118
20260721,26.45,26.45,26,26.45,14,37
20260722,26.85,27.65,26.6,26.85,29,78
20260723,27.65,27.65,26.85,27.3,16,44
20260724,27.45,27.45,26.85,27.15,16,43
20260727,27.4,27.4,26.05,26.1,48,126
20260728,25.3,25.5,25,25.5,15,38
20260729,24.7,25.35,24.2,24.9,33,81
20260730,25.25,25.25,24.6,24.95,22,55
20260731,24.95,27.3,24.95,26.2,62,159
20260803,25.3,26.5,25.3,26.5,29,76
20260804,26.45,26.5,26.4,26.5,6,16
20260805,26.7,26.8,25.75,26.25,26,68
20260806,26.35,26.35,25.9,26.25,23,60
20260807,26.9,27.3,26.5,26.95,41,110
20260810,26.55,27.6,26.5,27.2,40,109
20260811,26.6,27.15,26.5,27.15,10,27
20260812,26.55,26.8,26.4,26.75,71,188
20260813,26.5,27,26.5,26.65,33,88
20260814,26.95,27.35,26.65,26.7,27,73
20260817,27,27,26.5,26.75,18,48
20260818,27,27.35,26.6,26.95,33,89
20260819,26.7,26.7,26.6,26.6,11,29
20260820,26.6,27.75,26.6,27.1,31,84
20260821,26.75,26.85,26.55,26.65,22,59
20260824,26.5,26.75,26.05,26.55,26,69
20260825,26.55,26.55,26.35,26.5,12,32
20260826,26.05,26.3,25.8,26.05,47,123
20260827,26,26.6,26,26.35,24,63
20260828,26.3,26.45,26,26.4,17,45
20260831,26,26.8,26,26.4,5,13
20260901,26.15,26.35,26,26.35,23,60
20260902,25.95,26.15,25.95,26,5,13
20260903,26.05,26.15,25.9,26.15,12,31
20260904,26.4,26.8,26.4,26.75,13,35
20260907,27.4,27.4,26.7,26.7,82,221
20260908,26.7,26.7,26.5,26.5,17,45
20260909,26.5,26.5,26,26.2,23,60
20260910,26.2,26.8,26,26.8,30,79
20260911,26.75,26.75,26.2,26.25,9,24
20260914,26,27,26,26.65,61,163
20260915,26.3,26.3,26.3,26.3,2,5
20260916,26.25,26.3,25.85,26.15,7,18
20260917,26.2,26.3,26.2,26.3,16,42
20260918,26.25,26.25,26.2,26.25,10,26
