# date,open,high,low,close,lot,wan
20250814,57.3,58.6,57.3,57.5,250,1446
20250815,57.5,57.5,56.6,57.3,281,1604
20250818,57,57.5,56.7,56.9,355,2026
20250819,57.1,57.8,56.6,57,356,2041
20250820,57.6,57.6,55.7,56.2,433,2441
20250821,56.2,57.3,56.2,56.8,188,1069
20250822,56.7,58.4,56.7,57.8,345,1991
20250825,58.3,59.1,58.2,58.6,703,4123
20250826,55.5,55.9,54.3,54.4,776,4262
20250827,54.2,54.8,54.2,54.7,215,1172
20250828,54.3,56,54.3,55.9,394,2192
20250829,56.5,56.5,55.2,55.5,221,1228
20250901,55.1,55.1,52.5,52.8,600,3205
20250902,52.8,53.3,51.8,52.4,291,1528
20250903,52.2,52.7,52,52.7,143,751
20250904,52.4,53.1,52.4,52.8,216,1143
20250905,52.8,53.6,52.5,52.7,155,815
20250908,52.4,53.3,52.4,52.8,154,814
20250909,52.7,53.7,51.9,51.9,401,2104
20250910,52,52.2,51.6,51.9,256,1330
20250911,51.7,51.9,50.4,50.4,403,2061
20250912,50.5,51.3,50.5,51.1,97,496
20250915,51.1,51.1,50.2,50.4,167,843
20250916,50.7,50.7,50.1,50.6,95,482
20250917,50.8,51.6,50.8,51.1,178,913
20250918,51.5,52.5,51.5,52.4,303,1576
20250919,53.1,53.6,52.5,53,279,1481
20250922,53.3,53.3,52.5,52.7,153,806
20250923,53,53,51.8,52.5,248,1298
20250924,52.6,53.3,52.4,52.9,224,1184
20250925,53.2,56.5,53.2,54.3,595,3256
20250926,55,55.2,52.6,53.2,397,2127
20250930,53.4,54.4,53,54.4,245,1316
20251001,54.7,54.8,54,54.4,215,1170
20251002,54.8,54.9,53,53.8,282,1513
20251003,53.9,53.9,53.6,53.7,110,590
20251007,53.5,54.9,53.5,54.3,156,848
20251008,54.7,55,54.5,55,266,1460
20251009,55.9,57.7,55.7,55.8,549,3108
20251013,55,55,54,54.6,255,1384
20251014,54.7,56.5,54.7,54.9,478,2655
20251015,54.9,55.5,54,54.7,177,967
20251016,55.7,56.3,55.2,55.4,201,1121
20251017,55.4,55.4,54.5,55.4,164,899
20251020,55.3,55.3,54.5,54.8,164,902
20251021,55.5,56,55.1,55.6,240,1338
20251022,55.8,56.6,55.5,56.2,297,1670
20251023,56.2,56.2,55.4,55.6,203,1134
20251027,55.6,56,54.9,55.4,244,1347
20251028,56,56,54.6,54.6,153,841
20251029,54.7,55.8,54.7,55.1,182,1005
20251030,55.1,55.8,54.6,54.7,110,603
20251031,54.7,55.9,54.5,54.6,144,797
20251103,54.7,55.6,54.4,55.5,212,1170
20251104,55.6,55.9,54.5,54.6,153,841
20251105,53.9,56.2,53.4,55.6,415,2281
20251106,55.5,55.7,54.9,55.6,102,562
20251107,57.4,59.8,56.8,58.9,2001,11728
20251110,60.2,61,58.6,60.4,1577,9413
20251111,63.8,65,61.8,62.5,2937,18698
20251112,63.6,64.7,62.7,64,1723,10980
20251113,64.3,68.6,63.9,67.8,3031,20121
20251114,67.4,70.9,66.6,69.3,3324,23008
20251117,70.5,73.3,70.4,73,3155,22744
20251118,72.9,72.9,67.3,68.3,3084,21415
20251119,67.4,69.7,66.4,66.9,2190,14845
20251120,68.7,69.7,68.1,68.9,1177,8110
20251121,66.9,68.5,66.6,67.5,1151,7746
20251124,68.5,69,67.4,67.4,809,5504
20251125,67.9,68.4,66.5,67.5,874,5906
20251126,68.5,68.5,65.7,65.9,1021,6831
20251127,65.9,66.5,64.8,66.2,800,5249
20251128,66.2,66.8,65.5,66.2,484,3199
20251201,66.1,66.3,65,65,486,3179
20251202,65.4,67.3,65.4,67.1,1060,7067
20251203,67.2,68.8,66.6,68.2,1354,9186
20251204,68.5,68.5,63.5,63.5,1835,11987
20251205,63,64.2,62.6,64,716,4548
20251208,63.6,64.1,62.8,63.9,342,2173
20251209,62.3,65.3,62.3,64.4,1022,6557
20251210,64.4,64.7,62.9,63.2,537,3414
20251211,63.1,65.1,63.1,63.3,526,3362
20251212,63.8,63.8,62.5,62.7,398,2502
20251215,62.6,65,62,64.2,467,2992
20251216,63.5,65,63.2,64.9,512,3297
20251217,65.8,67.2,65.4,66.2,1114,7382
20251218,66.2,66.2,64.4,64.9,535,3469
20251219,65.3,65.4,64.4,65.1,224,1452
20251222,65.6,66.8,64.9,66.8,590,3893
20251223,66.8,67.1,65.1,65.4,275,1810
20251224,65.4,65.7,63,63.1,592,3777
20251226,63.7,64.1,63.2,63.6,350,2229
20251229,63.6,63.8,62.7,63.2,263,1662
20251230,63.6,63.6,62,62.2,442,2756
20251231,63.4,63.4,61.6,62,358,2223
20260102,62.2,63,62.1,62.8,243,1524
20260105,62.8,63.3,62.1,62.8,304,1905
20260106,62.8,65.5,62.8,65.3,808,5205
20260107,65.3,65.9,64.6,64.7,478,3112
20260108,64.4,64.9,63.3,63.3,928,5954
20260109,65.3,69.6,64.5,68.4,4405,30084
20260112,69.3,70.6,67.1,67.7,3317,22705
20260113,69,69,64.4,64.9,2052,13492
20260114,65.3,67.5,64.5,66.5,1124,7470
20260115,67.1,68.4,66.9,67.4,882,5954
20260116,68,68,65.9,66,753,4999
20260119,66,68,65.2,67.8,964,6476
20260120,68.3,68.8,67.4,68.3,829,5654
20260121,68.1,70.5,67.7,68,1707,11759
20260122,69.1,72.6,67.7,70.7,3077,21739
20260123,73.6,73.8,70.3,70.5,4282,30807
20260126,70,70.8,68.2,68.4,1273,8768
20260127,68.5,69.4,67.2,67.5,888,6025
20260128,67.6,67.9,66.7,67.1,649,4356
20260129,67.1,67.2,65.5,65.8,837,5519
20260130,65.8,65.8,63.8,63.8,800,5134
20260202,63,63.5,62.5,63.5,589,3711
20260203,63.7,64.4,63.2,64.4,447,2854
20260204,64,64.9,63.4,64.7,311,2005
20260205,64.6,64.6,62.5,62.5,625,3947
20260206,62.2,62.3,60.7,61.7,361,2218
20260209,62.5,62.9,61.7,61.7,205,1273
20260210,60.2,60.3,58.2,58.4,1500,8816
20260211,58.4,58.5,57.4,58.1,599,3464
20260223,58.1,59.5,57.9,59.2,402,2366
20260224,59.1,60,59,59.7,231,1375
20260225,60.1,60.8,59.5,60,373,2234
20260226,61,61.4,59.7,61.1,478,2900
20260302,59.7,60.5,59.6,59.8,425,2546
20260303,59.7,60.1,58.4,59.5,484,2861
20260304,58.4,58.8,56.6,57,844,4828
20260305,57.8,59,57.3,58.9,554,3225
20260306,58.4,58.9,58.1,58.5,268,1567
20260309,56.3,56.8,55.3,56.1,527,2959
20260310,57.4,58.8,57.4,58.6,363,2110
20260311,60,60.2,59.5,60.2,519,3115
20260312,59.7,60.7,59.6,59.9,338,2028
20260313,59.7,60.9,59.1,60,451,2709
20260316,60.4,60.9,59.8,60.4,325,1966
20260317,60.6,62,60.6,62,460,2830
20260318,62.8,62.8,60.6,60.9,385,2362
20260319,60,61,59.7,59.7,275,1655
20260320,59.7,60.6,59.2,59.5,215,1284
20260323,58.1,59,57.9,58,292,1698
20260324,59.2,59.3,57.4,58.6,250,1460
20260325,59,59.8,59,59.7,134,794
20260326,59.4,60,58.9,59,149,889
20260327,58,59,58,58.7,203,1185
20260330,58.1,58.3,57.7,57.9,179,1039
20260331,57.5,57.8,56,56.2,383,2171
20260401,57.6,57.6,56.9,57.1,188,1076
20260402,57.8,57.8,56.4,56.6,147,832
20260407,56.8,57.4,56.2,56.2,221,1249
20260408,57.1,57.1,56.3,56.9,373,2116
20260409,56.1,56.2,54.3,55.4,883,4853
20260410,55.7,55.9,54.7,54.9,420,2312
20260413,54.8,55.3,53.9,55.2,377,2054
20260414,55.7,56,55.4,55.5,382,2122
20260415,55.8,56.8,55.8,56.2,322,1815
20260416,57,57,56.2,56.5,256,1440
20260417,56.5,56.8,55.5,55.8,320,1793
20260420,56.2,57.3,56.1,56.3,622,3533
20260421,57,57.1,56.3,56.8,242,1372
20260422,56.9,56.9,56.2,56.4,320,1807
20260423,57,57,54.2,55.3,535,2956
20260424,55.4,55.4,54.3,54.8,202,1110
20260427,54.7,55,53.6,54.7,359,1947
20260428,54.9,55.3,54.6,55.1,270,1484
20260429,55.3,55.3,54,55,235,1283
20260430,55.3,56.3,54.8,55.7,359,2001
20260504,56.2,56.5,55.5,55.7,266,1489
20260505,55.5,56.1,55.3,56.1,282,1570
20260506,57,57,55.4,55.6,392,2191
20260507,55.9,57.1,55.4,57.1,619,3481
20260508,57,57.5,55.7,56.4,550,3108
20260511,57.9,59.5,56.6,57.4,565,3256
20260512,57.4,57.5,56.2,56.6,410,2324
20260513,55.8,56.6,55.1,55.1,501,2778
20260514,55.1,55.9,55.1,55.3,325,1802
20260515,55.4,55.9,53,53.3,1046,5648
20260518,52.8,54.4,52.2,54,300,1603
20260519,53.6,54.8,53.6,54.1,238,1291
20260520,54,54.4,53.3,53.7,163,879
20260521,54.4,54.9,54.1,54.7,298,1630
20260522,54.8,56.1,54.8,55.9,515,2873
20260525,56.4,57.1,56.1,56.5,562,3176
20260526,56.6,58.6,56.6,58.5,1230,7088
20260527,59,59.6,57.1,57.1,850,4952
20260528,57.4,58,55.9,56.4,533,3027
20260529,56.7,57,56.4,56.8,309,1755
20260601,56.8,58.6,56.6,58.4,586,3395
20260602,58.8,59,57,58.4,478,2776
20260603,58.8,60.3,57.4,60.2,1702,10151
20260604,60.9,61.6,59.7,61.3,1164,7093
20260605,61.4,61.4,58.9,59.1,880,5240
20260608,53.5,56.4,53.3,56.1,767,4217
20260609,55.8,58.2,55,57.4,581,3323
20260610,56.5,58.3,55.6,55.6,503,2845
20260611,55.3,56.3,53.8,54.6,502,2748
20260612,55.3,56,55,55.1,418,2319
20260615,56.3,56.4,55.6,55.8,279,1562
20260616,56.1,56.3,55.1,55.2,197,1093
20260617,55.3,56,54.8,55.6,230,1274
20260618,55.5,56.3,55.5,55.7,191,1065
20260622,55.8,56.7,55.6,56.5,350,1973
20260623,56.4,56.8,56,56.6,274,1546
20260624,56,56.5,55.7,56.4,310,1739
20260625,56.7,56.7,55.6,55.6,236,1318
20260626,55.6,55.8,54.2,54.3,348,1908
20260629,54.8,56,54.5,55.8,273,1509
20260630,56.2,58.3,56,58.1,576,3292
20260701,59.8,59.8,58.2,59.1,833,4920
20260702,58.4,58.4,57.6,57.9,428,2477
20260703,57.7,58.6,57.7,58.3,220,1285
20260706,58.3,59.5,57.6,57.9,358,2091
20260707,57.8,58,56.8,56.8,293,1680
20260708,56.8,56.8,55.7,56.2,191,1072
20260709,55.7,57.3,55.7,55.9,167,937
20260713,56,56.4,55.1,55.8,172,955
20260714,56.1,56.1,53.3,54.9,446,2413
20260715,54.5,55.4,54.5,55.1,233,1281
20260716,55,55.4,54.4,55.2,147,811
20260717,55.2,55.2,53.1,53.2,559,3001
20260720,53.7,53.8,52,52.5,596,3123
20260721,52.4,53.2,52.4,52.9,183,971
20260722,53.3,53.8,53.1,53.1,274,1461
20260723,53.2,53.5,52.9,53.2,183,969
20260724,52.9,53.8,52.9,53.6,153,816
20260727,53.9,54.3,53,54.3,101,543
20260728,53.5,53.6,52.2,52.6,242,1277
20260729,53.6,53.6,50.3,51.7,466,2386
20260730,51.6,52,50.7,50.8,269,1380
20260731,52.2,53.5,52.2,53,277,1469
20260803,53,54.4,52.9,53.9,210,1128
20260804,53.3,54,53.3,53.7,183,982
20260805,54.1,54.6,54,54,169,917
20260806,53.7,54,53.4,54,112,603
20260807,54.2,55.1,54,54.4,302,1647
20260810,54.4,54.6,53.9,54.3,255,1384
20260811,54.3,55.2,54.3,54.9,215,1181
20260812,55,55.4,54.9,55.1,173,952
20260813,55.3,55.5,55,55.2,123,677
20260814,53.2,53.3,50.6,52.1,1084,5600
20260817,51.8,51.8,49.7,50,842,4227
20260818,50,50.2,48.8,49.35,457,2259
20260819,49.35,49.35,48.3,48.7,329,1598
20260820,49,49,48.5,48.7,285,1384
20260821,48.7,49.8,48.7,49.8,205,1012
20260824,52.7,54.5,52.6,53.8,1731,9280
20260825,53.3,53.5,52.2,53.5,917,4848
20260826,54,54,52.9,53.1,649,3456
20260827,53.8,53.8,53.1,53.3,498,2657
20260828,53.7,53.7,53,53.5,322,1714
20260831,53.5,53.6,53,53.1,314,1673
20260901,53,53.6,53,53.1,499,2657
20260902,53.1,53.5,53,53.4,241,1281
20260903,53.4,53.7,52.7,52.7,514,2733
20260904,53,53,52.5,52.7,412,2177
20260907,53,53.5,52.7,53.5,671,3559
20260908,50.4,50.5,49.6,49.6,357,1789
20260909,49.4,49.4,48.35,48.5,428,2078
20260910,48.5,48.5,47.1,47.1,383,1813
20260911,47.25,47.25,45.05,45.3,443,2019
20260914,45,45.25,43.5,44.65,359,1591
20260915,44.95,45.4,44.75,44.8,203,914
20260916,45.55,45.75,44.9,45.25,174,790
20260917,45.6,46.25,45.2,45.95,404,1851
20260918,46.9,46.9,45.8,46.5,210,972
20260921,45.45,46.5,45.45,45.85,138,634
20260922,45.6,45.6,45.1,45.15,204,927
20260923,45.5,45.5,44.4,44.45,208,932
20260924,44.2,44.65,44,44.2,189,836
