# date,open,high,low,close,lot,wan
20250814,38,38.5,38,38.25,289,1106
20250815,38.6,39.6,38.15,39.6,386,1509
20250818,39.8,40.8,39.65,40.15,675,2702
20250819,40.7,40.7,39.2,39.2,548,2168
20250820,38.55,38.8,37.7,37.9,330,1257
20250821,37.9,39.25,37.9,39.15,262,1022
20250822,39.65,39.8,38.5,38.7,190,744
20250825,39.05,40.4,38.85,38.9,294,1158
20250826,38.85,38.95,38.55,38.7,112,434
20250827,38.75,39.9,38.75,39.2,289,1140
20250828,39.5,39.85,38.95,38.95,335,1322
20250829,39.25,39.7,38.65,39.1,220,859
20250901,39.1,40.3,38.3,38.5,684,2694
20250902,38.7,38.8,37,37.9,347,1314
20250903,37.9,38.45,37.9,38.1,179,683
20250904,38.5,38.9,37.85,37.95,248,952
20250905,38,38.3,37.6,38.2,178,676
20250908,38.65,39.55,38.6,39.05,380,1486
20250909,39.05,39.2,38,38.15,259,994
20250910,38.1,38.1,37.65,37.75,225,851
20250911,37.75,37.75,36.6,36.7,488,1807
20250912,37.05,37.95,37,37.6,348,1306
20250915,37.5,37.6,36.8,36.95,162,600
20250916,37.3,37.9,36.8,37.8,268,1004
20250917,37.8,38.8,37.45,38.3,302,1160
20250918,38.4,40.65,38.4,40.2,1361,5427
20250919,40.15,42.7,39.75,40.55,2194,9085
20250922,41.15,42.95,40.65,40.85,1742,7240
20250923,40.85,40.85,39.8,40.05,624,2507
20250924,40.05,41.55,39.6,41.45,908,3708
20250925,41.7,42,39.65,39.8,1022,4188
20250926,40.2,41.15,38.8,39.1,1210,4843
20250930,39.7,39.7,38.8,39.3,303,1187
20251001,39.75,40.65,38.9,38.95,337,1330
20251002,39,39.4,38.45,38.6,280,1081
20251003,38.6,39.7,38.5,38.8,283,1103
20251007,38.95,40.15,38.45,39.25,387,1527
20251008,39.45,39.5,38.8,39.1,216,844
20251009,39.05,39.2,38.4,38.45,472,1828
20251013,37.1,37.4,36.15,37.4,508,1869
20251014,37.55,37.9,36.4,36.6,481,1777
20251015,36.85,37.15,36.6,36.75,265,975
20251016,36.95,38,36.95,37.85,223,839
20251017,37.85,41.3,37.85,40.6,2029,8203
20251020,41.5,44.65,40.8,44.65,8823,38401
20251021,44.65,45.8,41.95,41.95,7622,33620
20251022,42.2,43.1,41.3,42,1871,7894
20251023,41.6,45.15,41.6,43.95,4430,19292
20251027,45.7,48.3,44.65,48.3,9535,44433
20251028,48,48.1,45.1,46.2,5336,24648
20251029,46.4,47.55,45.2,45.85,3070,14150
20251030,45.85,46.15,42.55,42.65,2826,12382
20251031,42.4,43.05,41.8,41.95,1069,4521
20251103,42.1,43.1,41.6,42.1,1112,4694
20251104,42.4,42.4,40.65,40.75,1082,4459
20251105,39.7,40.45,39.5,39.9,672,2680
20251106,40.55,40.85,39.5,40.45,665,2663
20251107,40.35,40.35,39.05,39.4,432,1704
20251110,39.8,40.15,39.25,39.6,362,1433
20251111,39.9,43.5,39.85,42.95,2711,11521
20251112,44.5,45.95,43.3,44.3,7792,34906
20251113,44,47.5,43.2,46.7,6369,29321
20251114,48.2,51.3,48,49.6,21474,108626
20251117,50,50.7,46.65,47.1,10772,52502
20251118,47.1,49.6,46.3,47.55,12775,61558
20251119,49.15,52.3,48.9,52.3,21010,107827
20251120,55.6,56.6,50,50.5,35519,188844
20251121,49.3,54.3,49.05,52.6,28598,148948
20251124,53.1,56.9,51,52.7,27374,146971
20251125,52.7,53.1,49.2,49.7,9644,48978
20251126,49.7,49.7,47.85,47.95,4648,22506
20251127,47.9,52.1,47.5,50.7,7777,38999
20251128,50.5,53.9,50,51.3,13391,69562
20251201,50.4,50.5,49.05,49.1,2368,11719
20251202,48.7,50.4,48.1,48.25,2681,13095
20251203,48.7,51.4,48.7,49.5,5415,27190
20251204,49.35,50.1,48.25,48.8,2846,13918
20251205,49,49,47.75,48.45,1360,6551
20251208,48.8,49.6,48.45,49.6,1503,7380
20251209,49.65,50.9,49.35,50.4,2742,13728
20251210,51.1,53.3,50.7,51.3,7576,39139
20251211,51.6,53.5,51.4,52,7905,41335
20251212,54,55.5,52.8,53.5,14883,80588
20251215,52,53.9,51.3,51.3,3097,16194
20251216,50.9,51.8,48.4,49.3,3312,16473
20251217,51,54.2,50.7,54.2,8630,45955
20251218,54.3,55.4,52.5,52.5,12760,68228
20251219,52.6,53.6,51.2,51.7,4462,23304
20251222,51.7,54,51.6,53.3,3620,19210
20251223,54,55.6,53,54.2,11109,60460
20251224,54.1,56,52.4,53,7367,39799
20251226,52.7,53.2,52,52,2145,11243
20251229,52.6,53.9,51.9,52,2647,13952
20251230,51.7,55,51.7,53.1,7007,37693
20251231,53.5,58.4,52.9,58.4,16722,95214
20260102,60.7,64.2,59.1,64.2,47491,291432
20260105,64.2,65.4,61.4,61.8,29212,184489
20260106,61.8,62.5,59.6,62.4,8959,54878
20260107,62.5,63.2,59.2,60,8676,52744
20260108,60.3,60.4,57,57.1,4633,26831
20260109,58.2,62,57.6,61.4,10875,65483
20260112,61.2,63,60.4,60.5,8384,51416
20260113,60.3,64.9,59.3,64.9,9775,60807
20260114,68,71.1,65.6,66,28293,192221
20260115,65.4,68.7,64.1,64.3,12170,80105
20260116,65,66,62.3,65.2,7980,51249
20260119,67,68.8,65.5,66.7,14101,94766
20260120,66.7,67.2,65,65.5,4910,32343
20260121,64.1,66,61.2,61.5,5262,33119
20260122,63.7,67.6,63.7,67.6,7484,49926
20260123,68.2,69,61.6,62,14018,90368
20260126,62.2,63,61,62.7,3258,20195
20260127,63.1,64.2,62.5,62.8,3832,24225
20260128,63.2,63.4,61,61,3039,18728
20260129,61.2,61.3,58,58.1,3356,19807
20260130,58.2,59.8,57.1,57.1,2744,15975
20260202,55.4,56.2,54.4,55,1799,9920
20260203,58.9,58.9,54.7,55.6,1766,9899
20260204,56.5,57.8,55.3,57.3,1951,11126
20260205,56.3,57.4,53.3,53.3,1630,8973
20260206,53,53.2,51.3,52.3,1484,7764
20260209,54.5,54.9,53.1,53.3,1251,6738
20260210,53.8,54.8,53.3,53.6,821,4424
20260211,53.6,53.8,52.6,52.7,680,3603
20260223,55.3,57.9,55.3,57.4,3829,21989
20260224,57,63.1,56,62.8,7685,46906
20260225,65,67.7,63.8,64.6,16352,106958
20260226,63.4,64.8,62.1,63.8,4723,29985
20260302,59.8,62.5,59.4,61.6,2230,13705
20260303,61.7,63.1,58.4,58.8,3344,20076
20260304,56.9,57.2,53,53,2641,14357
20260305,55.1,56.4,54.3,55,1526,8426
20260306,54.1,55.6,53.8,54.8,615,3357
20260309,50.1,50.6,49.35,49.35,1478,7320
20260310,51.4,53.8,50.6,52.1,1909,9950
20260311,53.3,54,52.7,52.9,991,5278
20260312,52.3,52.9,50.5,50.5,1076,5521
20260313,49.55,51.9,49.3,50.7,1075,5484
20260316,51,51.9,50.2,51.8,1020,5215
20260317,52.5,55.2,52.5,54.9,2780,15064
20260318,55.9,56.5,52.9,53.5,2199,11956
20260319,52.7,54.1,51.7,51.7,1273,6695
20260320,52.1,53.8,50.7,50.7,1417,7344
20260323,48.55,49.45,48.2,48.4,1229,5981
20260324,49.6,50.5,47.8,48.1,851,4148
20260325,49.2,49.55,48.6,48.8,649,3183
20260326,49.15,49.75,48.1,48.1,702,3433
20260327,47.6,48.35,46.8,47.8,712,3375
20260330,46.7,47.55,46.4,47.4,576,2701
20260331,46.85,47.75,45.3,45.3,804,3730
20260401,47.2,47.6,46.8,47.2,674,3184
20260402,47.35,48,45.5,45.55,620,2869
20260407,46,46.4,44.9,45.5,539,2449
20260408,46.45,48.2,46.45,47.8,688,3264
20260409,48.2,48.3,47.3,48,742,3546
20260410,49.5,50.8,49.3,49.55,2300,11489
20260413,51.4,53.5,50.9,52.1,2960,15517
20260414,53.9,54.3,52.2,52.8,3259,17319
20260415,53.8,57.4,53.8,55,4698,26149
20260416,54.6,57.5,53.5,56,5831,32855
20260417,56,58,56,57,4118,23536
20260420,58,58.6,57.2,57.3,4789,27670
20260421,57.4,57.8,56,56.6,2161,12205
20260422,56.9,57.3,55.4,55.7,1402,7875
20260423,55.7,56,50.5,52,1877,9896
20260424,52.2,52.4,49.6,50.2,1336,6783
20260427,51.1,51.1,48.55,49.85,1084,5373
20260428,49.85,53.7,49.75,52.8,1690,8868
20260429,52.4,52.8,51.1,52.3,691,3602
20260430,52.5,53.6,50.8,50.8,1081,5608
20260504,51.9,53.7,51.4,52.4,869,4581
20260505,52.1,55,52.1,54.7,1433,7759
20260506,55.5,56.4,53.2,54,1880,10257
20260507,55.1,59.4,54.1,59.4,9424,54840
20260508,57.8,63.4,57.5,59,10984,66521
20260511,60.9,63.3,57.1,63,7811,47479
20260512,63.1,68.3,61.5,66.3,14345,94064
20260513,65.2,68.3,61.4,66.6,11617,76185
20260514,72.9,73.2,72.6,73.2,6050,44253
20260515,74.1,80.5,71.4,76.2,33224,258079
20260518,80.7,83.8,76.3,83.8,24847,201452
20260519,83.4,92.1,78.9,91.2,40774,342790
20260520,90,100,89.9,90,59377,567483
20260521,91.9,95.7,89,91.5,6282,57782
20260522,91.7,92.8,89,91.5,3925,35546
20260525,95,95,92,94,4277,40109
20260526,94,94,84.6,93.5,6594,57963
20260527,94.5,97.4,89,94,6361,59971
20260528,95,103,95,100,6820,68020
20260529,107,110,99.7,110,5200,55377
20260601,114,121,113,113,4508,52903
20260602,107,122,102,122,5291,57499
20260603,121.5,122,115,115,3868,45572
20260604,104,113,103.5,103.5,14582,153788
20260605,99.2,113,93.2,108,24393,255290
20260608,97.2,109.5,97.2,102.5,17491,179838
20260609,104,112.5,100.5,112.5,24846,270462
20260610,112,123.5,112,113.5,26908,319495
20260611,119,119.5,104,110,25985,289832
20260612,117.5,121,115.5,118,21913,262061
20260615,118,129.5,117,129.5,28389,353719
20260616,133.5,142,131.5,142,44041,606431
20260617,141,146.5,133,146,38415,544030
20260618,160.5,160.5,160.5,160.5,3604,57844
20260622,171.5,176.5,165.5,176.5,16410,284232
20260623,172,178,159,159,19730,321610
20260624,157.5,157.5,143.5,147.5,4084,60312
20260625,149.5,157,143.5,154,1942,29296
20260626,150,154,139,139,2020,28690
20260629,143,145,137.5,139,1304,18536
20260630,147,152.5,147,152.5,1137,17213
20260701,163,163,150,154.5,1480,23180
20260702,152,159,151.5,153.5,921,14230
20260703,153.5,158,147.5,155,744,11436
20260706,155,155,142,148,1895,28246
20260707,148,155,133.5,133.5,2025,28712
20260708,136.5,140,125,140,1461,19160
20260709,144,147,143,144,1436,20827
20260713,142.5,146,130,130,7381,99573
20260714,128.5,133,117,117.5,9710,117799
20260715,120,120,111.5,114,5983,68628
20260716,112,115,107.5,108.5,5441,60393
20260717,101.5,105,97.7,97.7,5211,52034
20260720,95,95.7,88,89.5,5065,45668
20260721,91.5,93.8,89.2,90.9,8052,73581
20260722,94.8,95.5,88,93.8,1705,15619
20260723,93.5,94,90.4,93.7,754,6972
20260724,89.4,90.5,84.4,84.4,558,4796
20260727,84.4,84.4,76,76.8,1381,10562
20260728,69.2,69.2,69.2,69.2,776,5370
20260729,67.1,67.1,62.3,62.3,1001,6281
20260730,59.1,62,56.1,56.9,2665,15249
20260731,62.5,62.5,56.9,62.5,2465,14710
20260803,61,65,61,64.4,1864,11858
20260804,64.5,68.6,63.4,68,1442,9411
20260805,72.6,74.8,70,74.8,1216,8864
20260806,71.7,76.2,71.3,75.6,982,7247
20260807,76,76,73.2,74.8,726,5429
20260810,76,82.2,76,82.2,5119,41186
20260811,82.2,89.4,80.3,85.2,12178,104709
20260812,86.2,88.4,83.6,86.5,5990,51802
20260813,88.5,95.1,88.5,95.1,7581,71409
20260814,96.2,99.4,86.6,89.5,11082,102549
20260817,87.9,89.9,85,87.5,3735,32572
20260818,86.5,89.4,84.8,84.8,3335,28907
20260819,82.5,93,82.5,89.7,10443,93908
20260820,90.4,92.4,85.4,86.3,6404,56191
20260821,85.7,91.7,85.7,87.8,8009,71405
20260824,86.9,89.1,86,86.1,3115,27226
20260825,85.9,87.5,81.8,87.5,3088,25980
20260826,87.5,95.8,86.3,91.2,6433,58583
20260827,91.4,94.3,88.6,90.9,7376,67699
20260828,93.9,98.9,90.5,91.8,14234,133905
20260831,90.7,94,87.3,88.3,5187,46713
20260901,88.5,93.4,88.5,90.2,4833,43920
20260902,89.8,92.9,89,89,4938,44781
20260903,89.5,89.9,84.8,84.8,3522,30742
20260904,87.6,93.2,87.6,93.2,9062,83027
20260907,95.1,102,93.8,96.9,19857,195814
20260908,99.7,103,96.2,96.6,18543,184187
20260909,102,106,99.8,103.5,23348,242068
20260910,100.5,113.5,100,113.5,20827,219596
20260911,108,124.5,107,124.5,64539,765066
20260914,122,128.5,117,124,44654,544840
20260915,122.5,129.5,120,123.5,33019,411839
20260916,125,127,121,123,22617,278783
20260917,124.5,130,115,118,21068,257914
20260918,122,126.5,117,126,17088,208411
20260921,130,138,129,132.5,32981,442428
20260922,133.5,136,122,122,17636,227731
20260923,122,134,122,134,23086,298949
20260924,132.5,144.5,132,140,49361,680939
