# date,open,high,low,close,lot,wan
20250814,28.95,28.95,28.6,28.8,14,40
20250815,28.85,28.85,28.5,28.85,16,46
20250818,28.85,28.85,28.45,28.75,36,103
20250819,28.85,28.85,28.55,28.8,13,37
20250820,28.8,28.9,28.65,28.9,39,112
20250821,28.95,28.95,28.85,28.85,7,20
20250822,28.85,28.9,28.45,28.85,30,86
20250825,28.85,29.45,28.85,29.4,93,271
20250826,28.35,28.6,27.8,28.4,66,186
20250827,28.75,28.75,28.3,28.3,15,43
20250828,28.6,28.6,28,28.4,30,85
20250829,28.55,28.55,28.35,28.45,12,34
20250901,28.1,28.5,28.1,28.5,10,28
20250902,28.65,28.65,28.35,28.55,6,17
20250903,28.6,28.6,28.25,28.4,18,51
20250904,28.5,28.5,28.3,28.5,5,14
20250905,28.7,28.7,28.3,28.6,9,26
20250908,28.6,28.9,28.6,28.9,20,57
20250909,28.9,29.2,28.6,29.2,43,125
20250910,29.3,29.45,29.2,29.4,18,53
20250911,29.5,29.5,29.5,29.5,1,3
20250912,28.85,29.45,28.6,29.2,22,64
20250915,29.3,29.35,29,29.3,6,18
20250916,29.45,29.5,29.4,29.5,13,38
20250917,29.55,29.55,29.2,29.3,13,38
20250918,29.5,29.5,29.5,29.5,1,3
20250919,29.05,29.45,28.9,29.3,25,73
20250922,29.5,29.5,29.15,29.2,18,53
20250923,29.3,29.3,29,29,25,73
20250924,29.15,29.15,28.9,29.15,19,55
20250925,29.3,29.3,28.8,29.15,25,72
20250926,29,29.1,28.8,29.1,14,40
20250930,29.2,29.2,28.5,29.1,35,101
20251001,28.75,29.1,28.75,29.1,3,9
20251002,29.25,29.25,29.25,29.25,1,3
20251003,29.1,29.1,28.8,28.95,16,46
20251007,28.85,29,28.8,29,9,26
20251008,28.8,29,28.7,29,10,29
20251009,29.2,29.2,28.85,29.1,7,20
20251013,28.75,29,28.15,28.95,23,65
20251014,28.7,28.95,28.6,28.85,18,52
20251015,28.85,28.85,28.55,28.8,8,23
20251016,29,29,28.6,28.8,12,35
20251017,28.9,28.9,28.6,28.8,7,20
20251020,28.9,28.9,28.4,28.75,35,100
20251021,28.5,28.75,28.4,28.4,33,94
20251022,28.4,28.5,28.3,28.5,15,43
20251023,28.4,28.5,28.4,28.5,4,11
20251027,28.4,28.75,28.4,28.6,6,17
20251028,28.65,28.65,28.65,28.65,1,3
20251029,28.65,28.7,28.3,28.55,38,109
20251030,29.2,29.2,28.65,28.65,2,6
20251031,28.9,28.9,28.35,28.55,8,23
20251103,29.2,29.2,28.3,28.55,19,54
20251104,28.5,28.5,28.25,28.5,4,11
20251105,28.5,28.5,28.15,28.5,14,40
20251106,28.2,28.55,28.1,28.55,23,65
20251107,28.25,28.4,28.25,28.4,3,9
20251110,28,28.35,27.85,28.35,29,82
20251111,28.3,28.3,28,28.3,17,48
20251112,28.05,28.2,27.85,28,20,56
20251113,27.85,27.95,27.75,27.9,24,67
20251114,27.85,27.85,27.35,27.75,44,121
20251117,27.4,27.75,27.35,27.75,18,50
20251118,27.4,27.7,27.15,27.55,27,74
20251119,27.25,27.4,27,27.35,45,122
20251120,27.1,27.25,26.9,27.2,33,89
20251121,27.1,27.2,26.7,27.2,17,46
20251124,27,27.15,27,27.15,3,8
20251125,27,27.05,26.8,27.05,18,48
20251126,26.8,27,26.5,26.75,32,86
20251127,26.5,26.6,26.15,26.55,30,79
20251128,26.45,26.55,26.3,26.55,12,32
20251201,26.35,26.55,26.3,26.55,6,16
20251202,26.45,26.55,26.4,26.5,87,231
20251203,26.5,26.5,26.3,26.5,51,135
20251204,26.5,26.5,26.5,26.5,2,5
20251205,26.3,26.3,26.2,26.3,15,39
20251208,26.05,26.3,25.95,26.2,17,44
20251209,26,26,25.8,26,31,80
20251210,25.65,25.8,25.2,25.75,67,170
20251211,25.3,25.3,25,25.15,68,171
20251212,25.15,25.6,25.15,25.4,121,305
20251215,25.3,25.3,25.1,25.1,21,53
20251216,25.1,25.15,25,25.1,17,43
20251217,25,25,24.9,25,17,42
20251218,24.7,25,24.7,25,10,25
20251219,24.9,24.9,24.85,24.9,6,15
20251222,24.7,24.75,24.65,24.75,16,40
20251223,24.75,24.75,24.65,24.75,16,40
20251224,24.7,24.7,24.5,24.55,12,29
20251226,24.3,24.55,24,24.55,112,271
20251229,24.55,24.55,24.35,24.4,14,34
20251230,24.4,24.45,24.35,24.4,15,37
20251231,24.3,24.4,24.15,24.3,38,92
20260102,24.25,24.3,24.15,24.3,14,34
20260105,24.2,24.2,23.8,24,40,96
20260106,23.8,23.9,23.6,23.85,49,116
20260107,23.55,23.55,23.35,23.55,33,77
20260108,23.55,23.85,23.3,23.75,38,90
20260109,23.75,25.6,23.75,25.35,178,443
20260112,24.25,25,24.25,24.8,80,197
20260113,25.35,26.1,24.65,25.35,111,283
20260114,25.85,25.9,24.9,25.2,49,124
20260115,26,26,25.2,25.35,16,41
20260116,25.6,25.6,25.05,25.5,41,104
20260119,26,26,25.3,25.55,45,115
20260120,25.25,25.5,25.1,25.25,41,104
20260121,25.55,25.55,25,25.15,24,60
20260122,25.4,26.1,25.15,25.35,20,51
20260123,25.4,26,25.3,25.7,30,77
20260126,25.7,25.8,25.6,25.6,10,26
20260127,26.15,26.15,25.8,25.8,3,8
20260128,25.9,25.95,25.6,25.8,8,21
20260129,26.4,26.4,25.45,25.75,6,15
20260130,25.5,25.95,25,25.1,27,68
20260202,25.1,25.5,24.45,24.65,32,79
20260203,25.1,25.1,24.45,24.65,24,59
20260204,24.95,24.95,24.9,24.9,2,5
20260205,24.9,24.95,24.85,24.85,10,25
20260206,24.7,25.05,24.7,24.9,28,70
20260209,25,25.1,24.85,25,19,47
20260210,24.6,25,24.6,25,3,7
20260211,25,25,24.55,25,15,37
20260223,25,25.7,25,25.3,28,71
20260224,25.6,25.6,25.15,25.3,16,40
20260225,26,26,25,25.05,25,63
20260226,24.8,25,24.8,25,19,47
20260302,25.6,25.6,24.8,24.9,15,37
20260303,24.9,24.9,24.9,24.9,2,5
20260304,24.8,24.9,24.25,24.65,27,67
20260305,24.5,24.8,23.55,24.6,62,149
20260306,24.5,24.5,24.1,24.5,34,83
20260309,24.25,24.5,23.85,24.5,18,43
20260311,24.5,24.55,24.4,24.5,17,42
20260312,24.5,25,24.5,24.6,21,52
20260316,24.5,24.5,24.15,24.4,23,56
20260317,24.4,24.4,24.4,24.4,1,2
20260318,24.5,25.45,24.5,24.5,15,37
20260319,24.5,24.5,24.15,24.4,17,41
20260320,24.4,24.4,23.95,24.3,31,75
20260323,24.2,24.2,23.8,23.9,38,91
20260324,24.5,24.5,24.5,24.5,1,2
20260325,24.5,24.5,24.1,24.3,14,34
20260326,24.45,24.45,24,24.35,11,27
20260330,24.3,24.3,24.25,24.25,4,10
20260331,23.85,24.1,23.3,24.1,16,38
20260401,24,24.2,24,24.2,9,22
20260402,24.1,24.2,24.1,24.2,9,22
20260407,24,24.1,23.7,24.1,33,79
20260408,24,24,23.8,24,24,57
20260409,24.15,24.15,23.7,23.75,42,100
20260410,23.5,23.65,23.3,23.45,26,61
20260413,23.15,23.4,23.1,23.4,20,46
20260414,23.4,23.4,23.05,23.05,70,162
20260415,23.5,23.7,23.3,23.35,22,52
20260416,23.35,23.35,23.1,23.3,42,98
20260417,23.05,23.5,23.05,23.45,16,37
20260420,23.4,23.4,23.4,23.4,2,5
20260421,23.4,23.4,23.1,23.4,9,21
20260422,23.35,23.4,23,23.35,43,100
20260423,23.35,23.35,23.1,23.2,32,74
20260424,23.15,23.3,23,23.3,30,69
20260427,23.3,23.3,23.1,23.3,9,21
20260428,23.3,23.3,23.3,23.3,1,2
20260429,23.2,23.35,23.15,23.35,15,35
20260430,23.35,23.35,23.05,23.3,18,42
20260504,23.7,24.4,23.1,23.3,25,59
20260506,23.3,23.3,23.1,23.3,23,53
20260507,23.15,23.6,23,23.15,51,118
20260508,23.05,23.2,23,23.2,28,65
20260511,23.15,23.2,23,23.2,24,55
20260512,23,23.2,23,23.2,9,21
20260513,23.2,23.2,23.05,23.15,13,30
20260514,23.8,25.45,23.65,24.2,181,449
20260515,24.45,24.6,23.3,23.8,95,226
20260518,23.5,23.8,23.35,23.5,4,9
20260519,23.5,23.55,23.3,23.5,28,66
20260520,23.3,23.4,23.15,23.15,23,53
20260521,23.8,23.8,23.15,23.5,21,49
20260522,23.4,23.4,23.2,23.4,9,21
20260525,23.25,23.35,23.2,23.2,21,49
20260526,23.2,23.85,23.2,23.4,20,47
20260527,23.4,23.85,23.25,23.85,51,120
20260528,23.45,25,23.45,23.95,57,137
20260529,23.8,23.95,23.5,23.8,40,95
20260601,23.9,24.5,23.6,23.6,11,26
20260602,23.5,23.6,23.4,23.6,55,129
20260603,24,24.2,23.7,23.7,25,60
20260604,23.8,23.8,23.5,23.55,14,33
20260605,24,24,23.5,23.85,25,59
20260608,23.85,23.85,23.15,23.7,32,75
20260609,24.5,24.95,23.55,24.15,26,63
20260610,24.15,24.3,23.45,23.6,16,38
20260611,23.9,23.9,23.5,23.55,3,7
20260612,24,24,23.9,23.9,8,19
20260615,23.95,24,23.2,23.45,57,134
20260616,23.3,23.6,22.85,23.2,69,160
20260617,23.2,23.5,23,23.45,20,46
20260618,23.6,23.6,23.1,23.5,33,77
20260622,23.8,23.8,23.3,23.35,12,28
20260623,23.3,23.8,23.2,23.3,27,63
20260624,23.45,23.5,23,23.4,33,77
20260625,23.9,23.9,23.2,23.2,12,28
20260626,23.2,23.4,23.05,23.25,25,58
20260629,23.8,23.8,23.3,23.45,7,16
20260630,23.5,23.9,23.25,23.6,28,66
20260701,23.45,23.6,23.25,23.25,16,37
20260702,23.9,23.9,23.35,23.35,9,21
20260703,23.6,23.65,23.25,23.35,29,68
20260706,23.8,23.8,23.4,23.5,49,116
20260707,23.5,23.85,23.5,23.5,28,66
20260708,24.2,24.2,23.5,23.6,6,14
20260709,23.4,23.6,23.4,23.6,12,28
20260713,23.5,23.9,23.4,23.5,15,35
20260714,23.7,23.8,23.1,23.5,49,115
20260715,23.85,23.85,23.2,23.25,29,68
20260716,23.15,23.15,23,23.15,30,69
20260717,23.05,23.1,22.9,23.1,19,44
20260720,22.9,23.1,22.55,23.1,45,103
20260721,23.1,23.15,23.05,23.15,32,74
20260722,23.4,23.4,23.2,23.2,3,7
20260723,23.3,23.3,23,23.2,17,39
20260724,22.95,23.1,22.9,23.1,6,14
20260728,22.75,23.15,22.7,23.15,26,60
20260729,23,23.15,22.7,23.15,37,85
20260730,23.1,23.1,22.9,23,14,32
20260731,23.9,24,23.1,23.1,26,61
20260803,23.1,23.2,22.75,23.2,16,37
20260804,23.45,23.5,23.45,23.5,2,5
20260805,23.2,23.4,23.2,23.4,25,58
20260806,23.2,23.2,23.2,23.2,1,2
20260807,23.4,23.45,23.25,23.25,3,7
20260810,23.35,23.8,23.25,23.3,11,26
20260811,23.2,23.3,23.2,23.3,19,44
20260812,23.3,23.75,23.3,23.45,27,63
20260813,23.3,23.45,23.2,23.45,12,28
20260814,23.1,23.4,23.1,23.2,41,95
20260817,23.15,23.2,22.9,23,32,74
20260818,23.25,23.25,23,23,9,21
20260819,23.3,23.3,23,23,29,67
20260820,23.4,23.95,23.2,23.6,30,70
20260821,23.85,24.2,23.75,23.95,56,134
20260824,23.2,23.6,22.9,23.5,24,56
20260825,23.05,23.55,23.05,23.5,8,19
20260826,23.65,23.65,23.2,23.5,40,93
20260827,23.5,23.6,23.25,23.5,23,54
20260828,23.55,23.55,23.4,23.45,9,21
20260831,23.6,23.9,23.55,23.55,19,45
20260901,23.9,23.9,23.5,23.65,8,19
20260902,23.9,23.9,23.6,23.75,5,12
20260903,23.95,23.95,23.65,23.8,7,17
20260904,23.8,24,23.65,23.85,7,17
20260907,24.2,24.2,23.7,23.85,24,57
20260908,24.3,24.3,23.75,24,7,17
20260909,24,24,24,24,1,2
20260910,24,24.25,24,24.2,3,7
20260911,24.5,24.7,24.25,24.6,35,86
20260914,25,25,24.7,24.9,48,119
20260915,24.9,24.95,24.75,24.85,10,25
20260916,25,25.15,24.9,24.9,8,20
20260917,24.95,24.95,24.95,24.95,3,7
20260918,24.9,24.9,24.55,24.8,22,54
20260921,24.8,25,24.5,24.8,23,57
20260922,24.4,24.8,24.4,24.55,28,69
20260923,24.8,24.85,24.35,24.7,16,39
20260924,24.8,24.85,24.65,24.75,6,15
