# date,open,high,low,close,lot,wan
20250814,26.9,28.05,26.7,27.3,63,171
20250815,27,27.5,26.55,27.25,48,130
20250818,26.85,27.3,25.95,27.2,31,83
20250819,27.15,27.15,27.15,27.15,8,22
20250820,26.4,26.9,26.4,26.7,28,74
20250821,26.5,26.9,26.2,26.9,57,151
20250822,26.5,26.7,26.4,26.7,36,95
20250825,26.4,26.95,26.3,26.9,78,207
20250826,26.5,27.05,25.8,27,46,123
20250827,27.1,27.2,26.45,26.55,44,117
20250828,26.55,26.9,26.35,26.85,42,112
20250829,26.45,26.85,26,26.45,69,182
20250901,26.1,26.45,26.1,26.35,131,343
20250902,26.15,26.35,25.3,26.35,40,104
20250903,26.35,26.35,25.7,26.25,53,138
20250904,26.2,26.25,25.75,26.2,65,169
20250905,26,26.2,25.7,26,64,166
20250908,26,26,25.05,26,62,159
20250909,25.3,26,25.05,25.75,108,275
20250910,25.2,25.75,25,25.75,126,319
20250911,25.35,25.75,25.2,25.75,63,161
20250912,25.4,26,25.15,26,62,159
20250915,26,26,25.2,26,46,118
20250916,25.7,25.95,25.1,25.95,59,150
20250917,25.4,25.95,25.4,25.95,37,95
20250918,25.4,25.95,25.4,25.95,24,62
20250919,25.55,25.95,25.3,25.95,78,201
20250922,25.95,25.95,25.45,25.95,51,132
20250923,25.55,25.95,25.4,25.95,34,87
20250924,25.6,26,25.5,26,28,72
20250925,25.7,26,25.4,26,27,69
20250926,26,26,25.45,26,28,72
20250930,25.6,26.35,25.55,26.3,58,151
20251001,25.9,26.25,25.8,26.25,25,65
20251002,26.25,26.3,26,26.3,19,50
20251003,26.05,26.3,25,26.3,114,294
20251007,26.3,26.4,25.85,26.3,78,205
20251008,26.25,26.3,25.85,26.3,18,47
20251009,25.85,26.35,25.2,26.35,95,247
20251013,26.05,26.35,26.05,26.35,18,47
20251014,26,26.35,25.9,26.35,48,125
20251015,26.05,26.4,25.6,26.4,68,178
20251016,26.05,26.4,26,26.4,51,133
20251017,26.7,26.7,26.05,26.4,23,60
20251020,26.4,26.45,26.15,26.4,41,108
20251021,26.15,26.4,26.05,26.4,57,149
20251022,26.3,26.3,26.05,26.3,23,60
20251023,26.3,26.3,26,26.3,96,251
20251027,26.1,26.5,26.05,26.4,88,230
20251028,26.1,26.4,26.05,26.4,43,113
20251029,26.2,26.35,26.1,26.35,94,247
20251030,26.1,26.8,26.1,26.6,119,314
20251031,26.5,27.6,26.1,27.2,128,343
20251103,27.2,27.45,27.1,27.45,47,128
20251104,27.5,30.1,27.5,28.4,182,518
20251105,28.4,29.3,28.4,29,142,412
20251106,29.05,29.1,28.65,28.95,110,318
20251107,28.55,29,28.5,29,45,129
20251110,28.7,29.55,28.65,29.3,179,519
20251111,29.3,29.5,29.2,29.3,75,220
20251112,29.35,29.35,29,29.35,68,198
20251113,29.2,29.45,29.15,29.35,45,132
20251114,29.7,30.3,29.35,29.5,50,148
20251117,30,30,29.5,29.8,74,220
20251118,29.5,29.95,29.2,29.5,82,242
20251119,29.8,29.8,28.75,29.7,56,164
20251120,29.8,29.8,29.35,29.75,22,65
20251121,29.45,29.5,28.75,29.5,60,175
20251124,29.7,29.7,29.2,29.5,39,115
20251125,29.45,29.5,28.85,29.5,52,152
20251126,29.3,29.7,29.25,29.6,125,369
20251127,29.6,29.9,29.6,29.6,180,536
20251128,30.45,30.6,29.8,29.9,80,240
20251201,30.55,30.55,29.6,29.95,35,104
20251202,30,30,29.4,29.95,81,240
20251203,29.6,29.95,29.5,29.95,110,327
20251204,29.95,32.9,29.8,32.6,877,2747
20251205,33,33.85,31.8,32.65,1042,3428
20251208,32.4,32.7,32,32.7,225,728
20251209,32.65,32.65,32.05,32.65,154,497
20251210,32.25,32.9,32.25,32.7,142,463
20251211,32.3,33.2,32.3,32.8,250,820
20251212,32.85,32.85,32.5,32.75,109,356
20251215,32.65,33.75,31.8,32.75,143,461
20251216,32.2,32.75,32.1,32.7,110,357
20251217,32.65,32.75,32.35,32.75,58,189
20251218,32.45,32.65,32.25,32.65,64,208
20251219,32.6,33,32.25,32.65,156,509
20251222,32.35,32.65,31.7,32.65,271,872
20251223,32.65,32.65,32.25,32.65,88,286
20251224,32.5,32.65,32.45,32.65,38,124
20251226,32.55,32.6,32.3,32.6,75,243
20251229,32.35,32.9,32.1,32.9,312,1010
20251230,32.5,33.15,32.5,32.9,49,161
20251231,32.65,32.95,32.6,32.95,72,236
20260102,32.95,32.95,32.1,32.85,99,323
20260105,32.8,32.8,32.15,32.25,214,692
20260106,32.3,32.7,32,32.55,163,526
20260107,32.5,32.5,31.5,31.5,135,430
20260108,30.9,31.7,30.6,31.7,128,398
20260109,31.15,31.7,31,31.7,68,212
20260112,31.2,31.2,30.25,30.5,147,452
20260113,30.3,30.3,28.9,29.95,166,488
20260114,29.9,29.9,29.25,29.9,82,243
20260115,29.5,29.5,29.3,29.35,38,112
20260116,29.5,30.5,29.5,30.05,112,338
20260119,30,30.8,29.5,29.5,99,296
20260120,29.5,29.75,29.35,29.35,262,773
20260121,29.35,29.35,27.85,27.85,187,529
20260122,27.85,28.5,27.75,28.05,35,98
20260123,28.05,29.1,28.05,28.75,42,120
20260126,28.7,29.15,28.7,29.1,34,98
20260127,29.1,29.1,28.65,28.7,22,63
20260128,28.7,28.9,28.3,28.75,86,246
20260129,28.2,28.55,27.9,27.9,48,135
20260130,27.6,28,26.5,28,115,309
20260202,28,28,26.9,27.45,85,232
20260203,27.25,28.45,27.25,28.1,574,1582
20260204,27.9,28.15,27.7,28.15,32,89
20260205,27.9,28.25,27.9,28.1,22,62
20260206,28.1,28.1,27.5,27.95,41,114
20260209,27.65,27.65,27.3,27.45,53,146
20260210,27.45,28.1,26.85,27.45,74,202
20260211,27.05,27.6,27,27.55,74,201
20260223,27.2,27.8,26.85,27.8,75,204
20260224,27.35,27.9,27,27.6,144,394
20260225,27.55,27.6,26.85,27.6,144,392
20260226,27.6,29.8,27.3,28.7,177,506
20260302,28.5,28.5,27.55,27.6,79,220
20260303,27.6,27.85,26.9,27.5,118,321
20260304,27.5,27.5,25.9,27.5,135,357
20260305,27.5,27.7,27.2,27.5,114,312
20260306,27.1,27.5,26.8,27,87,236
20260309,27,27,25.1,26.9,147,383
20260310,27.2,27.7,26.5,27,57,153
20260311,26.75,27,26.55,26.85,67,179
20260312,26.45,26.9,26.15,26.15,82,216
20260313,26.35,26.35,25.6,26.2,89,231
20260316,26.1,26.2,25.5,26.15,182,469
20260317,25.95,26.35,25.65,26.15,89,231
20260318,25.75,26.05,25.65,26.05,94,243
20260319,25.75,26.55,25.55,25.55,147,379
20260320,25.8,25.85,25.55,25.7,35,90
20260323,25.1,25.75,25,25.75,95,240
20260324,25.75,25.75,24.8,25.75,143,360
20260325,25.7,26,25.4,26,51,131
20260326,25.95,26,25.8,26,27,70
20260327,25.6,26,25.4,26,88,225
20260330,25.6,25.85,25.5,25.85,31,80
20260331,25.5,25.95,25.35,25.95,44,113
20260401,26.3,26.3,25.8,26.25,48,126
20260402,25.85,26.15,25.75,26.15,12,31
20260407,25.8,26.15,25.75,26.15,31,81
20260408,26,26.05,25.9,26.05,16,42
20260409,25.9,26.2,25.55,26.2,75,194
20260410,25.8,26.05,25.75,25.75,27,70
20260413,25.6,25.6,25.35,25.5,29,74
20260414,25.35,25.35,24.9,24.9,90,226
20260415,25,25,24.25,24.95,143,351
20260416,24.6,25.3,24.6,25.3,53,132
20260417,25.45,25.45,24.7,24.7,54,135
20260420,24.7,25,24.4,24.8,74,183
20260421,24.55,24.95,24.35,24.7,62,152
20260422,24.5,25,24.4,24.75,117,287
20260423,24.5,24.75,23.35,24.75,175,421
20260424,24.5,24.8,24.4,24.75,69,170
20260427,24.8,27.2,24.8,26.2,628,1656
20260428,24.8,26.2,24.75,26.2,223,567
20260429,26.1,26.75,26.1,26.25,122,322
20260430,26.4,26.75,26.2,26.4,109,289
20260504,26.45,27.3,26.3,26.6,133,357
20260505,26.6,26.6,26,26.3,133,348
20260506,26,26,25.5,25.6,110,283
20260507,25.5,27,25.5,26.55,208,547
20260508,26.8,29.2,26.8,28.7,818,2360
20260511,27.75,28.55,26.5,28.15,359,998
20260512,28.4,29.7,27.45,28.7,330,946
20260513,28.7,29.35,28.45,28.7,129,370
20260514,29.15,29.15,27.55,29,273,773
20260515,29,29.1,28.3,28.65,152,437
20260518,28.05,28.3,27,27.05,135,370
20260519,27.05,27.2,26.8,26.95,61,164
20260520,26.65,27.15,26.05,26.75,63,166
20260521,27.35,27.55,26.45,27.05,41,110
20260522,27.5,27.5,26.8,27.25,123,335
20260525,27.05,27.3,26.55,27.2,94,254
20260526,27.45,29.9,27.4,28.8,574,1680
20260527,28.8,29.2,28.15,28.8,149,425
20260528,28.45,28.8,27.5,28.2,154,432
20260529,28,28.15,27.45,28.15,105,291
20260601,28.15,28.15,27.2,27.2,81,223
20260602,27.5,27.5,27.1,27.3,77,210
20260603,27.75,27.75,27.35,27.55,63,174
20260604,27.5,27.5,26.8,27.3,166,449
20260605,26.85,27.35,26.75,26.75,80,215
20260608,24.6,25.8,24.6,25.6,136,342
20260609,25.75,26.15,25.25,25.95,62,159
20260610,25.45,26.1,25.35,26.1,117,300
20260611,26.65,26.65,25.55,26.15,62,160
20260612,26.15,26.2,25.85,26.2,34,89
20260615,26.2,26.6,25.8,25.8,67,174
20260616,25.85,26.7,25.6,25.8,71,185
20260617,25.8,25.9,25.55,25.8,130,334
20260618,25.7,25.95,25.65,25.9,46,118
20260622,25.95,25.95,25.4,25.45,115,294
20260623,25.1,25.15,24.7,25.15,47,117
20260624,25.1,25.2,24.5,25.2,92,227
20260625,25,25.2,24.65,25.2,67,166
20260626,25.1,25.2,24.5,25.2,87,216
20260629,25.2,25.3,24.9,25.1,46,115
20260630,25.1,25.1,24.9,25,82,205
20260701,24.95,25.35,24.8,25.1,61,152
20260702,24.75,24.8,24,24.55,234,571
20260703,24.7,24.7,24.3,24.65,81,199
20260706,24.7,24.75,24.35,24.35,50,123
20260707,24.75,26.15,24.45,25.15,119,299
20260708,25.15,25.7,24.7,25.2,59,148
20260709,25,25.7,24.7,25.2,62,156
20260713,25.4,25.5,24.75,25.25,48,121
20260714,25,25.25,24.1,25.15,48,119
20260715,25.5,25.6,25,25.25,42,105
20260716,24.95,25.25,24.65,25.25,46,115
20260717,24.75,25,24,24.5,108,263
20260720,24.5,24.5,23.85,24.4,91,221
20260721,24.75,25,24.3,24.95,73,180
20260722,24.9,25.25,24.7,25.05,57,142
20260723,25.2,25.2,24.7,25.05,20,50
20260724,24.8,25.05,24.75,25.05,14,35
20260728,24.8,25.05,24.2,25.05,157,384
20260729,25,25.05,24.7,25,39,97
20260730,24.9,25,24.6,25,58,144
20260731,25.35,25.35,24.9,25.15,33,83
20260803,25.15,25.15,24.95,25.1,23,58
20260804,25.3,25.3,24.9,25.05,16,40
20260805,25.05,25.1,24.85,25.1,34,85
20260806,24.8,25.1,24.8,25.1,18,45
20260807,25.1,25.1,24.85,25.1,21,52
20260810,25.1,25.45,24.45,25.05,145,362
20260811,25.05,25.1,24.6,25.05,65,162
20260812,25,25.1,24.85,25.1,24,60
20260813,25.1,25.1,25.1,25.1,18,45
20260814,25.15,25.25,24.95,25.25,27,68
20260817,25.05,25.15,25,25.15,30,75
20260818,25,25.05,24.7,25.05,41,102
20260819,25,25,25,25,1,2
20260820,25,25.15,24.75,25.15,10,25
20260821,24.9,25.15,24.9,25.15,33,83
20260824,24.9,25.15,24.85,25.15,23,58
20260825,25.1,25.2,25.1,25.2,22,55
20260826,25.2,25.45,25.05,25.4,49,124
20260827,25.4,25.4,25,25.25,74,186
20260828,25,25.1,24.85,25.1,57,142
20260831,24.9,25.3,24.7,25.3,68,170
20260901,25.05,25.05,24.8,25,36,90
20260902,24.9,25,24.7,25,68,169
20260903,24.9,25,24.9,25,4,10
20260904,25,25,24.7,25,52,129
20260907,25.1,25.1,24.8,25,15,37
20260908,24.9,25,24.75,25,220,548
20260909,24.8,25,24.7,25,61,152
20260910,24.85,25,24.85,25,13,32
20260911,24.75,25,24.7,25,41,102
20260914,25,25,25,25,4,10
20260915,25,25,25,25,3,8
20260916,24.8,25,24.8,25,34,85
20260917,24.9,25,24.85,25,14,35
20260918,24.85,25,24.85,25,23,57
20260921,25,25.1,24.85,25.1,45,113
