# date,open,high,low,close,lot,wan
20250814,112,113,112,112.5,46,518
20250815,112.5,113.5,111.5,112,79,884
20250818,112,113.5,112,113,29,329
20250819,112.5,112.5,111,111.5,65,723
20250820,112.5,112.5,110.5,112.5,59,654
20250821,112,114.5,112,112.5,58,658
20250822,112.5,112.5,112,112.5,25,285
20250825,113.5,116,112.5,115.5,84,960
20250826,115,116.5,114.5,115.5,50,577
20250827,115.5,115.5,114.5,115,37,423
20250828,115,117,115,116.5,79,923
20250829,117,117,115.5,115.5,45,527
20250901,115,115,112,113,68,774
20250902,113,114.5,113,113.5,39,447
20250903,113.5,113.5,113,113.5,27,307
20250904,113.5,115.5,113.5,113.5,38,435
20250905,114.5,114.5,113.5,114,18,203
20250908,114,122,113.5,120.5,356,4188
20250909,120,120.5,117,118,75,884
20250910,116.5,117,114,115,83,958
20250911,115,115,112.5,113,86,975
20250912,112.5,113,112,112.5,59,667
20250915,113.5,113.5,112,113,55,613
20250916,113.5,113.5,113,113.5,30,344
20250917,113,114.5,112.5,114,45,508
20250918,114,115,114,114.5,21,238
20250919,114.5,115,114,114,37,423
20250922,115,115.5,114.5,115,12,141
20250923,115,116,115,115,54,617
20250924,116,116.5,115,115.5,30,344
20250925,116.5,117,115,115.5,16,189
20250926,115,115,113.5,113.5,47,533
20250930,114.5,115,113.5,115,20,231
20251001,114.5,115,114,115,19,218
20251002,115,116.5,114.5,116.5,35,408
20251003,116,116,114,114,28,318
20251007,114,116,113.5,115.5,53,603
20251008,114.5,116,114.5,116,14,164
20251009,115,115,114.5,114.5,23,267
20251013,114,115.5,113.5,115,62,705
20251014,115,120,115,118,124,1461
20251015,118.5,118.5,118,118.5,34,404
20251016,119,122,119,121,91,1096
20251017,122,122,119.5,119.5,65,776
20251020,119.5,120,119,119,26,312
20251021,119,120,119,119,24,292
20251022,119.5,120,119,119.5,13,151
20251023,119.5,119.5,119,119.5,22,259
20251027,120,121.5,120,121,68,819
20251028,121,121.5,119.5,119.5,45,544
20251029,120.5,126,120.5,124,179,2220
20251030,124.5,125.5,123.5,124.5,67,834
20251031,124.5,127,123.5,127,129,1623
20251103,128.5,128.5,122.5,123.5,292,3659
20251104,123,124,121.5,121.5,49,603
20251105,121.5,124.5,121,122.5,75,920
20251106,123.5,125,123,125,46,572
20251107,124,124,122.5,124,24,290
20251110,118,119.5,117.5,119.5,129,1530
20251111,119.5,119.5,116,117,95,1119
20251112,117,117.5,116.5,117.5,52,609
20251113,116.5,117,115,115.5,79,917
20251114,114.5,115.5,114,114.5,55,630
20251117,114,114.5,114,114.5,25,291
20251118,113.5,115,113.5,114,59,669
20251119,114,115,113.5,113.5,27,313
20251120,114,115.5,114,115,31,359
20251121,115,115,113,113,48,544
20251124,114,114,113,114,22,246
20251125,114.5,114.5,113.5,114,18,209
20251126,114.5,115.5,114,114.5,32,367
20251127,114.5,115.5,114.5,115.5,13,154
20251128,115.5,116.5,115.5,116.5,20,231
20251201,116,116,115.5,116,15,172
20251202,116,117.5,116,117,24,285
20251203,117,117.5,116.5,117,17,204
20251204,117,118,116.5,117,18,215
20251205,117.5,118.5,117,117.5,27,321
20251208,116,117,116,117,11,124
20251209,117,118,116.5,117,25,294
20251210,115,115,114,114.5,56,642
20251211,114,114,113.5,114,24,277
20251212,113.5,113.5,113,113,9,101
20251215,113.5,115.5,113.5,115,30,338
20251216,114,116.5,113,116.5,38,433
20251217,116.5,116.5,114.5,115,30,345
20251218,114.5,114.5,113.5,113.5,7,82
20251219,113.5,115,113.5,114.5,17,188
20251222,114.5,115,114,115,10,114
20251223,115,115,114,114,14,163
20251224,114,114,113,113,15,174
20251226,113,114,113,114,27,303
20251229,114,115,113.5,114.5,16,186
20251230,113.5,115,113.5,114,17,195
20251231,114,114,113,113.5,37,423
20260102,113,114,113,114,16,177
20260105,113,113.5,113,113,20,229
20260106,112.5,114,112.5,113.5,33,377
20260107,114,114,113,113.5,54,616
20260108,114,120,114,116,155,1804
20260109,116,116,114,114.5,24,272
20260112,114.5,115,113,114.5,48,549
20260113,114.5,116,112.5,113,126,1438
20260114,113,114.5,113,114,14,154
20260115,114,115,114,114.5,12,137
20260116,115,115,114,114,30,348
20260119,113.5,114,113,113.5,50,568
20260120,113,113.5,113,113.5,33,371
20260121,113.5,114,113,114,34,386
20260122,114,114,113,113,74,834
20260123,113,113.5,113,113.5,15,170
20260126,114,116.5,114,115,75,867
20260127,115,116,115,116,61,702
20260128,116.5,117.5,115,115,52,600
20260129,115,117.5,114.5,117,69,798
20260130,117,117,114,114,30,350
20260202,113,114,113,113.5,45,515
20260203,114,114.5,113,113.5,50,570
20260204,113,114.5,113,114.5,23,257
20260205,114,114,113,113,13,147
20260206,112.5,114,111.5,113,85,957
20260209,113,113.5,113,113.5,21,233
20260210,114.5,114.5,114,114.5,25,282
20260211,114.5,115,113.5,114,66,754
20260223,116.5,119.5,116,118.5,135,1598
20260224,117,120,117,119,95,1123
20260225,119,120.5,118.5,119,75,892
20260226,119,119.5,117.5,119.5,110,1302
20260302,118,119.5,118,119,151,1796
20260303,120,120,118.5,118.5,93,1106
20260304,117.5,117.5,116,116.5,111,1291
20260305,119,123,117.5,118,223,2662
20260306,117.5,121.5,117.5,119.5,79,946
20260309,115,119.5,115,118,112,1309
20260310,118,118,114.5,115.5,183,2115
20260311,116.5,117.5,116,116.5,42,486
20260312,115.5,117,115.5,116,57,664
20260313,116,117,116,116.5,55,647
20260316,117.5,119.5,117.5,118.5,75,890
20260317,119.5,121,119,120.5,82,983
20260318,120.5,122,120,120,85,1030
20260319,120,121.5,119.5,120,66,792
20260320,120.5,122.5,120.5,121,51,615
20260323,117.5,119,117.5,118.5,53,625
20260324,120,120,117.5,118.5,44,526
20260325,120,121,118.5,120,33,401
20260326,120,120,118.5,119,28,331
20260327,119.5,119.5,118.5,119,19,228
20260330,117.5,119,117,118.5,22,263
20260331,118,118.5,116.5,116.5,68,804
20260401,119,119,117,118,31,360
20260402,117.5,117.5,116.5,117,41,485
20260407,117,118.5,117,117.5,19,229
20260408,120,120.5,119,120.5,42,500
20260409,121,121,120,120,25,300
20260410,120,120.5,119,120,31,366
20260413,119.5,122,119,121.5,68,815
20260414,122.5,123,120.5,121.5,44,540
20260415,121.5,122,121,122,106,1284
20260416,122,122.5,121,122,32,388
20260417,122,122,121,122,40,486
20260420,122,122.5,122,122,52,638
20260421,122,122,119,119,89,1071
20260422,120.5,122,120.5,121.5,133,1614
20260423,122,122,119,121,128,1545
20260424,121,121,118,119,82,979
20260427,119.5,119.5,116,118,106,1238
20260428,118,120,118,119,35,413
20260429,119,122,119,122,61,731
20260430,122,122,120,120,41,489
20260504,119,121,119,119,57,685
20260505,119,121,119,120,52,628
20260506,120.5,120.5,119,119.5,58,696
20260507,119.5,120,119,119.5,81,972
20260508,119.5,121,119,120.5,79,950
20260511,120.5,120.5,119.5,120,73,880
20260512,119.5,120,118.5,118.5,72,852
20260513,118.5,119,118,118.5,35,410
20260514,118,119,117.5,117.5,69,817
20260515,118.5,119,118,118,49,578
20260518,117.5,118,116,116.5,75,876
20260519,117.5,118,117,118,23,274
20260520,118.5,118.5,117,117.5,33,391
20260521,117.5,119,117.5,118,39,464
20260522,118.5,120,117.5,119.5,75,894
20260525,120,120.5,119,119.5,70,839
20260526,119.5,121.5,119.5,121,76,919
20260527,121.5,123,119.5,120,145,1751
20260528,120,121.5,119.5,120.5,58,703
20260529,121,121,120,120.5,56,681
20260601,121.5,125,121.5,124.5,171,2116
20260602,124,126.5,123,125,230,2874
20260603,126.5,126.5,124.5,124.5,65,813
20260604,124.5,127,124,125.5,113,1412
20260605,125.5,125.5,124,125,78,970
20260608,122,124,120,122.5,85,1043
20260609,122.5,130,122.5,130,408,5189
20260610,128,128,124.5,124.5,223,2815
20260611,126.5,126.5,123.5,123.5,344,4283
20260612,116,116,113.5,113.5,249,2849
20260615,115,115,112,113.5,138,1554
20260616,113.5,113.5,111.5,112,117,1316
20260617,112,112.5,111.5,112,62,696
20260618,112.5,112.5,111,111,90,1000
20260622,111,111,110,110.5,77,851
20260623,110.5,111,110,111,52,572
20260624,111,111.5,110,110.5,42,464
20260625,110.5,111,110.5,110.5,34,372
20260626,111,111,108.5,108.5,84,922
20260629,109,109,107.5,108,38,407
20260630,108,108.5,106.5,107.5,113,1213
20260701,107.5,112.5,107.5,112.5,201,2235
20260702,111,111,109,109,72,789
20260703,108,110,108,109.5,26,279
20260706,109.5,110.5,109,110,31,339
20260707,110,110,108.5,108.5,47,513
20260708,109,109,109,109,6,69
20260709,109,110,109,110,45,488
20260713,111,111,109.5,110,42,458
20260714,109.5,110,107.5,107.5,95,1031
20260715,107.5,111.5,107.5,111,48,531
20260716,111,111,109.5,110.5,28,310
20260717,110.5,110.5,108.5,109.5,80,876
20260720,110,110.5,108,109,37,406
20260721,109,110,109,109.5,23,248
20260722,110,110,109.5,110,18,193
20260723,110,110,109,110,16,179
20260724,110,110,108,109.5,44,479
20260727,109,110,108.5,109.5,25,277
20260728,110,110,108.5,109.5,36,396
20260729,110.5,115,108.5,115,208,2299
20260730,116,116,109.5,109.5,83,924
20260731,110.5,113,109.5,110,144,1598
20260803,110,112,108,109,91,994
20260804,109,109,108,108.5,50,547
20260805,109,110,109,109.5,17,184
20260806,109,110.5,109,110.5,10,114
20260807,110,111,110,110.5,16,175
20260810,109,109.5,107.5,109.5,124,1340
20260811,109,110,107.5,108.5,81,883
20260812,109.5,111,109,109,38,414
20260813,109.5,110,109,109.5,27,298
20260814,109.5,110,109,109.5,41,448
20260817,110,110.5,109,109.5,36,396
20260818,110,110.5,110,110,35,390
20260819,111,111,109.5,109.5,28,312
20260820,110.5,110.5,109.5,109.5,34,375
20260821,110.5,110.5,109.5,110,37,410
20260824,110.5,110.5,109.5,109.5,21,236
20260825,110.5,110.5,109.5,109.5,16,177
20260826,110,110,109,109,9,101
20260827,109.5,109.5,109.5,109.5,14,150
20260828,109.5,110,106.5,106.5,213,2296
20260831,107.5,108.5,107,108.5,23,252
20260901,108,108.5,107.5,108,24,257
20260902,108,108,107.5,107.5,13,142
20260903,108.5,108.5,107.5,108,7,74
20260904,107.5,108.5,105.5,105.5,132,1402
20260907,107,108,106,108,32,343
20260908,107.5,107.5,106.5,107.5,24,261
20260909,107.5,107.5,106.5,107,27,291
20260910,107.5,108,107,107,39,423
20260911,107.5,109,107.5,108.5,38,415
20260914,108,109,108,108,9,99
20260915,108,108.5,107,108,27,285
20260916,108,108,107.5,107.5,11,122
20260917,108,108.5,107,107.5,39,415
20260918,108,109,107.5,108.5,30,321
20260921,109,109,107.5,108.5,49,530
20260922,109,110.5,108.5,109,91,998
20260923,109.5,110,108.5,108.5,39,428
