# date,open,high,low,close,lot,wan
20250814,15.85,16.05,15.85,16,173,276
20250815,15.95,16.15,15.9,16,216,346
20250818,15.85,16.15,15.85,15.95,310,495
20250819,16,16.1,16,16,222,355
20250820,16.05,16.2,15.95,16.15,281,451
20250821,16.15,16.3,16.05,16.2,178,287
20250822,16.2,16.25,16.1,16.2,153,247
20250825,16.4,16.4,16.2,16.25,187,303
20250826,16.25,16.35,16.15,16.2,226,367
20250827,16.15,16.35,16.1,16.15,164,265
20250828,16.2,16.3,16.15,16.15,186,301
20250829,16.3,16.3,16.15,16.15,227,367
20250901,16,16.15,16,16,150,241
20250902,15.95,16,15.3,15.5,259,410
20250903,15.5,15.9,15.5,15.5,192,300
20250904,15.5,15.7,15.5,15.65,165,256
20250905,15.6,15.75,15.5,15.5,103,160
20250908,15.55,15.75,15.5,15.55,222,346
20250909,15.55,15.65,15.55,15.55,101,157
20250910,15.6,15.7,15.55,15.6,172,268
20250911,15.6,15.8,15.6,15.65,187,294
20250912,15.65,15.9,15.65,15.65,296,466
20250915,15.65,17.2,15.65,17.2,1217,2068
20250916,17.2,17.4,16.7,17.25,852,1450
20250917,17,17.75,16.9,17,529,909
20250918,17.5,18.7,17.5,18.7,1630,2993
20250919,19.5,19.5,18,18.65,1398,2616
20250922,18.35,18.55,17.95,18.05,765,1386
20250923,18.05,19.85,18.05,19.85,1705,3288
20250924,19.8,19.8,18.85,19.1,1073,2066
20250925,19.05,19.6,18.9,19.1,505,970
20250926,19,19.3,18.5,18.8,528,991
20250930,18.6,19,18.55,19,309,582
20251001,19,19.45,18.75,18.85,248,469
20251002,18.7,18.85,18.2,18.35,257,471
20251003,18.25,18.6,18.05,18.2,231,422
20251007,18.35,18.95,18.05,18.6,292,540
20251008,18.5,18.6,18.25,18.4,130,239
20251009,18.4,18.8,18.4,18.55,230,428
20251013,16.9,18.25,16.8,18.25,191,337
20251014,18.25,18.6,17.85,17.85,394,715
20251015,18.15,18.15,17.5,18,162,291
20251016,17.8,18.3,17.8,18.3,254,459
20251017,18.05,18.3,18,18.05,166,301
20251020,18.1,18.3,17.95,18.1,237,430
20251021,17.95,18.9,17.95,18.6,271,498
20251022,18.45,18.95,18.35,18.7,249,464
20251023,18.3,18.55,18.3,18.45,116,215
20251027,18.4,18.9,18.25,18.35,314,580
20251028,18.35,20.1,18.2,20.1,1121,2188
20251029,20.15,21.5,19.85,21.3,1863,3862
20251030,21.95,22,20.6,21,1275,2704
20251031,21,21.95,20.35,21,597,1271
20251103,21.75,22,20.4,21.9,1154,2472
20251104,22.1,22.2,20.6,21,668,1416
20251105,20.7,21.05,19.75,20.75,435,892
20251106,20.8,21.3,20.75,21.05,240,505
20251107,21.05,21.3,20.45,21.1,225,471
20251110,20.6,20.95,19,19.4,1011,1967
20251111,19.5,19.65,19.05,19.35,325,629
20251112,19.35,19.55,19.15,19.35,370,714
20251113,19.55,19.8,19.15,19.15,409,793
20251114,19.15,19.15,18.45,18.45,368,689
20251117,18.45,18.6,18.25,18.3,364,670
20251118,18.1,18.5,17.7,18.05,326,593
20251119,17.9,18.05,17.4,17.6,526,928
20251120,17.6,18.7,17.55,17.7,299,535
20251121,17.85,17.85,16.6,17.1,451,770
20251124,17.4,17.45,16.9,17.3,534,921
20251125,17.4,18.1,17.3,17.4,138,240
20251126,17.5,18.2,17.5,18.05,212,378
20251127,18.15,18.45,18,18.25,179,324
20251128,18.1,18.4,17.8,18.25,212,386
20251201,18.25,18.75,18.2,18.3,138,254
20251202,18.35,18.7,18.3,18.45,175,323
20251203,18.8,19.15,18.65,18.8,197,372
20251204,18.8,18.8,17.9,18.05,557,1018
20251205,18.05,18.2,17.9,17.9,165,296
20251208,17.65,17.8,17.5,17.75,142,250
20251209,17.85,18.45,17.6,17.85,145,260
20251210,18.05,18.75,17.65,17.65,216,392
20251211,18,18.5,17.7,18.5,241,439
20251212,18.6,19.4,18.4,18.9,338,639
20251215,18.6,20.65,18.6,19.65,579,1135
20251216,19.5,20.5,19.25,19.4,809,1616
20251217,19.55,20,18.35,18.5,439,830
20251218,18.5,18.5,17.95,18,193,348
20251219,18.2,18.3,17.95,18.2,151,275
20251222,18.05,18.9,18.05,18.6,164,306
20251223,18.5,19.35,18.5,19.3,306,585
20251224,19.25,19.35,18.6,18.75,206,389
20251226,18.65,19.2,18.35,18.8,360,686
20251229,18.9,19,18.55,18.7,112,210
20251230,18.7,18.7,17.85,18.15,249,450
20251231,18.15,18.6,17.9,18.2,183,333
20260102,18,18.2,17.9,17.95,210,379
20260105,17.95,18.15,17.75,18.05,238,425
20260106,18.2,18.8,18.05,18.5,379,701
20260107,18.5,19.2,18.3,18.85,326,616
20260108,18.6,18.9,18.2,18.2,198,365
20260109,18.75,18.75,17.8,18,206,372
20260112,17.8,18.75,17.8,18.2,209,381
20260113,18.2,18.75,18.15,18.6,344,636
20260114,18.6,19.95,17.8,19.1,842,1616
20260115,19,19,18.25,18.65,382,703
20260116,18.8,19.4,18.8,19.2,599,1147
20260119,19.6,20.2,19.2,19.8,1052,2084
20260120,19.9,20,19.4,19.5,452,887
20260121,19.3,19.85,19.1,19.7,573,1120
20260122,19.7,19.95,18.95,18.95,407,784
20260123,18.95,19.7,18.95,19.5,514,997
20260126,19.5,20.15,19.35,19.7,394,775
20260127,19.9,19.9,19,19.4,411,790
20260128,19.5,19.95,18.85,19,497,961
20260129,19.1,19.35,18.85,19.2,225,430
20260130,19.2,19.65,18.9,19.5,327,627
20260202,19.05,19.8,19.05,19.6,441,854
20260203,20,21.55,19.95,21.55,5361,11475
20260204,20.8,23.7,20.1,23.1,4725,10663
20260205,22.4,23.7,21.3,23.3,2875,6495
20260206,24,24,21.5,21.5,2153,4754
20260209,21.65,21.65,19.65,20.05,1253,2537
20260210,20.05,20.25,18.9,19.1,973,1872
20260211,19,19.4,18.7,18.9,515,974
20260223,18.5,19.65,18.5,19.5,644,1232
20260224,19.25,20.5,19.25,19.7,663,1320
20260225,19.7,20,19.4,19.6,686,1347
20260226,19.6,20.25,19.45,20,735,1471
20260302,19.5,22,19.2,21.95,2826,6123
20260303,21.95,22.7,20.5,21.1,2138,4579
20260304,19.65,20.4,19,19.25,1080,2076
20260305,19.45,20.5,19.1,19.25,623,1224
20260306,19.1,19.65,18.8,19.2,432,829
20260309,18.5,18.65,17.5,18.65,388,700
20260310,18.2,19,18.05,18.15,295,541
20260311,18.45,19.1,18.45,18.9,240,452
20260312,19.05,19.1,18.55,18.6,402,751
20260313,18.75,18.75,18.1,18.5,188,347
20260316,18.2,18.8,18.2,18.6,256,474
20260317,18.65,19.2,18.65,18.8,384,726
20260318,19,19.15,18.35,18.6,326,608
20260319,18.2,20.45,18.2,20.05,2232,4463
20260320,19.6,19.85,19,19.15,968,1867
20260323,18.4,18.75,18.25,18.5,293,541
20260324,18.7,18.85,18.05,18.3,265,484
20260325,18.45,19,18.3,18.9,305,568
20260326,18.9,19.2,18.75,18.9,255,484
20260327,18.35,18.8,18.2,18.8,200,366
20260330,18.15,18.25,18.05,18.25,204,370
20260331,18,18.25,17.75,17.8,207,373
20260401,18,18.35,17.75,17.9,252,451
20260402,17.8,17.8,17.35,17.4,255,447
20260407,17.4,17.5,16.9,17.05,244,416
20260408,17.05,17.6,17.05,17.45,196,339
20260409,17.65,17.75,16.9,17.5,236,409
20260410,17.5,17.75,17.25,17.75,300,529
20260413,17.5,17.7,17.35,17.4,263,460
20260414,17.4,17.5,17.15,17.25,221,384
20260415,17.4,18.5,17.4,18.1,322,573
20260416,18.1,18.15,17.7,17.7,243,436
20260417,17.7,17.8,17.5,17.7,178,314
20260420,17.7,18.2,17.7,17.85,295,531
20260421,17.85,18.7,17.85,18.3,495,907
20260422,18.3,18.3,17.85,17.9,213,383
20260423,18.9,18.9,17.25,18,322,566
20260424,18,18.15,17.15,17.5,211,368
20260427,17.5,17.7,17,17.35,150,259
20260428,17.55,17.55,17.05,17.1,109,187
20260429,17.3,17.45,17.05,17.4,142,246
20260430,17.5,17.7,17.1,17.2,251,434
20260504,17.45,18.5,17.3,17.7,267,470
20260505,17.65,18.15,17.65,17.95,208,373
20260506,18.3,18.3,17.5,17.6,248,439
20260507,17.6,18.15,17,18.1,430,763
20260508,17.8,18.1,17.6,17.6,165,293
20260511,17.4,17.4,17,17.05,502,862
20260512,17.2,17.2,17,17.05,216,368
20260513,17.05,17.5,17,17.3,304,520
20260514,17.4,17.5,16.95,17.25,360,620
20260515,17.25,18.95,17.25,17.65,846,1526
20260518,17.7,17.8,16.9,17.15,426,730
20260519,17.3,17.85,17.15,17.15,206,360
20260520,17,17.05,16.7,16.7,401,674
20260521,16.6,17,16.6,16.75,317,531
20260522,16.8,18.3,16.8,18.25,825,1447
20260525,18.15,18.45,17.7,18.2,503,906
20260526,18.2,18.6,17.3,17.5,444,788
20260527,17.5,17.7,17.45,17.55,230,405
20260528,17.6,18.1,17.3,17.35,313,554
20260529,17.5,17.5,17.2,17.35,365,630
20260601,17.8,17.8,17.2,17.6,290,508
20260602,17.7,17.7,16.7,17.25,809,1374
20260603,17.3,17.8,17.1,17.7,526,926
20260604,17.6,18.2,17.25,17.4,272,483
20260605,18,18,17,17.1,247,426
20260608,15.8,16.45,15.8,16.45,280,451
20260609,16.5,16.95,16.35,16.95,227,378
20260610,16.9,17.6,16.55,16.6,311,529
20260611,16.95,17.15,16.3,16.75,276,460
20260612,17,17.8,17,17.3,439,769
20260615,17.55,17.9,17.2,17.4,422,744
20260616,17.5,17.5,17.05,17.1,232,398
20260617,17,17.5,16.95,17.4,222,384
20260618,17.4,17.4,17,17.25,199,342
20260622,17.2,17.35,17.05,17.15,295,507
20260623,17.2,17.4,16.9,17.4,244,420
20260624,17.8,17.8,17.25,17.35,363,635
20260625,17.35,17.45,17.15,17.2,175,301
20260626,17.2,17.2,16.65,16.7,290,490
20260629,17.45,17.5,16.5,16.6,203,343
20260630,16.75,17.45,16.75,17.3,179,308
20260701,17.45,17.5,17,17,141,241
20260702,16.9,17.15,16.85,17.05,197,334
20260703,16.9,17.3,16.9,17.3,216,372
20260706,17.4,17.6,17,17.3,194,337
20260707,17.1,17.15,16.5,16.65,338,566
20260708,16.65,16.65,16.25,16.6,172,283
20260709,16.6,16.65,16.4,16.45,97,161
20260713,16.65,16.85,16.2,16.2,143,235
20260714,16.2,16.25,15.6,16.15,292,465
20260715,16.2,16.3,15.8,16.2,170,274
20260716,16.35,16.4,16.05,16.1,132,214
20260717,16.4,16.4,15.5,15.5,284,446
20260720,15.65,15.95,15.35,15.5,98,153
20260721,15.75,16,15.55,15.55,113,178
20260722,15.75,16.45,15.75,15.9,113,182
20260723,15.8,15.9,15.5,15.75,123,192
20260724,15.7,15.75,15.25,15.45,117,180
20260727,15.25,15.5,15.15,15.5,76,117
20260728,15.2,15.2,14.7,15.05,160,237
20260729,15.05,15.05,13.8,14.4,172,245
20260730,14.35,14.5,13.9,13.95,232,330
20260731,14.25,14.7,14.05,14.6,154,221
20260803,14.55,14.55,14.05,14.3,105,150
20260804,14.3,14.45,14.1,14.45,124,178
20260805,14.5,15,14.5,15,122,179
20260806,15.2,15.7,14.55,14.85,191,283
20260807,14.65,14.75,14.3,14.7,67,98
20260810,14.7,14.9,14.6,14.9,70,104
20260811,15,15,14.5,14.65,65,95
20260812,14.65,14.8,14.55,14.8,58,86
20260813,14.8,15.1,14.6,14.9,114,169
20260814,14.6,14.6,14.3,14.4,123,178
20260817,14.25,14.6,14.25,14.4,35,51
20260818,14.4,14.55,14.2,14.25,60,85
20260819,14.25,14.45,14.25,14.25,67,96
20260820,14.3,14.4,14.25,14.3,55,79
20260821,14.3,14.7,14.25,14.55,57,82
20260824,14.3,14.6,14.3,14.45,58,84
20260825,14.5,14.55,14.05,14.35,49,69
20260826,14.25,14.6,14.25,14.45,36,52
20260827,14.45,14.5,14.4,14.4,41,60
20260828,14.4,14.5,14.2,14.45,64,92
20260831,14.45,14.55,14.3,14.45,48,70
20260901,14.45,14.7,14.45,14.65,66,96
20260902,14.65,14.65,14.4,14.4,21,30
20260903,14.4,14.4,14.25,14.4,59,84
20260904,14.4,14.4,14.15,14.2,54,77
20260907,14.35,14.4,14.2,14.4,64,92
20260908,14.15,14.55,14.15,14.2,20,29
20260909,14.1,14.25,14.1,14.2,132,187
20260910,14.2,14.35,14.2,14.25,77,110
20260911,14.2,14.2,14.1,14.15,148,209
20260914,14.15,14.2,14.1,14.2,63,90
20260915,14.15,14.15,14.05,14.1,74,104
20260916,14,14.1,14,14,90,126
20260917,14.05,14.2,14,14.15,63,89
20260918,14.15,14.35,14.1,14.3,139,198
20260921,14.75,15.7,14.7,15.7,522,813
20260922,15.95,16.05,15.25,15.4,498,781
20260923,15.4,15.4,15,15,155,235
20260924,15,15.1,14.8,14.8,81,121
