# date,open,high,low,close,lot,wan
20250814,115,116,110.5,115,7540,85631
20250815,114,115,110.5,112,5250,58851
20250818,113,114,111.5,113,4348,48963
20250819,114.5,114.5,108,110,5835,64284
20250820,108,109,104.5,105,4644,49283
20250821,106,107,103.5,104.5,3311,34741
20250822,105,108,103.5,105,3295,34955
20250825,107.5,109,106,108,3561,38330
20250826,108,109.5,105.5,109,3553,38350
20250827,111.5,114,109.5,113.5,14061,158293
20250828,113,113,110,110.5,6152,68588
20250829,111.5,112,108,109.5,4068,44576
20250901,109,109.5,104,104.5,4162,44143
20250902,105.5,106,101.5,102.5,2648,27330
20250903,102.5,106,102.5,105.5,2030,21252
20250904,106.5,106.5,103.5,103.5,2371,24865
20250905,105,106,104,105.5,1402,14723
20250908,105,105,102.5,103,2739,28323
20250909,103.5,106,103,103,2258,23517
20250910,104,105.5,103.5,104,1636,17061
20250911,105,105,101,101,2829,28885
20250912,102.5,103,101.5,101.5,1646,16822
20250915,102,102,99.5,99.5,1925,19301
20250916,99.9,100.5,98.5,100,1695,16884
20250917,100,101,98.7,98.9,1746,17336
20250918,99.1,100.5,98.6,100.5,1548,15428
20250919,100.5,101.5,99.7,100,1180,11850
20250922,101.5,103.5,101,101.5,2053,20970
20250923,102.5,103,100,100,1728,17446
20250924,100.5,101.5,99.5,100,1205,12079
20250925,100,101.5,98.8,98.8,1652,16458
20250926,98.8,98.8,94.6,95.6,3179,30518
20250930,96.1,97.7,94.8,97.3,1118,10782
20251001,97.5,99.4,97.5,97.9,1222,12037
20251002,99.1,99.3,96.4,96.6,1260,12322
20251003,96.6,97.6,95.7,95.9,1044,10059
20251007,95.9,98.3,95.1,97.4,1585,15351
20251008,96.7,99.2,96.3,98.3,1055,10342
20251009,98.5,99,95.8,95.9,2032,19686
20251013,90.2,94.5,90.1,94.5,1686,15587
20251014,95.4,97.6,92.3,93,1894,17980
20251015,94.2,94.7,93,94,686,6457
20251016,94.6,96.5,94,94.5,1330,12661
20251017,94.1,94.3,93,93,940,8785
20251020,93.4,93.8,92.6,92.7,792,7367
20251021,93.3,100.5,93.3,99.2,3945,38522
20251022,99.7,101.5,99.3,99.8,3799,38040
20251023,99.5,106,99.3,105.5,8755,90584
20251027,106.5,106.5,103,105.5,5575,58402
20251028,105,106.5,103,104.5,3310,34616
20251029,105.5,106,100,100.5,4160,42454
20251030,101.5,102,99.6,99.8,1780,17938
20251031,101,106.5,101,106,5947,62141
20251103,107,110.5,105.5,107.5,8477,91211
20251104,107.5,108.5,103.5,104,3065,32394
20251105,102,109.5,102,109.5,5558,59300
20251106,111,117,108,113.5,15936,180969
20251107,107,107,102.5,104.5,12030,125197
20251110,104,105,101.5,102,3380,34782
20251111,102.5,106,102,105,4692,48858
20251112,106,108,104,104,4357,46132
20251113,104,105,102,102,3162,32601
20251114,100,102,99,100,3329,33369
20251117,100.5,101,98,98.3,2861,28356
20251118,97.1,98.3,95.5,95.5,2328,22471
20251119,95.6,97.5,95,97.2,1460,14052
20251120,98.5,102,97.7,102,4402,44165
20251121,99,103,98,99.4,2914,29227
20251124,101,102,99,99,1651,16527
20251125,100.5,101,99.3,100,1105,11055
20251126,101.5,104,101,103.5,3148,32341
20251127,103.5,104.5,102.5,104,2047,21158
20251128,103.5,106,103,104.5,2055,21518
20251201,105,105.5,102.5,102.5,1214,12560
20251202,103,103.5,101.5,102,997,10220
20251203,102.5,104,102.5,102.5,867,8930
20251204,103,103,100,100.5,944,9586
20251205,101,102,100.5,101,669,6769
20251208,103.5,105,103,104,1996,20808
20251209,104,104.5,102.5,102.5,1286,13301
20251210,103.5,103.5,101,101,1050,10724
20251211,102,104.5,101.5,102,1542,15887
20251212,103,105,101.5,102,1770,18295
20251215,100.5,101.5,99.1,101,1484,14883
20251216,101,101,97.5,99,1572,15556
20251217,99.1,101.5,99.1,99.6,978,9813
20251218,100,100,98.2,98.6,867,8563
20251219,99.8,101.5,99.8,101,904,9101
20251222,102,103.5,102,102.5,1195,12280
20251223,103.5,109,103,105,5220,55784
20251224,108,114.5,107.5,111,11370,126545
20251226,113,117,111,115,10817,123859
20251229,116,117,112.5,112.5,5052,57900
20251230,113.5,116.5,112.5,114,3780,43230
20251231,113.5,118,113,115.5,5032,58429
20260102,116.5,127,115.5,127,13143,162185
20260105,129.5,132,117.5,127,18357,230921
20260106,127.5,129.5,122,123.5,6368,79469
20260107,128,133.5,119.5,122,10638,133402
20260108,123,124.5,120,123,4486,54867
20260109,123,124.5,120,122,2804,34300
20260112,124,127,122,125.5,4394,54774
20260113,125,128,123,123.5,5091,63532
20260114,124.5,127.5,123,125.5,7148,89801
20260115,124.5,125,121.5,125,4587,56587
20260116,126.5,127,118,122,8194,100243
20260119,122,122,119,119,3513,42190
20260120,119,124,118,122,3331,40569
20260121,120.5,126,120,121.5,4997,61884
20260122,123.5,127.5,123,124,4083,50891
20260123,125,125,118.5,118.5,4363,52685
20260126,118,118,113.5,114.5,4769,54995
20260127,115.5,116,113,113,2216,25351
20260128,114,115.5,112.5,113.5,1990,22591
20260129,114,116,110,111,2975,33394
20260130,111.5,112,106.5,109,2696,29320
20260202,108,110.5,105.5,107.5,2165,23272
20260203,111,114,110.5,113.5,2953,33255
20260204,112.5,114,111.5,112.5,1958,22048
20260205,111,114.5,110.5,113,1833,20708
20260206,112.5,112.5,107.5,111,1789,19700
20260209,115,116,111.5,111.5,2232,25316
20260210,112.5,114.5,112,113,3727,42338
20260211,113.5,113.5,109.5,110.5,2224,24612
20260223,111.5,119,109.5,118.5,5693,66130
20260224,118.5,121,117.5,120,3370,40184
20260225,120.5,121,117.5,118,2337,27682
20260226,118,121,116,118.5,3941,46665
20260302,114,118.5,113,115,2493,28957
20260303,116,118,112.5,112.5,2050,23500
20260304,110,111.5,102,103.5,4456,46994
20260305,106.5,110.5,106,107.5,2649,28548
20260306,106.5,109,105,106,1567,16677
20260309,98.8,98.8,95.7,98.5,2553,24856
20260310,102,103.5,100.5,101.5,1704,17400
20260311,104,106,104,105,1095,11508
20260312,104,105,101,101.5,1477,15128
20260313,98.8,104,98.6,102.5,1364,13854
20260316,103.5,105,101.5,103.5,1107,11455
20260317,105.5,113.5,105,110,3868,42420
20260318,120,121,119.5,121,3307,39903
20260319,122,128.5,121.5,124,16058,200973
20260320,125.5,125.5,117,117,5609,67376
20260323,113,116.5,112,113.5,2419,27528
20260324,116.5,117.5,110,111.5,2266,25700
20260325,115.5,117.5,114,116,2056,23809
20260326,116,118.5,112.5,112.5,1942,22436
20260327,111,118,110,117.5,2336,26422
20260330,114,115.5,110,110.5,3385,37851
20260331,110,111.5,105.5,106,2411,26064
20260401,109.5,114,109.5,112.5,2195,24561
20260402,114,116,111.5,113,3426,38774
20260407,118,124,118,124,5813,71545
20260408,125,128,122,126.5,16175,202584
20260409,126,131.5,123.5,130,8656,110605
20260410,136,142.5,132,135,12561,172011
20260413,136,146,135,139,11719,163771
20260414,141,143,137,138.5,6743,94170
20260415,140,140,133.5,136,5666,77025
20260416,136.5,141,133.5,135.5,6900,94367
20260417,135.5,137,132,132.5,4445,59543
20260420,133.5,138.5,133,136.5,5385,73396
20260421,138,140,130.5,134,6289,84275
20260422,133,137.5,132,135,3905,52718
20260423,137,138.5,122.5,128.5,7565,97744
20260424,130,136,130,133,5328,70708
20260427,134,134,125.5,131.5,4309,55478
20260428,131,133.5,129,132,2023,26628
20260429,130.5,133,129.5,131.5,1662,21890
20260430,132.5,137.5,132.5,134,6807,92098
20260504,136.5,137.5,134,136.5,3809,51744
20260505,136,141.5,135,139,6325,87822
20260506,142,143,135,142,8195,114465
20260507,135,135,128,128,15569,201108
20260508,125.5,129,124,126,5456,68916
20260511,126.5,126.5,122,124.5,3596,44639
20260512,124.5,126.5,122.5,124,2082,25922
20260513,123.5,124,121,122,1921,23518
20260514,123.5,125.5,122,123,2466,30394
20260515,124,126,118.5,119,3210,38995
20260518,117,118,114.5,117.5,2021,23542
20260519,118,121,117,117,2027,24030
20260520,117.5,121,117.5,118.5,1772,21118
20260521,121,123,120.5,121,1696,20616
20260522,122.5,124,121.5,123.5,1804,22218
20260525,125,126.5,123,125,3185,39737
20260526,127,127.5,123.5,124.5,2726,34183
20260527,126.5,132.5,123.5,130.5,7313,94324
20260528,134,139.5,130.5,132,12554,169299
20260529,136.5,138.5,133.5,138,5033,68396
20260601,139,144,136,137.5,6835,95557
20260602,138,138.5,133,136,3804,51579
20260603,138.5,145,137.5,142,9653,137049
20260604,141,144.5,138,141,4006,56324
20260605,139,142,133.5,141.5,4905,67791
20260608,127.5,127.5,127.5,127.5,1700,21675
20260609,127.5,127.5,119,122,6383,77962
20260610,120,125.5,115,115,4412,52839
20260611,115.5,116.5,110,113.5,2821,31979
20260612,117,118.5,116,116,1612,18846
20260615,118,121.5,118,119.5,1903,22756
20260616,121.5,122,117,117.5,1312,15574
20260617,116,118.5,115.5,118.5,853,10006
20260618,119,122,119,121,1545,18641
20260622,122,122,120,120.5,1441,17438
20260623,121,121,117,118,1616,19118
20260624,116,118,115.5,118,1113,13024
20260625,118.5,119,116.5,118,1004,11813
20260626,118,118,112,112.5,1769,20239
20260629,113.5,116,112,114.5,896,10258
20260630,116,122,116,120,1516,18128
20260701,120.5,122.5,119,122,1498,18171
20260702,120,126,120,126,2041,25329
20260703,124.5,127,124,124,1054,13197
20260706,124,126,122,123,957,11856
20260707,127.5,130.5,123,123,4701,59618
20260708,126.5,128.5,121,123.5,2903,36055
20260709,124,125.5,122,122.5,1546,19106
20260713,123.5,124,119.5,119.5,1511,18275
20260714,119,120.5,111,115.5,1892,21714
20260715,116.5,118,115.5,117,792,9244
20260716,116.5,116.5,113,114.5,973,11145
20260717,112,114,106,106,2296,25078
20260720,106.5,107,100.5,106,1611,16733
20260721,107,110.5,106.5,109.5,645,7010
20260722,111.5,113,111,111,691,7735
20260723,111,112.5,109,110,665,7356
20260724,109,110.5,107,108,648,7015
20260727,107.5,110,106,110,651,7023
20260728,106.5,107,103.5,103.5,1201,12622
20260729,104,105.5,97,99.3,2459,24569
20260730,98.4,101,95.5,95.5,1259,12301
20260731,101,105,101,105,1173,12088
20260803,101.5,104,101,101.5,898,9184
20260804,102,103.5,100,103.5,612,6291
20260805,106.5,108,105.5,107.5,836,8933
20260806,111.5,112.5,109,110.5,2482,27558
20260807,111.5,112,107.5,107.5,2228,24370
20260810,110,111.5,109.5,110.5,1287,14199
20260811,108.5,110,108.5,110,847,9260
20260812,110,111.5,109,110.5,1255,13839
20260813,111.5,113.5,111,111.5,1426,15983
20260814,112,112,109,109.5,858,9449
20260817,110,110.5,109,109.5,402,4396
20260818,109,109.5,107,107,732,7890
20260819,105,107.5,104.5,106.5,615,6525
20260820,108.5,108.5,105.5,106.5,518,5522
20260821,106.5,107,105.5,106.5,340,3611
20260824,106.5,108,106.5,107.5,386,4141
20260825,107.5,107.5,104.5,106,722,7632
20260826,106.5,109,106.5,108,576,6206
20260827,109,117,109,115.5,2590,29511
20260828,116.5,120,115,116.5,2972,35057
20260831,115,119,114.5,118.5,1601,18800
20260901,119,121,116.5,118,1698,20177
20260902,118,120.5,117.5,118.5,1442,17155
20260903,122.5,124,114.5,114.5,3809,45381
20260904,117,118,114,116.5,993,11502
20260907,114,114,112,113,1564,17667
20260908,113,113,110,110.5,991,11043
20260909,110,112.5,110,112.5,508,5671
20260910,112.5,112.5,110,110,457,5060
20260911,108,109,106,108.5,1149,12368
20260914,107,107.5,106,106.5,525,5599
20260915,106.5,107,105.5,105.5,417,4425
20260916,106,108,106,108,356,3820
20260917,108.5,110,108,108,385,4204
20260918,109.5,110,108.5,109.5,412,4506
