# date,open,high,low,close,lot,wan
20250814,86.2,86.5,86.1,86.3,81,695
20250815,86.9,87,86.3,86.3,58,498
20250818,86.3,86.4,86,86.2,63,543
20250819,86,86.8,86,86.8,105,911
20250820,86.7,86.9,86.2,86.2,123,1069
20250821,86.3,86.8,86.3,86.3,66,567
20250822,86,86.7,86,86.2,91,782
20250825,86.2,86.9,86.2,86.7,65,565
20250826,86.3,87.1,86.3,86.6,59,516
20250827,86.4,87,86.4,87,102,885
20250828,87,87.2,86.6,87.2,138,1198
20250829,87.2,87.3,87.1,87.2,113,987
20250901,87.2,87.4,87,87.1,126,1098
20250902,87.3,87.3,87,87.3,111,971
20250903,87.4,88.1,87.4,88.1,178,1564
20250904,88.5,88.5,88,88.4,204,1802
20250905,88.7,88.7,87.5,88.1,197,1730
20250908,88.5,88.5,88,88.4,178,1574
20250909,85,85.4,84.7,84.8,444,3776
20250910,84.8,86.2,84.8,85.7,249,2131
20250911,85.6,86.8,85.5,86.1,341,2939
20250912,86.7,86.8,86,86,131,1132
20250915,85.8,85.9,85.3,85.4,136,1166
20250916,85.5,85.5,85.2,85.3,103,882
20250917,85.3,85.8,85,85.1,122,1037
20250918,85,85.2,84.7,84.9,183,1553
20250919,84.9,84.9,84.6,84.7,160,1359
20250922,84.9,85,84.7,84.9,70,591
20250923,84.8,85,84.5,84.6,228,1934
20250924,84.6,85.1,84.6,84.9,82,692
20250925,84.9,85.2,84.9,85,72,611
20250926,85,85.7,85,85.3,110,937
20250930,85.9,86,85.5,85.8,68,583
20251001,86,86.2,85.7,86,98,846
20251002,86.2,86.2,85.8,85.9,142,1222
20251003,85.7,85.8,85.5,85.6,111,948
20251007,85.6,85.6,85.1,85.2,93,795
20251008,84.7,85.6,84.7,85.4,83,708
20251009,85.4,85.9,84.8,85.1,98,835
20251013,84.7,85.3,84.7,85.1,86,732
20251014,85.1,85.1,84.7,85,259,2198
20251015,85.5,85.5,84.8,84.9,90,769
20251016,86,86,84.9,84.9,71,606
20251017,84.7,85.1,84.7,85,139,1180
20251020,85,85.2,84.8,85.2,97,827
20251021,85.2,85.4,85,85,88,746
20251022,85,85.2,84.8,84.8,126,1071
20251023,84.7,85.3,84.7,85,85,723
20251027,85.1,85.5,85,85.1,147,1250
20251028,85.2,85.4,85,85,94,802
20251029,85,85,84.8,84.9,100,849
20251030,84.9,85.2,84.9,84.9,128,1091
20251031,84.9,85.1,84.9,84.9,71,606
20251103,85.6,85.6,84.9,85.2,93,789
20251104,85.6,85.6,85,85.3,106,907
20251105,85.2,85.3,84.9,85.2,87,742
20251106,85.5,85.6,85.2,85.4,64,543
20251107,85.2,85.2,84.9,85.1,177,1503
20251110,84.7,84.7,83,83.9,488,4092
20251111,83.9,84.1,83.3,83.6,274,2288
20251112,83.5,84.4,83.5,83.8,164,1378
20251113,83.8,83.9,83.5,83.7,135,1128
20251114,83.8,84,83.4,83.7,148,1237
20251117,83.7,83.7,82.9,83.1,330,2746
20251118,83,83,81.5,81.7,565,4632
20251119,81.7,82,81.2,81.2,232,1896
20251120,81.2,82.1,81.2,81.8,133,1092
20251121,81.8,82.2,81.5,81.9,143,1170
20251124,82.1,82.4,82,82.4,76,626
20251125,81.9,82.3,81.8,82,148,1215
20251126,82,82.4,82,82.3,109,893
20251127,82.1,82.3,81.8,82.1,105,864
20251128,82.1,82.3,82,82.1,69,570
20251201,82,82.3,81.5,81.5,164,1339
20251202,82.2,82.2,81.5,81.6,98,800
20251203,81.8,82,81.6,81.7,86,704
20251204,81.7,81.9,81.5,81.6,105,860
20251205,81.5,81.7,81.5,81.6,115,936
20251208,81.8,81.8,81.4,81.4,110,896
20251209,81.4,81.4,80.2,80.5,505,4067
20251210,81.4,81.4,80.8,81.2,112,907
20251211,81.3,81.5,80.8,81.3,88,713
20251212,81.5,81.5,81.3,81.5,64,524
20251215,81.1,81.7,81,81.7,67,542
20251216,81.1,81.7,81.1,81.5,66,538
20251217,81.8,81.8,81,81.1,109,885
20251218,81.5,81.9,81.1,81.4,73,592
20251219,81.5,81.9,81.4,81.7,57,462
20251222,81.9,81.9,81.2,81.6,102,830
20251223,81.5,81.8,81.4,81.6,85,696
20251224,81.7,81.8,81.4,81.8,88,721
20251226,81.8,82.4,81.8,82.1,124,1017
20251229,82.1,82.3,81.8,82,106,869
20251230,82,82.4,81.7,82,89,726
20251231,81.7,82,81.5,81.6,151,1234
20260102,81.6,81.7,80.7,80.8,352,2859
20260105,80.5,80.5,79.6,79.9,642,5131
20260106,79.6,79.6,78.8,79.1,632,4998
20260107,79,79.1,78.5,79.1,354,2788
20260108,79,79.2,78.7,79.1,224,1767
20260109,79.1,79.3,78.6,79.2,205,1618
20260112,79.2,79.5,78.9,79.2,190,1501
20260113,79.5,79.5,78.5,79,285,2242
20260114,79,80,79,79.9,185,1468
20260115,79.1,79.8,79.1,79.7,120,957
20260116,79.7,80,78.9,79.4,280,2221
20260119,79.2,79.2,78.6,78.8,371,2928
20260120,78.8,79.5,78.6,79.4,272,2153
20260121,79.4,79.4,78.8,78.9,249,1967
20260122,78.9,79.1,78.5,78.9,241,1896
20260123,79.4,79.4,78.9,79,100,793
20260126,79,79.9,79,79.7,163,1299
20260127,79.6,79.7,79.4,79.5,151,1202
20260128,79.5,79.5,78.8,79.2,177,1400
20260129,79,79,78.5,78.8,198,1557
20260130,78.7,78.7,78.3,78.7,213,1670
20260202,78.2,78.2,77.7,78,281,2187
20260203,76.7,77,75.2,76.4,1269,9685
20260204,76.1,76.5,75.6,76.2,443,3374
20260205,76.1,76.3,75.8,76.2,230,1749
20260206,76.2,76.6,75.4,76.4,272,2072
20260209,76.8,76.8,75.8,76.1,351,2671
20260210,76.4,77.7,76.1,77.6,452,3479
20260211,77.1,77.9,77.1,77.7,219,1701
20260223,78,78.6,77.8,78.5,279,2183
20260224,78.3,78.9,78.3,78.9,225,1770
20260225,79,79,78.4,78.5,251,1977
20260226,78.5,78.5,77.8,78.1,522,4077
20260302,77.6,78.1,77.3,78.1,245,1906
20260303,77.8,78.2,77.6,77.8,221,1724
20260304,77.4,77.4,76.6,77.1,358,2757
20260305,77.9,77.9,77.4,77.8,142,1102
20260306,77.3,78,77.3,78,108,839
20260309,76.7,77.1,76.3,76.5,559,4288
20260310,76.8,77.3,76.3,76.6,267,2044
20260311,76.8,77.1,76.4,76.5,274,2104
20260312,76.2,76.4,75.7,76.3,343,2606
20260313,76,76,75.4,75.7,486,3679
20260316,75.7,75.9,75.2,75.8,231,1749
20260317,75.8,76.1,75.4,75.8,313,2368
20260318,75.8,76.2,75.6,75.8,273,2071
20260319,75.8,75.8,75.4,75.5,260,1962
20260320,75.5,76.6,75.5,76.3,249,1896
20260323,76.3,76.3,75.5,75.6,223,1692
20260324,75.7,76,75.3,75.7,172,1298
20260325,76.6,76.6,75.8,76.4,153,1167
20260326,76.7,77,76.5,76.9,203,1556
20260327,76.9,77.6,76.7,77.5,170,1310
20260330,77,78.2,77,77.9,202,1574
20260331,77.5,78,77,77,182,1412
20260401,77.7,77.9,77.2,77.5,158,1231
20260402,77.5,78,77.5,77.9,251,1959
20260407,77.9,78.1,77.6,77.8,160,1245
20260408,77.8,77.9,77.2,77.5,339,2630
20260409,77.6,78.1,77.5,77.8,190,1479
20260410,78,78.1,77.7,78,270,2101
20260413,78,78.6,77.9,78.5,228,1785
20260414,78.8,78.8,78.4,78.6,261,2052
20260415,78.7,79,78.6,78.6,250,1968
20260416,78.8,79.4,78.8,79.4,214,1697
20260417,79.5,79.5,78.8,79.1,288,2280
20260420,78.7,79.1,78.7,79.1,395,3117
20260421,79.3,79.3,78.2,78.6,711,5593
20260422,78.6,78.6,78.1,78.6,808,6338
20260423,74.4,74.6,73.8,74,966,7161
20260424,74,74,73,73.3,528,3872
20260427,73.2,73.2,71,72.4,609,4383
20260428,73,73,71.5,72.5,344,2473
20260429,73.2,73.2,71.8,71.9,278,2003
20260430,71.9,71.9,71.3,71.4,356,2547
20260504,71.5,71.5,70.7,70.9,445,3156
20260505,70.9,70.9,70.4,70.8,298,2105
20260506,70.8,70.8,70.4,70.6,363,2557
20260507,70.5,70.7,70.1,70.6,408,2871
20260508,70.5,71.2,70.4,70.6,370,2617
20260511,70.6,70.8,70,70.2,530,3725
20260512,70.2,70.2,69.5,69.7,566,3946
20260513,69.7,69.7,68.8,69.3,660,4556
20260514,69.2,69.4,68.5,68.5,579,3985
20260515,68.5,68.8,68,68.1,612,4176
20260518,68,68.4,67.3,68.1,361,2454
20260519,68.1,69.3,67.9,68.7,379,2609
20260520,69.4,70.6,68.9,70.6,428,2987
20260521,70.6,70.8,70.1,70.8,199,1405
20260522,70.8,70.8,70,70.4,159,1121
20260525,70.2,70.2,69.1,70,386,2687
20260526,70,70.4,69.3,70,316,2202
20260527,70.3,70.8,70.1,70.4,397,2797
20260528,70.8,70.8,69.4,69.5,373,2601
20260529,69.5,70.3,69.5,70.1,296,2071
20260601,70.1,70.1,69.5,70.1,344,2407
20260602,70.1,70.4,69.5,70.4,395,2765
20260603,70.4,71.3,70.1,71.2,343,2435
20260604,71.2,71.9,71,71.5,324,2318
20260605,71.5,71.6,71,71.5,149,1064
20260608,70.2,70.8,69.5,70.4,413,2901
20260609,70,71.6,70,70.9,232,1649
20260610,70,70.4,69.2,69.7,464,3242
20260611,70.4,70.4,69.4,69.7,290,2020
20260612,70.1,70.3,69.5,69.7,274,1910
20260615,69.7,69.7,69.2,69.6,316,2193
20260616,69.9,70.4,69.5,69.5,174,1213
20260617,69.6,69.7,69.5,69.5,183,1274
20260618,69.5,69.9,69.4,69.5,203,1411
20260622,69.5,69.5,68.6,68.8,478,3288
20260623,68.8,69,68.3,68.9,269,1848
20260624,68.9,69.3,68.6,68.8,243,1672
20260625,68.8,69.2,68.7,68.9,268,1845
20260626,69.3,69.3,68.4,68.7,279,1915
20260629,68.6,69.2,68.5,69.2,171,1180
20260630,69,69,68.6,68.7,152,1044
20260701,69.1,69.1,68.8,69,199,1371
20260702,69,69,68.8,69,146,1007
20260703,69,69.6,69,69.5,337,2337
20260706,69.6,69.8,69.3,69.7,334,2321
20260707,69.9,69.9,69.1,69.5,246,1709
20260708,69.8,69.8,69,69.3,183,1267
20260709,69.6,70,69,69.8,255,1769
20260713,70.1,70.8,70.1,70.7,320,2260
20260714,71,71.4,70.4,71.3,400,2837
20260715,71.2,72.3,71.1,72.3,309,2216
20260716,72,72.3,71.7,72,227,1636
20260717,72,72,70.6,70.7,287,2040
20260720,71.4,72,70.8,71.2,221,1579
20260721,71.1,71.8,71,71.5,176,1253
20260722,71.5,71.5,70.9,70.9,143,1013
20260723,70.9,70.9,70.1,70.5,167,1173
20260724,70.5,70.9,70.2,70.9,111,782
20260727,71.6,71.6,70.4,70.7,78,551
20260728,70.7,71.2,70.4,70.8,191,1351
20260729,71.4,71.5,70.4,71.3,331,2351
20260730,71.4,71.7,70.9,71,250,1780
20260731,71.2,71.3,70.6,70.8,168,1191
20260803,70.9,70.9,70,70,230,1618
20260804,69.8,69.8,69.2,69.7,220,1532
20260805,69.6,69.8,69.2,69.7,122,853
20260806,69.7,69.9,69.5,69.9,119,832
20260807,69.7,70.5,69.5,70.4,132,927
20260810,70.7,71.4,70.7,71.2,210,1489
20260811,71.2,71.9,71.2,71.5,236,1691
20260812,71.5,71.7,70.9,71.2,163,1159
20260813,71.5,71.5,70.9,71.3,105,751
20260814,71.3,71.5,71,71.3,89,633
20260817,71.3,71.9,71.1,71.8,137,981
20260818,71.3,71.9,71.2,71.5,99,707
20260819,71.5,71.7,71.1,71.4,114,812
20260820,71.6,71.9,71.5,71.7,158,1135
20260821,71.7,71.9,71.5,71.7,88,631
20260824,71.7,71.8,71.3,71.8,52,369
20260825,71.4,71.8,71.4,71.5,52,370
20260826,71.7,71.7,71.2,71.5,85,608
20260827,71.3,71.4,70.9,71,159,1129
20260828,71.1,71.1,70.7,71,127,900
20260831,71,71.3,71,71.2,106,755
20260901,70.9,71.2,70.9,71.1,122,865
20260902,70.9,71.2,70.7,71.2,88,623
20260903,71.4,71.4,70.7,70.8,104,741
20260904,70.8,71.3,70.7,70.9,82,579
20260907,71.5,71.5,70.6,71.2,107,755
20260908,71,71.2,70.9,71.1,76,542
20260909,70.8,71.2,70.8,71,67,478
20260910,71.4,73,71.4,72.8,699,5059
20260911,72.8,72.8,71.9,72.6,203,1468
20260914,72.5,72.5,71.7,72.1,138,994
20260915,71.9,72,71.7,71.7,115,829
20260916,72,72,71.7,71.9,91,651
20260917,72,72.2,71.8,72.2,162,1169
20260918,72.2,72.7,71.9,72.7,129,929
20260921,72.5,72.5,72,72.2,124,895
20260922,72.4,72.4,71.7,72.2,144,1036
20260923,72.2,72.3,71.7,72.2,88,637
