# date,open,high,low,close,lot,wan
20250814,21.9,21.9,21.8,21.9,80,175
20250815,21.95,22,21.9,22,46,102
20250818,22,22,21.85,21.95,122,268
20250819,21.9,22,21.8,21.95,87,189
20250820,21.85,22,21.8,22,32,71
20250821,22,22.25,21.9,22.05,56,124
20250822,22.1,22.2,22,22.15,72,159
20250825,22.3,22.35,22.05,22.1,77,171
20250826,22.1,22.25,21.95,22.25,67,148
20250827,22.1,22.25,22.05,22.2,62,138
20250828,22.2,22.2,22,22.05,42,93
20250829,22.1,22.15,21.95,22.05,46,100
20250901,21.9,22,21.85,22,29,63
20250902,22,22,21.9,21.9,18,40
20250903,21.9,22.15,21.9,22,33,72
20250904,22,22.7,21.95,22.4,273,614
20250905,22.45,22.5,22.25,22.5,49,109
20250908,22.45,22.5,22.25,22.5,69,155
20250909,22.45,22.5,22.3,22.5,41,91
20250910,22.45,22.45,22.35,22.45,71,160
20250911,22.3,22.4,22.25,22.4,51,114
20250912,22.4,22.4,22.25,22.35,16,35
20250915,22.2,22.3,22.1,22.25,46,102
20250916,22.25,22.35,22.1,22.2,77,170
20250917,22.3,22.3,22.05,22.15,70,155
20250918,22.2,22.25,22.05,22.2,114,253
20250919,22.1,22.15,21.95,22.15,128,281
20250922,22.15,22.15,22.05,22.1,31,69
20250923,22.1,22.1,21.9,22,62,136
20250924,21.95,22.25,21.9,22.25,134,295
20250925,22.3,22.3,22,22.15,65,145
20250926,22.25,22.25,22,22.1,58,127
20250930,22.15,22.15,22,22.1,27,60
20251001,22.05,22.1,21.95,22.1,62,137
20251002,22.25,22.25,22,22.2,86,189
20251003,22.05,22.2,22,22.2,67,147
20251007,22.05,22.05,21.95,21.95,62,137
20251008,21.95,22.05,21.9,22.05,54,118
20251009,22.05,22.05,21.9,22,101,222
20251013,21.85,21.85,21.6,21.7,108,233
20251014,21.75,21.9,21.4,21.7,144,311
20251015,21.75,21.75,21.55,21.65,45,98
20251016,21.65,21.75,20.95,21.65,203,435
20251017,21.5,21.6,21.4,21.6,41,89
20251020,21.55,21.55,21.4,21.55,37,80
20251021,21.6,21.65,21.4,21.65,52,112
20251022,21.5,21.6,21.3,21.6,90,194
20251023,21.45,21.55,21.45,21.5,21,45
20251027,21.6,21.6,21.35,21.6,116,249
20251028,21.6,21.6,21.4,21.6,49,106
20251029,21.6,21.65,21.35,21.4,72,154
20251030,21.3,21.45,21.25,21.45,76,162
20251031,21.55,21.55,21.35,21.45,22,47
20251103,21.5,21.5,21.25,21.35,52,112
20251104,21.3,21.4,21.2,21.2,53,114
20251105,21.2,21.2,21.05,21.05,96,203
20251106,21.15,21.2,21.05,21.2,29,61
20251107,21.2,21.2,21,21.2,85,180
20251110,21.35,21.35,21.2,21.3,53,114
20251111,21.2,21.2,21.1,21.15,59,124
20251112,21.3,21.3,21.15,21.3,30,64
20251113,21.3,21.5,21.25,21.5,93,198
20251114,21.5,21.6,21.3,21.6,60,128
20251117,21.6,21.9,21.55,21.7,123,267
20251118,21.6,21.7,21.45,21.65,75,162
20251119,21.6,21.7,21.3,21.7,84,180
20251120,21.75,21.8,21.6,21.75,45,97
20251121,21.65,21.7,21.45,21.65,45,97
20251124,21.6,21.85,21.55,21.85,64,138
20251125,21.8,21.95,21.8,21.95,35,78
20251126,21.95,22.05,21.9,22.05,80,177
20251127,22,22.1,21.95,22,26,56
20251128,21.85,21.95,21.8,21.95,32,70
20251201,21.75,22,21.65,22,78,170
20251202,21.9,21.9,21.8,21.9,22,48
20251203,21.9,21.9,21.7,21.8,29,63
20251204,21.85,21.9,21.7,21.9,49,107
20251205,21.75,21.95,21.75,21.85,60,130
20251208,21.75,21.9,21.65,21.9,41,89
20251209,21.75,21.8,21.65,21.8,40,87
20251210,21.75,21.85,21.7,21.85,26,57
20251211,21.85,22.25,21.75,22.1,213,470
20251212,22.2,22.2,22.1,22.1,82,182
20251215,22,22.2,21.95,22.2,66,145
20251216,22,22.4,21.85,22.4,120,265
20251217,22.05,22.25,22,22.25,81,179
20251218,22.25,22.25,22.05,22.05,14,30
20251219,22.2,22.2,22.1,22.15,40,90
20251222,22.2,22.2,22.05,22.2,16,35
20251223,22.1,22.15,21.95,22.15,48,106
20251224,22.05,22.35,22,22.15,53,117
20251226,22.1,22.1,22,22,16,36
20251229,22.05,22.1,22,22.05,45,99
20251230,22,22.2,21.95,22.2,46,102
20251231,22.3,22.3,22.05,22.05,35,77
20260102,22.1,22.2,22,22.2,45,99
20260105,22.3,22.3,22,22,23,51
20260106,22,22.2,21.9,22.2,87,192
20260107,21.95,22.1,21.95,22,39,86
20260108,22.05,22.2,21.9,22.15,126,277
20260109,22.15,22.3,22.1,22.2,88,196
20260112,22.1,22.2,22,22.15,90,198
20260113,22.2,22.85,22.15,22.4,319,717
20260114,22.5,22.75,22.3,22.75,178,401
20260115,22.75,22.85,22.5,22.75,145,328
20260116,22.7,23.25,22.7,23,262,601
20260119,23.1,23.3,22.75,23.3,194,445
20260120,23.3,23.3,23,23.3,115,265
20260121,23,23.25,22.75,23.25,196,451
20260122,23,23.05,22.9,23,99,228
20260123,23.05,23.25,22.95,23.1,66,153
20260126,22.9,23.1,22.8,23.05,78,178
20260127,23.05,23.95,23.05,23.65,308,728
20260128,23.65,24.4,23.45,23.5,273,649
20260129,23.65,23.75,22.5,23.15,309,714
20260130,23,23.2,22.95,23.1,53,121
20260202,23.15,23.15,22.65,23,106,242
20260203,23,23.05,22.8,23.05,45,104
20260204,22.8,23.3,22.8,23.3,44,102
20260205,23,23.45,22.95,23.45,52,121
20260206,23.25,23.25,22.95,22.95,72,166
20260209,23,23,22.9,23,48,109
20260210,23,23.1,22.9,23.1,26,60
20260211,22.8,23.1,22.65,23.1,64,147
20260223,23.1,23.15,22.85,23.15,86,199
20260224,23.2,23.2,22.85,22.85,98,225
20260225,22.75,23,22.75,22.85,72,165
20260226,22.85,22.95,22.75,22.95,52,120
20260302,22.95,22.95,22.7,22.9,62,141
20260303,22.75,22.9,22.55,22.9,120,272
20260304,22.55,22.65,22.35,22.35,76,170
20260305,22.4,22.6,22.25,22.6,75,168
20260306,22.5,22.8,22.45,22.8,37,84
20260309,22.2,22.65,22.05,22.65,97,216
20260310,22.3,22.55,22.3,22.4,28,63
20260311,22.55,22.7,22.55,22.7,89,201
20260312,22.4,22.65,22.4,22.65,52,117
20260313,22.5,22.6,22.4,22.4,80,179
20260316,22.7,22.7,22.15,22.2,79,176
20260317,22.35,22.5,22.3,22.4,90,202
20260318,22.4,22.45,22.25,22.4,91,203
20260319,22.5,22.55,22.15,22.55,86,191
20260320,22.3,22.4,22.3,22.4,43,95
20260323,22.5,22.5,21.95,22.25,154,340
20260324,22.25,22.4,22.1,22.35,99,221
20260325,22.35,22.5,22.2,22.35,51,114
20260326,22.35,22.4,22.15,22.4,99,220
20260327,22.2,22.3,22.2,22.3,37,82
20260330,22.1,22.2,22,22.05,58,128
20260331,22.05,22.3,22,22.1,132,291
20260401,22.1,22.35,22.1,22.2,70,155
20260402,22.35,22.35,22.15,22.3,61,135
20260407,22.3,22.35,22.25,22.35,16,35
20260408,22.3,22.45,22.3,22.3,76,169
20260409,22.35,22.35,22.15,22.3,54,120
20260410,22.15,22.4,22.15,22.4,72,161
20260413,22.25,22.3,22.15,22.2,36,79
20260414,22.2,22.3,22.2,22.3,39,86
20260415,22.3,22.45,22.3,22.45,95,212
20260416,22.45,22.55,22.35,22.55,80,180
20260417,22.5,22.55,22.2,22.5,117,262
20260420,22.45,22.65,22.4,22.65,64,143
20260421,22.45,22.65,22.45,22.55,38,87
20260422,22.65,22.65,22.25,22.5,88,198
20260423,22.3,22.35,22,22.25,199,441
20260424,22.25,22.35,22.25,22.3,55,122
20260427,22.15,22.15,22,22.05,112,248
20260428,22.2,22.2,22,22.2,73,161
20260429,22.3,22.3,22.1,22.2,38,84
20260430,22.2,22.3,22,22.3,130,287
20260504,22.1,22.3,22.05,22.3,102,225
20260505,22.1,22.25,22.05,22.1,68,151
20260506,22.1,22.25,22.1,22.25,106,236
20260507,22.25,22.25,22.1,22.2,94,208
20260508,22.2,22.25,22.05,22.2,88,195
20260511,22.3,22.3,22.1,22.2,58,129
20260512,22.15,22.25,22.05,22.2,135,299
20260513,22.45,23.4,22.25,23.35,1040,2395
20260514,23.5,23.55,22.75,22.9,388,897
20260515,22.85,22.9,22.7,22.9,132,302
20260518,22.75,23.15,22.7,23,118,270
20260519,23,23.1,22.8,23.05,79,182
20260520,23.05,23.05,22.9,23.05,74,171
20260521,23.05,23.3,23,23.1,92,213
20260522,23.1,23.35,23.05,23.3,103,240
20260525,23.1,23.35,23.05,23.35,155,360
20260526,23.35,23.45,23.15,23.45,125,292
20260527,23.35,23.45,23.3,23.3,73,170
20260528,23.3,24,23.3,23.8,414,982
20260529,23.8,24.7,23.8,24.4,517,1255
20260601,24.65,24.7,23.85,24.4,360,870
20260602,24.2,24.25,23.9,24.05,326,784
20260603,24.05,24.3,23.75,24.3,306,733
20260604,24.3,24.3,24,24,108,259
20260605,24,24,23.8,24,140,334
20260608,23.8,24,23.45,23.95,167,394
20260609,23.9,24.3,23.85,24.05,120,288
20260610,24.25,24.3,23.75,24,153,366
20260611,23.55,23.55,22.9,23.45,250,582
20260612,23.2,23.45,23.15,23.3,163,380
20260615,23.6,23.6,23.15,23.2,72,167
20260616,23.45,23.5,23,23.4,88,203
20260617,23.25,23.4,23.1,23.4,78,182
20260618,23.25,23.4,23,23.4,117,271
20260622,23.4,23.4,23.05,23.3,141,328
20260623,23.15,23.2,23,23.2,149,345
20260624,23.25,23.25,22.95,23.1,108,248
20260625,23.05,23.15,22.9,23.1,279,640
20260626,23,23.2,22.75,23.2,190,435
20260629,23,23.35,23,23.35,62,144
20260630,23.4,23.65,23.3,23.65,129,304
20260701,23.65,23.7,22.9,23.6,332,775
20260702,23.5,23.5,23.3,23.5,64,150
20260703,23.25,23.6,23.25,23.55,92,216
20260706,23.6,23.75,23.6,23.7,124,294
20260707,23.45,23.7,23.4,23.6,141,330
20260708,23.6,23.65,23.35,23.5,56,132
20260709,23.4,23.55,23.25,23.55,53,125
20260713,24.3,25.9,24.2,25.1,1228,3078
20260714,25.3,25.3,24.6,24.85,576,1434
20260715,24.8,25.1,24.75,25,358,893
20260716,25.1,25.4,25,25.3,300,757
20260717,25.3,25.3,24.7,25,301,750
20260720,25.2,25.2,24.65,24.7,264,657
20260721,24.7,25,24.7,25,121,300
20260722,25,25,24.7,25,397,988
20260723,24.9,24.9,24.6,24.7,147,363
20260724,24.8,25,24.6,24.9,115,285
20260727,24.9,24.9,24.55,24.9,106,263
20260728,24.75,24.75,24.15,24.2,182,443
20260729,24.45,24.5,23.85,24.5,271,654
20260730,23.5,23.5,22.95,23.15,176,406
20260731,23.3,23.7,23.15,23.7,125,293
20260803,23.35,23.55,23.25,23.4,81,190
20260804,23.25,23.75,23.2,23.75,132,312
20260805,23.95,24.35,23.9,24.05,193,466
20260806,24.25,25.5,24.1,24.9,845,2106
20260807,24.9,24.9,24.15,24.6,481,1177
20260810,24.6,25.3,24.45,25.05,181,450
20260811,24.5,24.75,24.3,24.6,374,915
20260812,24.5,24.8,24.45,24.8,197,486
20260813,24.8,24.9,24.55,24.75,121,299
20260814,24.75,24.75,24.3,24.65,162,397
20260817,24.45,24.85,24.4,24.85,115,282
20260818,24.85,24.85,24.45,24.8,136,336
20260819,24.45,24.6,24.35,24.4,51,125
20260820,24.4,24.5,24.2,24.45,57,138
20260821,24.45,24.6,24.45,24.5,31,76
20260824,24.6,24.7,24.3,24.7,84,205
20260825,24.65,24.65,24.4,24.55,123,302
20260826,24.55,24.85,24.4,24.85,103,252
20260827,24.8,24.95,24.5,24.5,136,335
20260828,24.45,24.45,24,24.4,313,759
20260831,24.2,24.35,24.05,24.35,38,91
20260901,24.3,24.4,24.15,24.35,38,92
20260902,24.2,24.6,24.1,24.5,184,449
20260903,24.6,24.6,24.3,24.5,87,213
20260904,24.4,24.5,24.05,24.5,283,685
20260907,24.5,24.5,24.2,24.45,79,193
20260908,24.35,24.5,24.1,24.5,105,255
20260909,24.3,24.4,24,24.4,242,587
20260910,24.2,24.45,24.2,24.4,188,457
20260911,24.4,24.4,24.05,24.35,117,284
20260914,24.3,24.5,24.3,24.4,68,166
20260915,24.4,24.4,24.15,24.4,48,116
20260916,24.45,24.45,24.25,24.4,99,242
20260917,24.3,24.4,24.15,24.4,151,368
20260918,24.6,24.6,24.3,24.55,81,199
20260921,24.35,24.55,24.35,24.55,36,89
20260922,24.5,24.5,24.25,24.35,79,193
20260923,24.3,24.35,24.2,24.35,48,117
20260924,24.2,24.55,24.2,24.2,116,283
