# date,open,high,low,close,lot,wan
20250814,20.3,20.45,20.2,20.45,232,472
20250815,20.35,20.85,20.35,20.8,214,442
20250818,20.8,20.8,20.45,20.65,161,331
20250819,20.75,20.75,20.4,20.6,136,279
20250820,20.7,20.7,20.3,20.5,98,200
20250821,20.65,21.7,20.5,21.6,438,921
20250822,21.6,22.2,21.4,22,476,1037
20250825,22,22.2,21.55,21.95,300,654
20250826,21.95,21.95,21.5,21.75,74,160
20250827,21.6,21.75,21.4,21.55,170,366
20250828,20.8,21.5,20.8,21.25,182,384
20250829,21.25,21.3,20.95,21.25,117,247
20250901,21.3,22.2,21.3,22.1,622,1363
20250902,22.35,22.55,21.5,22.1,376,829
20250903,21.85,22.85,21.8,22.7,436,982
20250904,22.95,24.95,22.75,24.95,1652,4034
20250905,25.75,25.75,23.7,23.85,2687,6614
20250908,23.8,23.8,22.55,23.8,521,1215
20250909,23.8,24.25,23.65,23.75,196,469
20250910,23.75,24.5,23.25,23.95,206,492
20250911,23.7,24.4,23.7,24,292,701
20250912,24.1,24.95,24.1,24.8,578,1427
20250915,24.75,25.5,24.5,25.2,358,897
20250916,25.3,26.6,25.3,26.05,685,1776
20250917,26.15,26.2,25.65,26,354,918
20250918,26.05,26.05,25.2,25.5,285,727
20250919,25.1,25.1,24,24.45,881,2148
20250922,24.6,24.7,24,24.3,254,616
20250923,24.3,24.3,23.8,24,195,468
20250924,24.1,24.15,23.5,23.7,105,250
20250925,23.7,24.3,23.7,24.2,127,306
20250926,24.15,24.2,23.2,23.95,182,432
20250930,24.8,24.8,23.8,24,270,650
20251001,24,24,23.6,23.75,99,235
20251002,23.6,23.75,23,23.75,388,913
20251003,23.7,23.7,23,23,163,378
20251007,22.95,22.95,22.25,22.5,367,827
20251008,22.5,22.8,22.2,22.55,146,328
20251009,22.55,22.55,22.15,22.3,117,261
20251013,22.25,23,21.8,22.75,238,536
20251014,22.9,23.6,22.75,22.8,222,517
20251015,23,23,22.5,22.7,74,168
20251016,22.55,22.9,22.25,22.85,181,406
20251017,22.75,22.75,22.2,22.55,120,269
20251020,22.5,22.85,22.1,22.3,50,112
20251021,22.2,22.65,22.2,22.5,131,293
20251022,22.3,22.6,22.3,22.55,43,97
20251023,22.55,22.8,22.55,22.65,424,959
20251027,22.5,22.5,22,22.05,197,436
20251028,22,22.2,21.75,22.1,226,494
20251029,21.95,22.1,21.5,21.5,207,448
20251030,21.5,22.1,21.5,21.7,134,290
20251031,21.5,21.8,21.45,21.45,113,243
20251103,21.5,21.5,21.3,21.3,77,165
20251104,21.5,21.7,21.45,21.65,155,334
20251105,21.6,21.6,21.2,21.6,140,299
20251106,21.65,21.75,21.2,21.75,201,430
20251107,21.75,21.95,21.65,21.9,45,98
20251110,21.9,21.9,21.6,21.8,70,152
20251111,21.85,21.9,21.1,21.85,133,287
20251112,21.85,21.9,21.7,21.9,67,146
20251113,21.7,21.75,21.5,21.7,130,282
20251114,21.6,21.7,21.45,21.7,96,207
20251117,21.7,21.75,21.15,21.6,198,427
20251118,21.4,21.4,20.7,21,161,338
20251119,21,21.1,20.45,20.75,101,210
20251120,21,21,20.6,20.8,35,73
20251121,20.4,20.85,19.9,20.85,320,646
20251124,20.85,21,20.35,20.6,98,201
20251125,20.5,20.6,20.4,20.6,98,201
20251126,20.7,20.75,20.45,20.6,94,193
20251127,20.6,20.85,20.55,20.75,229,474
20251128,20.5,21.2,20.5,21.2,100,210
20251201,21,21.05,20.6,20.95,112,233
20251202,20.95,21.3,20.9,21.15,223,470
20251203,21.1,21.7,21.1,21.65,120,258
20251204,21.85,22.15,21.65,22,212,465
20251205,22,22.4,21.9,22.4,134,296
20251208,22.4,23,22.4,22.65,139,314
20251209,22.35,22.45,22,22.45,205,455
20251210,22.4,22.55,22.05,22.45,137,306
20251211,22.4,22.65,21.65,21.9,375,833
20251212,22,22,21.25,21.95,100,218
20251215,21.55,21.95,21.5,21.5,51,111
20251216,21.4,21.5,21.1,21.35,82,174
20251217,21.35,23.45,21.35,22.2,510,1162
20251218,22.3,22.95,21.7,22.7,137,306
20251219,22.95,24.2,22.9,23.9,558,1318
20251222,23.9,23.9,23.4,23.8,162,384
20251223,23.8,23.9,23.45,23.9,72,171
20251224,23.5,26.25,23.5,25.4,1973,5084
20251226,25.4,25.55,24.55,25.2,411,1028
20251229,25.05,25.3,24.55,24.65,141,351
20251230,24.5,25,23.5,25,465,1121
20251231,24.9,25,24.35,24.8,222,546
20260102,24.5,24.5,23.8,23.8,191,460
20260105,23.6,23.8,23.35,23.55,162,382
20260106,23.5,23.85,23.3,23.3,103,242
20260107,23.25,23.4,22.8,22.85,168,387
20260108,23.05,23.3,23,23.3,96,222
20260109,23.35,23.4,22.8,23,87,200
20260112,22.7,23,22.5,23,153,348
20260113,22.65,22.65,22.3,22.3,142,319
20260114,22.4,22.55,22.3,22.4,109,244
20260115,22.3,22.4,22.05,22.3,68,151
20260116,22.3,22.35,21.35,21.4,359,780
20260119,21.4,21.65,21.25,21.55,298,641
20260120,21.4,21.9,21.4,21.6,237,514
20260121,21.55,21.85,21.5,21.8,821,1788
20260122,22,22.15,21.6,21.85,177,387
20260123,22.2,22.25,21.6,22.2,206,452
20260126,22.05,22.4,21.9,22.4,191,424
20260127,22.4,22.8,22.1,22.5,217,490
20260128,22.3,22.7,22.2,22.55,200,450
20260129,22.4,22.65,22.15,22.65,133,297
20260130,22.3,22.3,21.65,21.65,176,386
20260202,21.5,21.75,20.85,20.9,175,373
20260203,21.1,21.15,20.65,20.7,147,307
20260204,21.35,21.35,20.7,20.85,146,305
20260205,20.75,21.15,20.55,20.6,192,400
20260206,20.5,20.5,19.9,20.45,391,785
20260209,20.2,20.3,20.05,20.25,137,276
20260210,20.05,20.35,19.9,20.3,290,580
20260211,20.2,20.35,20,20.35,357,719
20260223,20.35,20.9,20.35,20.85,135,280
20260224,20.7,20.8,20.5,20.6,133,274
20260225,20.5,20.5,20.05,20.05,310,626
20260226,20.05,20.1,19.85,20.05,420,839
20260302,19.8,20.1,19.8,20,222,444
20260303,20.1,20.15,19.5,19.7,203,399
20260304,19.5,19.5,18.85,18.95,305,582
20260305,19.2,19.5,19,19.25,115,220
20260306,19.25,19.25,18.95,19.1,91,174
20260309,18.2,18.5,17.45,18.35,1312,2354
20260310,18.55,18.8,18.45,18.8,162,301
20260311,19,19.5,19,19.5,163,315
20260312,19.5,19.6,18.8,19.45,447,869
20260313,19.05,19.35,19,19.05,155,297
20260316,19.1,19.5,18.75,19,120,227
20260317,19,19,18.4,18.5,403,748
20260318,18.6,18.65,18.3,18.6,474,875
20260319,18.5,18.5,16.75,17.55,3793,6474
20260320,17.95,18.7,17.45,17.8,867,1566
20260323,18,18.1,17.05,17.05,262,455
20260324,17.6,17.6,16.85,16.85,404,691
20260325,17,17.4,16.8,17.4,300,512
20260326,17.1,17.35,17,17.2,421,724
20260327,17,17.45,16.9,17.3,240,412
20260330,17.3,17.35,17.15,17.25,111,192
20260331,17.2,18.1,17,17,483,839
20260401,17.2,17.35,16.9,17,209,357
20260402,17.05,17.05,16.65,17,159,268
20260407,17,17,16.1,16.95,308,513
20260408,17,17,16.25,16.45,595,986
20260409,16.5,16.6,16.35,16.4,119,195
20260410,16.25,16.45,16.25,16.45,223,365
20260413,16.4,16.5,16.2,16.5,356,583
20260414,16.3,16.35,16.1,16.3,202,329
20260415,16.15,16.15,15.6,15.75,673,1064
20260416,15.8,16.3,15.8,16.1,215,345
20260417,16.1,16.25,15.85,16,182,291
20260420,16.1,16.3,16.05,16.05,284,459
20260421,16.05,16.05,15.75,15.75,174,277
20260422,15.95,16,15.5,15.55,325,510
20260423,15.45,15.55,14.85,15.4,545,824
20260424,15.5,15.5,15,15.05,247,373
20260427,15.05,15.05,14.35,14.4,520,755
20260428,14.4,14.55,14.1,14.3,349,500
20260429,14.1,14.25,14,14.2,165,233
20260430,14.35,14.6,14.05,14.55,289,416
20260504,14.55,15,14.15,14.8,368,539
20260505,14.7,16.25,14.4,16.25,868,1362
20260506,17.1,17.35,16.1,16.3,1184,1970
20260507,16.3,16.45,15.35,15.35,366,576
20260508,15.2,15.2,14.75,14.85,231,345
20260511,14.9,14.95,14.5,14.75,434,635
20260512,14.6,14.9,14.55,14.8,196,289
20260513,14.55,14.8,14.45,14.8,448,653
20260514,14.8,14.8,14.4,14.45,158,230
20260515,14.4,14.6,14.35,14.6,238,344
20260518,14.3,14.7,14.3,14.65,200,291
20260519,14.65,14.8,14.6,14.75,100,147
20260520,14.75,15.1,14.75,15,290,434
20260521,16.45,16.45,15.25,15.5,253,397
20260522,15.5,15.5,15.05,15.45,249,379
20260525,15.25,15.25,14.6,14.95,477,707
20260526,14.65,14.7,14.35,14.65,433,628
20260527,14.7,14.7,14.4,14.5,178,258
20260528,14.4,14.45,14.15,14.25,193,276
20260529,14.3,14.3,13.9,14.3,455,643
20260601,14.25,14.55,14.05,14.45,358,515
20260602,14.45,14.45,14.2,14.4,118,169
20260603,14.4,15.4,14.35,15.25,363,537
20260604,15.2,15.6,14.85,15.1,228,345
20260605,15.1,15.4,14.85,15.2,328,496
20260608,14.05,15.2,14.05,15,155,230
20260609,15.05,15.1,14.7,15,107,159
20260610,14.95,16.5,14.9,16.5,3354,5474
20260611,16.5,18.15,15.95,16.55,2065,3503
20260612,15.4,16.75,15.4,16.75,642,1035
20260615,16.35,17.3,15.9,17.1,476,786
20260616,17.1,17.15,16.65,16.7,436,734
20260617,16.7,17.5,16.65,17.3,241,413
20260618,17.4,17.8,17.2,17.35,269,466
20260622,17.4,17.5,16.3,16.4,1028,1715
20260623,16.4,16.4,15.55,15.95,809,1281
20260624,15.85,16.1,15.75,15.95,95,151
20260625,15.75,15.75,15.3,15.65,488,755
20260626,15.5,15.5,15,15.45,217,331
20260629,15.45,15.65,15.1,15.35,180,277
20260630,15.35,15.35,15,15.2,244,370
20260701,15.15,15.15,14.45,14.9,618,906
20260702,14.9,15,14.8,14.8,76,113
20260703,15,15.15,14.8,15,148,222
20260706,15,15.5,15,15,177,268
20260707,15.35,15.4,14.6,14.9,203,303
20260708,14.9,15.4,14.7,15,73,109
20260709,15.1,15.1,14.75,15.05,129,193
20260713,15.2,15.25,14.9,14.9,169,254
20260714,14.8,14.9,14.45,14.65,206,302
20260715,15.05,15.05,14.4,15,84,124
20260716,15,15.3,14.95,14.95,339,511
20260717,14.95,14.95,14.4,14.7,131,192
20260720,14.7,14.75,14.1,14.7,170,246
20260721,14.75,14.85,14.5,14.7,146,215
20260722,14.85,14.85,14.4,14.85,65,95
20260723,14.65,14.9,14.55,14.85,39,57
20260724,14.8,14.9,14.5,14.75,105,154
20260727,14.65,14.8,14.6,14.8,57,84
20260728,14.6,14.6,14.1,14.1,255,367
20260729,14.15,14.7,14,14.35,349,498
20260730,14.2,14.5,14.15,14.25,79,113
20260731,14.35,14.6,14.3,14.4,136,196
20260803,14.4,15,14.4,14.6,85,124
20260804,15.3,15.3,14.35,14.4,149,218
20260805,14.4,14.8,14.4,14.8,312,456
20260806,14.7,14.75,14.45,14.75,135,197
20260807,15,15,14.55,14.8,63,93
20260810,14.8,15.15,14.7,15,571,853
20260811,15.15,15.15,14.35,14.65,290,424
20260812,14.5,14.65,14.4,14.65,122,177
20260813,14.65,15,14.5,14.85,407,597
20260814,14.65,14.9,14.6,14.9,66,97
20260817,14.8,15,14.7,15,171,253
20260818,15.05,15.05,14.75,14.85,68,101
20260819,14.85,14.85,14.55,14.85,385,567
20260820,14.8,14.9,14.6,14.7,114,168
20260821,14.7,14.8,14.65,14.8,30,44
20260824,15,15,14.8,14.85,76,113
20260825,14.75,14.95,14.75,14.95,103,153
20260826,14.9,15.1,14.8,14.95,166,248
20260827,15,15.15,14.95,15.1,313,471
20260828,15.1,15.1,14.95,15.1,28,42
20260831,14.95,15.05,14.9,15,91,136
20260901,14.9,15.15,14.9,15,46,69
20260902,15.1,15.15,15,15.1,197,296
20260903,15.05,15.1,15,15.1,44,66
20260904,15.1,15.15,14.85,14.95,111,167
20260907,15,15.2,15,15.2,102,154
20260908,15.1,16.1,15.1,15.8,142,223
20260909,16,16,15.6,15.95,86,136
20260910,15.95,15.95,15.55,15.65,63,100
20260911,15.95,15.95,15.25,15.7,64,99
20260914,15.75,15.85,15.75,15.85,44,69
20260915,15.8,16,15.7,15.9,145,229
20260916,15.95,16.1,15.55,15.85,90,142
20260917,15.8,15.9,15.7,15.85,58,92
20260918,17.35,17.35,15.45,15.45,660,1070
20260921,15.7,16,15.4,15.55,689,1075
