# date,open,high,low,close,lot,wan
20250814,53.3,53.4,52,52.3,163,855
20250815,51.7,52.9,51.6,52.3,51,266
20250818,52.5,52.5,52.1,52.3,46,241
20250819,52.2,53.8,52,53.2,124,656
20250820,52.5,52.8,51.8,52,96,501
20250821,53,54.5,52.8,52.8,111,595
20250822,53.9,53.9,52,52,45,237
20250825,52.1,52.6,50.6,50.9,107,550
20250826,51,51,50,50.6,107,539
20250827,50.9,51.6,50.4,50.4,81,412
20250828,50.4,50.5,49.6,49.7,122,610
20250829,49.75,50.1,49.2,49.2,88,436
20250901,49.3,49.85,48.95,49.85,53,262
20250902,50.6,51.6,50.1,51.2,120,610
20250903,53.2,54.6,51.8,52,458,2413
20250904,54,55.8,52.7,53.1,508,2733
20250905,53.2,55.5,53.2,54,485,2651
20250908,55.8,57.5,55.3,55.9,921,5183
20250909,57.3,57.3,53.4,53.4,261,1430
20250910,53.1,53.1,51.3,51.3,252,1308
20250911,52.8,52.8,49.4,49.55,263,1321
20250912,49.55,50.8,49.5,49.95,109,547
20250915,50.6,52.3,50.6,51.9,128,661
20250916,52,52,50,50.2,141,714
20250917,50.2,52.5,50.2,51.7,171,885
20250918,51.9,53,50.5,50.7,116,595
20250919,51.3,51.3,49.8,50.1,149,749
20250922,50.5,51.5,50.5,51.3,64,327
20250923,52,52.1,50.6,51,65,332
20250924,51,51.5,50.8,51.1,57,292
20250925,50.4,51.4,50.1,50.8,126,637
20250926,50.5,50.5,49.7,49.75,57,285
20250930,49.75,50.5,49.75,50,30,150
20251001,50.2,50.2,49.95,50.2,23,115
20251002,50.5,50.8,50,50.6,97,489
20251003,50.6,50.6,49.75,50,51,255
20251007,49.8,50.1,49.45,49.75,49,244
20251008,49.3,49.8,49.3,49.55,50,248
20251009,49.35,49.65,49.35,49.4,45,223
20251013,48.95,49.4,48.6,49.3,28,138
20251014,49.35,50,49.35,49.4,150,742
20251015,49.6,49.7,49.4,49.4,22,109
20251016,49.3,49.9,49.3,49.5,26,129
20251017,49.1,49.7,49.1,49.5,14,69
20251020,49.55,49.55,49.5,49.5,19,94
20251021,49.4,49.8,49.35,49.4,56,277
20251022,49.4,49.95,49.2,49.55,24,119
20251023,49.5,49.75,49.4,49.6,41,203
20251027,50,50,49,49.35,38,188
20251028,49.5,49.5,48,48.85,53,259
20251029,48.95,48.95,47.05,47.05,115,550
20251030,47,47,45.55,46.15,103,474
20251031,46.45,47,46.2,46.3,33,154
20251103,46.35,46.9,45.7,46.5,17,79
20251104,46.85,46.85,46.5,46.6,20,93
20251105,46,46.6,45.95,46.25,31,143
20251106,46.25,46.75,46.25,46.75,8,37
20251110,46.7,47.45,46.65,46.7,15,70
20251111,46.8,47,46.8,47,14,66
20251112,47,47,46.5,46.85,60,281
20251113,46.9,46.95,46,46,39,181
20251114,46.15,46.15,45.55,45.7,30,138
20251117,45.8,45.8,45.35,45.7,18,82
20251118,45.2,45.35,44.3,44.3,66,297
20251119,44.8,45.05,44.7,44.95,20,90
20251120,44.95,44.95,44.95,44.95,2,9
20251121,44.5,44.9,44.25,44.9,34,151
20251124,44.4,44.95,44.3,44.85,29,130
20251125,45.15,45.75,45.1,45.15,9,41
20251126,45.2,45.45,44.45,45.45,23,103
20251127,45.2,46.45,44.65,46.45,18,81
20251128,45.5,46.3,45.35,46.3,11,50
20251201,45.4,46,44.5,44.8,27,122
20251202,44.8,45,44,44.7,24,107
20251203,44.5,44.5,44.5,44.5,5,22
20251205,44.3,44.85,44.2,44.85,10,45
20251208,44.8,44.8,44.8,44.8,2,9
20251209,45.1,45.1,45.1,45.1,3,14
20251210,44.2,44.8,43.5,44.8,63,278
20251211,44.8,44.8,43.75,44,14,62
20251212,44,44.6,43.55,44.15,23,101
20251215,43.6,43.6,43,43.6,15,65
20251216,43.8,43.9,43.5,43.8,30,131
20251218,43.7,43.7,42.95,43.35,26,113
20251219,43.15,44.8,43.05,43.5,34,148
20251222,43.55,44.75,43.55,44.05,8,35
20251223,43.85,44.8,43.5,43.65,20,88
20251224,43.8,43.8,42.75,43.7,24,105
20251226,43.6,44.45,43.35,44,18,79
20251229,44,44.4,43.55,44,16,70
20251230,43.7,44.55,43.65,44.2,17,75
20251231,43.75,45,43.75,44.8,19,85
20260102,44.2,45.2,44.2,44.6,7,31
20260105,44.3,45.4,44.3,45.1,33,148
20260106,46,46,45,45,33,149
20260107,45.3,45.3,44.75,45,35,158
20260108,43.95,44.8,43.95,44.4,24,107
20260109,44.3,44.4,43.95,44.3,28,124
20260112,43.9,45.35,43.9,44.5,42,187
20260113,45,45.95,44,44,35,155
20260114,44.05,45.3,43.9,44.4,24,107
20260115,44.5,45.2,44.5,45.1,4,18
20260116,45.1,45.1,44.55,44.8,82,369
20260119,45,45,44.55,44.65,50,224
20260120,44.8,44.8,44.45,44.65,31,138
20260121,44,44.1,42.6,44,185,800
20260122,44.5,44.5,44,44.1,15,66
20260123,44.2,44.4,43.5,43.75,28,123
20260126,44.8,44.8,44.1,44.5,9,40
20260127,44.5,44.6,44,44,42,186
20260128,43.75,45.45,43.75,44.45,58,260
20260129,44.5,44.9,44.4,44.85,14,63
20260130,44.6,45.15,44.5,45.1,23,103
20260202,44.15,45.15,44.1,44.5,14,62
20260203,44.3,45.3,44.3,44.75,47,211
20260204,44.35,45.15,44.3,45,28,126
20260205,44.7,45.8,44.7,45,40,180
20260206,44.5,44.95,44.4,44.8,16,71
20260209,44.5,44.5,44,44,16,71
20260210,44,44.1,43.6,43.75,31,136
20260211,44,44.15,43.8,44.15,26,114
20260223,44.5,44.5,44.2,44.2,28,124
20260224,44.35,44.35,43.95,43.95,13,57
20260225,43.9,44.2,43.8,43.8,25,110
20260226,44.95,44.95,43.6,44,44,193
20260302,44.4,44.6,44.25,44.25,32,142
20260303,44.6,44.6,43.8,43.95,33,145
20260304,43.8,44.15,43.7,43.8,21,92
20260305,44.25,44.25,43.8,43.9,11,48
20260306,43.9,43.95,43.6,43.95,9,39
20260309,43.85,43.85,42.95,43.35,45,194
20260310,44.95,44.95,43.6,43.6,12,53
20260311,47.9,47.95,46.3,47.6,249,1193
20260312,46.05,46.45,45.85,46.05,90,414
20260313,46.2,46.35,46.05,46.25,28,129
20260316,46.25,46.35,45.8,46.25,45,208
20260317,46.3,46.7,46.3,46.6,22,102
20260318,47.05,47.3,46.65,46.8,24,113
20260319,46.8,47.15,46.75,46.75,13,61
20260320,47.45,47.45,46.4,46.6,24,112
20260323,46.2,46.3,45.8,45.85,51,235
20260324,45.85,46,45.7,45.8,36,165
20260325,47.1,47.7,45.85,47.7,95,450
20260326,47.7,48.4,46.1,46.1,41,193
20260327,46,46.4,45.95,46.15,30,138
20260330,46.2,46.6,46.15,46.5,12,56
20260331,46.7,47,46.4,46.4,19,89
20260401,46.55,47.1,46.55,46.6,15,70
20260402,47,47,46.9,46.9,8,38
20260407,47,47.55,47,47.4,64,301
20260408,47.35,49,47.05,48.25,54,258
20260409,47.8,47.8,47.2,47.35,12,57
20260410,47.2,47.35,47.1,47.1,6,28
20260413,47.1,47.8,46.9,46.9,12,57
20260414,47.8,47.8,47,47,12,56
20260415,47,47,47,47,15,70
20260416,47.4,47.6,47.1,47.5,70,332
20260417,47.8,47.8,47.1,47.35,10,47
20260420,48.45,48.45,47.2,47.6,21,100
20260421,47.4,47.4,47.2,47.4,13,61
20260422,47.15,47.4,47.15,47.25,14,66
20260423,47.2,47.2,46.9,47,29,136
20260424,47.2,47.2,46.2,46.75,23,107
20260427,46.75,46.75,46.45,46.45,25,116
20260428,46.1,46.3,46.05,46.3,18,83
20260429,46.55,46.55,46.2,46.2,12,56
20260430,46.5,48,46.1,48,83,389
20260504,47.95,48,47.3,47.4,76,362
20260505,46.9,46.95,46.6,46.65,28,131
20260506,46.65,46.9,46.6,46.6,68,317
20260507,46.6,47,46.55,46.6,83,388
20260508,46.6,46.6,46.15,46.55,84,391
20260511,46.55,46.7,46.5,46.5,53,247
20260512,46.55,46.55,46.35,46.5,18,84
20260513,46.5,46.9,46.5,46.5,56,261
20260514,46.5,46.5,46.25,46.25,35,162
20260515,46.25,46.75,46.2,46.2,126,583
20260518,46.3,46.3,46.15,46.15,51,235
20260519,46.15,46.4,46.15,46.2,18,83
20260520,46.25,46.3,45.9,46.3,8,37
20260521,46.3,46.3,46.2,46.2,19,88
20260522,46.2,46.2,46,46,29,134
20260525,45.9,45.9,45.55,45.55,49,224
20260526,45.3,45.3,44.75,44.8,90,404
20260527,45,45,44.35,44.4,52,231
20260528,44.2,44.5,44.15,44.35,50,221
20260529,44.4,44.6,44.4,44.6,40,178
20260601,44.6,44.6,44.1,44.1,87,385
20260602,44,44.2,43.6,44.2,38,167
20260603,44.65,47.35,44.65,45.6,108,497
20260604,46.6,46.6,45.2,46,10,46
20260605,45.95,46.45,45.65,45.75,15,69
20260608,45.55,45.55,45.2,45.5,6,27
20260609,45.2,45.85,45.2,45.85,7,32
20260610,46.55,47.1,46.3,46.5,35,163
20260611,46.5,46.5,46,46.2,8,37
20260612,47.45,47.45,45.95,46.35,13,60
20260615,46.35,46.4,45.2,46.4,11,51
20260616,46,46,45.4,45.4,9,41
20260617,45.2,45.4,45.05,45.4,6,27
20260618,45,45.2,44.8,45.2,16,72
20260622,45,45.35,44.5,45.3,36,161
20260623,44.6,45.2,44.6,45,20,90
20260624,45,45.2,44.9,45.2,8,36
20260625,45.2,45.2,44.8,45,42,189
20260626,44.9,44.95,44.65,44.95,23,103
20260629,46.3,46.3,45.25,46,23,106
20260630,46.1,46.1,45.25,45.55,39,178
20260701,45.15,45.6,45,45.25,27,122
20260702,45.2,46.2,45.05,45.05,56,253
20260703,45.1,45.55,45.05,45.55,25,113
20260706,45.55,46.4,45.55,46.1,18,83
20260707,47.65,48.6,46.55,48.2,180,862
20260708,47.8,48.1,46.45,47.5,54,255
20260709,46.6,47.5,46.25,47.4,11,52
20260713,47.55,47.55,47.4,47.5,45,214
20260714,47.5,47.7,47.05,47.5,68,323
20260715,48,48,47.4,47.85,27,129
20260716,48,48.5,47.85,48.05,39,187
20260717,48.05,49,47.2,48,231,1110
20260720,44,44.15,42.65,44,159,692
20260721,44,44.8,43.8,44.4,76,336
20260722,44.8,46.95,44.65,45.9,116,530
20260723,45.95,46,45.4,46,43,197
20260724,46,46.1,45.4,46.1,51,234
20260727,46.1,47,45.85,47,66,307
20260728,47,47,46.3,47,67,313
20260729,47.75,47.75,46.55,46.9,110,516
20260730,47,47,46.5,47,62,290
20260731,47,47.35,46.9,47.35,70,330
20260803,47,47.65,47,47.4,98,465
20260804,47.1,47.4,47,47.2,64,301
20260805,47.1,48.9,47.1,48.8,282,1353
20260806,48.75,49.3,48.75,49.1,51,251
20260807,49,49.3,48.55,49.1,65,318
20260810,49,49.1,48.9,49.1,45,221
20260811,49.35,49.35,48.7,49.3,29,142
20260812,49.6,49.6,48.35,49,43,211
20260813,49.1,49.1,48.6,49,23,113
20260814,49,49.2,49,49.2,14,69
20260817,48.85,48.85,47.45,48.45,74,356
20260818,48.4,48.55,47.2,48,41,195
20260819,47,47.95,47,47.3,15,71
20260820,47.3,47.5,47,47.5,20,95
20260821,47.45,47.9,47.45,47.9,7,33
20260824,47,47.7,46.65,47.5,42,198
20260825,47.45,47.45,46.75,47.45,7,33
20260826,47.6,47.7,47.1,47.7,33,156
20260827,47.45,47.8,47.4,47.8,4,19
20260828,47.85,47.85,47.25,47.35,26,124
20260831,47.3,47.4,47.1,47.4,9,43
20260901,47.4,47.4,47.4,47.4,4,19
20260902,47.4,47.4,45,47.3,38,176
20260903,46.5,47.25,45.1,45.7,23,106
20260904,45.7,45.7,45.65,45.7,8,37
20260907,45.1,46,45.1,46,6,27
20260908,46,46,46,46,2,9
20260909,45.8,46,45.5,46,6,27
20260910,46.05,46.05,45.2,46,15,69
20260911,47.1,47.1,47.1,47.1,2,9
20260914,47.1,47.1,47.1,47.1,1,5
20260915,47,47,45.5,46.95,18,83
20260916,46,46.1,45.5,45.85,36,165
20260917,44.7,46.6,44.6,46.45,16,73
20260918,45.85,45.9,45.8,45.8,21,96
20260921,45.7,45.9,45.7,45.9,7,32
