# date,open,high,low,close,lot,wan
20250814,28.35,28.35,28.15,28.15,13,37
20250815,27.65,28,27.65,27.8,16,45
20250818,27.8,27.8,27.75,27.8,5,14
20250819,27.95,27.95,27.9,27.9,3,8
20250820,27.9,27.9,27.9,27.9,7,20
20250821,27.75,27.95,27.1,27.7,26,72
20250822,27.45,27.85,27.45,27.85,2,6
20250825,28.5,28.95,27.8,27.95,6,17
20250826,27.7,27.7,27.15,27.3,39,107
20250827,27.4,27.55,26.15,26.55,55,149
20250828,26.55,27,26.55,26.8,8,21
20250829,26.7,26.75,26.3,26.6,17,45
20250901,26.45,26.5,26.35,26.5,11,29
20250902,26.5,26.5,26.35,26.35,5,13
20250903,26.3,26.3,25.4,25.7,21,54
20250904,25.55,26,25.5,25.6,18,46
20250905,25.7,25.75,25.7,25.75,7,18
20250908,25.8,25.85,25,25.5,29,74
20250909,27.85,27.85,25,25.6,30,76
20250910,25.5,25.5,25,25,67,168
20250911,25,25.1,25,25.1,33,83
20250912,25.1,25.2,24.55,24.55,33,82
20250915,24.65,24.65,24.45,24.45,13,32
20250916,24.5,25,24.4,24.6,22,54
20250917,25.05,25.05,24.7,24.75,14,35
20250918,25.45,25.45,25,25.05,16,40
20250919,25.1,25.1,25,25,19,48
20250922,25.7,25.7,25,25,6,15
20250923,25,25,24.65,24.65,5,12
20250924,24.7,25.2,24.65,25.2,10,25
20250925,25.65,25.65,25.65,25.65,1,3
20250926,25,25,24.85,24.85,4,10
20250930,24.85,24.85,24.85,24.85,1,2
20251001,25,25,24.65,25,5,12
20251002,25.05,25.4,25,25.3,15,38
20251003,25.05,25.45,24.8,25.45,9,22
20251007,25.6,25.6,24.85,25.05,9,23
20251008,24.65,24.85,24.35,24.6,16,39
20251009,22.6,24.5,22.6,24.5,18,42
20251013,23.9,23.9,23.9,23.9,1,2
20251014,24.3,25.55,24.3,24.95,8,20
20251015,25.1,25.1,24.65,24.65,3,7
20251016,24.6,25.5,24.6,25.15,17,42
20251017,25.35,25.35,25.05,25.25,5,13
20251020,25.05,25.65,25.05,25.65,17,43
20251021,25.15,25.4,25.05,25.05,24,60
20251022,25.05,25.05,25,25,15,38
20251023,25,25.45,24.85,25.45,10,25
20251027,24.8,25.15,24.6,24.8,17,42
20251028,24.75,25.2,24.65,25.2,7,17
20251030,24.7,24.7,24.7,24.7,1,2
20251031,24.65,25,24.45,24.7,13,32
20251103,25.5,25.5,24.4,24.4,20,49
20251104,24.4,25.2,24.3,24.55,12,30
20251105,24.65,24.65,24.65,24.65,1,2
20251106,24.55,24.8,24.2,24.4,14,34
20251107,24.3,24.3,24.15,24.15,5,12
20251110,23.35,23.95,23.35,23.8,15,35
20251111,24.4,24.4,24.4,24.4,1,2
20251112,23.75,23.85,23.75,23.75,8,19
20251113,24.2,24.2,24.2,24.2,1,2
20251114,23.95,23.95,23.8,23.95,4,10
20251117,23.35,23.9,23,23.9,7,16
20251118,23.2,24.6,22.95,23,21,49
20251119,23,23,21.9,21.9,21,47
20251120,21.8,23,21.75,22.7,17,38
20251121,22.35,22.85,21,22.8,39,86
20251124,22,23,21.8,23,33,73
20251125,22,23.5,21.8,23.4,42,94
20251126,22.3,23.4,22.3,23.4,47,108
20251127,22.7,23.15,22.1,22.45,54,122
20251128,22.45,22.95,22.15,22.65,22,50
20251201,22.65,23.2,22.35,23.15,34,77
20251202,22.85,23.2,22.85,23.2,23,53
20251203,22.85,23.2,22.85,22.85,41,94
20251204,22.9,24.4,22.6,24,23,53
20251205,23.3,24.4,23.3,23.45,50,119
20251208,23.8,25.75,23.8,24,76,191
20251209,24.2,25.7,24.2,25.5,76,193
20251210,25.5,25.85,24.1,25.5,63,159
20251211,25.5,25.7,24.5,25.2,36,90
20251212,25.45,25.5,24.5,24.5,32,80
20251215,24.95,25.5,24.55,24.55,8,20
20251216,24.55,24.55,23.3,23.75,43,103
20251217,23.25,24.2,23.25,24.2,6,14
20251218,24.2,24.2,24.2,24.2,2,5
20251219,24.7,24.7,24.55,24.55,6,15
20251222,24.65,24.65,24.65,24.65,1,2
20251223,23.9,24.65,23.7,24.6,22,54
20251224,24.3,24.3,24.25,24.3,7,17
20251226,24,24.8,24,24.8,2,5
20251229,24.25,24.55,24.25,24.55,2,5
20251230,24.35,24.7,24.35,24.6,3,7
20251231,24.5,24.55,24.5,24.55,2,5
20260102,25,25,24.25,24.95,9,22
20260105,25.4,26.5,24.5,24.75,20,51
20260106,24.75,25.3,24.7,25.15,19,47
20260107,25.25,25.95,24.75,25.5,6,15
20260108,25.45,25.45,24.6,25.15,13,33
20260109,25.5,25.5,24.7,25,4,10
20260112,25.4,25.4,24.6,24.8,5,12
20260113,25,25,24.55,25,18,44
20260114,25,25,25,25,1,2
20260115,25,25.3,25,25.3,2,5
20260116,24.9,24.9,24.9,24.9,1,2
20260119,24.3,25.05,24.3,24.3,8,20
20260120,24.2,24.2,24.05,24.05,3,7
20260121,24,24.65,24,24.65,5,12
20260122,24.7,24.7,24.25,24.5,4,10
20260126,24.05,24.45,24,24.45,3,7
20260127,25.05,25.05,24,24,9,22
20260128,24.45,24.45,24,24,5,12
20260129,23.65,23.75,23.6,23.75,3,7
20260130,24,24,23.2,23.55,28,66
20260202,24,24,24,24,1,2
20260203,23.95,23.95,23.95,23.95,1,2
20260204,23.95,24.05,23.6,24.05,21,50
20260205,23.6,24,23.6,24,5,12
20260206,23.95,24,23.85,24,21,50
20260209,24,24,24,24,10,24
20260210,24,24.4,23.25,24.4,22,53
20260211,24.4,24.4,23.7,23.75,31,75
20260223,23.75,23.75,23.65,23.65,8,19
20260224,23.3,24,23.3,23.8,5,12
20260225,26,26,23.85,23.85,59,147
20260226,24.45,24.45,23.85,23.85,2,5
20260302,24,24,23.65,23.65,9,21
20260303,23.85,23.85,23.5,23.5,19,45
20260305,22.8,23.15,22.8,23.15,4,9
20260306,23.5,23.9,23.5,23.85,5,12
20260309,23.95,24,23.5,23.7,21,50
20260310,23.7,23.7,23.6,23.6,7,17
20260311,23.6,24,23.5,23.5,6,14
20260312,23.5,23.8,23.5,23.8,4,9
20260313,23.85,23.9,23.75,23.9,13,31
20260316,23.9,24.4,23.9,24.1,16,39
20260317,24,25,24,25,7,17
20260318,24.5,24.75,24.5,24.75,4,10
20260319,24.7,24.75,24.7,24.75,6,15
20260320,24.75,24.75,24.55,24.55,11,27
20260323,24.5,24.95,24.3,24.95,10,24
20260324,25,25,24.4,24.6,15,37
20260325,24.15,24.45,24,24.45,10,24
20260327,24.1,24.65,23.9,24.65,12,29
20260330,24.65,24.65,24.15,24.45,8,20
20260331,24.35,24.35,23.9,23.9,12,29
20260401,24.25,24.25,23.9,24.05,6,14
20260402,24,24.15,24,24.15,3,7
20260407,24.1,25.05,24.1,25,68,168
20260408,25.05,25.1,24.8,24.85,20,50
20260409,25.4,25.4,24.8,24.9,14,35
20260410,25.1,25.1,25.1,25.1,9,23
20260413,25.1,25.1,25,25.05,14,35
20260414,24.9,25,24.9,25,12,30
20260415,24.95,24.95,24.8,24.8,18,45
20260416,24.95,24.95,24.45,24.9,9,22
20260417,24.8,24.9,24.8,24.9,4,10
20260420,24.7,24.95,24.65,24.95,13,32
20260421,24.95,24.95,23.9,24.85,8,20
20260422,24.85,24.85,24,24.8,15,37
20260423,24.3,24.75,24.3,24.75,4,10
20260424,23.95,24.7,23.85,23.9,39,94
20260427,23.9,23.9,23.4,23.5,23,54
20260428,23.5,23.95,23.35,23.95,23,54
20260429,23.75,23.95,23.3,23.7,14,33
20260430,23.5,23.75,23.2,23.75,21,49
20260504,23.75,23.75,23.75,23.75,1,2
20260505,23.55,23.95,23.4,23.95,10,24
20260506,23.55,23.95,23.5,23.9,12,28
20260507,23.5,23.8,23.4,23.8,7,16
20260508,23.5,23.9,23.5,23.9,2,5
20260511,23.5,23.5,23.4,23.4,31,73
20260512,23.4,23.5,23.4,23.5,7,16
20260513,23.9,23.9,23.5,23.55,10,24
20260514,23.5,23.95,23.35,23.95,18,42
20260515,23.9,24.4,23.5,24.4,8,19
20260518,24.4,24.4,23.4,24.05,9,21
20260519,24.3,24.3,23.3,23.3,11,26
20260520,23.3,23.45,23.2,23.45,9,21
20260521,23.05,23.05,23,23.05,13,30
20260522,23.05,23.75,23,23.75,27,62
20260525,23.1,23.1,23,23.1,22,51
20260526,23.1,23.9,23,23.9,5,12
20260527,23.05,23.05,23,23.05,17,39
20260528,24.9,24.9,22.95,22.95,15,35
20260529,22.9,22.9,22,22.8,22,49
20260601,22.8,22.8,22.35,22.75,16,36
20260602,21.55,21.9,21.55,21.85,28,61
20260603,21.85,23,21.85,23,15,33
20260604,22,22.9,21.95,22.9,17,38
20260605,22.2,22.35,22.15,22.35,9,20
20260608,22.1,22.3,21.7,22.3,28,61
20260609,22.2,22.8,22.2,22.8,9,20
20260610,23.1,24.85,23.1,24.75,38,91
20260611,24.7,24.7,24,24.45,13,31
20260612,24.05,24.4,23.7,24.4,20,48
20260615,24.75,24.75,24.4,24.5,31,76
20260616,24.4,24.4,24.3,24.3,14,34
20260617,24.3,24.3,24,24.25,26,63
20260618,24.25,24.75,24.2,24.75,7,17
20260622,24,24.45,24,24.45,5,12
20260623,24.45,24.45,23.85,24.4,13,31
20260624,24.8,24.8,24.05,24.45,12,29
20260625,24.05,24.2,24,24.2,5,12
20260626,23.85,24.4,23.6,23.6,11,26
20260629,24.35,24.35,23.6,24.25,13,31
20260630,23.95,24.8,23.9,24.6,11,27
20260701,24.65,24.65,24,24.65,12,29
20260702,24.5,24.6,24.1,24.6,71,173
20260703,24.8,24.8,24.3,24.6,21,52
20260706,24.4,24.75,24.35,24.75,59,145
20260707,24.8,24.8,24.5,24.75,34,84
20260708,24.6,24.75,24.6,24.65,35,86
20260709,24.8,24.9,24.75,24.9,52,129
20260713,25.2,26,24.9,26,66,167
20260714,26.35,28.6,26.35,28.6,123,349
20260715,30,31.45,30,31.45,92,287
20260716,34.55,34.55,34.55,34.55,42,145
20260717,38,38,34.55,38,585,2205
20260720,38,39.65,34.2,37.5,215,766
20260721,38.5,39.95,37.9,39.95,122,473
20260722,42.8,42.8,40.5,42,186,780
20260723,41.7,43,39.5,42.4,94,392
20260724,39,39.6,39,39.6,14,55
20260727,40,40,39.95,39.95,16,64
20260728,39.95,40.25,39.95,40,43,172
20260729,40,40,36,36,55,202
20260730,37.55,37.55,36,36,6,22
20260731,32.6,38,32.6,38,32,106
20260803,38,38.5,37,38.5,14,53
20260804,38.9,39,38.6,39,14,54
20260805,41.2,41.2,38,40.5,14,55
20260806,38.5,39,38,39,14,54
20260807,38.8,39,36.05,36.15,40,147
20260810,36.2,36.4,35.2,36.4,47,168
20260811,35,36.35,35,35,15,53
20260812,36,36,36,36,1,4
20260813,36,36,34.95,35,19,67
20260814,36,36,35.1,35.1,11,39
20260817,35.1,35.1,35.1,35.1,2,7
20260818,35,37.7,35,37.7,23,84
20260819,37,37,37,37,2,7
20260820,37,39.25,37,39.25,5,19
20260821,37,37,36,36,31,112
20260824,35.05,37.95,35,36,62,222
20260825,38.8,38.8,36.55,36.6,29,108
20260826,36.6,37.5,36.6,37.35,94,350
20260827,37.5,38.5,37.5,38.5,26,99
20260828,39.5,40.1,39.5,40,33,132
20260831,40,41.9,40,41.9,76,311
20260901,42,42.95,41.9,42.95,89,375
20260902,43.6,45.1,42.1,42.45,43,186
20260903,43,43,42.1,42.15,45,190
20260904,42.5,43,41.95,41.95,36,152
20260907,42.05,42.9,41.5,41.5,16,67
20260908,41.5,41.5,41,41,20,82
20260909,41.15,41.15,41,41,7,29
20260910,41,41.1,41,41,25,103
20260911,41,41.5,40.9,41,25,103
20260914,41,41.25,40,40,41,165
20260915,40,41.9,40,40.45,24,98
20260916,41.4,41.9,39.9,41.15,46,186
20260917,41.35,42.95,40.55,41.95,45,186
20260918,41.95,42.35,41.1,42,36,150
20260921,42,42.15,40.75,40.75,28,115
20260922,41.45,41.45,40.2,41,21,86
