# date,open,high,low,close,lot,wan
20250814,42.55,43.7,42.2,43.4,26,110
20250815,43.75,43.75,43.2,43.2,2,10
20250818,43,43,42.3,42.35,17,72
20250819,42.95,43.3,41.5,43.3,24,103
20250820,42.2,42.95,41.85,41.85,18,76
20250821,42,42.2,42,42.2,3,14
20250822,42,43.4,41,41.95,28,115
20250825,41.25,42.3,41.25,41.6,5,21
20250826,42,42,41.6,41.6,15,62
20250827,42.5,42.5,41.3,41.35,19,80
20250828,41.25,42.3,41.25,42,11,48
20250829,41.6,42,41.4,41.9,26,108
20250901,41.9,42.2,41.8,41.85,10,42
20250902,41.8,42.3,41.05,41.4,32,133
20250903,42.25,42.25,41.2,41.7,9,38
20250904,41.7,41.7,41.7,41.7,6,23
20250905,41.65,42.05,41.65,41.7,30,125
20250908,41.7,42.7,41.7,41.9,15,63
20250909,42.25,42.5,41.85,41.85,19,80
20250910,41.85,41.85,41,41.1,21,85
20250911,42.1,42.1,39,39.85,160,635
20250912,39.85,41,39.85,40,54,217
20250915,40,40,39.5,39.5,14,54
20250916,39.5,40,39.5,39.55,8,30
20250917,39.6,40,39.45,39.45,9,37
20250918,39.6,40.7,39.55,39.85,16,66
20250919,39.75,40,39.3,39.3,12,46
20250922,39.85,39.9,39.6,39.6,15,61
20250923,40.9,40.9,39.1,39.35,47,187
20250924,39.65,39.65,39.4,39.4,6,24
20250925,39.3,39.55,39.1,39.1,10,40
20250926,39.15,39.7,39.1,39.1,19,75
20250930,39.15,39.3,39.15,39.3,2,8
20251001,39.4,39.5,39.4,39.5,2,8
20251002,39.3,39.45,39.05,39.05,10,40
20251003,39.2,39.45,38,38.85,30,117
20251007,40.05,40.05,38.6,38.65,20,80
20251008,38.65,38.8,38.2,38.65,7,28
20251009,38.7,38.7,38.25,38.35,8,31
20251013,38.55,41.7,38.55,40.6,37,149
20251014,40.25,40.7,40,40,21,86
20251015,40.8,40.8,40,40.5,15,61
20251016,40.9,40.9,39.6,40.5,11,43
20251017,40.5,40.8,40,40.55,8,34
20251020,40.8,40.8,39.8,39.8,5,21
20251021,39.6,39.6,39.6,39.6,2,8
20251022,40,40,39.6,39.6,9,38
20251023,40.7,40.7,39.8,39.95,17,67
20251027,40.5,40.9,39.65,40,11,43
20251028,40,40,39.8,39.8,8,32
20251029,39.6,39.6,39.45,39.5,7,27
20251030,39.5,39.5,38.75,38.9,13,52
20251031,38.9,39,38.5,38.7,18,70
20251103,38.5,39.5,38.5,39.05,9,35
20251104,38.8,39.35,38.6,38.7,10,39
20251105,38.15,38.25,37.6,38.15,9,34
20251106,38.15,39.45,38.15,38.5,26,101
20251107,37.8,41.2,37.8,39.15,40,159
20251110,40.45,40.95,39.45,40.65,33,134
20251111,40,41.5,40,41,15,62
20251113,40,41,39.85,41,13,53
20251114,41.1,42.6,41,42.3,93,388
20251117,42.6,42.6,40.8,41,36,149
20251118,40.25,41.4,40.25,41.1,8,31
20251119,40.8,41.55,39.1,40.05,19,78
20251120,40.9,40.9,40,40.1,6,24
20251121,40.25,40.25,39.35,40,8,31
20251124,40.45,40.45,40.1,40.2,4,17
20251125,39.6,40.25,39.55,40.25,19,76
20251126,39.75,40.2,39.7,39.85,16,64
20251127,39.6,40.5,39.6,39.65,8,33
20251128,40.5,40.5,39.4,40,24,94
20251201,39.65,39.8,39.65,39.8,2,9
20251202,39.7,39.8,39.5,39.75,12,49
20251203,40,40.5,39.95,40.5,18,72
20251204,40.8,40.8,40,40.5,19,77
20251205,40,40.4,39.5,40.05,32,128
20251208,41.4,41.45,39.45,40.75,90,365
20251209,40.6,40.8,40.15,40.3,28,113
20251210,40,40.3,39.55,40.3,22,86
20251211,39.85,40.7,39.5,40.35,50,201
20251212,39.95,39.95,39.7,39.85,17,68
20251215,39.95,39.95,39.5,39.8,12,49
20251216,39.6,40.3,38.8,40.3,36,142
20251217,40.25,40.3,38,38.15,199,772
20251218,38.15,38.85,38,38.5,36,140
20251219,38.5,39.5,38,38.15,66,251
20251222,38.65,39,38,38.25,51,195
20251223,38.25,38.25,37.8,38.05,25,97
20251224,38.45,38.45,37.95,38.15,17,66
20251226,38.15,38.15,37.5,38.1,17,66
20251229,37.8,38.05,37.75,38,38,144
20251230,38,38.3,38,38.25,54,206
20251231,38.6,38.6,38.1,38.3,17,64
20260102,38.4,38.65,38.3,38.5,9,35
20260105,39,39,37.5,38.5,35,135
20260106,38.45,38.45,38,38.05,28,107
20260107,38.05,38.15,37.85,38,15,55
20260108,38,38,37.8,37.9,10,38
20260109,37.9,37.9,37.75,37.75,7,28
20260112,38,39.8,38,39.1,71,276
20260113,38.6,39,38.6,38.95,9,35
20260114,38.95,39.35,38.4,39.3,45,176
20260115,38.85,39.3,38.85,39.25,16,63
20260116,38.8,39.8,38.65,38.7,45,176
20260119,38.85,39.4,38.65,38.65,19,75
20260120,39,40.5,39,39.05,36,141
20260121,39.05,39.5,38.7,38.7,22,87
20260122,39.1,39.1,38.55,38.65,10,40
20260123,38.75,38.75,38.6,38.6,4,16
20260126,38.4,38.6,38.4,38.5,14,54
20260127,38.5,38.5,38,38.3,42,161
20260128,38.3,38.3,37.9,38.1,27,104
20260129,38,38.55,37.9,38.2,20,77
20260130,38.1,38.15,37.75,37.8,25,95
20260202,37.8,37.8,37.2,37.4,26,97
20260203,38.3,38.3,38.3,38.3,1,4
20260204,37.75,37.8,37.4,37.65,27,103
20260205,37.6,37.6,37.3,37.3,13,49
20260206,37.2,37.85,36.85,37.85,24,88
20260209,37.5,37.85,37.3,37.4,12,47
20260210,37.05,37.2,36.3,36.5,77,282
20260211,36,36.5,36,36.5,39,143
20260223,36.5,37,36.5,37,19,70
20260224,37,37.4,36.6,36.6,16,59
20260225,36.6,37,36.45,36.95,39,142
20260226,36.95,37,36.45,37,28,102
20260302,37.3,37.3,36.75,36.75,8,29
20260303,36.7,37.2,36.35,36.4,26,96
20260304,36,36.3,35,35,37,130
20260305,35.05,35.3,34.7,35.3,39,137
20260306,35.5,36.65,35.5,36.6,16,59
20260309,37.2,39.95,36.8,38.45,185,709
20260310,37.9,38.05,37.1,37.35,79,297
20260311,37.35,37.35,36.95,36.95,53,198
20260312,36.95,38.6,36.9,38.1,139,526
20260313,38.95,41.1,38.95,39.85,474,1901
20260316,40.4,43.8,40.4,43.45,452,1943
20260317,43.45,43.45,41.25,42.15,140,587
20260318,42.9,42.9,40.2,41.1,135,553
20260319,41.95,43.7,41.8,42.15,248,1060
20260320,42.65,42.65,40.6,40.85,87,359
20260323,41.2,44.9,41,42.8,277,1201
20260324,42.8,43.5,41.15,41.75,131,553
20260325,42.4,42.4,41.3,41.75,43,180
20260326,41.95,42.65,41.5,41.9,45,190
20260327,42.3,43.65,42.25,42.85,91,391
20260330,43.55,44.5,43.05,43.05,217,948
20260331,43.25,44.45,43,43.5,157,684
20260401,42.6,43.7,41.9,43.6,105,451
20260402,43.8,43.8,43,43.25,71,308
20260407,43.25,44,42.7,43.35,67,291
20260408,42.8,43.85,40.65,41.5,203,842
20260409,41.15,41.7,41,41.7,78,323
20260410,41.7,41.75,40.5,40.8,79,325
20260413,40.55,40.95,40,40,113,454
20260414,39.7,41,39.2,39.65,98,387
20260415,39.5,39.7,38.35,38.85,86,335
20260416,39.1,39.2,38.1,38.4,116,444
20260417,38.05,38.5,37.6,38,35,132
20260420,37.6,37.6,37,37.3,39,145
20260421,37.5,38,37,37.6,66,247
20260422,37.3,37.7,36.9,37.3,72,268
20260423,37.5,37.75,36.95,37,63,234
20260424,37.5,40.1,37.4,38.6,157,612
20260427,38,38.05,37.55,37.65,36,136
20260428,38.7,38.7,37.1,37.65,38,142
20260429,38.3,38.3,36.75,36.75,170,631
20260430,37.3,37.3,36.5,36.8,47,173
20260504,36.65,36.65,35.5,35.85,77,278
20260505,35.95,36.3,35.55,36,33,119
20260506,36.85,36.95,36.1,36.45,91,333
20260507,36.35,36.5,36.1,36.4,48,173
20260508,36.35,36.4,36.2,36.25,19,69
20260511,37.4,39.45,37.4,38.4,145,560
20260512,39.2,39.2,37.2,37.45,113,430
20260513,37.35,37.6,36.75,37.1,86,317
20260514,36.4,36.8,35.5,35.5,251,908
20260515,36,36,34.75,35,58,203
20260518,35,35.5,33.25,33.6,173,583
20260519,33.6,34.5,33.1,34,103,348
20260520,34,34.15,33.9,34,16,56
20260521,34.8,34.8,34.1,34.3,39,134
20260522,34.5,34.5,34.1,34.25,26,90
20260525,34.55,34.55,32.35,32.45,152,499
20260526,32.85,32.85,32,32.05,49,160
20260527,32.05,32.35,31.7,31.8,45,144
20260528,31.8,31.85,30.8,30.9,90,281
20260529,30.55,31.05,30.3,30.3,74,224
20260601,30.45,30.7,30.1,30.4,65,197
20260602,30.5,31.1,30.45,31,27,84
20260603,31.75,33,31,32.5,131,417
20260604,32.5,32.6,31.8,32.4,33,107
20260605,32.5,32.75,32.4,32.5,23,76
20260608,32.4,32.4,31.75,31.85,14,46
20260609,31.85,32.15,31.55,32,16,52
20260610,31.5,31.5,30.25,30.3,147,451
20260611,30.3,30.5,29.4,30.35,110,329
20260612,31.2,31.2,30.6,30.9,27,84
20260615,30.85,31,30.4,31,52,161
20260616,31.05,31.05,30.1,30.3,30,93
20260617,30.3,31.3,30.3,31.15,39,121
20260618,31.2,31.2,30.45,30.85,23,72
20260622,30.85,30.85,30,30.65,91,275
20260623,30.25,30.45,29.8,29.8,77,232
20260624,29.8,30.8,29.7,30.8,41,122
20260625,31.2,31.2,29.95,30.45,25,75
20260626,30.1,30.35,29.5,29.5,63,189
20260629,29.5,30.55,29.5,30.55,34,101
20260630,30.7,30.75,30.05,30.3,17,52
20260701,30.15,30.5,30.1,30.25,16,49
20260702,30.25,30.5,30,30.5,27,81
20260703,30.6,30.95,30.6,30.8,40,124
20260706,31.05,31.35,30.6,30.85,39,119
20260707,30.9,31.75,30.05,30.45,58,178
20260708,29.45,29.9,29.25,29.9,27,80
20260709,30.7,30.7,29.9,30,18,55
20260713,30,30.2,29.6,29.6,38,114
20260714,30.05,30.05,29.55,29.95,29,87
20260715,30.05,30.15,29.9,30.15,20,61
20260716,30.25,30.25,29.8,30.25,36,109
20260717,30,30.2,29.5,30.05,45,133
20260720,30.9,30.9,30,30.35,24,74
20260721,30.7,30.8,30.25,30.65,15,46
20260722,30.8,30.85,30.6,30.85,32,98
20260723,30.95,31.15,30.95,31,24,73
20260724,30.8,31.15,30.65,31.15,18,57
20260727,31.3,31.7,31.2,31.7,30,95
20260728,31.05,31.05,30.6,31.05,27,83
20260729,31.05,31.05,29.85,30.55,73,221
20260730,30.35,30.35,29.4,30.35,60,179
20260731,30.95,30.95,30.15,30.6,15,46
20260803,29.65,30.65,29.65,30.65,11,33
20260804,30.55,30.9,30.2,30.9,52,158
20260805,31,31.3,30.8,30.95,43,134
20260806,31.1,31.1,30.5,30.8,50,154
20260807,30.5,30.65,30.15,30.3,57,174
20260810,30.45,30.65,30.15,30.65,69,209
20260811,30.95,33.4,30.8,32.5,166,534
20260812,33.45,34.3,32.55,33.25,103,343
20260813,33.65,34.5,31.2,32.55,170,550
20260814,32,32,31.5,31.9,24,77
20260817,31.3,31.95,31.2,31.95,38,121
20260818,31.4,31.95,31.05,31.35,54,169
20260819,31.2,31.9,31,31.9,13,42
20260820,31.6,32,31.6,32,39,125
20260821,31.7,32,31.7,31.9,13,42
20260824,32.25,32.25,31.85,31.9,9,29
20260825,31.9,31.9,31.4,31.6,16,50
20260826,31.9,32.9,31.8,32.9,50,163
20260827,33.7,35.05,32.9,33.7,200,680
20260828,33,33.6,33,33.3,9,31
20260831,33.1,33.35,32.4,32.4,27,87
20260901,32.4,32.45,31.05,31.05,50,158
20260902,31.5,31.8,31.5,31.55,17,52
20260903,32,32,31.3,31.3,21,67
20260904,31.75,31.8,31.35,31.8,9,28
20260907,31.85,31.85,30.9,31.65,26,82
20260908,31.1,31.3,31.1,31.1,11,34
20260909,31.8,31.8,31.15,31.15,15,47
20260910,32.85,33.85,32.15,32.4,363,1199
20260911,32.3,34.3,32.2,33.8,142,475
20260914,34.15,35.75,34,34.5,166,575
20260915,35.2,35.2,33.55,33.55,78,264
20260916,33.6,33.65,32.9,32.9,50,165
20260917,32.9,33.4,32.45,32.5,94,307
20260918,32.6,33.2,32.6,33.2,16,54
20260921,33.3,33.35,32.3,32.75,39,126
20260922,32.5,32.5,32.1,32.15,34,109
