# date,open,high,low,close,lot,wan
20250814,52.3,54.6,52.1,54.6,103,548
20250815,54.6,54.6,53.6,54.1,126,679
20250818,53.7,53.7,52.3,52.5,70,369
20250819,52.7,52.7,52.2,52.5,27,142
20250820,52.1,52.1,51.5,51.5,50,258
20250821,51.5,52.3,51.5,52,29,151
20250822,52.1,54.3,52.1,52.9,36,191
20250825,53.5,54,53,53.9,75,402
20250826,53.6,53.6,53,53.1,22,117
20250827,53.7,54.1,52.7,52.7,74,396
20250828,53,53.5,52.6,53.5,25,132
20250829,53.3,53.3,52.6,53.2,38,201
20250901,53.2,53.5,51.8,52,83,436
20250902,52.4,52.4,51.8,52.2,23,120
20250903,52.8,53.3,52.2,52.5,24,127
20250904,52.5,52.5,51.9,51.9,40,209
20250905,52.1,54.1,52,53.8,84,447
20250908,53.8,59,53.8,58,226,1285
20250909,58.8,58.9,55.7,56.4,149,843
20250910,56.4,56.5,54.8,55.7,75,416
20250911,55.7,55.7,53.4,53.5,95,514
20250912,53.5,54,53.5,53.5,50,269
20250915,53.5,53.5,53.1,53.1,13,69
20250916,54,54,53.1,53.1,30,160
20250917,53.3,54,53.3,53.3,24,129
20250918,53.4,53.5,52.9,53,23,122
20250919,53.2,53.8,53.2,53.3,30,160
20250922,54.1,54.3,53.1,54,28,151
20250923,53.7,53.9,53.4,53.9,27,145
20250924,55,59.2,55,59.2,414,2443
20250925,57.2,57.2,55.2,55.3,447,2527
20250926,54.8,55.3,54.2,54.2,73,398
20250930,54.2,55.2,54.2,55.2,37,203
20251001,55.5,56.3,55.2,56,48,268
20251002,56,56.8,55.6,56.5,76,427
20251003,55.5,56,54.5,54.6,64,353
20251007,54.6,55.2,54.3,54.8,43,235
20251008,54.5,55.7,54.5,54.8,45,247
20251009,55.9,55.9,54,54,63,342
20251013,53,53.9,53,53.2,69,367
20251014,53.2,53.2,52.4,52.5,83,437
20251015,53,53,52.2,52.3,26,136
20251016,52.4,53,52.3,52.5,26,137
20251017,53.2,55,53.2,53.7,42,227
20251020,53.7,53.7,53,53,54,288
20251021,53,53.7,52.6,53.7,28,148
20251022,54,56.4,53.9,55.9,131,728
20251023,55.9,55.9,54.6,54.8,53,292
20251027,54.7,54.7,53.9,54.1,32,173
20251028,54.9,55,53.4,53.8,33,178
20251029,53.5,58.7,53.1,57.3,232,1316
20251030,56.9,57.6,54,54.5,130,719
20251031,55.5,58.5,55.5,56.3,172,984
20251103,57.6,58.2,56.3,57,66,375
20251104,57,57,55.2,55.5,49,273
20251105,56.1,56.1,55.5,55.5,38,211
20251106,55.5,55.5,54.2,54.3,33,181
20251107,54.3,54.6,53.6,53.8,32,173
20251110,53.8,53.8,52.8,52.9,32,171
20251111,53,54.1,53,53.1,16,85
20251112,53.3,53.5,52.9,53.5,21,112
20251113,53.6,54.5,52.9,53.5,51,272
20251114,54.8,55.4,54.1,54.3,88,481
20251117,53.1,54.3,52.8,52.8,31,165
20251118,52.4,52.4,50.9,51.1,73,378
20251119,52.2,52.2,50.1,50.4,38,193
20251120,51.8,51.8,50.2,50.4,35,177
20251121,50,50,48.8,48.8,46,227
20251124,50,50,49.8,49.8,7,35
20251125,51.2,51.2,49.2,49.9,20,100
20251126,51,51.7,50,50,31,157
20251127,50,51.2,50,51.2,19,95
20251128,51.5,52.9,51.2,51.8,61,319
20251201,52,52,51,51,23,118
20251202,51.2,51.5,50.9,51.2,23,118
20251203,51.2,51.5,50.8,51.5,18,92
20251204,51.5,51.5,50.7,50.8,19,97
20251205,50.5,50.5,49.9,50,28,141
20251208,52.3,52.3,49.85,49.85,28,140
20251209,49.9,50.1,49.65,50.1,27,135
20251210,50.5,50.7,49.35,49.7,17,85
20251211,51.2,51.2,49.5,50,6,30
20251212,51,52.2,49.55,49.55,47,237
20251215,50.5,52.3,50,51.7,73,376
20251216,52.2,52.2,49.4,50,36,180
20251217,50.5,51.7,49.3,49.5,68,340
20251218,49.1,50.3,49.05,49.3,19,94
20251219,49.55,50,49.2,49.25,25,123
20251222,50,50.4,48.9,49.4,36,179
20251223,49.45,49.45,48.95,48.95,21,103
20251224,49.9,53.4,49.85,51.5,267,1393
20251226,51.5,53.5,51.5,51.8,181,951
20251229,51.8,51.8,51.2,51.2,36,185
20251230,50.4,51.5,50.1,50.5,37,186
20251231,50.5,50.5,49.7,49.8,30,150
20260102,49.45,52.9,49.45,51.4,82,421
20260105,52.2,52.3,49.55,49.85,80,401
20260106,49.85,50.1,49.65,49.95,53,265
20260107,49.95,50.4,49.95,49.95,97,486
20260108,51.7,51.7,50.1,50.2,79,399
20260109,49.85,50.4,49.85,50.2,79,395
20260112,52.7,53.7,51.3,52.6,213,1116
20260113,52.7,52.8,51.8,52.4,89,466
20260114,52.8,54.9,52.8,54.8,239,1291
20260115,54.9,57,54.9,55.7,153,854
20260116,56.9,56.9,54.7,54.9,83,459
20260119,54.9,55,53.8,54.3,76,412
20260120,54.2,55.1,53.3,53.5,75,406
20260121,52.7,53.6,52.5,52.5,26,138
20260122,53.6,54,52.5,53,33,176
20260123,53.2,53.8,52.9,53.4,60,320
20260126,54,54.7,53.5,53.6,97,523
20260127,54.6,56.8,54,55.7,228,1262
20260128,55.8,56.2,53.9,53.9,153,836
20260129,55.8,55.8,54,54.3,92,504
20260130,54.4,54.4,52.6,53.1,53,282
20260202,52.7,52.9,50.9,51.1,75,387
20260203,52.8,52.8,50.8,51.9,25,129
20260204,52.5,52.5,51.3,52.1,19,99
20260205,52.6,53.7,50.6,52,125,644
20260206,52,52,49.95,50,77,388
20260209,51.6,51.6,50,50,34,171
20260210,50,50.3,49.8,50.2,35,175
20260211,49.9,50.8,49.85,49.9,41,205
20260223,50.7,52.4,50.3,51.8,86,444
20260224,52.4,52.5,50.4,50.7,107,546
20260225,50.7,50.7,49.15,49.55,97,485
20260226,49.55,49.9,49.5,49.9,52,259
20260302,47.45,50.3,47.45,48.45,74,361
20260303,48.5,49.5,47,47.3,93,443
20260304,47,49.15,46.9,47.9,231,1108
20260305,48.15,49.95,48.15,49.2,39,192
20260306,49.2,49.35,49.05,49.05,28,138
20260309,48.9,48.9,47.6,47.8,49,236
20260310,49.9,49.9,48,48.45,28,136
20260311,48.45,49.3,48.35,48.4,25,122
20260312,48.35,48.35,47,47.85,62,296
20260313,47.6,47.6,47.1,47.15,43,204
20260316,47.15,47.15,46.55,46.65,49,229
20260317,46.2,46.65,46.1,46.25,112,518
20260318,46,46.05,45.6,45.85,79,363
20260319,45.65,45.75,45.15,45.7,96,437
20260320,45.75,45.75,45.2,45.55,42,191
20260323,45.1,45.5,45,45.05,35,158
20260324,45.05,46.3,44.5,46.15,126,574
20260325,46.35,46.8,45.75,46,36,166
20260326,46.65,46.65,45.3,45.55,44,201
20260327,45.55,45.55,44.95,44.95,27,122
20260330,44.95,45.2,44.35,44.6,17,76
20260331,44.45,45.5,43.05,44.3,50,221
20260401,44.35,45.2,44.35,44.85,43,193
20260402,44.3,44.7,44.25,44.5,23,102
20260407,45,45.1,44.2,44.95,17,76
20260408,44.9,45.7,44.8,45.7,32,145
20260409,45.7,45.85,44.55,45.15,31,140
20260410,45.9,45.9,45.5,45.5,9,41
20260413,45.5,45.8,45,45,36,163
20260414,45,45,44.7,44.8,37,166
20260415,44.8,44.9,44.5,44.8,31,138
20260416,44.45,44.85,44.45,44.6,22,98
20260417,44.7,44.95,44.35,44.7,47,209
20260420,44.3,44.6,44.05,44.15,53,235
20260421,44.1,44.5,43.95,44.5,61,269
20260422,44.5,45.5,44.5,45.25,56,253
20260423,44.7,44.7,43.7,43.85,44,194
20260424,44,44.4,43.55,43.55,37,162
20260427,43.15,43.65,43.15,43.55,35,152
20260428,43.55,43.7,43,43.1,24,103
20260429,43.5,43.65,43.1,43.5,35,152
20260430,43.5,43.7,42.9,43.7,33,142
20260504,43.35,43.85,43.25,43.85,27,118
20260505,44.7,44.7,42.8,43.8,46,200
20260506,43.8,43.8,42.5,42.7,75,322
20260507,43.6,43.6,42,43.55,148,634
20260508,43.6,43.95,42.85,43.95,61,266
20260511,43.95,43.95,42.85,43.2,62,268
20260512,42.95,42.95,42.3,42.3,56,238
20260513,43.3,43.3,42,42.2,47,199
20260514,42.2,43.15,41.9,43.1,46,195
20260515,43.1,43.5,41.5,41.85,112,481
20260518,42.05,42.05,40.9,41.55,128,530
20260519,41.6,41.6,40.85,40.9,61,251
20260520,40.95,42.5,40.95,42.25,48,201
20260521,43,43,41.25,41.35,92,385
20260522,42.6,42.6,41,41.3,116,479
20260525,41.3,41.4,40.65,40.75,63,257
20260526,40.75,40.75,40.5,40.7,48,195
20260527,40.7,42.3,40.15,41.05,166,686
20260528,41.05,41.05,39.95,40,88,355
20260529,40,40,39.6,39.9,70,279
20260601,39.9,39.9,39.4,39.7,76,301
20260602,39.7,40.65,39.25,40,152,609
20260603,40,40.35,40,40.05,54,217
20260604,40.1,41,40.05,40.65,56,227
20260605,41.5,41.5,40.15,40.7,57,232
20260608,40.25,40.45,39.9,40.35,35,141
20260609,41.15,41.15,39.9,40.6,39,157
20260610,41.35,41.35,40.05,40.1,34,138
20260611,40,40.1,39.8,39.95,17,68
20260612,40.1,40.3,40.1,40.1,11,44
20260615,40.1,40.6,40.05,40.1,44,177
20260616,40.65,40.65,39.8,40.05,41,164
20260617,40.05,41.3,40,41.1,65,264
20260618,41.1,41.1,40.35,40.4,41,167
20260622,40.15,40.45,39.2,39.4,129,512
20260623,40.05,40.05,39.2,39.3,61,240
20260624,39.35,40.25,39.35,40.05,53,212
20260625,39.9,40.2,39.5,39.5,44,175
20260626,39.5,39.5,39.05,39.25,45,177
20260629,39.7,41,39.4,39.5,59,236
20260630,40.7,40.75,39.7,40,15,60
20260701,40,40,39.75,40,13,52
20260702,40.2,40.2,39.9,40.05,12,48
20260703,40,41.6,40,40.55,77,314
20260706,40.6,41.2,40.55,40.55,46,188
20260707,41,43.8,40.15,43.75,251,1069
20260708,44.1,44.1,41.95,42.2,104,448
20260709,41.7,42.3,41.5,41.65,39,163
20260713,41.65,41.7,41.1,41.15,35,145
20260714,41,41,39.7,40.15,48,194
20260715,40.8,41.2,40.8,40.95,8,33
20260716,41,41.1,40.65,40.65,14,57
20260717,40.65,41,39.7,39.9,43,174
20260720,39.9,40.2,39.9,40.2,8,32
20260721,40.2,41,40,40.55,24,97
20260722,40,40.05,39.85,39.85,13,52
20260723,40.85,40.95,39.55,40,24,96
20260724,40,40,39.55,39.6,7,28
20260727,39.3,39.9,39.05,39.65,18,71
20260728,39,39.65,38.8,39.45,41,160
20260729,39,39.25,38.55,39.25,30,116
20260730,39.25,39.45,38.8,38.85,9,35
20260731,38.85,40,38.7,39.9,6,24
20260803,38.8,39.8,38.8,39.8,8,31
20260804,39.5,39.8,39.2,39.2,8,32
20260805,40,40,39.2,39.7,20,79
20260806,39.7,39.95,39.3,39.95,18,71
20260807,40.3,40.4,40,40.15,13,52
20260810,40.15,40.4,40,40.4,17,68
20260811,39.8,40.2,39.5,40.2,14,56
20260812,40.05,40.3,40,40.3,8,32
20260813,41,41,39.8,39.95,14,56
20260814,39.95,39.95,39.4,39.8,12,48
20260817,40,40,39.35,39.95,11,44
20260818,39.55,39.85,39.05,39.5,8,32
20260819,39.4,39.4,39.25,39.3,5,20
20260820,42.2,42.2,39.4,39.95,76,308
20260821,39.95,40.05,39.3,39.5,25,99
20260824,39.5,39.85,39.2,39.7,26,102
20260825,39.3,40.4,39.3,39.7,23,91
20260826,39.75,40.4,39.6,39.6,28,111
20260827,39.65,40.15,39.65,40.05,9,36
20260828,39.75,40.2,39.35,39.75,25,99
20260831,39.5,39.95,39.35,39.65,16,63
20260901,39.65,39.65,39.5,39.6,11,44
20260902,39.5,39.85,39.3,39.85,26,103
20260903,39.8,39.8,39.3,39.7,19,75
20260904,39.6,39.6,39.25,39.4,14,55
20260907,39.45,39.9,39.45,39.75,22,87
20260908,39.8,40.3,39.75,39.8,35,140
20260909,38.55,39.4,38.4,39.15,77,298
20260910,39.2,39.2,38.85,38.9,25,97
20260911,39,39.45,38.75,39.15,14,55
20260914,38.7,39.2,38.55,39.2,13,50
20260915,39.7,39.7,38.8,39.55,4,16
20260916,38.95,39.05,38.7,38.9,8,31
20260917,39.4,39.4,38.9,39.05,10,39
20260918,39.05,39.15,38.95,39.15,4,16
20260921,39.05,39.2,39,39.15,5,20
