# date,open,high,low,close,lot,wan
20250814,105,106,105,106,12,127
20250815,107,107,105.5,106,16,170
20250818,105.5,105.5,105.5,105.5,37,390
20250819,108,108,106,106,17,181
20250820,105,106,105,106,22,232
20250821,108,108,106,106,8,86
20250822,106,106,106,106,1,11
20250825,108.5,108.5,107.5,107.5,12,130
20250826,106,108,106,108,13,140
20250827,108.5,109,108,108,13,141
20250828,108,108.5,108,108,11,119
20250829,107.5,109,105.5,108,143,1518
20250901,108.5,108.5,107.5,107.5,8,86
20250902,108,108,107.5,107.5,3,32
20250903,107.5,107.5,107.5,107.5,6,64
20250904,107.5,108,107.5,107.5,7,75
20250905,107.5,107.5,107,107.5,7,75
20250908,107,107.5,107,107.5,17,182
20250909,107.5,108.5,107.5,107.5,9,97
20250910,108,108,107.5,107.5,23,248
20250911,107.5,107.5,107,107.5,38,408
20250912,107.5,107.5,107,107,41,440
20250915,106.5,107,106,106,19,202
20250916,108,108,107,107,7,75
20250917,108,108,106.5,107,4,43
20250918,106.5,106.5,106,106,5,53
20250919,108,108,106,106.5,9,96
20250922,108,108,106.5,107.5,3,32
20250923,107,107,106.5,106.5,6,64
20250924,106.5,107,106.5,107,4,43
20250925,107,107,105,105,13,138
20250926,105,106,105,106,8,84
20250930,106,106,106,106,3,32
20251001,106.5,106.5,106,106,4,42
20251002,104.5,105,104.5,105,2,21
20251003,104.5,104.5,104.5,104.5,4,42
20251007,103,104,101.5,102,29,298
20251008,102.5,102.5,101.5,102.5,11,112
20251009,104,104,102.5,103,10,103
20251013,102.5,103.5,102,103.5,11,113
20251014,105.5,105.5,102.5,102.5,6,62
20251015,104.5,104.5,103,103,4,41
20251016,102.5,103.5,101.5,103.5,5,51
20251017,103,103.5,103,103.5,7,72
20251020,102,103,99.9,103,25,253
20251021,101.5,103,101,102.5,19,194
20251023,103,103,101.5,101.5,8,82
20251027,101.5,102,101.5,102,2,20
20251028,101.5,101.5,101.5,101.5,2,20
20251029,102,102.5,102,102,11,112
20251030,102.5,102.5,101,101,3,31
20251031,100,100.5,100,100,14,140
20251103,99.8,99.8,99.5,99.6,16,159
20251104,99,99.7,98.7,99.7,8,79
20251106,98.2,99.1,98.2,99.1,4,39
20251107,99,99,99,99,2,20
20251110,100,100.5,100,100,9,90
20251111,100.5,100.5,99.3,99.3,8,80
20251112,99.5,99.5,99,99,5,50
20251113,100.5,100.5,99.1,99.8,3,30
20251114,99,99,98,98.7,9,89
20251117,100.5,100.5,98.4,98.4,8,79
20251118,99.8,99.8,98.4,98.6,4,40
20251119,99.9,99.9,98.5,98.5,4,40
20251120,99.3,99.3,99.3,99.3,1,10
20251121,100,100,98.5,98.6,7,69
20251124,99.8,99.8,98.5,98.6,4,40
20251125,98.7,98.7,98,98,7,69
20251127,98.5,99,98.2,98.2,7,69
20251128,97.8,98,97.8,98,3,29
20251201,97.3,97.9,97,97.8,9,88
20251202,98.3,98.3,97.6,98,4,39
20251203,98,98,97,97.1,12,117
20251204,97,97.9,96.5,96.5,20,194
20251205,96.5,96.5,95.9,95.9,17,163
20251208,95.2,95.2,94,94.9,20,189
20251209,94.1,97,93.6,94.2,27,255
20251210,93.6,93.7,92.4,92.4,21,195
20251211,91.8,92,90.8,91.1,30,274
20251212,90.2,90.9,89.7,90.4,47,423
20251215,90.2,91.8,90,91,16,145
20251216,89.6,92.6,89.6,91,14,127
20251217,91.1,91.9,91.1,91.6,11,101
20251218,92.6,92.9,92.6,92.9,7,65
20251219,93.8,93.8,91.5,91.7,7,64
20251222,93.2,93.2,91.9,92,9,83
20251223,93,93,92,92,7,64
20251224,91.3,91.5,91,91.5,10,91
20251226,90.2,90.8,90.1,90.8,9,81
20251229,90.8,92,90.8,91.5,18,165
20251230,90.5,91.9,90.5,91.9,4,36
20251231,92,92,92,92,1,9
20260102,92,92,91.7,91.7,6,55
20260105,92.5,92.5,91.3,91.6,16,147
20260106,91.6,91.6,90.8,91.1,9,82
20260107,90.3,92.2,90.3,92.2,17,155
20260108,92,92,92,92,2,18
20260109,92.5,92.8,91.7,92.7,20,184
20260112,93,94.5,93,93.5,11,103
20260113,94,94,93.2,93.2,5,47
20260114,94.2,94.2,93,93.6,10,94
20260115,94.3,94.4,93.8,93.9,19,179
20260116,94,94.7,93.9,94.1,20,189
20260119,94.5,94.5,92.9,93.1,47,441
20260120,93,93.1,92.4,92.7,7,65
20260121,91,93.5,91,93,11,102
20260122,92.9,92.9,92,92.4,7,65
20260123,91.1,96.9,91.1,93,86,807
20260126,95.2,95.2,93.2,93.5,9,84
20260127,93,93.9,92.6,93,21,196
20260128,93.5,94,92.9,94,22,205
20260129,94,94,92.8,92.9,4,37
20260130,92.9,92.9,92.9,92.9,1,9
20260202,91.6,92.8,91.6,92.5,7,65
20260203,94.2,94.2,93.4,93.4,23,216
20260204,92.8,93.8,92.7,93.4,4,37
20260205,93.4,93.5,93.4,93.5,7,65
20260206,96.8,102.5,96.8,102.5,104,1057
20260209,106.5,109.5,102.5,102.5,230,2427
20260210,102.5,103.5,102,103,26,267
20260211,103,106,103,103,60,621
20260223,103.5,105,102.5,102.5,49,505
20260224,102,102.5,102,102.5,13,133
20260225,102.5,103.5,102,102.5,41,422
20260226,103,110.5,103,109,102,1095
20260302,105.5,109,105.5,108,42,452
20260303,106.5,109.5,106,107.5,45,483
20260304,106.5,109,104.5,107.5,103,1102
20260305,108.5,108.5,104.5,105.5,30,320
20260306,105,106.5,104.5,105,13,137
20260309,104,104,100,101,28,284
20260310,103,108,103,105,39,413
20260311,104.5,108.5,104.5,107.5,75,804
20260312,105.5,108,103.5,107.5,25,265
20260313,105,107,105,107,16,170
20260316,106.5,106.5,103,105.5,25,263
20260317,108,108,106,106,9,96
20260318,105.5,106,105,106,15,159
20260319,108,108,103,106,33,349
20260320,108,109.5,106,108,92,995
20260323,104.5,104.5,103,103.5,27,280
20260324,105,105,103.5,103.5,9,94
20260325,104,104,103,103.5,8,83
20260326,104,104,104,104,2,21
20260327,104,104,103,104,8,83
20260330,103.5,104,103,103.5,10,104
20260331,103.5,103.5,102,102,12,123
20260401,103.5,103.5,103,103,6,62
20260402,103,104,103,103.5,18,186
20260407,104.5,108,104,108,40,424
20260408,108,109,107,108,45,488
20260409,108,109,108,109,75,812
20260410,107.5,110,107.5,109.5,36,392
20260413,109.5,109.5,108,108,14,152
20260414,109.5,112.5,106.5,107,49,535
20260415,107.5,109,106,106.5,23,246
20260416,108.5,109.5,107,108,22,238
20260417,107.5,109.5,107.5,108,46,497
20260420,109,109.5,108.5,108.5,39,425
20260421,109.5,109.5,107,108.5,18,194
20260422,109,109,109,109,1,11
20260423,108.5,108.5,106,107.5,25,269
20260424,107.5,107.5,103.5,104,42,438
20260427,104,104.5,103.5,104.5,17,176
20260428,104,104,101.5,101.5,22,226
20260429,101.5,101.5,100,100,19,191
20260430,102,102,99,99,21,209
20260504,101,101,96.2,96.3,27,265
20260505,96.7,96.7,95.5,96.1,13,125
20260506,96.1,97,95.1,95.1,17,163
20260507,95.2,95.2,94.4,94.7,37,351
20260508,95,96,95,95.5,8,76
20260511,95.5,98.4,95.5,98.4,17,164
20260512,98.7,98.7,96.6,97.9,15,147
20260513,98.7,98.7,97.9,97.9,5,49
20260514,100.5,107.5,100.5,107.5,188,1974
20260515,114,118,113.5,118,381,4460
20260518,120,125,117.5,124,701,8545
20260519,118,122,112.5,112.5,312,3612
20260520,113,113,108.5,112.5,84,931
20260521,112,112,107,110,104,1146
20260522,111,111,109,110.5,48,526
20260525,110.5,110.5,105,105.5,172,1841
20260526,104.5,106,104,105.5,108,1133
20260527,105,116,102.5,116,350,3932
20260528,115.5,122.5,113,118,353,4163
20260529,117,117,114.5,115.5,63,729
20260601,117.5,122,114,121,204,2402
20260602,133,133,129,133,720,9543
20260603,146,146,136,136,1458,20748
20260604,135,135,123.5,123.5,452,5821
20260605,124,130,123,124,204,2559
20260608,113,117,113,114.5,308,3528
20260609,113.5,117,113.5,117,196,2251
20260610,116,116.5,109,109,185,2070
20260611,109.5,111,105.5,111,112,1212
20260612,112.5,113,110,112,94,1048
20260615,114.5,117.5,113.5,116.5,135,1569
20260616,117.5,117.5,113.5,115,66,756
20260617,113.5,116,113.5,115,39,449
20260618,117,117.5,115,115,69,799
20260622,117.5,121,117,118,147,1746
20260623,118,129.5,118,129.5,404,5135
20260624,130,136,127.5,131,350,4572
20260625,133,133,127,127,166,2150
20260626,126,126,119,121.5,129,1576
20260629,125.5,130,124,124.5,221,2812
20260630,127.5,127.5,120.5,122,154,1885
20260701,123.5,126,121,124.5,158,1958
20260702,125,126.5,123.5,125.5,94,1175
20260703,124,131,124,129.5,98,1262
20260706,133,133,124.5,125,106,1356
20260707,126.5,135.5,125,135,363,4760
20260708,144,148.5,136,136,1525,21997
20260709,134.5,134.5,127.5,127.5,378,4917
20260713,129.5,130.5,125,126,152,1929
20260714,127.5,127.5,124,127,145,1829
20260715,128,128.5,126,127,55,701
20260716,127,129,126.5,127.5,51,652
20260717,127,127,121.5,122.5,176,2167
20260720,121.5,122.5,120,122.5,77,933
20260721,122.5,126,122.5,125,34,424
20260722,125,126,123.5,125.5,55,685
20260723,126,127.5,124,124.5,60,751
20260724,123,124.5,123,124,36,444
20260727,124,124,122,123,28,345
20260728,121,122,120.5,121.5,114,1380
20260729,121.5,122,117,119.5,143,1716
20260730,120,123,119.5,122,91,1101
20260731,126,126.5,125,125.5,77,969
20260803,124,128,124,126.5,38,481
20260804,126.5,126.5,122,122,76,936
20260805,123.5,123.5,122,122.5,43,528
20260806,134.5,134.5,134.5,134.5,97,1305
20260807,138,147.5,138,144,896,12942
20260810,144.5,151,140,150,325,4731
20260811,150.5,151.5,142.5,145.5,228,3306
20260812,145,145,137.5,139,132,1857
20260813,142,142.5,139,141.5,117,1640
20260814,143,143.5,138,140,76,1073
20260817,140,153.5,140,150,424,6361
20260818,151.5,151.5,145,145.5,151,2225
20260819,143.5,146.5,143,145.5,42,607
20260820,145.5,147.5,141,144.5,131,1880
20260821,144.5,145.5,141,142,58,826
20260824,142,142.5,136,139.5,115,1594
20260825,138.5,138.5,136.5,137.5,50,687
20260826,136.5,141.5,136,140.5,95,1309
20260827,142,142,138,140,55,765
20260828,140,142.5,138.5,139,51,713
20260831,137,141,137,140,23,319
20260901,139,139,137.5,138,43,593
20260902,137.5,138,137,137.5,9,124
20260903,139,139.5,137.5,139,44,610
20260904,138,138.5,137,137,36,495
20260907,137,137.5,136,137.5,23,315
20260908,133.5,134,127.5,129.5,265,3439
20260909,129.5,131,128.5,130,82,1064
20260910,129.5,130.5,128.5,129,35,451
20260911,127.5,128.5,126,128.5,49,625
20260914,128.5,130,128.5,130,14,181
20260915,130,132,130,132,18,237
20260916,132,133.5,132,133,16,213
20260917,134.5,134.5,132.5,133,24,319
20260918,133.5,133.5,132,132.5,20,265
20260921,134,134,132.5,133,8,107
