# date,open,high,low,close,lot,wan
20250814,14.55,14.7,14.5,14.55,31,45
20250815,14.6,14.75,14.6,14.75,64,94
20250818,14.9,14.9,14.65,14.65,41,61
20250819,14.65,14.95,14.5,14.75,112,164
20250820,14.75,15.1,14.7,14.85,13,19
20250821,15.05,15.25,14.85,14.95,47,70
20250822,15.15,15.65,14.95,14.95,92,138
20250825,15.3,15.3,14.75,15.05,126,188
20250826,15.05,15.2,14.95,15.05,70,105
20250827,15.2,15.2,14.95,15.1,98,148
20250828,15,15.15,14.95,15,34,51
20250829,15.05,15.5,15,15.25,164,250
20250901,15.1,15.1,14.55,15.1,83,123
20250902,14.85,15.25,14.85,15.25,65,98
20250903,16.4,16.75,16,16.75,455,758
20250904,16.7,17.2,16.1,16.5,689,1153
20250905,16.4,17.2,16.15,16.95,249,412
20250908,17,17,16.25,16.25,184,301
20250909,16.5,16.95,16.35,16.45,143,238
20250910,16.6,16.7,16.15,16.15,74,121
20250911,16.35,16.4,15.7,15.7,82,131
20250912,15.75,16.15,15.75,15.85,38,60
20250915,15.75,15.9,15.6,15.8,36,56
20250916,15.4,15.7,14.8,15.65,100,153
20250917,15.5,15.8,15.5,15.5,15,23
20250918,15.55,15.75,15.5,15.65,27,42
20250919,15.55,15.8,15.5,15.7,50,78
20250922,15.7,15.8,15.35,15.7,67,105
20250923,15.75,15.75,15.3,15.55,73,112
20250924,15.55,15.55,15.25,15.25,37,57
20250925,15.6,15.6,15.05,15.3,33,50
20250926,15.2,15.55,15.05,15.4,30,46
20250930,15.15,15.45,15.15,15.3,33,51
20251001,15.6,15.6,15.2,15.3,13,20
20251002,15.2,15.3,15.15,15.3,37,56
20251003,15.3,15.4,15.15,15.3,28,43
20251007,15.45,15.7,15.3,15.6,112,174
20251008,16.5,16.5,15.7,15.95,104,167
20251009,15.95,15.95,15.6,15.65,46,72
20251013,15.4,15.9,15.4,15.7,36,57
20251014,15.6,16,15.5,15.5,30,47
20251015,15.55,16,15.55,15.6,40,63
20251016,15.8,16.5,15.8,16.5,199,322
20251017,16.3,16.3,15.8,15.9,117,187
20251020,15.7,15.9,15.6,15.6,54,85
20251021,15.65,15.7,15.6,15.65,17,27
20251022,15.7,16.15,15.6,15.9,48,76
20251023,15.9,16.5,15.6,16.45,127,205
20251027,16.45,16.45,15.9,16.15,46,74
20251028,16.15,16.15,15.85,16,25,40
20251029,16,16.25,15.85,16,72,115
20251030,16.2,16.2,15.75,15.9,19,30
20251031,16.05,16.3,15.95,15.95,26,42
20251103,15.95,16.25,15.85,16.1,10,16
20251104,15.9,16,15.5,15.85,47,74
20251105,15.85,15.9,15.35,15.65,25,39
20251106,15.65,16,15.5,15.95,32,50
20251107,16,16.05,15.8,15.95,35,56
20251110,15.55,15.75,15.3,15.65,12,19
20251111,15.75,15.8,15.6,15.8,4,6
20251112,15.9,15.95,15.5,15.7,23,36
20251113,15.6,15.9,15.5,15.9,29,45
20251114,15.8,15.8,15.55,15.8,10,16
20251117,15.7,15.8,15.25,15.6,10,15
20251118,15.5,15.5,15.25,15.25,18,28
20251119,15.25,15.25,15,15.2,14,21
20251120,15.3,16,15.3,15.75,25,39
20251121,15.65,15.9,15.15,15.45,15,23
20251124,15.85,16,15.5,15.75,15,24
20251125,15.5,15.8,15.45,15.65,6,9
20251126,15.5,15.65,15.4,15.55,20,31
20251127,15.35,15.45,15.25,15.45,41,63
20251128,15.35,15.65,15.3,15.55,14,22
20251201,15.4,15.45,15.1,15.45,30,46
20251202,15.35,15.45,15.2,15.4,13,20
20251203,15.4,15.95,15.4,15.55,25,39
20251204,15.35,15.4,15.2,15.4,42,64
20251205,15.2,15.4,15.2,15.35,19,29
20251208,15.25,15.3,15.15,15.3,35,53
20251209,15.3,15.3,15.2,15.2,4,6
20251210,15.15,15.3,15,15.3,54,81
20251211,15.1,15.25,15,15.25,22,33
20251212,15.05,15.3,15,15.05,16,24
20251215,15.05,15.15,14.95,14.95,27,41
20251216,14.9,15,14.8,15,16,24
20251217,14.9,15.15,14.75,15.05,21,31
20251218,14.75,14.75,14.7,14.75,11,16
20251219,14.8,15,14.7,15,32,47
20251222,15,15.05,14.7,15,28,42
20251223,14.75,14.75,14.7,14.7,25,37
20251224,14.7,14.7,14.65,14.65,9,13
20251226,14.65,14.95,14.55,14.95,45,66
20251229,14.95,15.05,14.65,14.7,27,40
20251230,14.6,14.95,14.5,14.95,49,72
20251231,14.8,14.8,14.65,14.7,9,13
20260102,14.6,14.85,14.5,14.8,52,76
20260105,14.6,15.05,14.15,14.25,84,121
20260106,14.25,14.3,14.2,14.3,28,40
20260107,14.3,14.8,14.3,14.6,47,68
20260108,14.5,14.7,14.25,14.7,35,50
20260109,14.35,14.7,14.25,14.3,37,53
20260112,14.2,14.5,14.2,14.3,72,102
20260113,14.1,14.3,14.05,14.2,68,96
20260114,14.25,14.3,14.1,14.3,39,55
20260115,14.5,14.6,14.25,14.35,49,71
20260116,14.35,14.7,14.25,14.7,98,142
20260119,14.8,15.15,14.8,15.1,121,181
20260120,14.95,15.25,14.75,14.9,39,58
20260121,14.5,14.85,14.45,14.6,27,39
20260122,14.6,14.6,14.45,14.6,43,62
20260123,14.5,14.6,14.3,14.6,22,32
20260126,14.4,14.5,14.25,14.35,31,44
20260127,14.4,14.65,14.3,14.6,65,95
20260128,14.55,14.55,14.2,14.25,118,169
20260129,14.45,14.5,14.3,14.3,35,50
20260130,14.25,14.3,14,14.3,48,68
20260202,14.1,14.2,13.85,13.9,42,59
20260203,13.9,14.05,13.8,13.9,40,56
20260204,13.9,14.15,13.9,14.15,14,20
20260205,14.1,14.1,14,14,21,29
20260206,14.15,14.15,13.5,13.9,33,45
20260209,13.9,13.9,13.85,13.85,6,8
20260210,13.75,13.85,13.75,13.75,20,28
20260211,13.8,14.2,13.7,14.2,35,48
20260223,14.8,14.8,14.15,14.15,54,78
20260224,14.15,14.15,14.05,14.1,18,25
20260225,14.1,14.35,13.85,14,73,103
20260226,13.7,13.95,13.65,13.85,39,54
20260302,13.65,13.85,13.55,13.6,100,136
20260303,13.6,13.85,13.4,13.75,45,61
20260304,13.75,13.75,13.1,13.2,44,58
20260305,13.5,13.5,13.15,13.2,29,38
20260306,13.2,13.2,13.1,13.2,57,75
20260309,13,13,12.55,12.95,60,77
20260310,13.05,13.1,12.85,13,36,47
20260311,13,13,12.9,13,34,44
20260312,13,13.3,12.9,13.1,43,56
20260313,12.8,13,12.7,13,30,38
20260316,13,13,12.95,13,25,32
20260317,12.85,13.05,12.8,12.9,29,38
20260318,12.85,13.05,12.85,13.05,120,155
20260319,12.8,12.95,12.65,12.95,43,55
20260320,13,13,12.95,13,11,14
20260323,12.65,12.9,12.65,12.75,12,15
20260324,12.6,12.75,12.6,12.75,5,6
20260325,12.9,12.9,12.75,12.75,10,13
20260326,12.7,12.7,12.6,12.6,35,44
20260327,12.5,12.55,12.25,12.5,60,74
20260330,12.3,12.45,12,12.45,21,26
20260331,12.2,12.35,12.15,12.3,11,13
20260401,12.5,12.5,12.35,12.45,26,32
20260402,12.45,12.5,12.1,12.4,17,21
20260407,12.15,12.4,12.15,12.4,9,11
20260408,12.2,12.3,12.05,12.2,53,65
20260409,12.1,12.25,12,12.05,21,25
20260410,12.1,12.1,11.8,12,68,82
20260413,12.1,12.1,12,12.1,14,17
20260414,12,12.45,12,12.25,25,31
20260415,12,12.05,12,12.05,62,75
20260416,12.05,12.2,12.05,12.15,21,26
20260417,12.1,12.1,12,12.05,29,35
20260420,12.1,12.15,12,12.05,34,41
20260421,12.05,12.35,12,12,20,24
20260422,12.2,12.45,12,12.4,95,116
20260423,12.55,12.65,12.25,12.35,63,79
20260424,12.35,12.35,12.1,12.3,4,5
20260427,12.05,12.05,12,12.05,30,36
20260428,11.8,12.05,11.8,12,23,28
20260429,12,12.1,12,12,20,24
20260430,12,12.05,11.75,11.8,64,76
20260504,11.8,11.9,11.5,11.8,81,95
20260505,12.1,12.1,12,12,9,11
20260506,12,12.2,11.8,11.95,32,38
20260507,11.65,11.9,11.65,11.8,30,35
20260508,11.8,11.9,11.7,11.85,16,19
20260511,11.7,11.75,11.55,11.7,61,71
20260512,11.6,11.7,11.35,11.35,69,79
20260513,11.3,11.5,11.3,11.5,25,29
20260514,11.8,11.8,11.35,11.5,37,43
20260515,11.5,11.55,11.45,11.55,14,16
20260518,11.3,11.5,11.3,11.5,12,14
20260519,11.35,11.55,11.25,11.25,29,33
20260520,11.25,11.4,11.15,11.15,50,56
20260521,11.15,11.2,11,11.2,69,76
20260522,11.2,11.45,11.2,11.3,42,48
20260525,11.95,11.95,11.3,11.4,57,65
20260526,11.3,11.4,11.2,11.2,38,43
20260527,11.2,11.3,11.1,11.25,63,71
20260528,11.15,11.4,11.1,11.25,72,81
20260529,11.15,11.15,11,11.15,74,82
20260601,11.4,11.4,10.95,11.05,96,106
20260602,11.05,11.05,10.8,10.95,90,98
20260603,10.95,10.95,10.75,10.8,131,142
20260604,10.9,10.9,10.55,10.7,140,149
20260605,11.1,11.1,10.25,10.9,197,210
20260608,10.2,10.5,10.2,10.5,41,43
20260609,10.7,10.8,10.35,10.75,149,158
20260610,10.55,10.55,10.5,10.5,11,12
20260611,10.85,10.85,10.35,10.6,19,20
20260612,10.7,10.7,10.35,10.55,64,67
20260615,10.5,10.6,10.35,10.5,59,61
20260616,10.5,10.5,10.2,10.4,53,55
20260617,10.25,10.45,10.25,10.45,27,28
20260618,10.45,10.55,10.4,10.55,47,49
20260622,10.55,10.7,10.45,10.5,46,49
20260623,10.5,10.65,10.5,10.55,26,27
20260624,10.6,10.65,10.45,10.55,25,26
20260625,10.55,10.55,10.45,10.5,93,98
20260626,10.4,10.5,10.3,10.3,42,44
20260629,10.5,10.5,10.35,10.45,9,9
20260630,10.8,11,10.7,10.85,76,82
20260701,10.95,10.95,10.6,10.7,23,25
20260702,10.5,10.7,10.5,10.7,11,12
20260703,10.95,11.5,10.95,11.1,59,65
20260706,11.5,11.5,10.95,11.1,47,53
20260707,11.15,11.15,10.75,10.9,30,33
20260708,10.6,10.8,10.55,10.65,31,33
20260709,10.75,10.8,10.6,10.7,30,32
20260713,10.55,10.55,10.25,10.3,57,59
20260714,10.25,10.25,10.05,10.1,17,17
20260715,10.2,10.4,10.15,10.2,17,17
20260716,10.35,10.45,10.2,10.35,18,19
20260717,10.2,10.2,9.88,9.9,84,84
20260720,10.15,10.15,9.85,9.85,19,19
20260721,10,10,9.94,9.94,15,15
20260722,10,10,9.95,10,28,28
20260723,10,10,9.91,9.98,29,29
20260724,10.2,10.2,10,10.1,31,31
20260727,10.25,10.25,9.95,9.99,11,11
20260728,9.9,10.1,9.7,9.88,47,46
20260729,9.66,9.68,9.06,9.65,89,83
20260730,9.45,9.62,9.1,9.48,39,36
20260731,9.48,9.69,9.3,9.45,26,25
20260803,9.45,9.98,9.45,9.8,35,34
20260804,9.98,9.98,9.84,9.89,26,26
20260805,9.99,10.05,9.99,10,37,37
20260806,10.3,10.3,10.1,10.1,31,32
20260807,10.25,10.25,10.1,10.1,20,20
20260810,10.2,10.2,9.71,9.71,21,21
20260811,9.98,10.05,9.98,9.99,9,9
20260812,10.15,10.15,9.31,9.95,48,46
20260813,9.88,9.97,9.85,9.94,24,24
20260814,10.1,10.1,9.97,10.05,19,19
20260817,10.3,10.55,10.25,10.25,10,10
20260818,10.35,10.35,10.05,10.2,11,11
20260819,10.15,10.15,9.89,10.1,13,13
20260820,10.05,10.05,9.93,10,12,12
20260821,10.8,11,10.6,11,225,246
20260824,12.1,12.1,11.75,12.1,605,731
20260825,12.35,13.3,12.35,13.3,801,1037
20260826,14.6,14.6,14.6,14.6,317,463
20260827,16.05,16.05,16.05,16.05,328,526
20260828,17.65,17.65,14.5,16.15,2162,3646
20260831,14.6,15.2,14.55,14.85,660,966
20260901,14.5,14.9,14.5,14.55,318,465
20260902,14.2,14.8,14,14.5,263,377
20260903,14.2,14.6,14.05,14.05,141,202
20260904,14.2,14.7,14,14.45,252,365
20260907,14.1,14.5,13.05,13.7,320,438
20260908,13.4,13.6,12.8,12.8,271,355
20260909,12.85,14.05,12.8,14.05,362,499
20260910,14,15.45,13.45,15.45,774,1135
20260911,15.6,15.9,14.75,14.75,326,497
20260914,14.7,15.15,14.3,14.6,129,191
20260915,14.6,14.6,14,14.2,100,142
20260916,14,14.65,13.95,14.15,69,98
20260917,14.15,14.15,13.75,13.8,167,231
20260918,13.5,14.5,13.5,14,97,136
20260921,14,14.4,13.7,13.7,85,117
20260922,13.9,13.9,13.4,13.5,143,193
20260923,13.5,14.85,13.15,14.85,612,901
