# date,open,high,low,close,lot,wan
20250814,34.25,34.45,34.25,34.35,12,43
20250815,34.05,34.25,34.05,34.2,15,50
20250818,34.6,34.6,34.2,34.2,10,36
20250819,34.4,34.5,34.15,34.15,18,61
20250820,34.1,34.1,33.75,33.75,27,92
20250821,34.75,34.75,33.6,33.8,26,90
20250825,33.85,34.5,33.85,34.5,27,92
20250826,34.1,34.45,33.95,34.3,25,87
20250827,34.3,34.9,34.3,34.7,10,33
20250828,34.9,35.2,34.5,34.8,31,108
20250829,34.8,35.3,34.6,34.6,43,150
20250901,34.5,34.5,33.8,33.9,11,39
20250902,34,34.2,34,34.1,8,27
20250903,34,34.1,34,34.05,11,36
20250904,34.05,34.05,33.6,33.9,19,64
20250905,34,34.2,34,34.2,13,45
20250908,33.5,34.15,33.5,34.05,8,29
20250909,34.05,34.1,33.75,34.1,25,85
20250910,34,34,33.8,34,18,60
20250911,33.65,33.95,33.65,33.7,21,72
20250912,33.7,34,33.7,33.7,14,49
20250915,33.5,33.7,33.5,33.7,15,51
20250916,33.75,33.75,33.6,33.6,5,16
20250917,33.6,33.85,33.4,33.45,13,44
20250918,33.8,34.05,33.7,33.7,25,84
20250919,33.7,33.9,33.5,33.9,14,49
20250922,33.8,33.8,33.8,33.8,4,13
20250923,33.9,34,33.8,33.85,15,51
20250924,33.5,33.5,33.3,33.4,18,61
20250925,33.5,33.5,33.5,33.5,3,11
20250926,33.5,33.8,33.5,33.55,17,58
20250930,33.55,33.6,33.4,33.6,35,117
20251001,33.55,34,33.55,33.65,15,50
20251002,33.65,33.7,33.45,33.45,8,26
20251003,33.6,34,33.6,33.9,16,53
20251007,33.7,33.7,33.25,33.25,25,83
20251008,33.3,33.8,33.25,33.6,53,178
20251009,34.7,34.7,33.5,33.5,17,58
20251013,33.45,33.45,33,33.25,26,87
20251014,33.55,33.65,33.3,33.45,29,97
20251015,33.25,33.5,33.25,33.4,24,81
20251016,33.5,33.5,33.3,33.45,29,96
20251017,33.5,34.45,33.4,33.5,30,101
20251020,33.4,33.4,33.3,33.3,19,62
20251021,33.2,33.2,33.15,33.2,33,109
20251022,33.15,34,33.15,33.8,22,75
20251023,33.25,33.35,33.15,33.35,22,72
20251027,33.15,33.75,33,33.25,15,51
20251028,33.35,33.35,33.05,33.05,24,80
20251029,33,33.2,33,33.15,30,100
20251030,33.15,33.15,33,33,21,69
20251031,32.95,33,32.9,32.9,14,46
20251103,32.8,33.05,32.2,32.4,238,780
20251104,32.4,32.6,32.3,32.4,20,65
20251105,32.15,32.15,31.55,31.55,43,137
20251106,31.75,31.75,31.6,31.6,14,44
20251107,31.45,31.55,31.1,31.35,31,99
20251110,31.2,31.35,31.1,31.1,13,42
20251111,32.1,32.1,31.25,31.25,11,36
20251112,31.25,31.7,31.05,31.55,38,119
20251113,31.05,31.65,31.05,31.4,30,94
20251114,31.4,31.55,31.25,31.55,40,125
20251117,31.5,31.5,31.1,31.1,24,74
20251118,31.1,31.1,30.7,30.7,23,72
20251119,30.6,30.85,30.6,30.85,12,37
20251120,30.9,30.9,30.5,30.5,27,82
20251121,30.5,30.85,30.5,30.85,11,33
20251124,30.75,30.75,30.3,30.4,47,144
20251125,30.35,30.5,30.35,30.4,30,91
20251126,31.45,31.45,30.35,30.4,49,150
20251127,30.45,30.5,30.35,30.45,21,65
20251128,30.45,31.05,30.3,30.35,17,50
20251201,30.35,30.95,30.3,30.6,11,34
20251202,30.6,31.35,30.45,30.5,14,43
20251203,30.8,30.8,30.4,30.4,16,47
20251204,30.4,30.4,30.35,30.4,14,42
20251205,30.4,30.45,30.4,30.45,6,18
20251208,30.4,31,30.05,30.4,34,102
20251209,30.4,30.4,30.2,30.2,27,83
20251210,30.3,30.55,30,30.1,209,633
20251211,30.3,30.3,30,30,39,117
20251212,30,30.15,29.95,30,31,93
20251215,30,30.05,30,30.05,65,195
20251216,30,30.95,30,30.1,71,216
20251217,30,30.55,30,30.15,31,94
20251218,30.1,30.25,30,30.1,41,123
20251219,30.05,30.15,30,30.15,18,55
20251222,30.85,30.85,30,30.05,26,79
20251223,30.05,30.3,30,30.05,16,49
20251224,29.95,30,29.9,29.95,20,60
20251226,30,30.1,29.8,29.95,23,69
20251229,29.9,30,29.8,30,9,26
20251230,29.85,29.85,29.8,29.85,15,46
20251231,29.85,29.85,29.75,29.85,29,88
20260102,29.95,29.95,29.8,29.85,21,62
20260105,29.8,29.85,29.8,29.8,12,34
20260106,29.8,29.9,29.6,29.85,48,142
20260107,29.8,29.85,29.75,29.8,17,52
20260108,30.8,30.8,29.6,29.85,33,98
20260109,29.85,29.85,29.7,29.8,14,41
20260112,29.7,29.75,29.45,29.6,62,185
20260113,29.55,29.8,29.5,29.8,10,30
20260114,30,30,29.5,29.75,56,167
20260115,29.75,29.75,29.5,29.75,26,76
20260116,29.8,29.9,29.45,29.75,61,181
20260119,29.65,30.3,29.65,30.2,54,163
20260120,29.85,29.9,29.8,29.9,23,70
20260121,29.9,29.9,29.75,29.8,17,51
20260122,29.75,29.85,29.5,29.85,51,153
20260123,30.8,30.8,29.6,29.65,38,114
20260126,29.75,29.75,29.6,29.6,32,95
20260127,30,30,29.35,29.6,41,121
20260128,29.7,29.8,29.65,29.8,20,59
20260129,29.85,29.85,29.35,29.6,30,90
20260130,29.4,29.45,29.4,29.4,14,43
20260202,29.4,29.95,29.2,29.35,83,243
20260203,29.35,29.45,29.2,29.3,23,67
20260204,29.2,29.4,29.2,29.25,16,48
20260205,29.3,29.3,29.15,29.15,25,74
20260206,29.05,29.1,29.05,29.1,15,44
20260209,29.05,29.2,29.05,29.1,23,68
20260210,29.1,29.1,29,29.05,15,44
20260211,29.6,29.6,28.85,28.95,36,104
20260223,28.95,29.45,28.85,29.35,49,142
20260224,29.35,29.4,29.1,29.15,36,104
20260225,29.05,29.05,28.85,29,57,166
20260226,29.25,29.25,28.9,28.95,26,76
20260302,30,30,28.95,29.45,25,72
20260303,29.3,29.55,29.1,29.4,34,100
20260304,28.8,29.35,28.7,29.3,67,194
20260305,29.35,29.35,29.1,29.25,28,83
20260306,29.15,29.4,29.1,29.4,15,44
20260309,29.25,29.25,28.65,28.75,36,103
20260310,29.35,29.35,28.85,28.95,9,27
20260311,28.8,28.9,28.55,28.8,40,116
20260312,28.9,28.9,28.65,28.7,18,53
20260313,28.7,28.9,28.55,28.55,22,64
20260316,28.85,28.85,28.35,28.5,81,232
20260317,28.5,28.6,28.3,28.6,140,398
20260318,28.8,28.85,28.35,28.35,42,121
20260319,28.35,28.35,28.25,28.35,20,57
20260320,28.2,28.35,28.15,28.2,26,74
20260323,28.1,28.1,27.7,27.8,78,218
20260324,27.8,27.8,27.5,27.8,82,227
20260325,28,28,27.7,27.7,21,58
20260326,27.7,27.7,27.55,27.7,16,44
20260327,27.5,27.5,27.4,27.4,30,83
20260330,27.35,27.35,27.1,27.25,63,173
20260331,27.25,27.5,27.2,27.2,49,134
20260401,27.45,27.45,27.15,27.3,17,47
20260402,27.3,27.5,27.25,27.4,18,49
20260407,27,27.35,27,27.2,12,32
20260408,27.2,27.2,26.85,26.85,59,159
20260409,26.9,26.95,26.85,26.85,31,82
20260410,26.95,27,26.8,26.9,16,43
20260413,26.8,27,26.5,26.95,85,228
20260414,26.9,27.25,26.9,27.15,54,146
20260415,27.5,27.5,27.1,27.3,38,103
20260416,27.4,27.4,27,27,39,105
20260417,27.2,27.2,26.8,27,44,119
20260420,26.95,27,26.5,26.55,38,102
20260421,26.55,26.9,26.35,26.7,98,261
20260422,26.7,26.7,26.4,26.4,46,122
20260423,26.45,26.45,26.1,26.1,76,199
20260424,26.1,26.2,26,26.2,45,116
20260427,25.85,25.9,25,25.15,68,174
20260428,25.1,25.1,24.8,24.9,100,250
20260429,25,25,24.7,24.7,37,91
20260430,24.7,25.15,24.6,25.15,63,158
20260504,25.15,25.15,24.9,25,38,96
20260505,25,25.05,24.8,24.85,20,51
20260506,25.15,25.15,24.8,25,25,63
20260507,25.05,25.05,24.7,24.7,40,100
20260508,24.7,24.95,24.6,24.6,27,66
20260511,24.55,24.9,24.5,24.6,16,40
20260512,24.65,24.7,24.5,24.5,29,71
20260513,24.5,25,24.3,24.75,47,117
20260514,24.8,25.1,24.6,24.6,23,56
20260515,24.55,24.6,24.15,24.55,48,116
20260518,24.8,24.8,24.15,24.6,43,106
20260519,24.8,24.8,24.2,24.5,18,43
20260520,24.7,24.7,24.3,24.7,33,81
20260521,24.55,24.8,24,24.75,121,296
20260522,24.35,24.8,24.15,24.75,43,106
20260525,24.55,24.85,24.05,24.85,85,208
20260526,24.4,24.75,24.2,24.75,97,237
20260527,24.4,24.6,24.25,24.3,46,113
20260528,24.4,24.4,24.1,24.2,51,124
20260529,25,25,24.35,24.4,26,63
20260601,24.3,24.65,24.25,24.3,39,94
20260602,24.4,24.7,24.1,24.35,61,150
20260603,24.4,24.7,24.3,24.65,94,231
20260604,24.65,25,24.5,24.8,47,116
20260605,25.2,27.25,25,27.25,299,790
20260608,25.25,26.05,24.55,24.9,332,829
20260609,24.95,25.4,24.8,25.15,94,237
20260610,25.05,25.05,24.65,24.65,65,162
20260611,25.5,25.55,24.55,24.55,41,102
20260612,24.4,25.45,24.4,24.9,40,99
20260615,25.2,25.3,24.7,24.75,59,147
20260616,24.95,25,24.5,24.6,82,203
20260617,24.3,24.6,24.25,24.6,71,173
20260618,24.8,24.8,24.3,24.8,41,102
20260622,24.9,24.9,24.3,24.5,63,156
20260623,24.4,24.4,23.95,24.1,85,204
20260624,24.1,24.25,24,24,30,73
20260625,24,24.2,24,24,68,165
20260626,24.25,24.25,23.7,24.05,152,365
20260629,24.05,24.1,23.85,24,74,178
20260630,24.35,26.4,24.3,25.4,319,817
20260701,25.4,25.5,25,25,72,183
20260702,25,25.4,25,25.35,20,50
20260703,25.35,26.15,25.35,25.6,37,96
20260706,25.3,26.05,25.3,26.05,34,89
20260707,25.75,26.1,25.75,26.1,26,68
20260708,27,27,25.95,26,22,58
20260709,25.85,25.85,25.6,25.8,17,45
20260713,25.4,26,25.2,25.55,46,119
20260714,25.4,25.45,25,25.25,23,59
20260715,25.35,25.95,25.3,25.95,28,71
20260716,26,26,25.5,25.65,21,55
20260717,25.55,25.55,24.9,25.25,44,112
20260720,25.75,25.75,25,25.7,70,177
20260721,25.7,27.2,25.45,27.1,77,204
20260722,27.1,27.1,26,26.2,37,98
20260723,26.3,26.7,25.6,26.7,50,131
20260724,26.05,26.5,25.7,26.5,26,69
20260727,26.15,26.7,25.65,26.7,34,89
20260728,25.8,26.3,25.1,25.45,43,110
20260729,25.45,25.55,24.6,25.3,53,133
20260730,24.8,25.45,24.8,25.45,27,69
20260731,25.35,26,25.3,25.85,26,67
20260803,25.1,25.7,25.1,25.5,5,12
20260804,24.3,25.35,24.3,25.3,36,89
20260806,25,25.2,24.95,25.2,7,18
20260807,25.1,25.5,25.05,25.5,4,11
20260810,25.3,25.6,25.3,25.4,8,20
20260811,25.2,25.45,25.2,25.2,7,18
20260812,25,25.45,24.95,24.95,14,36
20260813,25,25,24.55,24.55,23,56
20260814,24.85,24.85,24.55,24.65,11,28
20260817,24.4,24.75,24.4,24.5,8,18
20260818,25.25,25.3,24.4,25,12,31
20260819,24.3,25.35,24.3,25.05,13,33
20260820,25.3,25.3,25.15,25.2,5,13
20260824,25,25.55,25,25.15,11,29
20260825,25.45,25.45,25.25,25.25,13,34
20260826,25.45,25.95,25.4,25.95,15,37
20260827,25.9,26,25.8,25.95,9,25
20260828,25.9,26,25.6,25.95,8,21
20260831,25.15,26.3,25.15,25.95,22,56
20260901,26.55,26.55,25.85,26.15,11,28
20260902,26.45,26.45,25.8,25.8,9,23
20260903,25.8,25.8,25.8,25.8,3,8
20260904,25.45,25.95,25.45,25.95,7,19
20260907,25.9,26.1,25.9,26,9,23
20260908,25.85,26,25.85,26,6,15
20260909,26,26,26,26,3,8
20260910,25.85,26.05,25.85,25.95,4,9
20260911,25.8,25.9,25.25,25.85,13,33
20260914,25.35,25.9,25.1,25.9,32,83
20260915,25.35,25.4,25.3,25.4,4,9
20260916,25.05,25.85,25.05,25.6,13,34
20260917,25.35,25.7,25.35,25.7,26,66
20260918,25.55,25.7,25.25,25.3,31,79
20260921,25.2,25.3,24.7,25.2,15,38
20260922,24.9,25.4,24.55,25.2,18,45
20260923,24.95,25,24.5,25,35,86
20260924,24.85,25.05,24.75,25.05,18,46
