# date,open,high,low,close,lot,wan
20250814,18.7,19,18.7,18.95,32,60
20250815,18.75,20.8,18.7,19.7,232,467
20250818,19.95,20.5,19.7,19.85,62,124
20250819,20.1,20.1,19.7,19.8,6,12
20250820,19.45,20.2,19.35,19.9,45,88
20250821,20.25,20.25,19.75,19.9,23,46
20250822,20,20,19.15,19.25,13,25
20250825,19.8,19.8,19.7,19.7,2,4
20250826,19,19.15,18.9,19.15,3,6
20250827,18.5,19.05,18.5,19.05,19,35
20250828,19.05,19.05,19.05,19.05,1,2
20250829,19,19,19,19,1,2
20250901,17.5,18.35,17.5,18.3,32,58
20250902,18.2,18.25,17.8,17.9,22,40
20250903,18,19,17.7,17.7,21,39
20250904,18.6,19.45,18,18.05,57,107
20250905,18,18.25,17.55,18,34,61
20250908,17.5,18.3,17.5,17.6,13,23
20250909,18,19.1,17.45,17.8,28,50
20250910,18.3,18.3,17.8,17.8,6,11
20250911,17.8,17.85,17.7,17.7,17,30
20250912,17.6,17.6,17.6,17.6,17,30
20250915,17.6,17.6,17.5,17.5,17,30
20250916,17.5,17.5,17,17,9,16
20250917,16.8,17,16.6,17,13,22
20250918,17,17.55,17,17.5,20,35
20250919,17,18.05,17,17.35,8,14
20250922,17.35,17.35,17,17.3,7,12
20250923,17.3,17.3,17.3,17.3,5,9
20250924,17.25,18.05,17.1,17.5,35,62
20250925,17.7,17.8,17.15,17.8,8,14
20250926,17.3,17.5,17.3,17.3,4,7
20250930,17.1,17.1,17,17,2,3
20251001,17.5,17.8,17,17,9,15
20251002,17.05,17.3,17,17.3,7,12
20251007,17.05,17.6,17.05,17.3,9,16
20251008,17.5,18.1,17.35,17.9,15,27
20251009,18.2,18.2,17.85,18.2,18,33
20251013,18,18,18,18,1,2
20251014,19.65,19.8,18.9,19.4,119,231
20251015,19.35,19.8,19.3,19.8,63,123
20251016,19.1,19.35,19.1,19.1,21,40
20251017,19.8,19.8,17.2,18.15,46,83
20251020,17.65,18,17.2,18,64,113
20251021,18.2,19.6,18.2,19.6,48,89
20251022,19.6,19.6,19.55,19.6,15,29
20251023,19.6,19.6,19.6,19.6,3,6
20251027,19.6,19.6,19.55,19.55,17,33
20251028,19.1,19.35,19.1,19.35,3,6
20251029,19.35,19.35,18.65,18.65,10,19
20251030,18.85,19.1,18.7,19.05,15,28
20251031,19.5,19.5,19.2,19.2,9,17
20251103,19,19.2,19,19.2,2,4
20251105,19.6,19.6,18.6,18.6,7,13
20251106,19,19.2,19,19.2,5,10
20251107,19.3,19.3,19.3,19.3,10,19
20251110,19.3,20,19.3,19.55,35,69
20251112,19.4,19.4,18.3,19,24,46
20251113,19,19,19,19,10,19
20251114,19,19.65,19,19.3,53,102
20251117,19.25,19.3,18.45,18.45,35,66
20251118,18.45,19,18.45,19,5,9
20251119,19.2,19.2,19.2,19.2,1,2
20251120,19.15,19.15,18.75,18.75,7,13
20251121,18.9,19.35,18.9,19.35,6,11
20251124,18.75,18.9,18.5,18.85,17,32
20251125,18.85,18.9,18.2,18.55,11,21
20251126,18.6,18.6,18.3,18.3,4,7
20251127,18.35,18.35,18.35,18.35,1,2
20251128,18.4,18.45,18.3,18.3,8,15
20251201,18.25,18.3,18.25,18.3,5,9
20251202,18.05,18.05,18.05,18.05,2,4
20251203,18.1,18.2,17.95,18,13,24
20251204,18.35,18.55,18.25,18.25,5,9
20251205,17.7,18.55,17.7,18.25,6,11
20251208,18.05,18.2,18,18.15,5,9
20251209,18,18.05,16.95,17.25,84,146
20251210,17.25,17.95,17.25,17.5,40,70
20251211,17.7,18.4,17.7,17.9,10,18
20251212,17.5,18.2,17,17.6,22,39
20251215,17.3,17.85,17.3,17.7,4,7
20251216,17.7,17.7,17.7,17.7,3,5
20251217,17.6,17.6,17.6,17.6,1,2
20251218,17.6,17.6,17.45,17.45,11,19
20251219,17.4,17.4,17.3,17.4,8,14
20251223,17.4,17.4,17.1,17.1,8,14
20251224,17,17.9,17,17.85,4,7
20251226,17.2,17.2,17.2,17.2,5,9
20251229,17.25,17.4,17,17.15,10,17
20251230,17.2,17.2,17.2,17.2,3,5
20260102,17.35,17.4,17.35,17.4,7,12
20260105,17.7,17.8,17,17.4,13,22
20260106,17.7,17.8,17.3,17.3,11,19
20260107,17.3,17.85,17.3,17.65,12,21
20260108,17.7,17.7,17.6,17.6,6,11
20260109,16.95,18.95,16.95,17.8,49,88
20260112,18.3,18.3,17.7,18.3,40,72
20260113,17.8,18.15,17.7,18.15,11,20
20260114,17.75,18.3,17.6,18.15,19,34
20260115,18.35,18.35,18.1,18.1,14,26
20260116,18.5,18.5,18.25,18.25,46,85
20260119,18.45,18.45,18.45,18.45,1,2
20260120,18.65,18.7,17.85,18.45,39,72
20260121,18.45,18.45,18.45,18.45,1,2
20260122,18,18.05,17.75,18.05,5,9
20260123,18.05,18.3,18.05,18.15,6,11
20260126,18.5,18.5,18.3,18.3,6,11
20260127,18.5,18.5,18.3,18.3,9,17
20260128,18.3,18.3,18.2,18.2,3,5
20260129,18,18,17.65,17.65,16,29
20260130,18,18,18,18,1,2
20260202,18.1,18.1,17.8,17.8,2,4
20260203,18.2,18.2,17.85,17.85,2,4
20260204,18.15,18.4,17.95,17.95,14,26
20260205,18.25,18.3,18,18,10,18
20260206,18,18,18,18,5,9
20260210,18.3,18.3,18.3,18.3,2,4
20260211,18.4,18.4,17.8,17.8,34,62
20260223,18.25,18.25,18,18.2,10,18
20260224,18.2,18.3,18.2,18.2,14,26
20260225,17.75,17.75,17.75,17.75,1,2
20260226,17.5,17.65,17.5,17.65,55,96
20260302,17.7,18.15,17.7,18,15,27
20260303,18,18,18,18,1,2
20260304,18,18,18,18,2,4
20260305,18.4,18.4,18.35,18.35,2,4
20260306,18.35,18.35,18.35,18.35,1,2
20260309,18.2,18.35,18.2,18.35,3,5
20260310,20.15,20.15,17.7,17.7,38,72
20260311,18.1,18.1,17.7,17.7,9,16
20260313,18,18.1,17.9,17.9,16,29
20260316,17.9,18.05,17.9,17.9,20,36
20260317,18.1,18.15,18.1,18.15,4,7
20260318,18,18.1,18,18.1,5,9
20260320,18,18,18,18,1,2
20260324,18.2,18.2,18.2,18.2,1,2
20260325,18.2,18.2,17.8,17.8,3,5
20260326,17.6,17.6,17.5,17.5,5,9
20260327,17.5,17.6,17.5,17.55,4,7
20260331,17.55,17.6,17.55,17.55,7,12
20260401,18.1,18.1,18.1,18.1,1,2
20260407,17.55,17.55,17.5,17.5,3,5
20260409,17.05,17.65,17.05,17.65,9,16
20260410,18.05,18.1,17.35,17.35,15,27
20260413,17.65,17.7,17.65,17.7,4,7
20260414,17.8,18.15,17.8,18.15,9,16
20260415,17.7,18.1,17.5,17.85,21,37
20260416,17.6,17.9,17.6,17.9,6,11
20260417,18.2,18.2,18.2,18.2,2,4
20260420,18.55,18.55,18.3,18.3,29,53
20260421,18.7,19.85,18.3,19.35,55,104
20260422,19,19.2,18.55,18.8,67,126
20260423,18.6,19.2,18.6,18.85,3,6
20260424,18.3,19.2,18.3,19.2,12,22
20260427,18.85,19.25,18.85,19,22,42
20260429,18.75,18.75,18.75,18.75,3,6
20260430,18.2,19.05,18.15,19.05,14,26
20260504,19.05,19.2,18.9,18.9,61,116
20260505,19.05,19.05,18.7,19,36,68
20260506,18.95,18.95,18.55,18.6,8,15
20260507,18.9,19.1,18.7,18.7,8,15
20260508,18.2,18.6,17.8,18.6,10,18
20260511,18.8,19.1,18.6,18.6,10,19
20260512,18.7,19.05,18.7,18.7,17,32
20260514,18.1,18.2,18.1,18.1,4,7
20260515,18.15,18.4,18.1,18.4,4,7
20260518,18.4,18.4,18.1,18.1,9,16
20260520,17.85,18,17.4,18,11,20
20260522,17.5,17.7,17.35,17.7,16,28
20260525,17.2,17.2,16.3,17.2,23,39
20260526,16.55,17.4,16.4,17,33,55
20260527,17.15,17.15,16.9,16.9,5,8
20260528,17.15,17.15,16.7,16.7,11,18
20260529,17.25,17.25,17,17,2,3
20260601,16.5,17.05,16.5,16.7,7,12
20260603,16.7,16.7,16.5,16.6,13,22
20260604,16.95,17,16.65,16.65,11,19
20260605,16.5,16.75,16.5,16.75,6,10
20260610,16.4,16.4,15.5,15.55,15,24
20260611,16.15,16.45,16.05,16.15,18,29
20260612,16.45,16.85,16.45,16.8,11,18
20260615,16.9,16.9,16.65,16.65,11,19
20260616,16.6,16.65,16.6,16.6,12,20
20260617,16.6,16.6,16.6,16.6,1,2
20260622,16.15,16.25,16,16.25,13,21
20260623,16,16,16,16,3,5
20260624,15.55,15.8,15.55,15.6,7,11
20260625,15.6,15.6,15.5,15.6,9,14
20260626,15.5,15.6,15.1,15.6,9,14
20260629,15.95,15.95,14.6,15.1,27,41
20260630,14.75,15.1,14.75,15.1,36,54
20260701,15,15,14.3,14.3,39,57
20260702,14.3,14.3,14,14.3,9,13
20260703,14.3,15.05,14.3,15.05,18,26
20260706,14.7,15,14.4,14.9,23,34
20260707,14.8,14.85,14.4,14.85,12,17
20260708,14.55,14.55,14.55,14.55,1,1
20260709,14.9,14.9,14.9,14.9,1,1
20260713,14.85,14.95,14.7,14.7,6,9
20260714,14.7,14.9,14.15,14.9,8,12
20260715,14.85,14.9,14.85,14.9,3,4
20260716,14.9,14.9,14.15,14.4,21,30
20260717,14.1,14.55,14,14.35,6,9
20260720,14.4,14.4,14.4,14.4,1,1
20260721,14.45,14.7,14.2,14.35,14,20
20260722,14.15,14.4,14,14.25,7,10
20260723,14.2,14.25,14,14.25,13,18
20260724,13.8,14.3,13.8,14.3,6,8
20260727,14.25,14.25,14.25,14.25,7,10
20260728,14.15,14.15,13.6,14.05,4,6
20260729,14.2,14.2,14.1,14.1,2,3
20260730,14.25,14.25,13.8,14.05,15,21
20260731,14.05,14.2,13.7,13.9,10,14
20260803,14.25,14.25,14.25,14.25,3,4
20260805,14.2,14.45,14.2,14.45,14,20
20260806,14.45,14.95,14.45,14.75,27,40
20260807,14.2,15,14.2,14.9,39,58
20260810,15.45,15.45,15.3,15.3,8,12
20260811,15.3,15.5,15.3,15.5,13,20
20260812,15.95,17.05,15.95,17.05,114,193
20260813,18,18.75,18,18.75,68,127
20260814,20.55,20.6,18.45,19.2,454,896
20260817,19.2,19.4,18.95,19.35,181,346
20260818,19.5,21.15,19.5,19.6,94,190
20260819,19.55,20,19.55,19.6,21,41
20260820,19.65,19.65,19.4,19.4,31,61
20260821,20,20,19.65,19.65,10,20
20260824,19.2,19.45,19,19.45,39,74
20260825,19.55,20,19.45,19.65,79,155
20260826,19.9,19.9,19.4,19.7,51,100
20260827,19.8,21.25,19.8,19.9,189,388
20260828,20,20.5,19.8,19.8,67,134
20260831,20,20.6,19.8,19.9,44,88
20260901,20.05,20.1,19.8,19.95,69,138
20260902,19.95,20.6,19.7,19.9,48,96
20260903,19.95,20,19.6,20,28,55
20260904,20,20,19.7,19.7,15,30
20260907,19.7,19.7,19.55,19.55,4,8
20260908,19.7,20,19.7,20,2,4
20260909,20,20,19,19.55,58,113
20260910,19.5,19.5,19.1,19.1,7,14
20260911,19.2,19.4,18.75,19.4,80,151
20260915,19.85,19.85,18.8,18.8,4,8
20260916,19.2,19.2,19.2,19.2,1,2
20260917,19.2,19.6,18.9,19.3,17,33
20260921,19,19.1,18.6,18.85,32,60
