# date,open,high,low,close,lot,wan
20250814,11.55,11.95,11.55,11.75,222,261
20250815,11.7,11.8,11.6,11.7,124,145
20250818,10.6,11.2,10.6,10.75,534,578
20250819,10.75,10.95,10.4,10.55,351,374
20250820,10.55,10.55,10.2,10.45,155,162
20250821,10.45,10.6,10.2,10.6,327,341
20250822,10.7,10.75,10.6,10.7,79,84
20250825,10.8,10.85,10.5,10.65,142,152
20250826,10.65,10.7,10.1,10.5,271,282
20250827,10.45,10.8,10.35,10.35,239,252
20250828,10.35,10.6,10.3,10.45,142,148
20250829,10.45,10.6,10.4,10.6,88,92
20250901,10.5,10.65,10.35,10.55,92,97
20250902,10.45,10.7,10.4,10.55,128,133
20250903,11.6,11.6,11.6,11.6,223,259
20250904,12.75,12.75,12.75,12.75,795,1014
20250905,14,14,12.75,12.85,6802,9225
20250908,12.85,13.25,12.75,12.95,1260,1633
20250909,13,13.3,12.85,12.85,743,965
20250910,12.85,12.95,12.2,12.25,1039,1295
20250911,12.3,12.45,11.7,11.7,821,988
20250912,11.85,11.95,11.7,11.7,524,619
20250915,11.75,12.2,11.75,12.15,412,496
20250916,12.2,12.3,11.9,11.9,405,487
20250917,11.8,11.9,11.6,11.65,548,645
20250918,11.7,11.8,11.5,11.5,351,406
20250919,11.6,11.6,11.4,11.45,315,362
20250922,11.45,11.65,11.35,11.45,290,333
20250923,11.3,11.4,11.25,11.3,263,297
20250924,11.35,11.5,11.3,11.4,228,259
20250925,11.4,11.95,11.4,11.7,298,348
20250926,11.7,11.75,11.3,11.4,263,301
20250930,11.4,11.6,11.3,11.5,267,306
20251001,11.55,11.95,11.45,11.85,610,717
20251002,11.85,11.85,11.6,11.75,333,389
20251003,11.8,11.95,11.7,11.8,233,275
20251007,11.85,11.9,11.65,11.7,271,318
20251008,11.75,11.9,11.65,11.7,125,146
20251009,11.7,11.85,11.6,11.65,232,272
20251013,11.3,11.35,11.15,11.2,613,689
20251014,11.3,11.35,10.65,10.75,646,709
20251015,10.75,10.95,10.7,10.75,457,493
20251016,10.9,10.9,10.8,10.85,99,108
20251017,10.9,11,10.85,10.85,128,140
20251020,10.9,10.9,10.7,10.7,129,138
20251021,10.65,10.9,10.65,10.8,147,158
20251022,10.65,11,10.65,10.95,182,197
20251023,10.8,11,10.75,10.95,166,181
20251027,10.95,11.05,10.65,10.7,288,311
20251028,10.65,10.85,10.35,10.45,350,370
20251029,10.45,10.8,10.45,10.75,261,278
20251030,10.75,10.75,10.45,10.45,191,201
20251031,10.45,10.65,10.4,10.5,170,177
20251103,10.35,10.45,9.9,9.99,1196,1207
20251104,9.99,10.05,9.8,9.88,601,593
20251105,9.9,10.05,9.83,9.96,273,271
20251106,10.05,10.1,9.95,10.1,106,106
20251107,10,10.15,9.88,10.05,152,152
20251110,9.95,10.1,9.95,9.95,145,145
20251111,9.95,9.98,9.9,9.96,192,191
20251112,10,10.05,9.96,9.99,237,237
20251113,10.15,10.95,10,10.95,736,780
20251114,11.4,11.65,11.05,11.15,1820,2064
20251117,11.2,11.35,10.9,10.9,505,559
20251118,11,11,10.7,10.75,161,174
20251119,10.85,10.85,10.5,10.8,312,334
20251120,10.9,10.9,10.55,10.6,219,234
20251121,10.65,10.65,10.25,10.25,198,205
20251124,10.3,10.4,10.25,10.3,162,167
20251125,10.35,10.6,10.3,10.55,144,151
20251126,10.6,10.7,10.45,10.5,133,141
20251127,10.55,10.6,10.5,10.6,51,54
20251128,10.55,10.65,10.45,10.55,134,142
20251201,10.55,10.55,10.3,10.35,222,230
20251202,10.35,10.4,10.25,10.3,137,142
20251203,10.4,10.4,10.15,10.25,171,175
20251204,10.3,10.3,10.2,10.3,90,92
20251205,10.2,10.3,10,10.2,249,253
20251208,10.2,10.2,10.05,10.2,224,227
20251209,10.25,10.25,10.05,10.15,108,110
20251210,10.15,10.25,10.05,10.2,243,246
20251211,10.2,10.3,10.2,10.2,135,138
20251212,10.5,11,10.4,10.75,1152,1242
20251215,10.95,11.8,10.75,11.8,2497,2881
20251216,11.7,12.05,11.45,11.7,1639,1922
20251217,11.7,12.25,11.65,11.65,1350,1613
20251218,11.6,11.8,11.35,11.5,622,722
20251219,11.5,11.8,11.35,11.5,391,450
20251222,11.55,12.15,11.4,11.95,824,980
20251223,11.85,12,11.75,11.9,363,431
20251224,11.85,12,11.75,11.85,329,389
20251226,11.75,11.85,11.6,11.65,469,549
20251229,11.7,11.75,11.55,11.65,222,258
20251230,11.6,11.65,11.4,11.5,425,487
20251231,11.45,11.6,11.4,11.6,156,179
20260102,11.55,11.6,11.4,11.6,237,273
20260105,11.5,11.65,11.2,11.25,567,644
20260106,11.25,11.4,11.1,11.15,421,473
20260107,11.15,11.25,10.95,10.95,561,620
20260108,11,11.2,10.9,10.95,245,269
20260109,10.9,11,10.8,10.9,153,167
20260112,11,11.25,10.95,11.15,200,223
20260113,11.2,11.35,11,11.15,258,287
20260114,11.15,11.35,11.1,11.1,373,418
20260115,11.1,11.3,11.1,11.1,265,296
20260116,11.1,11.2,10.95,11.05,433,478
20260119,11,11,10.85,10.85,567,619
20260120,10.9,11,10.85,10.85,232,253
20260121,10.9,10.9,10.6,10.65,469,503
20260122,10.65,10.8,10.5,10.5,397,420
20260123,10.5,10.7,10.4,10.45,310,325
20260126,10.45,10.7,10.45,10.7,455,479
20260127,10.7,10.7,10.5,10.55,455,481
20260128,10.5,10.65,10.3,10.55,663,693
20260129,10.45,10.5,10.3,10.35,257,267
20260130,10.3,10.35,10.1,10.25,413,423
20260202,10.5,10.5,10,10.1,494,502
20260203,10.25,10.35,10.1,10.1,266,272
20260204,10.25,10.25,10.1,10.15,152,154
20260205,10.25,10.35,10.2,10.2,116,119
20260206,10.15,10.15,10,10.05,182,183
20260209,10.25,10.4,10,10.05,185,187
20260210,10.15,10.25,10.15,10.15,113,115
20260211,10.1,10.25,10.1,10.2,157,160
20260223,10.2,10.35,10.05,10.25,135,138
20260224,10.4,10.45,10.2,10.35,324,336
20260225,10.35,10.35,10.15,10.35,190,195
20260226,10.35,10.45,10.3,10.35,332,344
20260302,10.4,10.4,10,10.1,367,373
20260303,10.15,10.15,10,10.1,404,406
20260304,10,10,9.9,9.9,495,492
20260305,10,10.05,9.91,9.98,293,293
20260306,10,10.2,9.96,10.2,356,360
20260309,10.1,10.2,9.95,10,254,255
20260310,10.15,10.35,10.1,10.15,203,207
20260311,10.15,10.65,10.15,10.6,728,766
20260312,10.75,10.75,10.35,10.4,393,412
20260313,10.85,11.4,10.85,11.4,1285,1456
20260316,11.85,11.85,10.8,11.05,2391,2711
20260317,11.3,11.8,11.05,11.4,1694,1939
20260318,11.45,11.55,11.25,11.45,500,572
20260319,11.45,12.1,11.4,11.7,1168,1380
20260320,11.8,12.05,11.7,11.75,687,816
20260323,11.75,12,11.35,11.55,1172,1364
20260324,11.65,12.5,11.6,12,1747,2097
20260325,12,12.2,11.8,12.2,952,1146
20260326,12.25,12.45,12,12.2,1254,1532
20260327,12.1,12.1,11.6,11.65,960,1130
20260330,11.45,11.9,11.35,11.75,324,379
20260331,11.75,12.3,11.75,12.05,836,1010
20260401,12.1,12.35,11.95,12.05,1127,1375
20260402,12.05,12.3,11.8,11.8,462,553
20260407,11.9,11.95,11.75,11.8,289,342
20260408,11.75,11.95,11.65,11.75,354,417
20260409,11.65,11.75,11.5,11.5,317,367
20260410,11.65,11.75,11.4,11.4,261,301
20260413,11.4,11.4,11.2,11.25,401,451
20260414,11.35,11.4,11.15,11.25,363,409
20260415,11.25,11.4,11.05,11.05,467,520
20260416,11.15,11.3,10.95,10.95,400,444
20260417,11.05,11.05,10.75,10.85,339,368
20260420,10.95,10.95,10.6,10.85,392,422
20260421,10.8,10.9,10.65,10.7,327,350
20260422,10.75,10.85,10.5,10.6,360,382
20260423,10.5,10.55,10.2,10.2,626,646
20260424,10.2,10.35,10.1,10.25,535,543
20260427,10.25,10.25,10.1,10.15,367,373
20260428,10.3,10.35,10.1,10.3,209,213
20260429,10.5,10.5,10.25,10.3,164,169
20260430,10.3,10.3,10.1,10.1,253,258
20260504,10.1,10.2,10,10.05,472,475
20260505,10.05,10.2,9.98,10.2,582,585
20260506,10.25,10.25,9.98,9.99,619,621
20260507,10,10.1,9.94,9.97,538,537
20260508,10.1,10.1,9.97,10,361,361
20260511,10,10,9.95,9.98,474,473
20260512,10.05,10.05,9.9,9.91,538,535
20260513,9.87,9.95,9.81,9.93,536,528
20260514,9.91,10.35,9.91,10.35,848,861
20260515,9.95,9.95,9.32,9.35,2724,2574
20260518,9.35,9.35,8.79,8.81,1147,1028
20260519,8.84,9.06,8.5,8.5,798,696
20260520,8.48,8.48,7.94,8.02,1785,1457
20260521,8.11,8.4,8.06,8.28,431,353
20260522,8.32,8.32,8.04,8.04,410,333
20260525,8.05,8.44,7.94,7.97,860,691
20260526,7.96,8.02,7.78,7.86,622,489
20260527,7.91,7.98,7.62,7.64,550,427
20260528,7.64,7.96,7.64,7.83,506,396
20260529,7.9,7.9,7.72,7.84,445,347
20260601,7.95,8.07,7.75,7.86,662,523
20260602,8.01,8.16,7.86,8.06,860,687
20260603,8.08,8.46,8.05,8.34,725,600
20260604,8.35,8.6,8.3,8.56,498,424
20260605,8.57,8.57,8.4,8.5,379,322
20260608,8.1,9.05,8.1,8.72,962,840
20260609,8.65,8.76,8.42,8.46,525,449
20260610,8.4,8.52,8.36,8.4,251,211
20260611,8.41,8.57,8.4,8.51,271,230
20260612,8.52,8.54,8.37,8.43,559,471
20260615,8.49,8.57,8.42,8.46,262,222
20260616,8.46,8.47,8.37,8.42,194,164
20260617,8.42,8.44,8.33,8.37,171,143
20260618,8.42,8.49,8.4,8.44,182,154
20260622,8.44,8.44,8.32,8.39,593,496
20260623,8.39,8.56,8.35,8.42,241,203
20260624,8.42,8.5,8.4,8.44,168,142
20260625,8.44,8.64,8.42,8.6,560,477
20260626,8.45,8.52,8.33,8.38,320,268
20260629,8.38,8.55,8.38,8.48,198,168
20260630,8.5,8.58,8.42,8.49,184,156
20260701,8.59,8.59,8.4,8.47,171,146
20260702,8.47,9.29,8.47,8.96,995,894
20260703,8.95,9.47,8.92,9.36,789,728
20260706,9.49,9.49,9.01,9.01,590,540
20260707,9.2,9.2,8.8,8.81,265,237
20260708,8.89,8.89,8.7,8.77,180,158
20260709,8.77,8.77,8.62,8.73,168,146
20260713,8.73,8.88,8.47,8.47,290,248
20260714,8.69,8.69,8.44,8.47,252,214
20260715,8.5,8.62,8.48,8.58,121,104
20260716,8.64,8.73,8.57,8.6,145,126
20260717,8.57,8.6,8.4,8.41,170,144
20260720,8.6,8.6,8.38,8.46,214,182
20260721,8.63,8.63,8.48,8.63,101,87
20260722,8.56,8.56,8.46,8.46,97,83
20260723,8.42,8.52,8.4,8.5,100,84
20260724,8.58,8.58,8.36,8.58,132,111
20260727,8.6,8.62,8.48,8.58,81,69
20260728,8.58,8.58,8.4,8.5,194,164
20260729,8.8,8.8,8.3,8.57,408,346
20260730,8.56,8.65,8.37,8.37,150,127
20260731,8.39,8.51,8.3,8.4,124,104
20260803,8.31,8.44,8.3,8.35,223,186
20260804,8.35,8.42,8.2,8.38,224,186
20260805,8.45,8.45,8.32,8.35,88,74
20260806,8.32,8.39,8.26,8.31,184,153
20260807,8.25,8.39,8.2,8.32,186,154
20260810,8.34,8.39,8.26,8.28,147,122
20260811,8.41,8.41,8.28,8.28,156,130
20260812,8.31,8.78,8.31,8.68,491,422
20260813,8.8,8.8,8.54,8.62,262,227
20260814,8.52,8.76,8.5,8.62,104,89
20260817,8.8,8.8,8.5,8.65,117,100
20260818,8.53,8.59,8.46,8.46,196,166
20260819,8.45,8.55,8.31,8.31,198,166
20260820,8.32,8.39,8.26,8.35,141,117
20260821,8.25,8.48,8.25,8.48,170,143
20260824,8.36,8.44,8.32,8.41,76,64
20260825,8.41,8.49,8.4,8.42,159,134
20260826,8.49,8.49,8.35,8.42,168,141
20260827,8.48,8.5,8.37,8.41,155,131
20260828,8.38,8.44,8.35,8.39,141,119
20260831,8.35,8.39,8.33,8.37,100,84
20260901,8.37,8.46,8.35,8.37,93,78
20260902,8.5,8.5,8.33,8.42,110,92
20260903,8.39,8.41,8.19,8.19,204,169
20260904,8.2,8.41,8.2,8.22,209,174
20260907,8.24,8.35,8.07,8.07,363,298
20260908,8.17,8.26,8.14,8.16,97,79
20260909,8.16,8.22,8.13,8.18,91,75
20260910,8.15,8.21,8.13,8.18,75,61
20260911,8.18,8.18,8.09,8.1,159,129
20260914,8.1,8.16,8.05,8.09,114,92
20260915,8.09,8.14,8.09,8.1,57,46
20260916,8.15,8.34,8.15,8.29,120,99
20260917,8.2,8.35,8.12,8.3,177,147
20260918,8.33,8.34,8.26,8.31,130,108
20260921,8.4,8.4,8.18,8.25,113,94
20260922,8.28,8.45,8.2,8.25,40,33
