# date,open,high,low,close,lot,wan
20250814,19.55,19.65,19.55,19.55,17,33
20250815,19.55,19.65,19.55,19.65,9,18
20250818,19.5,20,19.5,19.8,18,36
20250819,19.85,20,19.85,19.85,7,14
20250820,20.1,20.1,19.6,19.85,27,53
20250821,19.8,20,19.5,19.6,9,18
20250822,19.4,19.4,19.2,19.3,11,21
20250825,19.4,19.4,19.2,19.4,17,33
20250826,19.85,19.85,19.75,19.75,5,10
20250827,19.4,19.4,19.25,19.3,4,8
20250828,19.35,19.35,19,19.25,47,90
20250829,19.1,19.15,19.05,19.15,16,31
20250901,19,19.1,19,19.05,13,25
20250902,19.05,19.05,18.9,19.05,26,49
20250903,19.65,19.65,19.05,19.05,2,4
20250904,19.1,19.1,19.05,19.05,12,23
20250905,19.05,19.1,19,19.1,4,8
20250908,19.2,19.25,19.05,19.25,10,19
20250909,19.05,19.15,19,19,11,21
20250910,19.05,19.35,19.05,19.35,19,37
20250911,19.4,19.4,19.2,19.3,12,23
20250912,19.15,19.45,19,19.1,35,67
20250915,19.15,19.2,19.15,19.15,17,33
20250916,19.05,19.1,19,19.05,29,55
20250917,19.1,19.15,19,19.15,23,44
20250918,19.25,19.25,19.25,19.25,3,6
20250919,19.1,19.1,19.1,19.1,3,6
20250922,19.1,19.1,19,19.05,25,48
20250923,19.05,19.25,18.9,19.2,85,162
20250924,19.25,19.25,19.2,19.2,8,15
20250925,19.1,19.2,19.1,19.2,7,13
20250926,19.1,19.2,19,19.2,14,27
20250930,19.15,19.15,19.15,19.15,3,6
20251001,19.25,19.55,19.25,19.25,11,21
20251002,19.65,19.65,19.3,19.3,4,8
20251003,19.25,19.25,19.25,19.25,2,4
20251007,19.05,19.15,19,19.15,21,40
20251008,19,19.05,19,19,10,19
20251009,19.05,19.05,18.95,18.95,6,11
20251013,18.7,18.9,18.6,18.9,16,30
20251014,18.95,18.95,18.9,18.9,6,11
20251015,19.25,19.25,18.65,18.8,10,19
20251016,18.85,18.85,18.75,18.85,6,11
20251017,19,19,18.85,18.85,4,8
20251020,19,19,18.8,18.8,7,13
20251021,18.8,18.85,18.75,18.8,16,30
20251022,18.85,18.85,18.85,18.85,2,4
20251027,19,19,18.7,18.75,15,28
20251028,18.75,18.75,18.7,18.75,3,6
20251029,18.75,19,18.65,18.8,28,53
20251030,18.65,18.65,18.1,18.25,54,100
20251031,18.2,18.2,18.15,18.15,5,9
20251103,18.05,18.1,18,18.1,10,18
20251104,17.95,18,17.9,17.9,10,18
20251105,17.85,18.1,17.75,18.1,17,30
20251106,18.05,18.3,18.05,18.3,6,11
20251107,18.05,18.25,18,18,9,16
20251110,18.05,18.05,18.05,18.05,1,2
20251111,18.7,18.7,18,18,32,58
20251112,18.25,18.25,18.15,18.15,2,4
20251113,18.35,18.35,18.35,18.35,5,9
20251114,18.2,18.2,18.05,18.1,6,11
20251117,18.1,18.1,18.1,18.1,4,7
20251118,18.7,18.7,18,18.1,5,9
20251119,18,18,17.7,17.85,26,46
20251120,17.9,17.9,17.8,17.8,5,9
20251121,17.75,17.75,17.6,17.75,20,35
20251124,17.7,17.7,17.4,17.7,13,23
20251125,17.65,17.7,17.5,17.7,20,35
20251126,18.05,18.05,17.55,17.55,11,19
20251127,17.85,17.85,17.65,17.7,3,5
20251128,17.7,17.7,17.65,17.65,4,7
20251201,17.6,17.95,17.6,17.65,4,7
20251202,18.15,18.15,17.95,17.95,3,5
20251203,17.65,17.9,17.65,17.65,12,21
20251204,17.9,17.95,17.9,17.95,2,4
20251205,17.8,17.9,17.7,17.9,9,16
20251208,17.9,17.9,17.65,17.7,5,9
20251209,17.55,17.8,17.55,17.8,3,5
20251210,17.95,17.95,17.9,17.95,7,13
20251211,17.9,18.45,17.9,18.05,33,60
20251212,18,18.2,17.65,17.95,33,59
20251215,18.2,18.2,17.9,17.9,3,5
20251216,17.8,17.8,17.55,17.55,19,34
20251217,17.7,17.7,17.5,17.5,12,21
20251218,17.55,17.55,17.55,17.55,10,18
20251219,17.55,17.55,17.5,17.5,3,5
20251222,17.45,17.5,17.45,17.5,2,3
20251223,17.45,17.5,17.45,17.5,24,42
20251224,17.45,17.75,17.45,17.75,13,23
20251226,17.65,17.65,17.5,17.55,17,30
20251229,17.45,17.95,17.4,17.85,30,53
20251230,17.85,17.85,17.65,17.7,14,25
20251231,17.6,17.6,17.6,17.6,23,40
20260102,17.5,17.5,17.5,17.5,3,5
20260105,17.45,17.45,17.35,17.35,19,33
20260106,17.35,17.65,17.3,17.35,11,19
20260107,17.35,17.35,17.35,17.35,16,28
20260108,17.35,17.4,17.35,17.35,19,33
20260109,17.35,17.7,17.3,17.45,9,16
20260112,17.4,17.4,17.3,17.35,7,12
20260113,17.45,17.95,17.45,17.7,8,14
20260114,17.65,17.65,17.5,17.65,21,37
20260115,17.65,17.65,17.6,17.6,6,11
20260116,17.5,17.95,17.5,17.8,20,35
20260119,17.6,17.9,17.6,17.8,25,44
20260120,17.8,18.4,17.8,18.05,17,31
20260121,18,18.55,17.9,18.2,48,87
20260122,18.2,18.45,17.75,18.4,36,66
20260123,18.4,18.4,18.05,18.4,24,44
20260126,18.4,18.4,18.2,18.4,9,17
20260127,18.35,18.45,18.3,18.4,21,39
20260128,18.05,18.4,17.7,18.4,30,54
20260129,18,18.15,17.8,18.05,21,38
20260130,17.8,18,17.7,18,8,14
20260202,18,18.25,17.8,18.25,7,13
20260203,18.2,18.35,18,18.35,26,48
20260204,18.35,18.35,18.2,18.35,10,18
20260205,18.45,18.65,18.05,18.4,19,35
20260206,18.35,18.5,18,18.45,18,33
20260209,18.2,18.3,18,18.1,13,24
20260210,18.75,18.75,18.15,18.35,22,41
20260211,18.5,18.8,18.15,18.8,51,94
20260223,18.75,18.8,18.65,18.7,31,58
20260224,18.8,18.8,18.7,18.75,8,15
20260225,18.7,18.7,18.65,18.65,6,11
20260226,18.5,18.8,18.4,18.8,34,63
20260302,18.8,18.8,18.8,18.8,1,2
20260303,18.75,18.8,18.4,18.8,12,22
20260304,18.4,18.8,18.2,18.8,17,31
20260305,19.4,19.4,18.6,18.6,18,34
20260306,18.6,18.85,18.55,18.85,5,9
20260309,18.6,18.8,18.55,18.8,5,9
20260310,18.65,18.8,18.65,18.8,2,4
20260311,18.8,18.8,18.7,18.7,6,11
20260312,18.6,18.7,18.35,18.35,7,13
20260313,18.15,18.3,17.95,18.3,11,20
20260316,18,18.1,18,18.1,5,9
20260317,18.15,18.15,18,18.15,8,14
20260318,18.05,18.1,18,18.1,10,18
20260319,18.3,18.3,17.85,18.1,15,27
20260320,18,18.45,18,18.4,17,31
20260323,18.05,18.1,18,18.1,20,36
20260324,18.2,18.5,17.85,18,34,62
20260325,17.9,18.3,17.8,18.3,18,33
20260326,18.05,18.05,18.05,18.05,1,2
20260327,18.1,18.8,18,18,16,29
20260330,17.4,18.1,17.4,18.1,9,16
20260331,17.7,17.95,17.65,17.95,6,11
20260401,17.65,18,17.65,18,22,39
20260402,17.75,17.9,17.7,17.9,4,7
20260407,18,18,17.7,18,62,110
20260408,17.7,18,17.1,17.9,17,30
20260409,18,18,17.6,17.85,15,27
20260410,17.9,17.9,17.55,17.85,22,39
20260413,17.75,17.8,17.6,17.8,8,14
20260414,17.8,17.8,17.4,17.75,18,32
20260415,18,18,17.35,17.45,34,59
20260416,17.35,17.5,17.25,17.3,20,35
20260417,17.5,17.5,17.4,17.45,67,117
20260420,17.35,17.45,17.15,17.45,33,57
20260421,17.4,17.65,17.1,17.65,28,49
20260422,17.35,17.6,17.3,17.6,8,14
20260423,17.5,17.8,17.1,17.8,39,68
20260424,17.35,17.75,17.35,17.75,18,32
20260427,17.35,17.9,17.3,17.4,10,18
20260428,17.2,17.7,17.1,17.4,25,43
20260429,17.15,17.3,17.1,17.3,9,15
20260430,17.3,18.3,17.1,18.3,24,42
20260504,18,18,17.5,17.5,18,32
20260505,17.25,17.45,17,17.05,49,84
20260506,17.1,17.4,17,17.05,16,27
20260507,17.1,17.3,17.05,17.05,9,15
20260508,17.05,17.3,16.95,17.05,9,15
20260511,17.05,17.05,16.5,16.85,60,100
20260512,17,17.35,16.9,17,17,29
20260513,17.25,17.25,16.5,17.05,92,154
20260514,17.1,17.1,16.75,16.75,25,42
20260515,16.55,17.15,16.55,17,22,37
20260518,16.6,17.1,16.55,16.65,19,32
20260519,16.9,17.05,16.65,16.9,7,12
20260520,16.9,16.95,16.6,16.85,17,28
20260521,16.8,16.9,16.65,16.9,23,39
20260522,16.65,16.95,16.65,16.9,14,24
20260525,16.9,17.1,16.7,16.8,29,49
20260526,16.6,16.8,16.55,16.8,24,40
20260527,16.8,17.2,16.55,17.1,77,130
20260528,17.05,17.35,16.8,17.25,117,199
20260529,17.2,17.2,16.85,17.15,168,285
20260601,16.95,17.1,16.85,16.9,37,63
20260602,16.9,17.15,16.8,17.15,37,63
20260603,17.15,17.55,16.85,17.25,203,347
20260604,17.35,18,17.35,18,75,132
20260605,18,18,17.6,17.7,206,365
20260608,17.45,17.45,17.1,17.45,20,35
20260609,17.5,17.6,17.3,17.5,50,88
20260610,17.4,17.6,17.3,17.55,16,28
20260611,17.45,17.6,17.1,17.25,16,28
20260612,17.2,17.6,17.2,17.6,4,7
20260615,17.25,18,17.25,17.9,30,53
20260616,17.7,17.7,17.55,17.6,22,39
20260617,17.5,17.6,17,17.6,24,42
20260618,17.35,17.7,17.35,17.6,39,68
20260622,17.55,17.65,17.45,17.65,39,69
20260623,17.7,17.7,17.3,17.35,20,35
20260624,17.35,17.7,17.2,17.35,10,17
20260625,17.2,17.65,17.1,17.4,12,21
20260626,17.2,17.55,16.9,17.25,31,53
20260629,17.6,17.6,17.6,17.6,1,2
20260630,17.25,17.6,17.1,17.5,42,73
20260701,17.2,17.6,17.2,17.4,8,14
20260702,17.3,17.4,17.15,17.2,9,16
20260703,17.05,17.5,17.05,17.4,24,42
20260706,17.35,17.35,17.25,17.3,24,42
20260707,17.25,17.5,17.1,17.2,30,52
20260708,17.05,17.35,17.05,17.2,5,9
20260709,17.15,17.4,16.9,17,51,87
20260713,17.1,17.15,16.9,17,18,31
20260714,16.6,17.2,16.5,16.65,84,140
20260715,16.55,16.9,16.55,16.8,21,35
20260716,16.8,17.1,16.8,17,10,17
20260717,17,17,16.6,16.8,48,80
20260720,17.05,17.05,16.8,16.95,7,12
20260721,16.7,17.25,16.7,16.95,30,51
20260722,17,17.05,16.75,16.8,88,148
20260723,16.8,17.1,16.7,17,66,111
20260724,16.9,17.2,16.9,17.1,17,29
20260727,16.9,17.2,16.8,16.95,29,49
20260728,16.8,16.85,16.6,16.7,8,13
20260729,18.35,18.35,16.65,16.65,127,224
20260730,16.65,17.05,16.65,16.95,46,78
20260731,16.9,17.9,16.9,17.5,50,86
20260803,17.4,18.25,17.4,17.7,15,26
20260804,17.6,18.2,17.35,17.85,16,28
20260805,17.9,18.1,17.5,17.7,7,12
20260806,17.75,17.9,17.1,17.35,52,90
20260807,17.3,17.7,17.2,17.4,39,68
20260810,17.15,17.4,17.15,17.4,33,57
20260811,17.2,17.8,17.2,17.4,8,14
20260812,17.3,18.9,17.3,17.85,206,370
20260813,17.55,18.15,17.55,17.9,30,54
20260814,17.8,17.9,17.7,17.9,36,64
20260817,17.9,18.2,17.85,18.05,13,24
20260818,18.05,18.2,17.55,17.55,25,44
20260819,17.5,19.3,17.35,18.95,297,564
20260820,19,19.35,18.65,19,175,332
20260821,18.45,18.45,17.5,18.2,141,252
20260824,17.75,18.2,17.7,17.9,45,80
20260825,18.4,18.4,17.65,17.75,42,75
20260826,17.75,18.15,17.65,17.65,42,75
20260827,17.75,18.1,17.65,18,47,84
20260828,18,18.1,17.75,17.95,31,55
20260831,17.85,17.85,17.85,17.85,1,2
20260901,17.8,18.05,17.8,17.8,21,37
20260902,17.8,17.8,17.35,17.6,38,66
20260903,17.6,17.75,17.4,17.65,19,33
20260904,17.4,18,17.3,17.7,37,65
20260907,17.5,17.9,17.35,17.4,19,33
20260908,17.35,17.6,17.2,17.4,15,26
20260909,17.1,17.8,17,17.25,13,23
20260910,17.1,17.75,17.05,17.5,17,29
20260911,17.2,17.5,17.1,17.5,56,97
20260914,17.5,17.6,17.3,17.5,6,10
20260915,17.4,17.55,17.1,17.25,16,28
20260916,17.15,17.75,17.15,17.25,13,22
20260917,17.3,17.35,17.15,17.25,14,24
20260918,17.25,17.5,17.2,17.25,14,24
20260921,17.5,17.5,17.2,17.35,10,17
20260922,17.25,17.45,17.25,17.45,9,16
20260923,17.45,17.45,17.15,17.2,38,66
20260924,17.45,17.45,17.3,17.3,17,30
