# date,open,high,low,close,lot,wan
20250814,17.55,18.35,17.5,18.35,54,96
20250815,17.8,17.9,17.7,17.75,72,128
20250818,17.7,17.7,17.4,17.45,78,137
20250819,17.55,17.55,17.25,17.25,88,153
20250820,17.1,17.9,17.1,17.55,97,170
20250821,17.5,17.6,17.25,17.25,42,73
20250822,17.35,17.4,17.1,17.15,52,89
20250825,17.2,17.2,17.1,17.1,44,75
20250826,17.1,17.1,17.05,17.05,20,34
20250827,17.05,17.35,17.05,17.35,23,40
20250828,17.25,17.3,17.25,17.3,5,9
20250829,17.45,17.85,17.3,17.85,41,73
20250901,17.35,17.45,17.35,17.35,13,23
20250902,17.35,17.7,17.35,17.35,12,21
20250903,17.3,17.6,17.3,17.6,12,21
20250904,17.6,17.7,17.4,17.7,17,30
20250905,17.7,17.75,17.45,17.7,29,51
20250908,17.7,17.7,17.5,17.5,11,19
20250909,17.55,17.6,17.5,17.5,21,37
20250910,17.55,17.55,17.45,17.45,25,44
20250911,17.45,17.55,17.45,17.45,48,84
20250912,17.45,17.5,17.45,17.5,19,33
20250915,17.6,17.6,17.55,17.6,12,21
20250916,17.6,17.6,17.55,17.6,16,28
20250917,17.65,17.65,17.6,17.6,8,14
20250918,17.6,17.6,17.6,17.6,10,18
20250919,17.6,17.6,17.6,17.6,30,53
20250922,17.75,17.75,17.45,17.6,14,25
20250923,17.6,17.6,17.5,17.6,16,28
20250924,17.6,17.85,17.5,17.6,22,39
20250925,17.6,17.6,17.55,17.6,7,12
20250926,17.4,17.4,17.25,17.25,25,43
20250930,17.1,17.2,16.85,16.95,56,95
20251001,17.05,17.3,17.05,17.15,29,50
20251002,17.2,17.2,17,17,13,22
20251003,17,17.35,17,17.2,38,65
20251007,17,17.15,17,17.1,24,41
20251008,17.1,17.1,17,17,9,15
20251009,17,17.05,16.9,17.05,50,85
20251013,16.75,17.1,16.65,17,86,144
20251014,17.05,17.05,16.75,17,12,20
20251015,17,17.1,17,17,11,19
20251016,17,17,16.7,16.95,37,63
20251017,16.9,16.9,16.5,16.7,145,241
20251020,16.7,16.7,15.1,15.4,847,1334
20251021,15.5,15.9,15.5,15.75,76,119
20251022,15.85,15.9,15.75,15.75,18,28
20251023,15.8,15.85,15.7,15.85,59,93
20251027,15.8,15.8,15.7,15.8,10,16
20251028,15.8,15.8,15.4,15.45,106,164
20251029,15.85,15.85,15.2,15.25,200,305
20251030,15.35,15.4,15.15,15.4,219,334
20251031,15.4,15.4,15,15.3,182,275
20251103,15.3,15.3,15,15.1,75,113
20251104,15.15,15.25,14.95,15.2,44,66
20251105,15,15.5,14.8,15.5,73,110
20251106,15.15,15.3,14.95,15.15,138,208
20251107,15.25,15.5,14.95,15.25,134,203
20251110,16,16,15.55,15.6,435,683
20251111,15.85,15.95,15.6,15.75,76,120
20251112,15.95,16,15.85,15.9,59,94
20251113,16.1,16.15,15.95,16,73,117
20251114,16.05,16.15,16,16,60,97
20251117,16.2,16.3,16.05,16.05,73,118
20251118,16.05,16.1,15.9,16.05,67,107
20251119,17.45,17.45,16.25,16.3,115,191
20251120,16.65,16.65,16.25,16.55,21,35
20251121,16.1,16.5,16.1,16.5,36,59
20251124,16.75,16.75,16.6,16.6,7,12
20251125,16.95,16.95,16.45,16.6,15,25
20251126,16.6,16.8,16.6,16.75,10,17
20251127,16.45,16.85,16.45,16.85,16,27
20251128,16.8,16.8,16.65,16.65,20,33
20251201,16.5,16.5,16.3,16.5,16,26
20251202,16.5,16.6,16.5,16.55,10,17
20251203,16.55,16.6,16.45,16.55,17,28
20251204,16.6,16.6,16.55,16.55,3,5
20251205,16.7,16.7,16.45,16.5,18,30
20251208,16.5,16.5,16.15,16.3,12,20
20251209,16.45,16.5,16.2,16.5,7,11
20251210,16.35,16.45,16.25,16.25,14,23
20251211,16,16.2,16,16.05,31,50
20251212,16.6,16.6,16.15,16.15,22,36
20251215,16.15,16.3,16.15,16.25,5,8
20251216,16.05,16.25,16.05,16.25,4,6
20251217,16.4,16.4,15.9,16.35,68,110
20251218,16.85,16.85,16.25,16.25,21,35
20251219,16.45,16.45,16,16.25,29,47
20251222,16,16.35,15.95,16.35,42,68
20251223,16.8,16.8,16.25,16.4,13,22
20251224,16.5,16.55,16.25,16.45,11,18
20251226,16.65,16.65,16.1,16.5,18,29
20251229,16.35,16.55,16.2,16.5,31,51
20251230,16.65,16.65,16.3,16.3,2,3
20251231,16.55,16.55,16.35,16.4,9,15
20260102,16.1,16.45,16,16.4,43,70
20260105,16.3,16.5,16.2,16.3,26,43
20260106,16.75,16.75,16.5,16.5,25,42
20260107,16.5,16.7,16.4,16.7,52,86
20260108,16.55,16.7,16.05,16.35,30,49
20260109,16.5,16.75,16.4,16.6,13,22
20260112,16.6,17.2,16.6,16.8,27,46
20260113,16.6,16.85,16.4,16.85,31,52
20260114,17.35,17.35,16.75,17,22,37
20260115,17.15,17.15,16.8,16.95,4,7
20260116,17.25,17.25,17,17,2,3
20260119,16.85,17.1,16.8,16.95,18,30
20260120,16.85,16.95,16.75,16.95,51,86
20260121,16.75,16.9,16.4,16.8,49,82
20260122,16.95,17,16.5,17,37,62
20260123,16.9,17,16.8,17,23,39
20260126,16.8,17,16.8,16.95,20,34
20260127,17.2,17.2,16.95,17.05,9,15
20260128,17,17,16.85,16.85,18,30
20260129,16.85,16.85,16.5,16.75,32,53
20260130,16.6,16.6,16.25,16.25,45,74
20260202,16.05,16.35,16.05,16.25,20,32
20260203,16.3,16.65,16.3,16.6,16,26
20260204,16.5,16.6,16.25,16.5,16,26
20260205,16.2,16.5,16.2,16.5,4,7
20260206,16.45,16.45,16.1,16.15,101,164
20260209,16.25,16.4,16,16.4,30,49
20260210,16.3,16.3,16.1,16.25,9,15
20260211,16.25,16.25,16.05,16.15,24,39
20260223,16.2,16.2,16,16.2,20,32
20260224,16.3,16.3,15.95,16.15,43,69
20260225,16.1,16.1,15.9,15.95,52,83
20260226,16,16,15.8,15.8,65,103
20260302,15.9,15.9,15.75,15.75,35,55
20260303,15.8,15.8,15.45,15.55,28,44
20260304,15.15,15.2,15,15.1,71,107
20260305,15.1,15.7,15.1,15.35,15,23
20260306,15.15,15.35,15.15,15.35,18,28
20260309,15,15,14.3,14.8,75,109
20260310,15.2,15.25,14.85,15.1,14,21
20260311,15.15,15.45,15.15,15.2,24,37
20260312,15.2,15.4,15.2,15.3,24,37
20260313,15.3,15.3,15.1,15.1,11,17
20260316,15.5,15.5,15.35,15.35,26,40
20260317,15.1,15.3,14.95,15.3,58,88
20260318,15.45,15.45,15,15.4,29,44
20260319,15.35,15.45,15.25,15.25,15,23
20260320,15.25,15.5,15.15,15.25,33,50
20260323,15.35,15.35,15.1,15.2,22,34
20260324,15.3,15.3,15,15.25,24,36
20260325,15.25,15.4,15.2,15.2,8,12
20260326,15.3,15.4,15.3,15.4,15,23
20260327,15.6,15.65,15.25,15.45,18,28
20260330,15.45,15.55,15.4,15.55,17,26
20260331,15.55,15.55,15.35,15.55,3,5
20260401,15.4,15.6,15.4,15.5,11,17
20260402,15.65,15.65,15.65,15.65,1,2
20260407,15.7,15.7,15.3,15.3,10,15
20260408,15.6,15.65,15.3,15.5,65,100
20260409,15.55,15.55,15.35,15.35,35,54
20260410,15.45,15.45,15.35,15.4,9,14
20260413,15.3,15.3,15.1,15.3,34,52
20260414,15.25,15.25,15.15,15.2,37,56
20260415,15.5,15.5,15.15,15.2,30,46
20260416,15.35,15.35,15.15,15.15,37,56
20260417,15.2,15.2,15.05,15.05,42,64
20260420,15.2,15.2,14.85,15.1,83,124
20260421,14.95,15.1,14.9,14.95,29,44
20260422,15,15,14.6,14.8,67,99
20260423,15,15,14.5,14.8,49,72
20260424,14.85,14.85,14.5,14.65,35,51
20260427,14.55,14.6,14.5,14.5,48,70
20260428,14.5,14.5,14.45,14.45,41,59
20260429,14.5,14.5,14.4,14.4,8,12
20260430,14.4,14.4,14.3,14.3,23,33
20260504,14.35,14.35,14.2,14.25,13,19
20260505,14.2,14.2,14.15,14.15,78,111
20260506,14.2,14.35,14,14.35,120,170
20260507,14.3,14.3,14,14.15,51,72
20260508,14.2,14.2,14.15,14.15,60,85
20260511,14.2,14.2,14.05,14.1,38,54
20260512,14.15,14.2,14.15,14.15,25,35
20260513,15.55,15.55,15.55,15.55,74,115
20260514,17.1,17.1,17.1,17.1,239,409
20260515,18,18.2,16.95,17.4,819,1438
20260518,17.4,17.45,16.75,16.9,106,181
20260519,17,17.15,16.7,16.9,82,138
20260520,16.5,17,16.2,16.8,70,117
20260521,16.55,17.15,16.55,17,69,116
20260522,16.9,17.15,16.9,17.15,66,112
20260525,17,17.1,16.7,17.1,77,130
20260526,16.9,17.1,16.7,17.1,63,106
20260527,16.85,16.9,16.7,16.8,42,70
20260528,16.7,16.7,16.5,16.6,32,53
20260529,16.6,17.3,16.5,17.05,78,131
20260601,17.05,17.95,17.05,17.35,165,289
20260602,17.65,17.65,17,17.25,149,257
20260603,17.4,17.4,17.05,17.1,59,101
20260604,17.1,17.1,17,17.05,23,39
20260605,17,17,16.5,16.5,124,207
20260608,16.4,16.7,16,16.45,81,131
20260609,16.5,16.7,16.4,16.55,21,35
20260610,16.75,16.75,16.3,16.35,44,73
20260611,16.35,16.4,16.25,16.35,10,16
20260612,16.85,16.85,16.4,16.4,26,43
20260615,16.4,16.55,16.3,16.3,52,85
20260616,16.3,16.5,16.15,16.4,9,15
20260617,16.4,16.5,16.25,16.5,5,8
20260618,16.25,16.5,16.15,16.25,8,13
20260622,16.3,16.3,16.1,16.15,59,95
20260623,16.15,16.15,15.8,15.8,55,88
20260624,16,16.3,15.8,15.8,23,37
20260625,15.85,15.9,15.8,15.85,16,25
20260626,15.6,15.6,15.05,15.4,145,221
20260629,15.7,15.7,15.35,15.35,23,35
20260630,15.5,15.5,15.35,15.4,30,46
20260701,15.5,15.55,15.4,15.45,14,22
20260702,15.55,16.2,15.55,16.1,41,65
20260703,16,17,16,16.7,63,105
20260706,16.8,16.8,16.5,16.6,41,68
20260707,16.8,16.8,16.4,16.5,46,76
20260708,16.6,16.65,16.4,16.65,21,35
20260709,16.7,16.7,16.2,16.3,26,43
20260713,16.55,16.6,16.2,16.5,20,33
20260714,16.3,16.4,16.05,16.4,23,37
20260715,16.6,16.6,16.35,16.4,9,15
20260716,16.6,16.6,16.45,16.45,7,12
20260717,16.15,16.25,15.75,16.15,81,129
20260720,16.4,16.4,15.7,15.95,42,66
20260721,16.05,16.1,15.8,15.9,35,56
20260722,16.3,16.3,15.9,16,5,8
20260723,16.1,16.1,15.65,15.8,24,38
20260724,15.8,16,15.8,16,25,40
20260727,15.95,16.2,15.95,15.95,23,37
20260728,15.7,15.75,15.5,15.6,31,48
20260729,15.5,15.6,15.4,15.4,24,37
20260730,15.5,15.8,15.4,15.45,21,33
20260731,15.6,15.65,15.5,15.5,28,44
20260803,15.35,15.6,15.35,15.6,13,20
20260804,16.2,16.5,16.1,16.1,22,36
20260805,16.15,16.5,16.1,16.25,20,32
20260806,16.25,16.25,16,16.05,33,53
20260807,16.05,16.05,15.85,15.95,18,29
20260810,16.15,16.35,16.1,16.1,24,39
20260811,16.15,16.15,16,16,11,18
20260812,16.25,16.85,16.25,16.5,46,76
20260813,16.35,16.75,16.35,16.4,69,113
20260814,16.5,16.6,16.4,16.55,54,89
20260817,16.25,16.3,16.05,16.15,31,50
20260818,15.9,16.15,15.8,16.1,76,121
20260819,15.9,15.9,15.55,15.6,42,66
20260820,15.75,16,15.7,15.7,7,11
20260821,15.85,15.95,15.7,15.85,17,27
20260824,15.85,15.95,15.7,15.7,18,28
20260825,15.7,15.7,15.65,15.65,19,30
20260826,15.65,15.7,15.6,15.7,10,16
20260827,15.7,15.85,15.65,15.7,37,58
20260828,15.75,15.8,15.65,15.7,17,27
20260831,15.75,15.75,15.65,15.75,11,17
20260901,15.75,15.9,15.75,15.8,11,17
20260902,15.65,15.85,15.55,15.85,27,42
20260903,15.85,15.85,15.6,15.6,5,8
20260904,15.9,15.9,15.55,15.9,12,19
20260907,15.7,15.7,15.6,15.65,18,28
20260908,15.7,15.7,15.5,15.65,21,33
20260909,15.6,15.6,15.45,15.5,23,36
20260910,15.5,15.7,15.35,15.65,27,42
20260911,15.75,15.75,15.35,15.4,26,40
20260914,15.4,15.6,15.35,15.55,10,15
20260915,15.8,15.8,15.5,15.75,20,31
20260916,15.4,15.65,15.4,15.65,22,34
20260917,15.7,15.7,15.6,15.6,17,27
20260918,15.5,15.6,15.45,15.6,7,11
20260921,15.5,15.6,15.35,15.5,47,73
