# date,open,high,low,close,lot,wan
20250814,52,52.5,50.1,50.4,9539,48813
20250815,50.4,52.7,49.75,51.8,8555,43994
20250818,51.9,55.5,51.6,55.2,18475,99954
20250819,56.4,56.8,53.3,53.7,14275,78087
20250820,53.4,54.8,51.5,51.6,7904,41817
20250821,52,53.8,51.7,52,6076,32011
20250822,52.6,53.3,51.1,53.3,5126,26781
20250825,55.2,55.8,52.8,53,21482,116750
20250826,53,53.6,51.2,51.3,9004,46923
20250827,52,52.5,51.1,51.5,6258,32374
20250828,51.8,56.6,51.3,52.7,22485,122287
20250829,54.2,54.7,51,51.4,11246,58703
20250901,51.8,52.3,48.95,48.95,6140,30771
20250902,49.9,50.1,48.15,49.5,4275,20992
20250903,50.1,50.3,49.2,49.2,2583,12839
20250904,49.35,50.1,48.5,48.55,2883,14167
20250905,48.9,49.35,48.5,48.5,1415,6906
20250908,48.85,51.1,48.3,50.9,3549,17714
20250909,50.9,52.3,50.9,50.9,4803,24702
20250910,51.2,51.5,50.1,50.1,2376,12045
20250911,50.8,51.1,47.95,48.4,4094,20078
20250912,48.7,49.4,48.15,48.15,1730,8400
20250915,48.5,48.55,47.5,47.8,1737,8321
20250916,48.1,48.5,47.7,48.15,1197,5742
20250917,48.2,48.45,47.35,47.35,1260,6014
20250918,47.55,47.8,47.1,47.2,1143,5415
20250919,47.5,47.9,46.9,46.9,1210,5722
20250922,47.25,47.8,46.8,46.8,1181,5569
20250923,47.2,47.5,46.6,46.8,1177,5530
20250924,47.05,47.5,46.5,46.55,972,4556
20250925,46.9,48.75,46.85,47.3,2398,11449
20250926,47,47,45.05,45.2,2053,9361
20250930,45.5,45.65,45.2,45.4,724,3285
20251001,45.55,45.75,44.3,44.3,1266,5686
20251002,44.6,44.75,43,43,1576,6865
20251003,43.25,43.45,43.05,43.3,893,3857
20251007,43.5,44.25,43.3,43.8,798,3499
20251008,43.9,44,43,43.2,495,2142
20251009,43.35,43.7,42.15,42.15,1139,4879
20251013,39.9,42.1,39.55,42.1,1554,6385
20251014,42.15,43.2,40.85,41.1,1094,4579
20251015,41.85,41.85,40.6,40.6,669,2728
20251016,40.95,41.3,40,41,1077,4386
20251017,41,41,39.95,40.15,1066,4286
20251020,40.35,40.5,40,40.45,625,2517
20251021,40.9,42.5,40.8,41.45,1629,6797
20251022,41.45,42.35,41.3,41.7,827,3451
20251023,41.3,41.3,40.5,40.6,663,2703
20251027,40.6,41.2,40.3,41.1,598,2445
20251028,41.35,41.65,40.3,40.45,563,2287
20251029,40.8,40.9,40.05,40.05,634,2558
20251030,40.35,40.35,39.5,39.55,794,3158
20251031,39.6,40.05,39.1,39.1,702,2773
20251103,39.75,40.05,39.1,39.25,488,1929
20251104,39.25,39.4,37.55,37.55,1174,4492
20251105,37.1,38.2,36.65,38.2,847,3191
20251106,38.35,38.45,37.7,38.15,597,2272
20251107,37.9,37.95,36.9,37.4,649,2422
20251110,38.2,40.5,38.2,38.6,2735,10750
20251111,39.5,41,39.05,40.25,2255,9030
20251112,40.5,40.65,39.7,40,1111,4458
20251113,40.6,40.6,38.95,38.95,857,3372
20251114,38,38.45,37.5,37.65,664,2514
20251117,38.1,38.1,36.7,36.8,735,2724
20251118,36.45,36.7,35.4,35.7,947,3402
20251119,35.4,36.5,35.15,35.6,527,1880
20251120,36.2,36.5,35.75,36.2,395,1426
20251121,35.9,36.8,35.05,35.05,751,2685
20251124,35.55,36.05,35.5,36,399,1429
20251125,36.7,36.75,35.75,35.8,340,1230
20251126,36.5,39.35,36.45,39.35,2221,8508
20251127,39.6,39.65,37.7,38.1,2724,10533
20251128,38.2,38.4,37.7,38.1,454,1723
20251201,38.45,38.55,37.6,37.6,300,1137
20251202,37.7,37.9,37.25,37.25,257,963
20251203,37.4,38.1,37.4,37.8,346,1309
20251204,39.8,41.55,39.65,40,6344,25802
20251205,40.5,43.9,40.5,40.75,11207,47296
20251208,40.75,42.75,39.6,42.75,4244,17547
20251209,43.4,44.35,42.85,44,6901,29972
20251210,44,44,42.8,43.05,2310,9994
20251211,42.3,43.3,41.75,41.75,1345,5681
20251212,41.75,42.5,41.4,41.8,1010,4228
20251215,41.35,42.25,40.9,41.75,638,2656
20251216,41.6,41.85,40,40.45,754,3068
20251217,40.5,41.1,40.5,41,417,1702
20251218,41,41.1,40.05,40.3,514,2075
20251219,40.95,40.95,40.3,40.5,266,1078
20251222,40.8,41.2,40.7,41.15,361,1478
20251223,41.3,42.75,41.2,41.55,946,3965
20251224,41.95,42.2,40.6,40.6,597,2470
20251226,41.5,42.1,40.5,42,898,3733
20251229,42.2,42.5,41.2,41.2,797,3334
20251230,40.9,40.9,40,40.2,658,2645
20251231,40.2,40.35,39.3,39.3,621,2458
20260102,39.3,40.65,39.3,40.25,583,2341
20260105,40.8,40.8,39.05,39.4,815,3220
20260106,40,42.75,40,41.55,2993,12562
20260107,41.75,41.95,40.55,40.7,1228,5042
20260108,40.6,40.6,39.7,39.85,706,2834
20260109,40.05,40.6,39.4,40.15,414,1659
20260112,40.3,40.9,40.3,40.65,426,1729
20260113,41.1,41.2,39.9,40.6,797,3224
20260114,41.2,44.65,41.05,44.65,7519,32998
20260115,45,47.8,43.3,46.1,14128,64175
20260116,46.1,50.5,46,49.15,19345,94118
20260119,49.35,52.4,49.3,50.4,14747,74827
20260120,50,50.4,48.8,49,4829,23854
20260121,49.1,50.9,48.6,48.7,5648,28018
20260122,49.7,50.8,49.15,49.2,5094,25372
20260123,49.55,53.3,49.5,50.3,15490,79862
20260126,49.9,51.7,49.6,50.2,5755,29176
20260127,50.2,50.2,47.5,48.25,3778,18424
20260128,48.5,50.4,47.55,50.2,4086,20093
20260129,50.6,51.6,47.9,49.7,6142,30668
20260130,49.25,50.9,48.3,49.2,5445,26953
20260202,48.9,50.2,46,47.95,3746,17972
20260203,48.25,50.3,47.75,49.95,4259,20997
20260204,50,51.3,49.15,50,8019,40346
20260205,49.2,49.3,47.5,47.75,2339,11340
20260206,47,48.6,44.85,48.5,2028,9382
20260209,49.8,50.6,48.15,48.15,5029,24888
20260210,48.6,48.6,46.45,46.45,1694,7991
20260211,45.95,46.4,45.5,45.55,1091,4986
20260223,45.95,48.05,44.8,46.8,1759,8194
20260224,46.75,47.4,46.65,46.9,1012,4746
20260225,46.9,46.9,45.2,45.3,1254,5757
20260226,45.7,46.4,45.5,45.6,923,4234
20260302,44.15,46.55,43.8,45.65,1286,5837
20260303,45.75,46.35,43.9,44,1208,5388
20260304,43.6,43.8,41.4,41.4,1073,4538
20260305,42.5,43.4,41.8,42,719,3049
20260306,42,42.35,41.5,42.15,509,2134
20260309,39.65,40.15,38.7,39.9,984,3882
20260310,41.25,41.3,40.25,40.8,545,2230
20260311,41.65,42.9,41.35,42.7,639,2702
20260312,42.9,43.1,42,42.8,628,2674
20260313,41.8,43.45,41.7,43.2,708,3034
20260316,43.7,45,43.4,43.9,697,3063
20260317,44.4,45.25,43.9,44.5,1177,5258
20260318,45.1,45.8,43.85,43.9,816,3629
20260319,43.25,43.5,41.85,41.9,1133,4820
20260320,42.2,42.9,41.8,42.15,766,3244
20260323,41.7,43.9,40.85,42.4,955,4087
20260324,43.45,43.45,42.05,42.3,509,2175
20260325,44.45,46.5,44.1,45.6,6583,30267
20260326,45.5,46.1,43.2,43.2,2581,11471
20260327,43.7,45.45,42.85,43.8,2668,11816
20260330,42.85,43.55,42.3,43,726,3097
20260331,43.05,44.5,43.05,43.8,1430,6260
20260401,45,45.35,44.05,44.05,1363,6111
20260402,43.8,44.2,41.85,41.85,895,3834
20260407,42,42.55,41.6,41.6,397,1659
20260408,42.8,43.25,42.3,42.45,568,2424
20260409,42.45,42.6,41.1,41.1,541,2255
20260410,41.6,41.95,40.85,40.95,610,2510
20260413,40.95,42.4,40.95,41.5,705,2927
20260414,42,45.65,41.65,45.65,4443,19700
20260415,49.95,49.95,48,48,12237,59777
20260416,48,49,46.4,47.1,2886,13631
20260417,47.1,48.4,46.75,47.05,1941,9222
20260420,47.3,49.4,47.05,47.2,3808,18351
20260421,47.35,47.45,46,46.05,1606,7450
20260422,45.8,48.25,45.8,47,1876,8874
20260423,47.3,47.35,43,44.25,1872,8392
20260424,44.75,45.35,43.15,43.2,1176,5172
20260427,43.5,46.3,41.95,46,2073,9215
20260428,46,49.5,45,47.5,8756,41941
20260429,46.3,49.45,46.25,47.1,6528,31589
20260430,47.45,49.4,47,47,5178,25031
20260504,47.25,51.7,47.25,51.7,8327,42325
20260505,51,51.9,48.4,48.4,12950,64531
20260506,48.85,49.1,46.15,47.2,3810,18129
20260507,47.55,47.95,46.95,46.95,1625,7677
20260508,46.5,48.5,46.1,47,2247,10640
20260511,47.85,48.3,47.15,47.15,1484,7049
20260512,47.55,48.5,46.5,48.3,2234,10657
20260513,47.85,48,46.2,46.6,1528,7147
20260514,46.65,47.35,45.5,45.85,1374,6336
20260515,46.85,49,46.5,48.55,7164,34593
20260518,47.8,50,46.8,49.85,7778,38227
20260519,48.75,49.55,47.2,47.45,3084,14839
20260520,47.5,47.75,46.15,46.45,1518,7085
20260521,47.15,48.25,46.65,47.6,1405,6676
20260522,48.15,49.9,48,49.6,3924,19298
20260525,50.7,50.8,49.25,50,4994,25037
20260526,50.3,52.9,48.6,51.9,11894,61464
20260527,52.2,52.2,47.85,48.45,6643,32975
20260528,48.9,51.6,47.5,47.8,4116,20340
20260529,48.3,51,48.05,50.4,5021,25178
20260601,51,54.9,50.2,54.3,11765,63022
20260602,55.9,56.5,51.7,53.6,14285,77177
20260603,53.6,53.9,50.5,50.6,5325,27400
20260604,50.3,50.3,48.65,49.5,2416,11945
20260605,49.1,51.9,48.85,49.4,3859,19395
20260608,44.5,46.85,44.5,46.6,1731,7839
20260609,46.6,48.35,46.2,46.95,1413,6668
20260610,46.2,48.45,44.9,44.9,1589,7386
20260611,44.85,45.1,43,43.8,1521,6690
20260612,44.9,45.2,43.8,43.9,1220,5402
20260615,44.4,46.75,44.2,46,2761,12701
20260616,46.25,46.25,44.45,45.5,1097,4943
20260617,44.9,45.3,44.5,44.8,729,3266
20260618,45,45.5,44.6,45.3,1095,4934
20260622,45.9,47.25,45,46.7,2124,9806
20260623,46.7,46.7,44.55,44.55,1309,5923
20260624,44.5,44.95,43.95,44,853,3775
20260625,44.25,44.65,43.05,43.3,1280,5567
20260626,43.25,43.25,41.4,41.4,1235,5176
20260629,41.7,42.3,40.55,41.1,704,2919
20260630,41.15,42.2,41.15,41.8,645,2680
20260701,42.6,42.85,41.15,41.2,648,2711
20260702,41.2,45.3,40.95,45.3,3684,16480
20260703,45.2,45.6,43.75,44.15,2852,12727
20260706,44.65,44.9,43.9,44.1,726,3227
20260707,44.85,45.2,42.35,42.35,998,4342
20260708,42.7,43.15,41.65,41.8,581,2446
20260709,42.1,44.8,41.9,42.55,1650,7216
20260713,43.85,44.25,42.6,42.6,1055,4582
20260714,42.8,42.8,40.05,41.8,944,3890
20260715,42.65,42.65,41.35,41.75,526,2198
20260716,41.2,41.5,40.65,41.15,441,1810
20260717,40.35,41.35,38.5,39,882,3511
20260720,39.25,39.6,37.15,38.1,555,2118
20260721,38.7,39.1,38,38.95,355,1372
20260722,39.45,40.2,39.35,39.7,462,1839
20260723,40.3,40.3,38.8,38.9,328,1289
20260724,38.25,38.9,38,38.35,405,1553
20260727,39.3,39.3,37.65,38.7,289,1102
20260728,38.3,38.3,36.45,36.5,492,1814
20260729,36.5,37.5,33,34.4,880,3012
20260730,33.55,34.7,33,33,624,2103
20260731,34.4,35.9,33.85,35.2,548,1913
20260803,35.8,36.85,34.85,36.4,505,1822
20260804,36.1,37,35.8,37,361,1322
20260805,37.8,39.1,37.65,38.25,659,2529
20260806,38.6,39.15,37.9,38.85,416,1609
20260807,39.5,42.3,39.2,40.1,2220,9074
20260810,40.2,42.7,39.95,40.85,1256,5200
20260811,40.85,41.6,40.35,40.5,538,2195
20260812,41.1,44.55,40.8,44.55,3744,16466
20260813,45.3,46.5,44.9,45.7,5122,23335
20260814,46.8,47.25,46.05,46.45,5643,26291
20260817,47.1,48.25,45.3,45.45,4845,22820
20260818,45.45,46.05,44.6,45.55,1210,5478
20260819,44.7,46.9,44.7,46.15,2294,10547
20260820,46.15,46.5,44.85,45.3,1724,7882
20260821,44.55,44.9,43.75,43.8,868,3824
20260824,43.5,44.3,43.25,43.4,423,1846
20260825,43.3,43.3,42.2,42.85,429,1827
20260826,43.3,45.9,42.95,45.9,1947,8665
20260827,46.2,47.2,45.75,45.75,3689,17085
20260828,46,46.4,44.6,45.75,1558,7076
20260831,45.2,46.35,44.55,44.75,1069,4833
20260901,44.95,45.8,44.55,44.55,732,3281
20260902,43.8,46.3,43.8,45.8,1775,8070
20260903,46.2,48.1,46,47.05,9457,44714
20260904,47.8,48.45,47.05,47.55,6468,30841
20260907,47.6,47.6,45.4,45.65,2145,9856
20260908,45.5,45.7,44,44.3,1499,6660
20260909,45.05,45.1,43.95,44.1,571,2530
20260910,44.1,44.6,43.6,43.8,626,2754
20260911,43.2,43.55,42.65,42.75,892,3836
20260914,42.5,42.5,41.3,41.8,674,2823
20260915,41.8,42.45,41.8,41.85,434,1824
20260916,42.2,42.7,42.1,42.5,220,934
20260917,42.7,44.9,42.7,44.05,1067,4723
20260918,44.55,44.55,43.75,44.45,604,2668
20260921,44.3,45.4,43.9,44.5,609,2724
20260922,44.75,44.8,43.8,43.95,442,1949
