# date,open,high,low,close,lot,wan
20250814,24.8,25.45,24.7,24.95,937,2350
20250815,25.5,25.8,25.15,25.15,1305,3312
20250818,25.15,25.4,24.85,25.1,640,1611
20250819,25.3,25.45,24.1,24.1,1353,3319
20250820,24.1,24.2,23.2,23.35,1160,2729
20250821,23.35,24.5,23.35,23.7,900,2157
20250822,23.75,23.9,23.2,23.25,609,1428
20250825,23.7,24.15,23.6,23.75,709,1692
20250826,23.75,23.95,23.5,23.65,417,988
20250827,23.7,24,23.65,23.75,541,1286
20250828,23.75,25.5,23.7,24.6,2416,5948
20250829,25,25,24.2,24.2,833,2036
20250901,24.3,24.3,23.35,23.4,839,1979
20250902,23.45,23.55,23,23.1,790,1832
20250903,23.1,23.3,23,23,469,1086
20250904,23.4,23.5,23,23,656,1515
20250905,23.15,23.15,22.15,22.45,2205,4980
20250908,22.95,23.2,22.7,22.95,770,1765
20250909,23,23.35,22.9,22.95,727,1676
20250910,22.95,23.05,22.7,22.85,686,1570
20250911,22.85,22.85,22.25,22.3,1387,3115
20250912,22.45,22.85,22.4,22.5,552,1246
20250915,22.55,22.55,22.2,22.3,311,695
20250916,22.35,22.5,22.2,22.45,427,953
20250917,22.45,22.8,22.45,22.5,438,990
20250918,22.8,22.9,22.55,22.75,493,1122
20250919,22.95,23.15,22.8,23,770,1771
20250922,23.2,23.55,23.15,23.35,794,1856
20250923,23.6,23.6,22.9,23,646,1491
20250924,23,23.3,22.7,22.8,398,910
20250925,22.7,23.15,22.55,22.8,368,842
20250926,23.35,23.35,22.05,22.3,1213,2697
20250930,22.2,22.45,22.2,22.4,359,801
20251001,22.4,22.5,22.25,22.4,258,577
20251002,22.5,22.5,22.25,22.3,471,1052
20251003,22.3,22.75,22.2,22.3,468,1049
20251007,22.55,23.6,22.55,23.2,1629,3791
20251008,23.25,23.25,22.9,23.1,360,829
20251009,23,23.1,22.8,22.95,516,1181
20251013,21.15,22.3,21.15,22.2,700,1536
20251014,22.3,22.75,21.85,21.85,643,1420
20251015,22.2,22.2,21.9,22,332,731
20251016,22,22.35,22,22.25,420,932
20251017,22.3,22.35,21.9,22.05,471,1040
20251020,22.2,22.2,21.7,21.8,432,943
20251021,21.85,22.45,21.85,22.3,430,957
20251022,22.35,23,22.25,22.65,645,1464
20251023,22.65,22.8,22.15,22.2,334,749
20251027,22.55,22.55,22,22.05,424,937
20251028,22.1,22.15,21.7,21.7,485,1057
20251029,21.7,21.9,21.7,21.8,312,679
20251030,21.8,22,21.65,21.7,342,743
20251031,21.6,21.8,21.4,21.4,517,1115
20251103,21.45,21.6,21.15,21.35,463,990
20251104,21.4,21.4,20.85,20.95,649,1366
20251105,20.9,20.9,20.45,20.45,727,1494
20251106,20.7,20.8,20.4,20.55,388,795
20251107,20.55,20.6,20.15,20.5,453,923
20251110,20.5,20.5,20.15,20.3,355,719
20251111,20.3,20.8,20.2,20.45,423,868
20251112,20.45,20.8,20.45,20.6,285,588
20251113,20.65,20.85,20.25,20.4,392,805
20251114,20.2,21.2,20.2,20.55,786,1640
20251117,20.7,20.7,20.15,20.3,345,702
20251118,20.25,20.5,19.85,19.85,538,1077
20251119,19.75,19.9,19.4,19.45,468,919
20251120,19.95,20.15,19.8,19.9,384,766
20251121,20,20.35,19.25,19.35,733,1446
20251124,19.6,19.85,19.6,19.6,223,439
20251125,19.8,20,19.7,19.9,264,525
20251126,20.8,21.85,20.8,21.85,2555,5552
20251127,22.55,22.8,21.4,21.65,3722,8207
20251128,21.7,22,21.5,21.7,619,1346
20251201,21.7,21.7,21,21.15,512,1087
20251202,21.2,21.3,20.9,20.95,407,857
20251203,21,21.2,20.9,21.05,255,536
20251204,21.25,22.9,21.2,22.4,3027,6783
20251205,22.75,24.6,22.55,23.65,12797,30771
20251208,23.15,23.3,22.65,22.85,2197,5031
20251209,22.85,23.25,22.55,23.15,1357,3110
20251210,23.2,23.2,22.4,22.5,1388,3147
20251211,22.5,22.7,22,22.1,774,1717
20251212,22.2,22.75,22.15,22.2,454,1016
20251215,22.2,22.45,21.7,22.4,371,822
20251216,22.6,22.6,21.7,22,501,1103
20251217,22.3,22.3,21.7,21.75,475,1042
20251218,22.4,22.4,21.15,21.3,709,1526
20251219,21.45,21.6,21.3,21.4,366,785
20251222,21.4,21.95,21.4,21.75,337,735
20251223,21.95,22.25,21.8,21.85,453,996
20251224,22.15,22.5,21.9,21.95,523,1160
20251226,22.2,22.2,21.6,21.7,432,940
20251229,21.9,22.3,21.75,22.05,431,952
20251230,22.05,22.05,21.4,21.7,494,1066
20251231,21.7,22.3,21.65,21.9,614,1350
20260102,21.9,22.65,21.9,22.3,824,1846
20260105,22.75,22.75,21.1,21.25,1273,2737
20260106,21.6,22,21.5,21.55,523,1134
20260107,21.6,22.6,21.6,22,1163,2578
20260108,22.9,23,22.25,22.35,1132,2555
20260109,22.65,22.7,21.7,22.2,475,1056
20260112,22.3,22.7,22.2,22.65,1409,3172
20260113,23.1,23.2,22.45,22.85,1086,2474
20260114,23,25.1,22.85,25.1,6091,14968
20260115,26.75,27.6,26,27.6,14775,39765
20260116,27.8,30.35,27.75,30.35,15570,45888
20260119,31.1,31.5,29.05,30,28227,85690
20260120,29.7,30,29.05,29.25,5238,15389
20260121,29.4,32.15,29.4,32.15,10569,33254
20260122,31.7,35.35,31.5,35.35,48279,163694
20260123,35.35,36.15,32.5,35,30628,106123
20260126,35.7,38.2,34.25,36.7,23344,85866
20260127,36.7,39.8,36.6,38,18221,69738
20260128,41,41.8,40,41.25,41653,171934
20260129,40.9,41.85,37.85,38.7,26656,104908
20260130,38.7,38.95,36.5,36.8,13066,48795
20260202,36.1,38.55,35.45,36.85,12397,45954
20260203,38,38.15,35.8,35.9,9733,35923
20260204,35.7,36.9,35.2,36.25,5365,19409
20260205,35.45,35.5,33.85,33.85,5829,20092
20260206,33.55,33.85,32.3,32.85,2957,9762
20260209,33.65,34,32.2,32.3,3519,11539
20260210,32.2,32.7,30.8,31.25,3539,11099
20260211,31.4,31.5,30.7,31.05,1693,5245
20260223,31.65,33.7,30.5,32.85,4221,13648
20260224,32.9,35,32.5,34.75,12256,42042
20260225,34.25,34.35,33,33,3939,13163
20260226,32.85,33.6,32.05,32.95,2664,8752
20260302,31.3,32.75,31.25,32,2065,6630
20260303,32.3,35.2,32,35.2,13205,45717
20260304,36.3,38.7,36.3,37.75,42915,163823
20260305,38.15,40.9,35.55,35.65,53627,206505
20260306,35.1,36.15,33.8,34.8,9721,33837
20260309,31.6,32,31.35,32,4843,15247
20260310,32,33.3,31,32.05,6062,19391
20260311,32.05,32.95,32,32.35,4129,13391
20260312,32.6,34.85,32.3,33.9,7339,24934
20260313,33,34.5,32.45,33.5,3085,10374
20260316,33.25,34.15,32.8,32.95,2763,9189
20260317,33.15,34.8,33.15,33.95,4114,14006
20260318,34.5,34.65,32.4,33,4151,13763
20260319,32.6,33.2,31.75,32,2651,8595
20260320,32.2,32.55,31.2,31.3,2159,6843
20260323,30.45,32.8,30,31.8,3382,10766
20260324,32.75,34.8,32.3,34,15710,53032
20260325,34.4,34.45,33.2,33.9,8269,28007
20260326,34.15,35.6,33.1,33.15,10067,34634
20260327,33,33.6,31.85,32.9,3096,10102
20260330,31.8,31.8,31.1,31.15,1956,6132
20260331,31.1,32.55,30.7,30.7,2480,7815
20260401,31.8,31.8,31.05,31.15,1069,3351
20260402,31.75,31.8,30.05,30.05,1547,4719
20260407,30.95,30.95,29.05,29.15,1353,3992
20260408,29.85,30.4,29.7,30.35,1380,4155
20260409,30.5,30.5,29.65,29.7,1276,3815
20260410,30,30.5,29.2,29.25,1643,4877
20260413,29.4,29.8,29,29.65,1258,3710
20260414,30.2,32,29.7,31.75,4241,13291
20260415,32.75,32.75,31.35,31.45,3977,12667
20260416,31.55,31.8,31,31.6,1583,4970
20260417,31.6,32.35,31.35,31.65,1813,5761
20260420,31.7,32.7,31.7,31.9,2875,9268
20260421,32.2,32.7,31.3,32.35,2366,7558
20260422,33.85,35.3,33.15,33.2,7010,23875
20260423,33.35,33.45,29.9,30.25,4482,13861
20260424,30.6,30.65,29.75,29.8,1508,4530
20260427,30.1,30.1,28.1,29.3,1751,5091
20260428,29.85,30.55,28.9,30.05,1445,4318
20260429,30.2,30.6,29.85,29.85,1186,3575
20260430,30.2,32.3,29.6,31.1,4404,13890
20260504,31.8,32.3,31.05,31.1,1860,5865
20260505,31.1,34.2,30.9,32.75,8896,29699
20260506,32.75,32.8,31.15,31.7,2805,8975
20260507,31.75,32.25,31.4,31.5,1572,4976
20260508,31.25,32.9,30.35,30.5,2143,6679
20260511,30.5,32.45,30.3,31.75,1782,5625
20260512,31.55,32,30.7,31.1,1343,4170
20260513,30.7,31.5,30.15,31.25,1732,5308
20260514,31.35,32.25,30.65,30.65,1652,5177
20260515,31.2,32.65,30.6,32.2,5902,18923
20260518,32.4,33.35,31.4,32.05,4982,16128
20260519,32.5,32.9,31.05,31.7,2272,7199
20260520,31.7,32.25,30.85,31.7,1710,5381
20260521,32.35,33.15,32,32.7,3680,12032
20260522,33.15,33.7,32.4,33.4,5013,16647
20260525,34,35,32.85,33.75,6651,22523
20260526,34.5,35.25,33.15,34.25,8146,28024
20260527,34.9,35.05,31.95,32,5418,17905
20260528,32.2,33.1,31.7,32,2900,9377
20260529,32.5,32.85,31.8,32.15,2697,8680
20260601,32.6,33.15,32.25,32.7,2834,9287
20260602,33.05,33.05,30.5,31.4,3703,11663
20260603,31.55,32.45,31,31.9,2543,8120
20260604,31.75,31.85,31.2,31.8,1396,4408
20260605,32.5,33.25,30.65,31,4493,14228
20260608,28.1,29.3,28,29.15,2055,5866
20260609,30.8,31.15,30,31.05,1598,4899
20260610,31,31.8,29.75,29.85,1866,5754
20260611,29.85,30.2,28.85,30.15,1150,3396
20260612,31.75,31.9,30.65,30.75,1489,4631
20260615,31.2,31.35,30.65,30.75,965,2975
20260616,31.1,31.1,30.05,30.2,792,2410
20260617,30.3,30.4,29.85,29.9,831,2496
20260618,30.1,30.4,29.85,30.2,1097,3297
20260622,30.7,30.95,30.2,30.3,1655,5035
20260623,30.75,30.75,29.25,29.35,1234,3669
20260624,29.25,29.45,28.8,29.05,1102,3197
20260625,29.15,29.3,28.5,28.55,1154,3316
20260626,28.55,28.6,27.15,27.3,1643,4572
20260629,27.35,28.15,27.35,27.65,542,1504
20260630,28.25,28.5,27.95,28.25,647,1821
20260701,28.55,28.65,27.95,28.4,740,2086
20260702,28.7,31.2,28.25,31.2,5432,16699
20260703,31.4,32.4,30.65,30.85,6734,21094
20260706,31.05,31.85,30.4,30.85,2647,8230
20260707,31,31,29.4,30,1353,4071
20260708,30.85,30.85,29.15,29.65,879,2614
20260709,29.55,29.8,29.15,29.15,600,1764
20260713,29.25,29.65,28.8,29.1,918,2671
20260714,29.1,29.15,27.55,28.15,700,1971
20260715,29,29,28.2,28.55,334,951
20260716,28.55,28.55,27.8,27.8,564,1580
20260717,27.5,27.55,26,26,1354,3604
20260720,26,26.35,25.1,25.85,965,2479
20260721,26.25,26.55,26.15,26.35,407,1073
20260722,26.55,27.1,26.55,26.8,372,1000
20260723,27,27,26.25,26.45,319,849
20260724,26.45,26.65,26,26,314,823
20260727,26.6,26.6,25.45,25.75,435,1124
20260728,25.75,25.75,24.5,24.6,1174,2919
20260729,24.4,24.9,22.2,23.35,1650,3845
20260730,22.9,23.25,22,22.2,975,2203
20260731,23.05,23.5,22.8,23.45,438,1016
20260803,23,23.95,23,23.75,303,717
20260804,23.75,24.65,23.5,24.35,281,682
20260805,24.85,25.2,24.75,25.05,447,1117
20260806,25,25,24.5,24.9,201,499
20260807,24.95,25.75,24.5,24.6,564,1419
20260810,25.2,25.75,24.9,25.5,584,1486
20260811,27,27.25,25.75,26.7,2775,7365
20260812,26.3,26.8,26.1,26.8,780,2071
20260813,27.05,29.45,27,28.2,3315,9451
20260814,28.3,28.8,27.1,28.4,2554,7164
20260817,28.4,28.9,26.9,27.15,1252,3447
20260818,27.4,27.45,26.6,26.7,792,2127
20260819,26.1,26.85,25.85,25.9,792,2079
20260820,26.3,26.3,25.5,25.85,411,1061
20260821,25.95,25.95,25.55,25.55,373,957
20260824,25.55,25.95,25.5,25.9,477,1225
20260825,26.1,26.1,25.15,25.75,608,1545
20260826,25.9,26.15,25.5,25.95,464,1196
20260827,26,26.25,25.8,26,467,1215
20260828,26.25,26.5,25.75,26.5,667,1739
20260831,26.55,26.55,25.85,26.3,425,1110
20260901,26.5,26.6,25.95,26.45,971,2555
20260902,26.2,26.8,26.1,26.35,537,1426
20260903,26.55,26.55,25.6,25.6,787,2033
20260904,25.9,25.9,25.4,25.7,370,947
20260907,25.9,26,25.25,26,443,1126
20260908,25.95,25.95,25.05,25.25,425,1075
20260909,25.3,25.35,25.05,25.35,443,1115
20260910,25.35,25.35,24.85,24.85,415,1037
20260911,24.85,24.85,24.5,24.5,420,1034
20260914,24.9,24.9,24.3,24.55,307,752
20260915,24.55,24.55,24.05,24.35,408,988
20260916,24.2,24.9,24.2,24.9,238,583
20260917,24.7,24.8,24.55,24.6,358,882
20260918,24.55,25.3,24.55,25.3,525,1313
20260921,25.35,25.45,24.9,25.2,447,1126
20260922,25.35,25.5,24.6,24.9,724,1814
20260923,24.8,25.15,24.55,25.15,1094,2710
20260924,25,25.15,24.55,25.15,590,1471
