# date,open,high,low,close,lot,wan
20250814,20,20.2,18.4,18.8,2188,4202
20250815,19.1,20.65,18.8,20.65,2415,4844
20250818,21,21.4,19.9,19.9,2129,4398
20250819,19.65,20.15,18.45,18.8,1278,2435
20250820,19.2,19.2,18.2,18.5,670,1248
20250821,18.3,20,18.3,19.3,956,1855
20250822,19.3,19.75,18.75,18.8,418,793
20250825,19.3,20.65,19,20.1,1362,2744
20250826,19.55,19.85,19.3,19.4,720,1403
20250827,19.8,19.8,19.1,19.2,444,856
20250828,19.3,19.55,18.8,18.85,459,875
20250829,19.4,19.7,18.5,19.3,600,1141
20250901,19.3,19.3,18.2,18.4,462,862
20250902,18.5,18.85,18.05,18.55,259,476
20250903,18.5,18.55,18.2,18.3,255,470
20250904,18.5,18.55,18.25,18.25,263,483
20250905,18.65,18.7,18.25,18.35,288,531
20250908,18.35,18.75,18.05,18.2,339,620
20250909,18.3,18.6,18.15,18.15,181,331
20250910,18.5,18.5,18.15,18.15,188,344
20250911,18.35,18.75,17.75,17.8,720,1314
20250912,18,18.3,17.75,17.85,373,667
20250915,18,18,17.45,17.65,360,633
20250916,17.65,18.1,17.55,17.8,122,216
20250917,17.5,18,17.5,17.65,138,245
20250918,17.85,18,17.6,17.6,196,347
20250919,17.8,17.9,17.55,17.65,150,266
20250922,17.95,18.05,17.7,17.75,187,334
20250923,17.8,17.85,17.6,17.6,116,205
20250924,17.95,17.95,17.45,17.45,169,296
20250925,17.45,18,17.45,17.9,294,524
20250926,17.8,17.8,16.95,17.1,429,738
20250930,17.5,17.5,16.95,17.15,297,508
20251001,17.45,18.3,17.45,17.7,522,933
20251002,17.95,18.25,16.95,17.55,478,825
20251003,17.4,17.45,17,17.1,208,356
20251007,17.1,17.1,16.55,17,252,427
20251008,17,17,16.7,16.95,198,334
20251009,17,17,16.55,16.75,261,437
20251013,15.8,16.7,15.6,16.55,217,349
20251014,16.8,16.95,16,16.1,399,653
20251015,16.5,16.5,15.95,16.1,197,316
20251016,16.2,16.3,15.95,16.1,250,402
20251017,16.1,16.2,15.85,16,165,264
20251020,16,16,15.7,15.95,173,274
20251021,16.3,16.45,16,16.2,290,471
20251022,16.35,16.7,16.3,16.45,155,255
20251023,16.4,16.4,16,16.1,150,241
20251027,16.5,16.5,15.85,15.85,253,404
20251028,15.95,15.95,15.6,15.7,234,367
20251029,15.7,15.9,15.4,15.5,421,658
20251030,15.85,15.85,15.5,15.75,305,477
20251031,15.9,15.9,15.5,15.5,134,209
20251103,16.4,16.4,15.45,15.45,195,305
20251104,15.4,15.5,15.2,15.5,225,344
20251105,15.5,15.5,15.05,15.3,234,355
20251106,15.6,15.6,15.1,15.2,198,301
20251107,15.2,15.25,14.9,15.2,288,434
20251110,15.5,15.6,14.9,15,191,287
20251111,15.05,15.8,14.8,15.05,269,410
20251112,15.05,15.45,14.85,15,235,353
20251113,15.05,15.05,14.75,15,310,462
20251114,14.8,15.25,14.8,15.05,237,357
20251117,15,15.1,14.45,14.65,404,594
20251118,14.7,14.7,14.2,14.3,238,342
20251119,14.35,14.45,14.1,14.25,183,260
20251120,14.3,14.7,14.25,14.3,108,156
20251121,14.3,14.3,13.9,14.1,154,217
20251124,14,14.3,13.95,14,105,147
20251125,14.45,14.45,14,14.2,97,138
20251126,14.55,14.9,14.4,14.8,139,205
20251127,15.2,15.2,14.7,14.75,105,155
20251128,15.15,15.15,14.7,14.9,98,145
20251201,14.9,14.9,14.5,14.55,107,156
20251202,14.55,14.8,14.35,14.65,68,99
20251203,15,15,14.65,14.7,74,109
20251204,14.9,16.15,14.9,16.15,1417,2254
20251205,15.75,15.85,15,15.4,765,1185
20251208,15.7,15.7,15.05,15.35,266,405
20251209,15.35,15.4,14.95,15.15,212,320
20251210,15.15,15.3,15,15,218,328
20251211,15.05,15.5,14.95,15,250,379
20251212,15,15.2,14.85,15.2,163,244
20251215,14.95,15.4,14.85,15.35,138,209
20251216,15.05,15.25,14.9,14.9,124,186
20251217,14.9,15.25,14.8,15.05,173,259
20251218,15.05,15.3,14.85,15.1,125,187
20251219,14.9,15.3,14.9,15.1,134,201
20251222,15,15.2,14.9,15.15,225,338
20251223,15.15,15.15,14.85,15,167,250
20251224,15,15.05,14.85,15,127,190
20251226,15.1,15.1,14.75,15.05,205,305
20251229,15.1,15.1,14.9,15,152,227
20251230,15,15,14.5,14.9,289,425
20251231,14.7,14.85,14.35,14.5,386,563
20260102,14.5,14.65,14.4,14.55,210,305
20260105,14.9,14.9,14,14.25,437,623
20260106,14.25,14.9,13.7,14.7,604,858
20260107,14.5,14.8,14.5,14.6,259,379
20260108,14.45,14.8,14.45,14.7,270,395
20260109,14.3,14.75,14.3,14.65,140,203
20260112,15.15,15.15,14.65,14.75,193,287
20260113,14.65,14.7,14.4,14.6,164,239
20260114,14.35,15.15,14.35,14.9,495,735
20260115,14.75,16.35,14.7,16.35,1162,1839
20260116,17,17.95,16.7,17.95,2795,4864
20260119,18.7,19.7,18.3,19.7,3667,7039
20260120,19.7,19.95,18.7,19.45,2389,4619
20260121,19,20.65,18.75,19.75,1451,2822
20260122,20.1,20.35,19.6,19.8,1354,2700
20260123,21.75,21.75,21.75,21.75,1685,3665
20260126,23.9,23.9,23.9,23.9,842,2012
20260127,26.25,26.25,23.9,24.65,7758,19738
20260128,24.5,25.3,23.25,25.3,3323,7944
20260129,26,26.35,24.5,24.95,2161,5439
20260130,24,24.8,23,23.85,1221,2890
20260202,24.1,24.25,21.75,22.4,1266,2904
20260203,22.4,23.7,22.4,22.6,859,1978
20260204,22.6,23,21.95,22.5,904,2037
20260205,22.9,23.4,22,22.3,893,2025
20260206,23.05,23.05,21,21.4,643,1380
20260209,22.05,22.1,21.1,21.95,748,1623
20260210,22.15,22.15,20.75,21.45,694,1467
20260211,21.2,22.2,21.05,21.75,717,1565
20260223,23.9,23.9,23.9,23.9,341,815
20260224,26.25,26.25,26.25,26.25,1156,3034
20260225,28.85,28.85,28.85,28.85,2292,6612
20260226,30.7,30.7,28.1,29.5,6721,19890
20260302,28.85,32.3,28,31.1,6608,20436
20260303,30.6,30.6,28.75,29.1,2203,6479
20260304,28.8,28.8,26.3,27.85,1732,4770
20260305,28.9,30,27.8,29.3,1414,4117
20260306,28.3,29.35,28.3,29,580,1680
20260309,26.1,26.2,26.1,26.1,1287,3363
20260310,27.35,27.35,25.5,25.8,796,2102
20260311,24.75,28.35,24.75,28.35,970,2679
20260312,29.2,29.4,28,29.3,1221,3532
20260313,27.65,29.5,27.65,29.5,923,2674
20260316,30.5,30.5,29.7,30.05,1356,4080
20260317,29.7,29.7,27.8,28.05,2421,6893
20260318,27.6,28.65,27.2,27.5,1403,3887
20260319,27.35,27.4,25.85,26,1871,4937
20260320,26,28.6,26,28.6,1774,4945
20260323,28.7,30.1,28.1,28.3,3098,8979
20260324,29.35,29.35,25.5,26.25,2448,6547
20260325,26.25,26.75,25.85,26,871,2284
20260326,26.2,26.5,24.7,25.3,1415,3596
20260327,25.3,26.3,24,25.4,1130,2826
20260330,24.65,25.8,24.65,24.9,662,1667
20260331,24.65,24.9,22.95,23.1,1098,2588
20260401,24.1,24.3,23.25,23.4,471,1111
20260402,23.5,24.15,22.95,23.1,572,1339
20260407,23.1,23.55,22.5,22.7,501,1149
20260408,23.55,23.55,22.8,23.35,710,1634
20260409,23.5,24.5,23.2,24.35,842,2011
20260410,24.4,26.75,24.05,26.75,1615,4199
20260413,28.4,29.4,27.9,29.4,4982,14398
20260414,29.4,29.4,27.5,28,2510,7103
20260415,27.55,27.65,26.5,26.5,1854,4997
20260416,26.3,27.5,26.1,26.6,1048,2778
20260417,26.25,27.25,26.2,26.3,889,2372
20260420,26.35,27.6,26.1,26.75,1059,2833
20260421,27,27.4,26.15,26.2,848,2245
20260422,26.2,26.3,25.5,25.9,814,2108
20260423,26.3,26.3,23.9,24.5,1256,3107
20260424,24.5,25.15,23.5,24.35,689,1657
20260427,24.55,24.6,22.8,23.65,682,1602
20260428,23.7,24.65,23.5,24.4,644,1562
20260429,25,26.4,24.5,25.5,1179,3025
20260430,25,25.45,24,24.45,696,1708
20260504,24.5,25.4,23.9,23.9,697,1703
20260505,23.9,24.75,23.9,24.35,579,1408
20260506,24.6,24.6,23.6,23.9,777,1855
20260507,24,24.5,23.6,24.05,739,1772
20260508,24.05,24.05,23.05,23.95,645,1523
20260511,23.9,23.9,23,23.05,902,2091
20260512,23.05,23.9,22.75,23.4,768,1789
20260513,23.65,23.65,22.8,22.9,510,1171
20260514,23.5,23.5,22.2,23.4,611,1386
20260515,23.3,24.15,22.2,22.8,611,1419
20260518,22.3,22.8,21.7,22.5,484,1079
20260519,22.8,22.8,21.85,22,415,922
20260520,22,22.05,21.7,21.75,304,665
20260521,22.2,22.35,22,22.05,294,652
20260522,22.4,24.25,22.4,24.25,958,2292
20260525,25.6,26.65,24.7,26.65,3205,8311
20260526,27.9,27.9,25.45,26.6,2327,6108
20260527,26.75,27,25.25,25.75,1447,3755
20260528,25.8,27.4,25.25,25.65,1217,3172
20260529,26.85,28.2,26.5,28.2,4291,11954
20260601,29.2,29.85,27,27.45,3485,9776
20260602,27.35,27.45,26.5,27,1444,3885
20260603,27.1,29.6,27,28.8,2447,6964
20260604,29,31.65,28,31.65,5220,16029
20260605,34.2,34.75,29.9,33.15,8213,27298
20260608,30,32.9,29.95,31.85,3507,10868
20260609,32.3,35,31.3,35,5107,17319
20260610,34.95,36,31.5,31.5,6891,22887
20260611,30.35,30.35,28.35,30,4561,13255
20260612,31,33,29.55,33,3638,11485
20260615,34.95,36.3,34.95,35.6,6042,21692
20260616,33.6,35.5,32.15,32.3,4172,13803
20260617,32,33.8,32,33.65,1401,4617
20260618,33.1,34.1,32.95,33.65,1113,3734
20260622,34.3,35.9,33.6,33.8,3047,10550
20260623,34,34,31.4,32.4,1578,5087
20260624,31.65,32.65,31.3,31.85,900,2860
20260625,32.1,32.1,31,31.1,774,2427
20260626,31,31,28.1,29.7,1480,4404
20260629,29.65,30.35,29.1,29.35,603,1789
20260630,29.45,30.9,29.45,30.3,636,1934
20260701,30.8,31.6,30,31,679,2090
20260702,30.15,34.1,30,34.1,3332,11195
20260703,33.45,35,32,34.3,2419,8118
20260706,34.3,37.7,34.3,36.1,3825,14119
20260707,36.1,36.3,32.8,32.9,2155,7403
20260708,32.9,33.55,32.15,32.9,884,2905
20260709,32.9,33.9,32.55,33.6,465,1539
20260713,35.2,35.35,33.7,34.9,1464,5067
20260714,36,36,32.95,35,1501,5140
20260715,35.5,38.5,35,38.5,5302,20059
20260716,38.6,42.35,37.75,42.35,4380,17993
20260717,41.3,44.5,40.8,41.7,7187,30508
20260720,40,40,37.55,37.55,1431,5430
20260721,36,38.8,34.35,36.5,3542,12811
20260722,36.5,40.15,35,40.15,2810,10615
20260723,40.5,43.75,39.35,40.1,3429,14026
20260724,41.5,44,40.65,40.8,3629,15342
20260727,40.8,40.8,36.75,36.75,3196,11968
20260728,35.55,35.9,33.1,33.1,2379,8034
20260729,32.3,33.1,29.8,29.8,2260,6857
20260730,28.45,30.5,27.2,27.35,1635,4703
20260731,30,30.05,29.85,30.05,300,901
20260803,30.45,32.8,30.05,31.2,1450,4555
20260804,31.8,34.2,30.7,34,1040,3415
20260805,34.1,36.2,33.6,35,1571,5484
20260806,35,35.5,32.55,34.15,1250,4247
20260807,33.65,35.9,33.6,34.3,1396,4869
20260810,34.3,35.95,33.75,35.2,1083,3787
20260811,34.45,34.7,32.6,34.3,1252,4218
20260812,34.55,34.8,33.5,34.2,669,2285
20260813,34.5,34.9,33,33.1,812,2738
20260814,33.1,33.85,32.7,33.4,661,2196
20260817,32.55,32.7,30.9,31.25,1324,4148
20260818,30.85,31.8,30,30.55,565,1729
20260819,30,31.4,29.75,30.1,579,1754
20260820,30,30.9,30,30.15,366,1114
20260821,30.4,30.6,29.75,29.8,434,1300
20260824,29.8,30,29.25,29.45,487,1439
20260825,29.45,29.45,28.5,29.2,483,1397
20260826,29.3,30.6,29.3,30.2,680,2048
20260827,30,30.1,29.35,29.6,693,2053
20260828,29.7,30.65,29.4,30.4,393,1180
20260831,30.35,30.35,29.1,29.5,476,1403
20260901,29.6,30.4,29.6,30,393,1183
20260902,30,30.8,29.65,29.9,418,1258
20260903,30.15,30.6,28.9,28.9,697,2062
20260904,29.05,30.3,29,29.9,593,1749
20260907,30.35,30.35,28.3,28.5,1123,3240
20260908,29,29.5,28.5,28.9,567,1640
20260909,29,29.45,28.65,28.95,338,980
20260910,28.95,29.6,28.25,29.3,599,1729
20260911,28.3,28.8,27.6,27.8,870,2444
20260914,27.8,28.45,27.3,27.85,232,648
20260915,27.85,28.2,27.25,27.25,253,702
20260916,27.3,28.05,27.3,27.9,247,686
20260917,27.5,28.35,27.5,27.95,338,946
20260918,28.5,30.15,28.5,29.35,687,2009
20260921,29.5,32.25,29.4,32.25,2557,8074
20260922,34.8,34.8,30.6,30.6,1978,6302
20260923,30.5,32.25,30.15,31.5,829,2593
20260924,31.6,32.4,30.45,31.6,480,1488
