# date,open,high,low,close,lot,wan
20250814,29.9,30.05,29.45,29.55,79,235
20250815,29.9,29.9,29.5,29.7,9,27
20250818,29.6,29.7,29.25,29.7,29,86
20250819,29.6,29.65,29.45,29.65,21,62
20250820,29.7,30.3,29.65,29.65,20,60
20250821,29.55,29.65,29.55,29.65,4,12
20250822,29.65,29.75,29.65,29.75,6,18
20250825,30,30,29.35,29.6,20,59
20250826,30.15,30.15,29.9,29.9,7,21
20250827,29.55,29.9,29.55,29.9,5,15
20250828,29.45,29.85,29.45,29.85,8,24
20250829,29.85,29.85,29.8,29.8,8,24
20250901,29.45,29.6,29.45,29.6,12,35
20250902,29.7,29.75,29.7,29.7,97,288
20250903,29.65,29.7,29.45,29.7,14,42
20250904,29.7,29.75,29.55,29.55,5,15
20250905,30,30,29.5,29.55,25,74
20250909,29.5,29.5,29.5,29.5,1,3
20250910,29.5,29.5,29.5,29.5,24,71
20250911,29.55,29.55,29.55,29.55,2,6
20250912,29.5,29.6,29.4,29.45,28,83
20250915,29.45,29.6,29.45,29.6,11,33
20250916,30.2,30.2,30,30,4,12
20250917,29.8,29.8,29.7,29.75,6,18
20250919,29.7,29.7,29.35,29.4,5,15
20250922,29.5,29.6,29.5,29.6,5,15
20250923,29.45,29.6,29.45,29.6,15,44
20250924,29.6,29.6,29.6,29.6,6,18
20250925,29.6,29.6,29.5,29.5,13,38
20250926,29.45,29.5,29.4,29.4,15,44
20250930,29.35,29.4,29.35,29.4,2,6
20251001,29.35,29.5,29.35,29.5,12,35
20251002,29.5,29.5,29.4,29.4,14,41
20251003,29.4,29.4,29.4,29.4,8,24
20251007,29.35,29.35,29.25,29.35,59,173
20251008,29.3,29.4,29.2,29.4,17,50
20251009,29.5,29.5,29.25,29.4,14,41
20251013,28.8,29,28.55,28.8,36,104
20251014,28.9,28.9,28.4,28.4,74,211
20251015,28.75,28.9,28.7,28.9,29,84
20251016,28.8,28.95,28.45,28.8,65,187
20251017,28.6,29,28.4,28.45,48,138
20251020,28.4,28.9,28.2,28.3,24,69
20251021,28.25,28.5,28.25,28.5,9,25
20251022,28.25,28.45,28.2,28.4,20,56
20251023,28.35,28.4,28.35,28.4,10,28
20251027,28.4,28.4,28.25,28.25,8,23
20251028,28.2,28.25,28.2,28.25,2,6
20251029,28.5,28.5,28.45,28.5,13,37
20251030,28.4,28.4,28.2,28.3,17,48
20251031,28.25,28.3,28.25,28.25,10,28
20251103,28.3,28.5,28.3,28.3,5,14
20251104,28.3,28.3,28.05,28.15,15,42
20251105,28.15,28.2,28.1,28.2,20,56
20251106,28.5,28.5,28.25,28.25,61,173
20251107,28.5,28.5,28.15,28.35,16,45
20251110,28.1,28.4,28.1,28.3,18,51
20251111,28.3,28.3,28.1,28.15,36,101
20251112,28.15,28.3,28.1,28.2,27,76
20251113,28.05,28.3,28.05,28.15,6,17
20251114,28.2,28.5,28.15,28.3,30,85
20251117,28.3,28.3,28.25,28.25,11,31
20251118,28.15,28.2,28.05,28.05,10,28
20251119,28,28,27.8,27.95,33,92
20251120,28.3,28.3,28.2,28.2,11,31
20251121,28.05,28.2,28,28,7,20
20251124,28.05,28.05,28,28.05,6,17
20251125,28.5,28.5,28.05,28.05,11,31
20251126,28,28.35,28,28.35,21,59
20251127,28.4,28.4,28.4,28.4,7,20
20251128,28.6,28.6,28.35,28.6,13,37
20251201,28.15,28.8,28.15,28.8,16,46
20251202,28.9,28.9,28.85,28.85,4,12
20251203,29.05,29.05,28.55,28.9,16,46
20251204,29.1,29.1,28.85,28.85,8,23
20251205,28.75,28.75,28.75,28.75,1,3
20251208,28.85,28.85,28.85,28.85,2,6
20251209,29.2,29.2,29.2,29.2,3,9
20251211,28.25,28.7,28.15,28.45,36,103
20251212,28.45,28.5,28.45,28.5,7,20
20251215,28.5,28.5,28.45,28.5,18,51
20251216,28.5,28.5,28.5,28.5,9,26
20251217,28.6,28.6,28.45,28.45,3,9
20251218,28.7,28.7,28.6,28.6,12,34
20251219,28.8,28.8,28.5,28.5,7,20
20251222,28.4,28.7,28.3,28.7,6,17
20251223,28.2,28.7,28.2,28.7,4,11
20251224,28.7,28.75,28.7,28.75,3,9
20251226,28.65,28.65,28.65,28.65,2,6
20251229,28.95,28.95,28.95,28.95,1,3
20251231,28.8,28.8,28.5,28.5,3,9
20260102,28.7,28.9,28.7,28.9,9,26
20260105,28.9,29,28.9,28.9,19,55
20260106,28.45,29,28.45,28.5,14,40
20260107,28.2,28.9,28.2,28.5,5,14
20260108,28.5,28.5,28.5,28.5,5,14
20260109,28.35,28.65,28.35,28.55,31,88
20260112,28.55,28.8,28.55,28.7,17,49
20260113,29.4,29.4,28.55,28.8,17,49
20260114,29.15,29.15,28.7,28.8,21,61
20260115,28.55,29,28.5,29,4,12
20260116,29,29.05,29,29,18,52
20260119,29,29.05,28.85,29,22,64
20260120,29,29.05,28.85,29.05,8,23
20260121,29,29,29,29,5,14
20260122,28.85,29,28.8,29,9,26
20260123,28.55,28.95,28.55,28.65,16,46
20260126,29,29,28.7,29,24,69
20260127,28.65,29,28.65,29,7,20
20260128,28.55,28.95,28.55,28.95,6,17
20260130,28.9,28.9,28.55,28.55,2,6
20260202,28.5,28.5,28.4,28.4,6,17
20260203,28.5,29,28.5,29,31,89
20260204,28.6,29,28.6,28.8,65,188
20260205,29.4,29.6,29.05,29.05,24,70
20260206,30,30,29.35,29.75,33,98
20260209,29.95,29.95,29.45,29.95,25,74
20260210,29.65,30.2,29.65,30,25,75
20260211,29.9,30,29.9,29.95,34,102
20260223,30,30.25,29.5,30.25,26,77
20260224,30.65,30.65,29.75,29.8,22,66
20260225,29.55,30.15,29.55,29.6,15,44
20260226,29.5,29.5,29.35,29.35,14,41
20260302,30.05,30.05,29.65,29.65,9,27
20260303,29.35,30.1,29.35,30.1,12,36
20260304,29.8,29.9,29.15,29.15,13,38
20260305,29.1,29.35,28.55,28.55,25,72
20260306,28.55,28.6,28.4,28.4,9,26
20260309,28,28,27.2,27.85,11,30
20260310,27.45,27.8,27.45,27.65,17,47
20260311,27.45,27.5,27.35,27.45,25,69
20260312,27.55,27.55,27.4,27.5,7,19
20260313,27.4,27.4,27.4,27.4,1,3
20260316,27.35,27.35,27.15,27.15,14,38
20260317,27.2,27.3,27.1,27.1,24,65
20260318,27.15,27.35,27.15,27.2,8,22
20260319,27.3,27.3,27.3,27.3,1,3
20260320,27.4,27.45,27.2,27.2,16,44
20260323,27.5,27.5,27.4,27.5,4,11
20260324,27.7,27.7,27.7,27.7,1,3
20260325,27.65,27.7,27.6,27.6,7,19
20260326,27.9,28,27.9,28,3,8
20260327,28,28.1,28,28,14,39
20260330,28.15,28.15,27.85,27.85,13,36
20260331,28,28.05,27.8,28.05,22,61
20260401,28,28.15,27.5,28.15,35,98
20260402,28.05,28.05,28.05,28.05,1,3
20260407,28.25,28.25,27.55,28,23,64
20260408,28.25,28.25,27.6,28.2,10,28
20260409,27.8,28.25,27.8,28.25,6,17
20260410,28.2,28.3,28.2,28.3,8,23
20260413,28.3,28.3,28.05,28.3,12,34
20260414,28.45,28.45,28,28,5,14
20260415,28.6,28.6,28.6,28.6,1,3
20260416,28.65,28.65,27.9,28.55,28,80
20260417,28.25,28.25,28.25,28.25,1,3
20260420,28.2,28.2,28.2,28.2,2,6
20260421,28,28.6,28,28.15,7,20
20260422,28.15,28.2,28,28,14,39
20260423,28.25,28.25,27.7,28.05,22,61
20260424,28,28,28,28,1,3
20260427,27.6,27.65,27.4,27.4,16,44
20260428,28,28,28,28,2,6
20260429,27.75,28,27.7,27.7,3,8
20260430,27.65,27.65,27.65,27.65,1,3
20260504,27.6,27.65,27.05,27.65,22,60
20260505,27,27.6,27,27.3,18,49
20260506,27.35,27.35,27.3,27.35,9,25
20260507,27.4,27.4,27.2,27.2,24,66
20260511,27.3,27.3,27.2,27.3,8,22
20260512,27.3,27.55,27.2,27.4,11,30
20260513,27.35,27.5,27.35,27.5,5,14
20260514,27.55,27.55,27.55,27.55,3,8
20260515,27.55,27.55,27.55,27.55,1,3
20260518,27.3,27.55,27.3,27.55,8,22
20260519,28.3,28.3,27.8,27.8,7,20
20260520,27.7,27.7,27.65,27.65,2,6
20260521,27.3,27.3,27.3,27.3,8,22
20260522,27.3,27.5,27.2,27.45,23,63
20260525,27.35,27.35,27.2,27.25,26,71
20260526,27,27.3,27,27.3,6,16
20260527,27.35,27.35,27,27,37,101
20260528,27.35,27.35,27.35,27.35,16,44
20260529,27.35,27.35,27.2,27.3,30,82
20260601,27.3,27.3,27,27.3,19,51
20260602,27.35,28,27.2,27.2,50,137
20260603,27.3,27.3,27,27.25,55,150
20260604,27.3,27.3,27.2,27.25,18,49
20260605,27.3,27.3,27.05,27.2,32,87
20260608,27.05,27.2,26.65,27.05,9,24
20260609,27.05,27.1,27,27.1,14,38
20260610,27.1,27.1,27.1,27.1,15,41
20260611,27,27,27,27,2,5
20260612,27.7,27.8,27,27.3,59,161
20260615,27.35,27.45,27,27.4,50,136
20260616,27.3,27.5,27.2,27.2,18,49
20260617,27.45,27.5,27.2,27.2,8,22
20260618,27.6,27.8,27.35,27.5,18,50
20260622,27.65,27.8,27.2,27.6,58,160
20260623,27.5,27.7,27.3,27.5,29,80
20260624,27.5,27.5,27.5,27.5,11,30
20260625,27.5,27.5,27.35,27.4,20,55
20260626,27.2,27.4,27.2,27.4,5,14
20260629,27.5,27.55,27.05,27.15,28,77
20260630,27.2,27.2,27.05,27.05,30,81
20260701,27.45,27.45,27.3,27.3,9,25
20260702,26.5,26.5,26.4,26.5,9,24
20260703,26.5,26.85,26.5,26.85,15,40
20260706,27.05,28.45,27.05,28.2,68,190
20260707,28.5,29.55,28.3,28.4,59,170
20260708,28.8,29.15,28.8,29.05,19,55
20260709,29.4,29.4,28.3,28.75,38,110
20260713,28.1,28.3,28.05,28.05,10,28
20260714,28.05,28.05,27.55,27.55,6,17
20260715,27.55,27.55,27.2,27.2,12,33
20260716,27.3,28,27.3,28,4,11
20260720,27.25,28,27.2,28,5,14
20260721,28,28,27.3,27.4,6,16
20260722,27.4,27.4,27.3,27.3,23,63
20260723,27.2,27.55,27.2,27.55,4,11
20260724,27.55,28,27.35,27.8,15,42
20260727,27.8,28.5,27.8,27.8,12,34
20260728,27.3,28,27.1,27.85,28,77
20260729,27.95,28.8,27.2,27.4,41,114
20260730,27.8,27.8,27.8,27.8,6,17
20260731,27.8,28.1,27.8,28.1,20,56
20260803,28.15,28.15,28,28.05,21,59
20260804,28.05,28.25,28,28.25,10,28
20260805,28.25,28.45,28.25,28.45,5,14
20260806,28.45,28.45,28.1,28.1,5,14
20260807,28.15,28.35,28.1,28.3,10,28
20260810,28.5,29.6,28.5,29.3,27,79
20260811,29.75,29.85,28.85,29.25,10,29
20260812,29.25,29.25,29,29,14,41
20260813,29,29.05,29,29,7,20
20260814,29,29,28.85,28.85,14,41
20260817,28.85,29.05,28.85,29.05,6,17
20260818,29,29.05,28.85,28.85,13,38
20260819,28.35,28.45,28.3,28.45,3,9
20260820,28.45,28.5,28.3,28.5,4,11
20260821,28.5,29.05,28.5,29.05,3,9
20260824,29.05,29.05,28.5,28.75,13,37
20260825,28.75,28.75,28.7,28.7,3,9
20260826,28.55,28.8,28.4,28.6,6,17
20260827,28.5,28.8,28.5,28.8,4,11
20260828,28.55,28.8,28.5,28.8,6,17
20260831,28.2,28.2,27.7,27.95,18,50
20260901,28,28.9,27.95,28.05,17,48
20260903,28.05,28.05,27.5,27.5,6,17
20260904,27.55,28.05,27.55,27.7,8,22
20260907,27.7,27.8,27.3,27.8,8,22
20260908,27.8,27.85,27.8,27.85,2,6
20260909,27.85,28,27.3,28,5,14
20260910,28,28.1,28,28,8,22
20260911,27.5,27.5,27.35,27.5,23,63
20260914,27.3,27.4,27.3,27.4,14,38
20260915,27,27,26.2,26.9,20,53
20260916,27,27,27,27,1,3
20260917,27,27.1,27,27.1,5,14
20260918,27.1,27.1,27.1,27.1,1,3
20260921,28.15,28.15,27.1,27.2,28,77
20260922,27.1,27.1,27,27,10,27
20260923,27,27.1,27,27.1,107,290
