# date,open,high,low,close,lot,wan
20250814,18,18,17.8,17.85,21,38
20250815,18.1,18.1,17.85,17.85,18,32
20250818,17.65,17.9,17.65,17.85,11,20
20250819,18.1,18.1,17.65,17.75,28,50
20250820,17.4,17.95,17.4,17.65,40,71
20250821,17.9,17.9,17.55,17.7,21,37
20250822,17.9,17.9,17.65,17.65,18,32
20250825,17.65,17.7,17.5,17.55,64,112
20250826,17.75,17.75,17.5,17.5,16,28
20250827,17.15,17.65,17.15,17.55,37,65
20250828,17.5,17.7,17.5,17.55,50,88
20250829,17.15,17.7,17.15,17.5,62,109
20250901,17.2,17.55,17.2,17.4,136,236
20250902,17.35,17.55,17.25,17.4,19,33
20250903,17.4,17.45,17.3,17.4,23,40
20250904,17.9,17.9,17.4,17.4,10,18
20250905,17.45,17.7,17.4,17.5,22,39
20250908,17.75,17.75,17.3,17.5,46,80
20250909,17.5,17.6,17.5,17.55,16,28
20250910,17.45,17.65,17.45,17.55,11,19
20250911,17.75,17.75,17.5,17.5,13,23
20250912,17.6,17.75,17.2,17.5,28,49
20250915,17.4,17.8,17.4,17.7,59,104
20250916,17.55,17.85,17.55,17.7,34,60
20250917,18.15,18.25,17.75,18.05,87,158
20250918,18.05,18.45,18.05,18.2,67,122
20250919,18.4,18.45,18.2,18.3,60,110
20250922,18.45,18.5,18.15,18.4,52,96
20250923,18.45,18.6,18.3,18.3,42,78
20250924,17.95,18.3,17.95,18.3,68,124
20250925,18.05,18.3,18.05,18.3,50,91
20250926,18.3,18.45,18.2,18.45,72,132
20250930,18.3,18.5,18.3,18.5,47,87
20251001,18.1,18.35,18.1,18.35,44,80
20251002,18,18.2,17.8,18,59,106
20251003,17.85,18,17.8,17.95,28,50
20251007,17.9,18.1,17.9,17.9,19,34
20251008,17.95,18.05,17.75,18.05,33,59
20251009,17.85,18.15,17.85,17.95,24,43
20251013,17.45,17.9,17.45,17.9,22,39
20251014,18,18,17.6,17.6,39,69
20251015,17.55,17.75,17.45,17.55,27,48
20251016,17.8,17.85,17.55,17.7,58,103
20251017,17.6,17.85,17.45,17.85,39,69
20251020,17.8,17.95,17.65,17.8,15,27
20251021,17.3,17.7,17.3,17.55,30,53
20251022,17.6,17.6,17.3,17.6,41,72
20251023,17.75,17.75,17.45,17.5,20,35
20251027,17.35,17.4,17.25,17.4,22,38
20251028,17.6,17.6,17.2,17.35,19,33
20251029,17.3,17.5,17.15,17.2,47,81
20251030,17.3,17.35,17.15,17.2,30,52
20251031,17.15,17.45,17.15,17.3,32,55
20251103,17.2,17.3,17.15,17.25,21,36
20251104,17.1,17.2,17.05,17.2,21,36
20251105,17.05,17.15,16.95,17.1,28,48
20251106,16.85,17.2,16.85,17,23,39
20251107,16.8,17.15,16.8,17.1,36,61
20251110,17,17.25,16.85,17.2,20,34
20251111,16.95,17.7,16.95,17.3,35,61
20251112,17.25,17.45,17.25,17.25,31,54
20251113,17,17.5,17,17.25,57,99
20251114,17.2,17.4,17.2,17.2,23,40
20251117,17.2,17.35,17,17.2,21,36
20251118,17.3,17.3,17,17.1,16,28
20251119,17.2,17.4,17.05,17.2,18,31
20251120,17.3,17.45,16.9,17.2,38,65
20251121,16.9,17.2,16.9,17,22,37
20251124,16.6,17.25,16.6,16.95,22,38
20251125,16.85,17.15,16.85,16.95,55,93
20251126,16.7,17.05,16.7,16.95,23,39
20251127,16.9,16.95,16.75,16.85,31,52
20251128,16.75,16.95,16.75,16.8,22,37
20251201,16.85,16.9,16.7,16.75,42,71
20251202,16.65,16.95,16.65,16.75,19,32
20251203,16.75,16.95,16.75,16.75,19,32
20251204,16.7,16.9,16.7,16.75,28,47
20251205,16.65,16.95,16.65,16.85,26,44
20251208,16.7,16.85,16.7,16.85,21,35
20251209,16.75,16.95,16.7,16.7,28,47
20251210,17,17.3,16.9,17,37,63
20251211,16.45,16.95,16.45,16.85,41,69
20251212,16.95,16.95,16.85,16.95,4,7
20251215,17,17,16.85,16.9,18,30
20251216,16.6,16.95,16.6,16.9,20,34
20251217,16.7,16.85,16.7,16.8,20,34
20251218,16.9,16.95,16.6,16.6,21,35
20251219,16.5,16.95,16.4,16.75,38,64
20251222,16.5,17,16.5,16.9,12,20
20251223,16.75,16.95,16.65,16.9,23,39
20251224,16.55,17.15,16.55,17,24,41
20251226,16.65,17.05,16.65,16.9,13,22
20251229,17.1,17.1,16.9,16.9,13,22
20251230,17,17,16.75,16.9,26,44
20251231,16.95,17,16.95,17,14,24
20260102,17,17.1,16.9,16.95,15,26
20260105,17,17,16.85,16.9,14,24
20260106,17,17.2,17,17,23,39
20260107,17.1,17.2,17.1,17.1,12,21
20260108,17.1,17.25,17.05,17.05,22,38
20260109,17.3,17.4,17.1,17.1,43,74
20260112,17.35,17.35,17.15,17.15,11,19
20260113,17.25,17.25,17.1,17.2,16,27
20260114,17.2,17.35,17.2,17.35,16,28
20260115,17.4,17.4,16.75,17.1,178,302
20260116,17.3,17.4,17.2,17.25,64,111
20260119,17.3,17.95,17.3,17.7,69,122
20260120,17.8,18,17.7,17.9,66,118
20260121,17.9,17.95,17.65,17.8,43,77
20260122,18.1,18.15,17.9,17.95,44,79
20260123,18.45,18.45,17.85,17.95,87,157
20260126,18,18.2,17.9,18.05,22,40
20260127,18,18.05,17.95,17.95,9,16
20260128,18.1,18.1,17.9,17.95,50,90
20260129,18.25,18.25,17.85,17.9,22,40
20260130,17.8,17.85,17.6,17.85,23,41
20260202,17.95,17.95,17.7,17.75,14,25
20260203,17.95,17.95,17.65,17.75,20,36
20260204,17.8,17.85,17.65,17.8,19,34
20260205,17.8,17.95,17.8,17.85,22,39
20260206,17.85,17.95,17.65,17.85,34,61
20260209,18,18,17.65,17.85,20,36
20260210,17.7,17.95,17.65,17.9,22,39
20260211,18.1,18.45,18.1,18.25,42,77
20260223,18.2,18.65,18.2,18.6,40,74
20260224,18.9,19.15,18.75,18.8,55,104
20260225,18.8,19.1,18.8,19,54,102
20260226,19.2,19.3,19,19.1,40,77
20260302,19.5,19.55,18.75,19.1,39,74
20260303,19.4,19.4,18.9,19,42,80
20260304,18.8,18.95,18.6,18.95,31,58
20260305,19.2,19.4,18.85,19.05,40,76
20260306,19,19.15,19,19,60,114
20260309,18.55,18.85,18.2,18.6,56,104
20260310,18.4,18.95,18.4,18.75,43,81
20260311,18.5,19.05,18.5,18.95,39,74
20260312,18.7,18.95,18.7,18.95,44,83
20260313,18.9,19.25,18.6,19,79,151
20260316,18.9,19.05,18.9,19,15,28
20260317,19.05,19.05,18.8,18.9,38,72
20260318,18.95,18.95,18.65,18.8,25,47
20260319,18.7,18.75,18.65,18.75,28,52
20260320,18.6,18.75,18.4,18.75,22,41
20260323,18.7,18.75,18.6,18.75,22,41
20260324,18.5,18.95,18.4,18.75,44,82
20260325,18.55,18.85,18.5,18.75,22,41
20260326,18.8,18.85,18.65,18.75,15,28
20260327,18.9,18.95,18.55,18.7,14,26
20260330,18.7,19.1,18.55,19.1,26,49
20260331,18.7,19,18.65,19,22,41
20260401,19,19.15,18.85,18.95,17,32
20260402,18.9,19.1,18.7,18.9,20,38
20260407,18.8,18.9,18.8,18.9,23,43
20260408,18.95,18.95,18.8,18.9,16,30
20260409,18.95,18.95,18.75,18.9,14,26
20260410,18.95,18.95,18.55,18.8,22,41
20260413,18.75,18.9,18.7,18.75,19,36
20260414,18.6,18.75,18.5,18.7,28,52
20260415,18.7,19,18.7,18.85,25,47
20260416,19.15,19.15,18.75,18.9,30,57
20260417,18.6,18.9,18.6,18.9,19,36
20260420,18.85,19,18.55,18.85,28,53
20260421,19,19,18.6,18.8,20,37
20260422,18.7,18.85,18.5,18.65,34,63
20260423,18.8,18.9,18.5,18.65,25,47
20260424,18.7,18.8,18.3,18.45,16,30
20260427,18.6,18.8,18.4,18.45,18,33
20260428,18.7,18.9,18.25,18.45,18,33
20260429,18.15,18.5,18.15,18.3,23,42
20260430,18.05,18.3,17.8,18.3,30,54
20260504,18.55,18.75,18.3,18.55,61,113
20260505,18.5,18.7,18.5,18.6,24,45
20260506,18.6,18.7,18.3,18.5,27,50
20260507,18.7,18.9,18.45,18.45,24,45
20260508,18.8,18.8,18.25,18.4,19,35
20260511,18.45,18.45,18.05,18.35,50,91
20260512,18.6,18.7,18.25,18.3,21,39
20260513,18.5,18.7,18.25,18.4,20,37
20260514,18.6,18.75,18.2,18.35,54,99
20260515,18.6,18.6,18.15,18.3,13,24
20260518,18.3,18.4,18.15,18.3,19,35
20260519,18.55,18.55,18.25,18.35,23,42
20260520,18.5,18.5,18.2,18.35,23,42
20260521,18.35,18.45,18.25,18.45,23,42
20260522,18.3,18.45,18.25,18.35,23,42
20260525,18.5,18.7,18.5,18.55,85,158
20260526,18.75,18.85,18.5,18.65,47,88
20260527,18.65,18.7,18.45,18.7,111,206
20260528,17.9,17.9,17.1,17.45,123,214
20260529,17.45,17.9,17.35,17.5,31,54
20260601,17.9,17.9,17.6,17.6,47,83
20260602,17.85,17.85,17.6,17.7,31,55
20260603,17.95,18.4,17.7,18.4,82,147
20260604,18.4,18.45,18,18.4,76,139
20260605,18.4,18.65,18.3,18.5,92,170
20260608,17.9,18.35,17.9,18.15,50,91
20260609,18.1,18.2,18.05,18.1,24,43
20260610,18.45,18.45,18,18.4,48,87
20260611,18.45,18.5,18.15,18.45,99,182
20260612,18.55,18.6,18.5,18.55,115,213
20260615,18.6,18.85,18.6,18.7,94,175
20260616,18.8,18.85,18.6,18.65,42,78
20260617,18.75,18.75,18.55,18.75,46,86
20260618,18.95,19,18.7,18.85,114,215
20260622,18.85,19,18.8,18.95,59,112
20260623,19,19.95,18.7,18.9,111,213
20260624,19.05,19.05,18.8,18.9,33,62
20260625,19.15,19.15,18.7,18.9,41,77
20260626,19.15,19.15,18.75,18.9,26,49
20260629,19.2,19.2,18.65,18.85,37,70
20260630,19,19,18.7,18.85,47,89
20260701,18.9,18.9,18.6,18.75,29,54
20260702,18.5,18.75,18.5,18.75,19,36
20260703,18.9,18.9,18.5,18.7,21,39
20260706,18.8,18.8,18.65,18.7,8,15
20260707,18.6,18.7,18.55,18.7,9,17
20260708,18.5,18.7,18.5,18.7,10,19
20260709,18.7,18.7,18.45,18.6,11,20
20260713,18.65,18.65,18.1,18.4,14,26
20260714,18.1,18.5,18,18.5,17,31
20260715,18.15,18.6,18.15,18.6,11,20
20260716,18.5,18.6,18.25,18.55,13,24
20260717,18.35,18.5,18.1,18.5,22,40
20260720,18.5,18.5,18.1,18.2,14,25
20260721,18.05,18.2,17.8,17.85,37,66
20260722,17.8,17.8,17.55,17.55,21,37
20260723,17.2,17.7,17.2,17.7,23,40
20260724,17.15,17.4,17.1,17.4,15,26
20260727,17.05,17.4,17.05,17.4,13,22
20260728,16.95,17.45,16.95,17.4,17,29
20260729,17.3,17.45,17.2,17.4,12,21
20260730,17.1,17.5,17.1,17.35,18,31
20260731,17.5,17.5,17.35,17.35,4,7
20260803,17.25,17.4,17.2,17.3,12,21
20260804,17.3,17.5,17.1,17.3,16,28
20260805,17.5,17.8,17.3,17.35,22,39
20260806,17.4,17.6,17.35,17.55,23,40
20260807,17.55,17.55,17.4,17.4,11,19
20260810,17.5,17.65,17.45,17.5,22,39
20260811,17.4,17.65,17.4,17.45,17,30
20260812,17.25,17.6,17.25,17.55,43,75
20260813,17.3,17.75,17.3,17.75,23,40
20260814,17.6,17.65,17.5,17.5,9,16
20260817,17.35,17.55,17.35,17.5,16,28
20260818,17.6,17.6,17.2,17.3,15,26
20260819,17.3,17.45,17.05,17.25,11,19
20260820,17.55,17.55,17.3,17.4,12,21
20260821,17.5,17.5,17.3,17.5,12,21
20260824,17.6,17.6,17.4,17.4,8,14
20260825,17.35,17.6,17.35,17.45,24,42
20260826,17.6,17.8,17.6,17.8,12,21
20260827,17.4,17.85,17.35,17.8,15,26
20260828,17.7,18.25,17.7,17.75,14,25
20260831,17.3,17.85,17.3,17.75,10,18
20260901,17.95,18.1,17.7,17.7,16,29
20260902,18.05,18.05,17.75,17.85,15,27
20260903,18,18,17.6,17.7,13,23
20260904,18,18,17.7,17.75,11,20
20260907,17.55,17.7,17.5,17.5,14,25
20260908,17.7,17.9,17.45,17.45,10,18
20260909,17.85,17.85,17.6,17.75,11,20
20260910,17.6,17.6,17.4,17.6,113,198
20260911,17.6,17.6,17.2,17.35,9,16
20260914,17.2,17.5,17.1,17.25,13,22
20260915,17.5,17.65,17.2,17.3,15,26
20260916,17.65,17.65,17.15,17.35,21,36
20260917,17.6,17.6,17.25,17.35,13,23
20260918,17.1,17.55,17.1,17.25,24,42
20260921,17.5,17.5,17.15,17.4,14,24
20260922,17.75,17.75,17.4,17.5,12,21
20260923,17.55,17.6,17.5,17.5,10,18
20260924,17.35,17.5,17.3,17.5,13,23
