# date,open,high,low,close,lot,wan
20250814,34.8,35.6,34.7,35,124,437
20250815,34.85,35.3,34.5,34.5,131,455
20250818,34.5,35.25,34.2,34.55,198,681
20250819,34.9,35,34.25,34.5,109,378
20250820,34.7,35.6,34.3,34.9,121,423
20250821,35.5,35.95,35.35,35.85,121,431
20250822,36.35,36.5,35.8,36.1,131,474
20250825,37,37,36.5,36.95,211,776
20250826,32.4,33.9,32.2,32.5,153,501
20250827,32.4,33,32.05,32.8,79,257
20250828,33,33,32,32.2,88,284
20250829,32,32.4,31.65,31.65,69,220
20250901,31.6,31.6,30.35,30.35,88,271
20250902,31.75,31.75,30.35,30.4,34,104
20250903,30.2,30.4,29.7,30.05,39,117
20250904,31.25,31.25,30.35,30.35,41,125
20250905,30.35,31.6,29.7,30.25,48,145
20250908,30.25,31.3,30.2,30.7,22,67
20250909,30.9,30.9,30,30.55,26,79
20250910,30.25,30.55,30.2,30.5,35,106
20250911,31.2,32,30.45,30.5,118,368
20250912,30.5,30.5,30.25,30.35,59,179
20250915,30.75,30.75,30,30.15,33,100
20250916,30.15,30.6,30.1,30.4,48,146
20250917,30.3,32.9,30.2,32.4,148,473
20250918,32.4,32.4,31.1,31.2,87,275
20250919,31.25,31.8,31.15,31.6,61,192
20250922,31.7,32.15,31.65,31.8,67,214
20250923,31.7,32.2,31.1,31.3,46,145
20250924,31.45,31.45,31.3,31.35,5,16
20250925,31.2,31.8,31.1,31.3,18,57
20250926,31,31.05,30.35,30.4,54,165
20250930,30.7,30.7,30.25,30.3,33,100
20251001,30.2,30.5,30.2,30.2,55,167
20251002,30.2,30.7,29.95,30.05,68,205
20251003,30,30.25,29.7,30.25,43,129
20251007,31.5,31.5,30.35,31,19,59
20251008,30.85,31,30.1,30.2,17,51
20251009,30.3,31.9,30.25,31.65,112,351
20251013,31,32.5,30.2,32.5,143,456
20251014,33.9,34.6,32.5,32.55,207,690
20251015,32.55,33.1,31.85,32.55,38,123
20251016,33.3,33.3,31.6,32,36,116
20251017,32,32.45,31.6,31.9,33,105
20251020,32.35,32.35,31.5,31.5,28,89
20251021,31.55,32,31.35,31.65,42,132
20251022,31.65,31.8,31.15,31.25,25,79
20251023,31,31,30.4,30.45,105,322
20251027,30.9,30.9,30.2,30.5,55,167
20251028,30.2,30.75,30.15,30.45,64,193
20251029,30.6,31.35,30.15,30.2,47,143
20251030,30.05,30.5,29.65,30.5,108,324
20251031,29.7,29.85,29.2,29.35,109,322
20251103,29.25,29.65,29.1,29.65,33,97
20251104,29.4,29.8,27.95,28.5,149,428
20251105,28.5,28.5,26.6,27.7,152,414
20251106,27.7,28.15,27.5,27.5,64,177
20251107,27.4,28.5,27.35,28.3,60,167
20251110,29.3,29.4,27.7,29.4,44,127
20251111,29.65,30,29,29.2,101,297
20251112,29.5,31,29.25,30.85,194,591
20251113,30.6,32.4,30.6,31.45,300,950
20251114,31.5,32,31.25,31.7,91,287
20251117,31.95,31.95,30.2,30.2,112,346
20251118,30,30,28.95,29.55,71,209
20251119,28.9,29.75,28.9,29.1,26,76
20251120,29.75,29.75,29.15,29.2,36,105
20251121,28.9,28.9,28,28.6,49,139
20251124,29.25,29.25,28.7,28.9,13,37
20251125,29.55,29.55,28.3,28.85,25,72
20251126,29.55,29.55,27.5,28,228,634
20251127,28,28.2,27.6,28.05,58,162
20251128,28.5,28.5,27.95,28,58,163
20251201,28.25,28.25,26.8,27.5,238,650
20251202,27.65,27.9,27.5,27.75,50,138
20251203,28.1,28.25,27.75,27.85,81,226
20251204,28.2,28.2,27.65,27.7,18,50
20251205,27.7,27.9,27.7,27.8,32,89
20251208,28,28.3,27.8,28.05,41,115
20251209,27.9,28.15,27.85,28.15,43,120
20251210,28.1,28.65,27.95,28.05,92,259
20251211,27.25,27.45,26.8,26.95,122,330
20251212,26.95,27.35,26.95,27.1,19,51
20251215,27.15,27.2,27.1,27.1,13,35
20251216,27.1,27.4,26.5,27.3,24,65
20251217,27.95,27.95,27.2,27.35,21,58
20251218,27.25,27.6,26.85,27.2,16,44
20251219,27.25,27.7,27.2,27.3,17,47
20251222,27.05,27.75,27.05,27.2,38,104
20251223,27.7,27.7,27.2,27.6,19,52
20251224,27.9,27.9,27.25,27.3,23,63
20251226,27.85,27.85,27.1,27.25,14,38
20251229,27.15,27.15,27.05,27.05,40,108
20251230,27,27.25,26.75,27,29,78
20251231,27,27.25,26.85,27,21,57
20260102,27.6,27.6,27.2,27.2,13,36
20260105,27.5,27.5,26.8,26.95,26,70
20260106,26.95,26.95,26.75,26.85,28,75
20260107,26.6,26.9,26.6,26.9,40,107
20260108,26.8,26.95,26.7,26.75,17,46
20260109,26.75,27.2,26.65,27.1,31,83
20260112,27.1,28.2,26.8,27.9,113,314
20260113,27.25,27.7,27.2,27.5,43,118
20260114,27.8,27.9,27.55,27.6,9,25
20260115,27.8,27.8,27.25,27.25,21,58
20260116,27.65,28.4,27.3,27.55,114,319
20260119,28,28.15,27.6,28.1,73,204
20260120,28.15,28.7,28.15,28.25,101,287
20260121,28.4,28.6,28.25,28.3,45,128
20260122,28.7,28.7,28.25,28.3,36,102
20260123,28.5,28.65,27.9,27.9,43,121
20260126,27.95,27.95,27.4,27.75,28,78
20260127,27.7,27.8,27.7,27.7,14,39
20260128,27.8,27.85,27.6,27.7,48,133
20260129,27.5,27.65,27.25,27.4,29,80
20260130,28.2,28.2,27,27.1,32,87
20260202,27.1,27.9,26.6,26.6,72,194
20260203,27.3,27.3,26.8,26.8,20,54
20260204,27,27.5,27,27.35,25,68
20260205,27.35,27.35,26.9,26.9,20,54
20260206,26.75,26.95,26.6,26.85,16,43
20260209,27.7,27.8,27,27.1,11,30
20260210,26.9,26.9,26.65,26.65,32,86
20260211,26.6,26.65,26.4,26.55,48,127
20260223,26.7,27,26.7,26.7,25,67
20260224,26.8,27.3,26.8,27.05,27,73
20260225,26.9,26.9,26.45,26.65,44,118
20260226,27,27.1,26.9,26.9,19,51
20260302,26.9,27.15,26.9,27.05,12,32
20260303,26.85,26.9,26.4,26.4,32,86
20260304,26.2,26.2,25.75,25.75,33,85
20260305,26,26.45,26,26.45,17,45
20260306,26.15,26.15,26,26.15,20,52
20260309,25.8,25.8,24.45,24.7,40,99
20260310,25.2,25.2,24.75,24.9,22,55
20260311,25.8,25.8,24.65,24.75,45,112
20260312,25.2,25.85,24.95,25,30,76
20260313,25.5,25.5,25.1,25.45,30,76
20260316,27.95,27.95,27.95,27.95,89,249
20260317,30,30.7,29.2,29.75,622,1877
20260318,29.8,30,28.75,28.9,227,663
20260319,29,29.9,29,29.1,100,294
20260320,30.05,30.05,29.05,29.1,97,285
20260323,28.85,28.85,28.35,28.65,76,217
20260324,29.75,29.75,28.25,28.85,57,164
20260325,29.35,29.35,28.55,28.95,30,86
20260326,29,29.15,28.75,28.85,46,133
20260327,28.65,29.1,28.6,29.1,32,92
20260330,29.1,29.1,28.35,28.5,48,137
20260331,29,29,28.5,28.5,30,86
20260401,29.45,29.45,28.8,29.05,48,140
20260402,29.15,29.15,28.85,28.85,61,176
20260407,29.2,29.25,28.85,29,33,96
20260408,29.3,29.35,29,29.1,40,117
20260409,29.05,29.05,28.8,28.8,22,64
20260410,29.85,29.85,29,29,53,155
20260413,29.1,29.3,29,29.2,44,128
20260414,29.5,29.65,29.3,29.65,84,248
20260415,30.4,30.4,29.65,29.85,142,425
20260416,30,30.3,29.7,29.95,73,219
20260417,30.1,30.35,29.85,29.9,60,180
20260420,30,30,29.4,29.5,75,222
20260421,29.95,29.95,29.55,29.7,53,157
20260422,29.8,30.2,29.8,30.2,85,255
20260423,30.3,30.3,29.8,30.15,123,369
20260424,30.1,30.15,29.8,30.1,58,174
20260427,30.25,30.3,29.9,29.9,59,177
20260428,30,30.35,30,30.15,49,147
20260429,30,30,29.85,29.9,22,66
20260430,30.1,30.1,29.9,29.9,28,84
20260504,30.1,30.25,29.9,30.15,77,231
20260505,30.1,30.15,29.8,30.1,77,231
20260506,30.55,30.55,29.85,29.95,78,234
20260507,30.1,30.15,29.95,30,42,126
20260508,29.95,30.9,29.95,30.45,79,241
20260511,30.55,30.65,30.4,30.5,65,198
20260512,30.75,31.15,30.55,31.15,142,438
20260513,31.5,34.25,31.35,34.25,456,1523
20260514,30.85,31.3,30.85,30.85,753,2327
20260515,31.15,31.3,30.05,30.15,334,1023
20260518,30.3,30.65,29.35,30.4,121,363
20260519,30.75,30.95,29.95,30.6,139,421
20260520,30.9,31.2,30.8,30.95,95,295
20260521,31.4,32.3,31.4,31.55,146,462
20260522,32,32,31.6,31.8,91,290
20260525,32,32,31.1,31.3,76,240
20260526,31.65,31.65,30.9,30.9,52,162
20260527,31.85,31.85,30.8,30.85,27,84
20260528,30.9,30.95,30.35,30.35,102,313
20260529,30.5,30.5,30.35,30.35,25,76
20260601,30.3,30.5,30,30.25,84,254
20260602,30.7,30.7,30,30.05,83,250
20260603,30.3,30.35,30.2,30.2,30,91
20260604,30.05,30.35,30.05,30.1,31,93
20260605,30.1,30.4,30.05,30.4,48,145
20260608,29.4,30.5,29.4,30.5,88,263
20260609,30.5,30.7,30.4,30.5,70,214
20260610,30.15,30.45,30.1,30.2,35,106
20260611,29.95,30,29.7,29.8,64,191
20260612,30,30,29.9,29.9,22,66
20260615,30.35,30.35,30,30.2,69,208
20260616,30,30.3,30,30.05,19,57
20260617,30.65,30.65,29.75,29.8,56,168
20260618,30.25,30.45,30.05,30.15,32,97
20260622,31.1,31.55,30.25,30.65,97,297
20260623,30.55,30.55,30.15,30.2,42,127
20260624,30.3,30.95,30.3,30.85,54,165
20260625,31.1,32.3,30.75,32.05,283,901
20260626,32.75,32.75,31.25,31.3,109,346
20260629,32.35,32.35,31.2,31.35,54,170
20260630,31.35,31.6,31.05,31.55,24,75
20260701,32.3,32.3,31.55,31.6,75,239
20260702,31.5,32.45,31.5,31.8,49,156
20260703,32.1,32.4,31.55,32.15,62,199
20260706,32.35,32.5,32.15,32.15,84,272
20260707,32.2,32.2,31.3,31.6,70,221
20260708,31.65,31.8,31.1,31.35,36,113
20260709,31.5,31.5,30.95,31.2,34,106
20260713,31.85,32.95,31.35,31.35,147,476
20260714,31.9,32.4,31.05,31.05,105,331
20260715,31.45,32,31.15,31.9,34,108
20260716,32.1,32.1,31.5,31.75,29,92
20260717,31.4,31.4,30.55,30.55,90,277
20260720,31.05,31.3,30.45,31.2,49,152
20260721,31.35,31.65,31.2,31.4,37,116
20260722,31,31.35,31,31.2,57,177
20260723,31.3,31.4,30.95,30.95,22,68
20260724,30.85,31.05,30.6,31,27,83
20260727,30.95,31,30.7,30.75,25,77
20260728,30.4,30.5,30.1,30.1,37,112
20260729,31.25,31.25,29.2,29.6,65,193
20260730,29.7,29.7,29.4,29.65,10,30
20260731,30.05,30.3,29.9,30.2,31,93
20260803,30.8,30.8,30,30.5,8,24
20260804,30.6,30.9,30.5,30.6,10,31
20260805,30.8,30.85,30.75,30.8,10,31
20260806,30.55,30.85,30.55,30.8,6,18
20260807,31,31.2,30.2,30.55,59,182
20260810,30.8,31.2,30.8,31,12,37
20260811,31,31,30.7,30.75,38,117
20260812,30.8,33.8,30.8,31.75,181,583
20260813,33.3,33.3,32.2,32.5,63,206
20260814,32.5,32.5,31.9,31.9,36,115
20260817,32.4,32.4,31.5,31.55,60,190
20260818,31.6,31.85,31.5,31.7,35,111
20260819,32.2,32.2,31.4,31.8,29,92
20260820,33,33,31.9,32.4,44,142
20260821,32.4,32.8,31.95,32.5,56,182
20260824,32.85,33.3,32.5,32.75,204,669
20260825,28.4,28.4,27.85,28.3,215,604
20260826,27.7,28.35,27.7,28.3,69,194
20260827,28.5,29,28.35,28.8,65,186
20260828,29.2,29.8,28.95,29.8,72,212
20260831,30,30,29.35,29.85,43,127
20260901,30.1,30.1,29.6,29.85,33,98
20260902,30,30,29.45,29.95,21,62
20260903,30.1,30.1,29.1,29.2,21,62
20260904,29.3,29.6,29.3,29.3,20,59
20260907,30,30,29.6,29.6,14,42
20260908,29.6,29.65,29.15,29.15,23,67
20260909,30,30,29,29,21,62
20260910,28.9,28.9,28.55,28.65,17,49
20260911,28.15,28.3,27.95,28.05,37,104
20260914,28.05,28.3,28,28.3,8,22
20260915,28,28.35,28,28.1,10,28
20260916,28.1,28.45,28.1,28.15,6,17
20260917,28.45,28.5,28.3,28.4,6,17
20260918,28.65,28.8,28.45,28.45,6,17
20260921,28.45,28.45,28.45,28.45,10,28
20260922,28.5,28.5,28.3,28.3,15,43
20260923,28.7,28.7,28.05,28.1,32,90
20260924,28.25,28.35,28.05,28.25,6,17
