# date,open,high,low,close,lot,wan
20250814,39.8,41.5,39.5,39.5,793,3201
20250815,40,41,39.65,40.65,523,2115
20250818,41.2,42.65,40.8,41.5,961,4008
20250819,44,45.65,42.5,45.65,2732,12270
20250820,48,48,44.1,45.95,7456,34646
20250821,46.75,50.5,46.45,50.5,11780,57750
20250822,51.1,51.6,48.5,49.8,9927,49549
20250825,51.5,51.5,48.35,48.35,5640,27984
20250826,48.1,48.8,46.3,48.15,3134,14908
20250827,48.25,48.75,47.2,47.35,2057,9854
20250828,47.4,49.35,47.05,47.5,2413,11648
20250829,48.7,50.8,48.05,49.2,6992,34695
20250901,50.7,54.1,50.3,50.8,10349,54050
20250902,52,53.4,46.5,46.85,5412,26555
20250903,46.5,48.4,46.4,47.5,1367,6468
20250904,47.55,48,45.25,45.45,1571,7286
20250905,45.6,46.8,45.35,45.95,1099,5051
20250908,46,46.35,44,45.35,1534,6923
20250909,46,46.45,44.45,44.55,905,4098
20250910,44.6,45.4,44.2,44.8,635,2843
20250911,44.85,45,42.5,42.7,1015,4424
20250912,43.05,44.6,43.05,44.45,756,3323
20250915,44.45,45.15,43.4,43.95,488,2152
20250916,44.45,44.45,43.15,43.45,400,1740
20250917,43.9,44.05,43.25,43.7,221,963
20250918,43.8,43.85,42.6,42.85,476,2047
20250919,43.05,43.35,42.6,42.6,377,1622
20250922,43.1,44.1,42.6,43.25,517,2241
20250923,43.8,43.95,42.9,42.9,519,2247
20250924,43,43.6,42.75,43,248,1070
20250925,43.3,44.9,42.9,44.45,688,3037
20250926,44.05,44.1,41.45,41.7,987,4158
20250930,42.3,43.9,41.8,43.7,577,2490
20251001,43.05,45.2,43.05,43.95,532,2361
20251002,44.7,44.7,43.65,43.95,505,2217
20251003,43.95,45.3,43.95,45.25,629,2808
20251007,45.4,46.6,44.9,46.05,881,4048
20251008,46.25,47.5,44.7,46.95,831,3852
20251009,46.55,47,46.1,46.7,518,2416
20251013,44.8,46.75,44.8,46.4,507,2336
20251014,46.95,47.9,45.9,46.7,952,4468
20251015,46.7,47.5,46.6,46.65,309,1447
20251016,46.7,46.85,45.3,46.2,556,2564
20251017,46.1,46.1,44.2,44.2,616,2755
20251020,44.35,45.25,44.2,44.6,214,952
20251021,45,46.7,45,45.6,428,1973
20251022,45.6,46.3,45.6,45.9,176,810
20251023,45.45,45.6,44.7,44.7,233,1047
20251027,45.3,45.5,44.4,45.4,364,1633
20251028,45.6,45.6,44.45,44.5,201,896
20251029,44.55,44.6,42.6,43.7,541,2360
20251030,43.6,43.8,43,43,218,947
20251031,43.15,43.85,42.6,42.6,166,717
20251103,42.4,43,42.25,42.5,169,723
20251104,42.55,42.55,41.85,41.95,204,861
20251105,41.55,42.15,40.65,41.8,213,888
20251106,42.4,44,41.9,43.35,301,1289
20251107,43.95,45.5,43.8,43.85,433,1918
20251110,44.5,45.5,44.15,44.3,226,1011
20251111,44.85,46.8,44.85,45.95,775,3562
20251112,46.2,47.2,46,46.5,499,2332
20251113,46.55,46.95,44.4,44.4,642,2909
20251114,44.3,44.3,43.3,43.35,243,1061
20251117,43.6,43.6,42.05,42.05,262,1112
20251118,42.05,42.5,41.45,41.45,191,797
20251119,41.95,42.5,41,41,161,667
20251120,42.25,42.25,41.25,41.55,52,217
20251121,41.05,42,40.05,40.25,153,622
20251124,40.35,41.05,40,40.15,85,341
20251125,40.8,41.5,40.55,41.1,115,473
20251126,41.35,41.8,41.3,41.7,58,242
20251127,41.7,41.8,41.2,41.5,60,249
20251128,42.05,42.35,41.4,41.45,87,363
20251201,41.45,41.45,40.7,40.8,60,244
20251202,41.9,41.9,40.8,40.8,54,219
20251203,40.9,41.3,40.9,40.9,45,184
20251204,41.95,43,41.25,41.5,96,402
20251205,42.45,43.2,41.35,41.8,148,624
20251208,41.8,41.8,40.35,40.55,166,676
20251209,40.5,40.5,39.5,40,259,1030
20251210,40,40.5,39.5,39.7,130,521
20251211,40.25,40.25,39.6,39.9,123,491
20251212,39.9,40.4,39.55,39.65,96,383
20251215,39.25,39.8,39,39.35,61,240
20251216,39.1,39.3,38.55,38.85,180,698
20251217,39,39.5,38.85,38.85,92,362
20251218,38.65,39.2,38.2,38.2,119,457
20251219,38.85,38.85,38.2,38.2,69,264
20251222,38.4,39.1,38.25,38.9,70,271
20251223,38.9,39.5,38.8,38.8,106,412
20251224,39.2,39.2,38.2,38.65,60,233
20251226,38.95,39.1,38.3,38.6,92,355
20251229,38.6,39.45,38.3,38.6,134,522
20251230,38.5,38.65,38.25,38.3,57,217
20251231,38.3,38.8,38.3,38.4,43,165
20260102,39.2,39.2,38.45,38.7,82,316
20260105,38.9,39.2,38.4,38.95,149,577
20260106,39.5,41.35,39.5,40.25,258,1045
20260107,40.95,41,40.2,40.3,106,430
20260108,40.35,40.55,39.8,39.85,105,419
20260109,39.85,39.85,38.5,39.1,72,283
20260112,39.2,39.4,38.5,39.2,124,483
20260113,39.25,39.45,38.8,38.9,139,543
20260114,39,39.8,39,39.5,243,958
20260115,39.6,39.6,38.7,39.3,149,583
20260116,39.7,40.75,39.35,39.95,181,727
20260119,40.45,40.55,39.75,40,186,744
20260120,39.5,40.15,39.05,40,175,697
20260121,39.4,41.05,39.4,40.45,176,717
20260122,41.35,41.35,40,40.1,114,458
20260123,40.55,43.5,40.55,41.9,814,3459
20260126,41.9,42.65,41.45,41.5,204,856
20260127,41.5,41.5,40.15,40.5,149,605
20260128,40.6,41.4,39.85,41.25,190,769
20260129,41.4,41.95,40.05,40.25,149,604
20260130,40.2,40.25,39.05,39.35,122,483
20260202,39.45,39.45,38,38.6,178,683
20260203,38.5,39,38.35,38.35,119,459
20260204,38.1,39.45,38.1,38.8,51,199
20260205,39.5,39.5,38.4,38.4,34,133
20260206,38.4,38.95,36.85,38.15,169,636
20260209,38.35,38.95,38.1,38.15,70,270
20260210,38.2,39.5,38.2,38.35,90,347
20260211,38.4,38.65,38.1,38.2,91,347
20260223,38.2,38.8,37.7,38.8,196,748
20260224,38.35,39,38.3,38.35,120,462
20260225,38,38.25,37.35,37.35,352,1321
20260226,37.35,38.15,37.35,37.9,168,638
20260302,37.7,38.75,37.1,37.8,177,673
20260303,37.45,38.25,36.85,36.85,150,558
20260304,36.5,36.5,34.35,35.15,205,725
20260305,36.3,37.05,35.9,36.1,54,195
20260306,35.55,36.8,35.55,36.1,67,242
20260309,34.7,34.7,32.7,33.9,368,1236
20260310,34.5,34.7,33.95,34.2,63,214
20260311,34.25,35.45,34.25,35.3,58,203
20260312,34.65,35.75,34.65,35.1,39,137
20260313,34.8,35.4,34.8,35.05,84,297
20260316,35.55,35.55,34.45,34.8,90,316
20260317,34.85,35.25,34.8,34.95,79,277
20260318,35.05,36.1,34.85,35.8,107,381
20260319,35.7,36.95,35.5,36.5,205,749
20260320,36.45,37.8,36.35,36.65,169,623
20260323,36.7,37.7,36.3,36.5,176,653
20260324,36.5,36.5,35.15,35.6,74,265
20260325,36.75,36.75,35.7,36.4,38,136
20260326,36.1,37.15,35.5,35.75,69,248
20260327,35.25,36,35.25,36,58,207
20260330,35.05,36.9,35.05,35.5,70,250
20260331,35.5,35.65,34.8,34.8,106,372
20260401,35.1,37.15,35,35.45,135,485
20260402,35.5,35.7,34.8,34.8,108,381
20260407,34.95,35.65,34.8,35.3,60,213
20260408,36,36.5,35.75,35.75,84,304
20260409,35.75,36.15,35.75,35.8,74,266
20260410,35.8,36.45,35.75,36,97,350
20260413,36.5,37,36.2,36.9,85,312
20260414,37.6,40,36.25,38.2,992,3825
20260415,39.35,39.65,38.1,38.5,524,2032
20260416,39.1,41.3,38.6,40.1,1008,4077
20260417,41.3,41.35,39.55,41.05,566,2305
20260420,41.65,41.95,40.1,40.4,545,2225
20260421,41,41,39.05,40.8,531,2132
20260422,40.9,41.5,40.5,40.8,479,1962
20260423,41,41,38.4,39.1,374,1477
20260424,39.2,40.8,39.15,40.45,343,1382
20260427,41,41,39.1,39.9,168,666
20260428,39.9,40.85,39.3,39.85,164,658
20260429,40.15,40.15,39,39.5,98,387
20260430,40.95,42.85,40.25,40.35,748,3113
20260504,41.15,43,40.5,41.9,447,1866
20260505,42.8,42.8,41,42.2,274,1147
20260506,42.45,45.5,41.5,42.4,1946,8439
20260507,43.85,44.2,41.65,42,395,1681
20260508,42.1,43.1,41.4,42.65,368,1558
20260511,43.2,43.2,41.6,42.65,200,843
20260512,42.65,42.65,41.85,42.5,241,1015
20260513,42.75,42.75,41.1,41.4,170,703
20260514,41.4,42.4,40.5,40.55,428,1763
20260515,41,44.6,40.9,41.8,1859,8066
20260518,41.8,42.45,41.15,41.85,400,1673
20260519,42,42.05,41.05,41.55,223,922
20260520,41.55,42.5,40.5,42.4,235,977
20260521,43.4,46.6,42.8,46.6,2255,10353
20260522,46.95,51,46.45,49.7,4885,23670
20260525,50.2,54.3,50.1,53.2,3426,17828
20260526,53.2,57.3,50.2,56.2,5603,30569
20260527,56.2,56.6,53,53.7,1680,9203
20260528,53.9,59,53.9,57.8,3869,22527
20260529,61.5,61.5,57.6,58.1,1553,9140
20260601,58.5,60.2,57,57.1,1527,8911
20260602,56.5,56.7,52,53.9,1683,8990
20260603,53.9,57,53.8,56.1,948,5280
20260604,56.5,56.5,52.9,53.5,609,3290
20260605,53.5,55.1,52.5,52.8,588,3144
20260608,47.55,51,47.55,50.7,881,4307
20260609,51,51.6,49.75,51,358,1815
20260610,50,52,46.1,46.45,977,4707
20260611,46,47.05,44.25,45.55,452,2061
20260612,47.5,47.55,45.35,45.35,381,1752
20260615,46.45,47.3,46,46,330,1535
20260616,47,47,45.35,46.2,284,1312
20260617,45.8,47.2,45.5,46.9,337,1559
20260618,47.4,48.1,46.8,47.85,321,1526
20260622,49.1,50.7,48.1,48.65,499,2457
20260623,49,49.05,47.8,48.05,224,1082
20260624,47.55,47.75,45.8,46.2,296,1379
20260625,47.1,49.85,46.5,47.9,763,3723
20260626,47,47.3,45.2,45.75,479,2215
20260629,46.5,48.45,45.75,47.1,341,1612
20260630,47.45,48.5,47.45,47.7,182,870
20260701,48.9,50.9,48.2,48.8,449,2219
20260702,49.3,52.2,48.5,50.6,839,4269
20260703,51,51,49.3,49.45,315,1571
20260706,51.1,51.9,50,50.4,278,1413
20260707,51.3,54.2,48.6,48.8,778,3978
20260708,48.8,49.35,47.75,49.35,250,1211
20260709,50,50,48.3,48.7,169,825
20260713,47.75,49.3,47.75,48.5,215,1040
20260714,48.6,48.6,45.3,47.15,388,1803
20260715,48.35,48.6,47.2,48.35,137,657
20260716,48.45,50.8,47,49.9,359,1787
20260717,49.1,50.8,46.4,46.5,602,2905
20260720,46.5,47.1,44.5,45.2,302,1368
20260721,45.7,46.5,45.5,46.15,127,586
20260722,46.3,47.45,46.25,46.4,98,456
20260723,47.75,47.75,45.85,46.35,89,412
20260724,45.9,45.9,44.05,45.45,147,661
20260727,45.45,45.95,44.7,45.95,92,417
20260728,45.05,45.2,42.85,42.95,218,950
20260729,43.85,43.85,38.7,40.25,907,3591
20260730,39.95,40.55,38,38.35,231,905
20260731,40,40.55,39.3,40.45,189,760
20260803,39.35,41.5,39.35,40.65,148,605
20260804,42.1,42.1,40.6,41.8,176,728
20260805,42.35,42.85,42.1,42.8,136,581
20260806,46,47.05,45.6,47.05,338,1586
20260807,50.6,50.6,46.75,46.75,1273,6155
20260810,46.8,49.9,46.75,48.7,608,2957
20260811,48.15,48.4,47.5,47.85,180,862
20260812,48.1,50.5,48.1,50.1,456,2275
20260813,51.4,52.7,50.1,51,686,3549
20260814,51,51,48.55,48.6,302,1478
20260817,48.6,50.2,48.6,49,274,1354
20260818,48.6,48.7,47.4,47.65,242,1161
20260819,47.35,48.5,47,47.3,185,882
20260820,48.9,49.3,47.2,47.3,183,877
20260821,47.35,47.35,46.05,46.4,177,819
20260824,46.4,46.8,45.5,45.9,78,359
20260825,45.9,45.9,44.9,45.3,123,555
20260826,45.3,46.9,45.3,46.1,91,421
20260827,46.1,48.55,46.1,48.05,236,1138
20260828,48.1,48.3,47.05,47.4,127,604
20260831,47.1,47.1,45.8,46.4,116,537
20260901,46.5,47.1,46.3,46.5,108,501
20260902,46.3,46.7,46.1,46.3,43,201
20260903,46.5,46.65,45.25,45.25,101,464
20260904,45.3,46.25,45.3,46.25,114,523
20260907,45.9,45.9,44.8,44.9,231,1041
20260908,44.6,44.75,42.8,42.95,355,1537
20260909,43.05,43.45,42.85,43.1,125,540
20260910,42.7,42.7,42.2,42.2,83,351
20260911,42,42.7,41.8,42.5,87,366
20260914,42.25,42.45,41.5,41.9,94,396
20260915,42.35,42.35,41.4,41.65,58,240
20260916,41.15,41.8,41.05,41.7,158,651
20260917,41.75,43.2,41.75,42.75,259,1107
20260918,43.8,43.8,42.75,42.85,60,256
20260921,42.85,43.4,42.8,43.3,57,244
20260922,43.65,43.65,42.5,42.5,87,372
20260923,42.55,42.55,41.85,41.85,96,405
