# date,open,high,low,close,lot,wan
20250814,32.6,33.65,32.6,33.65,1914,6420
20250815,37,37,37,37,988,3656
20250818,40.7,40.7,40.1,40.7,2011,8175
20250819,42,42.15,37.5,38,2302,9156
20250820,37.7,37.7,34.2,35.05,928,3262
20250821,35.9,36.25,35.6,35.65,402,1443
20250822,35.2,35.2,32.1,32.8,753,2482
20250825,33.45,33.5,32.65,33.1,271,895
20250826,32.3,32.85,31.2,31.4,307,979
20250827,31.4,32.85,31.4,32.05,398,1286
20250828,32.05,35.1,31.55,34.45,625,2116
20250829,34.9,35.95,34,35.6,455,1594
20250901,35.3,35.35,32.55,32.55,411,1391
20250902,32.05,33.5,29.3,29.6,893,2729
20250903,29.35,30.9,29,29.3,417,1245
20250904,29.6,29.65,26.4,26.4,1009,2785
20250905,27.05,29,26.75,29,726,2039
20250908,30,31.9,30,31.9,1374,4315
20250909,33.85,35.05,33.3,35.05,1790,6148
20250910,36.7,38.55,35.85,37.5,6287,23463
20250911,37.5,38.8,36.35,37.35,2671,10029
20250912,37.6,38.3,36,36,1206,4450
20250915,35.7,35.75,32.8,32.8,1003,3391
20250916,33.15,36.05,32.85,36.05,688,2422
20250917,37.55,39.65,37.3,39.65,3528,13804
20250918,39,43.4,36.95,37.4,6302,25411
20250919,37.8,39.45,37,37,1905,7270
20250922,36.65,37.75,35.55,36.85,954,3488
20250923,36.8,40.5,36.6,36.6,2793,10839
20250924,37.2,37.3,35.5,35.9,685,2476
20250925,36.4,38.8,36.15,37.6,1514,5715
20250926,38.55,39.4,36.2,37.15,1719,6461
20250930,37.6,40.85,36.75,37.15,5445,21448
20251001,37.55,38.85,36.85,36.9,2011,7566
20251002,37,37.5,33.7,36.05,3343,11826
20251003,37.1,38.2,36.2,36.6,1895,7023
20251007,36.55,38.9,35.6,37.65,1708,6380
20251008,37.4,38.2,36.55,36.7,797,2967
20251009,36.7,36.95,35,35.65,873,3149
20251013,33.85,35.5,33.85,34.8,331,1148
20251014,35.15,35.65,32.6,33.3,768,2598
20251015,34,34,33,33.1,224,748
20251016,33.5,33.95,33.1,33.25,272,910
20251017,32.85,33.6,32.05,32.2,390,1270
20251020,33.6,33.8,32.2,32.3,354,1159
20251021,32.9,33.25,32.3,32.35,237,774
20251022,33.15,33.15,31.75,32.05,285,917
20251023,32.1,33.75,32.1,32.45,342,1126
20251027,32.95,35.65,31.9,35.65,1036,3607
20251028,36.4,38,34.2,37.95,2570,9355
20251029,37.9,41.7,36.5,39.6,4419,17862
20251030,40.75,41.45,38.1,39.8,2766,10994
20251031,40.1,41.15,38.1,38.65,2952,11801
20251103,38.85,40.5,37.2,37.2,1642,6327
20251104,37.2,37.9,35.5,36.1,1372,5039
20251105,37.1,39.7,36.6,39.7,5102,19827
20251106,40.85,43.65,40.1,40.6,13023,54834
20251107,39.8,39.8,37.25,37.3,2874,10978
20251110,36.9,38.65,36.05,37.35,1358,5070
20251111,37.05,39.6,37.05,37.9,2169,8385
20251112,38.45,40.2,38.35,38.55,2517,9864
20251113,39.2,39.6,38.6,38.9,1253,4889
20251114,38.3,39.55,37.75,38.6,864,3333
20251117,39.2,39.2,36.25,36.25,1103,4119
20251118,37.8,39.85,37.45,38.95,5072,19907
20251119,39.3,42.5,38.8,39.9,7890,31896
20251120,40.6,43.85,40,43.85,9729,41506
20251121,42.8,47.35,42.8,43.3,13346,59509
20251124,43.3,47.6,43,47.6,4085,18853
20251125,52.3,52.3,52.3,52.3,1013,5298
20251126,55.7,57.5,53,57.5,12657,70439
20251127,61,61,52.4,54.8,9952,55107
20251128,54.4,54.5,52.8,54.5,1143,6132
20251201,54.5,55.2,53.8,53.9,492,2668
20251202,54.3,54.3,53.2,53.3,576,3091
20251203,53.4,54.7,53,54.6,854,4614
20251204,54.4,55,53.5,54.2,569,3087
20251205,54.2,54.2,53,54.2,533,2852
20251208,55.3,57,54.4,56,740,4142
20251209,55.5,56.2,54.7,56.2,758,4225
20251210,56.1,61.8,56.1,60.5,1702,10136
20251211,61,63,59.3,60.8,1722,10537
20251212,63.1,66.8,56,56.4,8120,49549
20251215,54.2,57.6,52.3,57.3,4954,27551
20251216,57.4,57.8,54.5,54.9,3570,20177
20251217,54.6,59.5,54.6,55.6,3443,19652
20251218,55.9,55.9,52.9,53,1299,6992
20251219,53.5,58.3,53.5,57.4,4328,24690
20251222,57.8,58.6,56.2,56.3,3122,17801
20251223,56,57.6,54.8,55.2,1611,9039
20251224,55.1,55.8,53.3,54.8,1659,9043
20251226,55,58.5,54.5,57.3,3898,22356
20251229,59.6,63,59,61.7,7520,46392
20251230,61.5,62.1,58.8,60.4,3191,19277
20251231,60.8,62.2,58,58.5,2608,15708
20260102,58.5,59.3,57.7,57.7,1157,6730
20260105,57.7,58.3,53.5,53.5,1358,7491
20260106,53.5,55.2,53.2,53.3,669,3612
20260107,53.5,53.9,50.5,50.9,1215,6252
20260108,51.5,53,50.6,50.7,1037,5340
20260109,50.4,53.8,50.1,51.7,907,4695
20260112,53.2,54.2,52.1,52.1,969,5131
20260113,51.8,52.4,49.6,50.1,755,3820
20260114,50.8,54.9,49.65,53.6,1568,8319
20260115,52.5,54.5,52.2,53.5,1005,5374
20260116,53.5,58.8,52.4,58.7,4756,27260
20260119,59.2,62.8,57.5,61.2,6592,39939
20260120,59.4,64.5,58.9,59.2,3627,22270
20260121,57.9,59.5,55.5,55.9,1387,7905
20260122,57,61.4,56.1,61.4,3046,18205
20260123,65.5,66.5,59,60.7,7414,46730
20260126,61.3,61.7,58,58,1600,9495
20260127,58.3,60.8,57.8,57.8,1879,11124
20260128,57.9,58.4,55.7,56.2,1313,7460
20260129,56.6,57.6,53,53.5,979,5332
20260130,54,54.5,50.8,52,675,3527
20260202,52,52.4,49.25,50,759,3836
20260203,51.1,55,51.1,55,1007,5396
20260204,55,58,54.5,57.3,2536,14302
20260205,56.5,59.5,56,58.1,1349,7750
20260206,56.7,59.9,55.3,58,1865,10832
20260209,59.6,60.2,56.9,59.8,1732,10232
20260210,57.4,60.9,54.4,60,3623,20837
20260211,59.8,63,58.9,59.2,2564,15515
20260223,59.7,65.1,58.1,65.1,3201,20295
20260224,69.5,71.6,69.5,71.6,1605,11401
20260225,74.6,78.7,74.6,78.7,1492,11481
20260226,80,86.5,71.7,86.4,6750,54069
20260302,83.9,95,83.9,95,2863,26379
20260303,91.8,96.8,87,90,1213,11012
20260304,89.4,89.4,81,81,775,6380
20260305,84,87,77.4,85,729,6072
20260306,85,93.5,85,93.5,880,8108
20260309,84.2,84.2,84.2,84.2,326,2745
20260310,84.5,92,81.1,85,657,5680
20260311,89.9,93.5,89.9,93.5,516,4750
20260312,98,102,95.7,96.8,673,6615
20260313,92,100,92,95.5,464,4490
20260316,96.6,97.2,90.5,95.7,620,5886
20260317,94.4,105,88.1,90.3,4718,45624
20260318,92.6,95.5,86.8,90.2,3107,28369
20260319,88.7,92.5,87.5,89.4,963,8582
20260320,88.7,98.3,88.7,98.3,2437,23432
20260323,98.3,102.5,93.1,93.5,3167,30729
20260324,96,97.4,84.9,86.8,2588,23415
20260325,91.1,95.4,91.1,95.4,957,9038
20260326,97,104.5,97,104.5,3059,31464
20260327,106.5,114.5,106.5,114.5,1552,17225
20260330,122.5,125,106.5,111.5,5612,64514
20260331,112,116.5,100.5,102.5,2873,30643
20260401,108.5,111,98.1,101.5,3308,34242
20260402,102.5,111.5,100,107,5330,57236
20260407,112,113.5,102,106,4835,52117
20260408,107,116.5,106.5,116.5,3563,39859
20260409,124.5,125,111.5,116,5924,69232
20260410,116,127.5,116,127.5,4344,53692
20260413,140,140,140,140,1078,15092
20260414,154,154,138,144.5,5648,82126
20260415,144.5,145.5,138,141.5,2844,40152
20260416,137,140.5,137,137.5,658,9066
20260417,134.5,147,131.5,145.5,848,11851
20260420,147,151,143,145.5,706,10361
20260421,149.5,149.5,143,146.5,511,7464
20260422,146.5,161,144.5,161,1067,16702
20260423,177,177,146,175,1736,28501
20260424,174,190,170,179,866,15631
20260427,189,189,163,166,747,12657
20260428,169.5,175,160,175,635,10665
20260429,175,183,170,181,693,12357
20260430,185,185.5,165,165,3264,57169
20260504,162.5,169,154,162,2401,38638
20260505,159,168.5,156.5,166,1260,20627
20260506,169,170,157,160,1613,26125
20260507,160.5,167,155,156.5,1028,16421
20260508,152,153,141,142,1825,26512
20260511,139.5,149.5,139.5,139.5,1154,16551
20260512,139.5,150,139.5,143,1177,17054
20260513,141.5,145.5,138.5,143,969,13779
20260514,143,143,130.5,132.5,1894,25327
20260515,135,139,128,129,1033,13716
20260518,129,130.5,123.5,127,653,8315
20260519,129,132,123,124,603,7639
20260520,124,125.5,116,118,735,8766
20260521,121.5,125,120.5,122,579,7098
20260522,122,134,122,134,1287,17101
20260525,143,146.5,136.5,139.5,2917,41530
20260526,140.5,144.5,135,136.5,2160,30297
20260527,136.5,136.5,128,128.5,1366,17933
20260528,128.5,129,116,116.5,1420,17195
20260529,119,121,109.5,111.5,1659,18783
20260601,113.5,113.5,109,110,926,10295
20260602,110.5,110.5,102,104,1169,12282
20260603,106,107,103.5,104,785,8228
20260604,102,102,99.9,100,473,4764
20260605,98.9,99.4,94.3,97.6,704,6830
20260608,87.9,94.2,87.9,93.9,567,5125
20260609,94.8,97.8,92.8,94.3,572,5413
20260610,93.7,97.3,85.5,86.7,1050,9586
20260611,89.5,92.3,85.2,88.6,878,7816
20260612,91.2,92,85.7,85.7,546,4813
20260615,88,92.9,88,91,739,6738
20260616,93,93.8,88.5,89.2,552,5023
20260617,86.1,88.6,86.1,86.8,354,3086
20260618,87.2,88.8,85.5,87.4,372,3255
20260622,89.2,96.1,87.6,96.1,944,8934
20260623,105.5,105.5,105.5,105.5,1416,14939
20260624,105,111,101.5,108.5,3197,34059
20260625,110,111.5,103,104,1109,11768
20260626,104,105,93.6,93.7,1048,10205
20260629,93,94.7,90.1,90.1,506,4658
20260630,90.9,93.7,90.9,92.2,332,3063
20260701,94,95,88.5,88.7,591,5377
20260702,88.7,90.2,86.5,87.5,300,2651
20260703,87.5,93.5,86.3,91.6,608,5514
20260706,93.1,98.8,90.5,92.6,617,5821
20260707,93.5,93.7,86,86,568,5084
20260708,88,88,84,85.8,442,3797
20260709,85.8,87.1,84,84.1,272,2310
20260713,85.5,86.7,79.1,81.8,376,3114
20260714,81,81.9,73.9,78.3,760,5870
20260715,81.5,81.5,77.6,79.1,357,2825
20260716,79,79,76.2,76.9,310,2395
20260717,75,75,70,70,476,3407
20260720,71.9,71.9,65.7,69,390,2678
20260721,70.7,71,69,69.5,175,1221
20260722,72.3,73.4,70.2,70.5,218,1555
20260723,72,75.9,70.8,73.3,489,3591
20260724,72.5,72.5,68.3,69.7,289,2031
20260727,69.7,70.4,66.6,70.3,153,1061
20260728,70.1,77.3,68.9,77.3,724,5478
20260729,76.8,82.7,69.6,69.6,3948,30690
20260730,66.4,67.2,62.7,62.7,835,5398
20260731,65.5,67.6,63.1,64.6,768,5014
20260803,63.7,70.2,63,68.1,469,3181
20260804,67.8,74.9,67.1,74.9,634,4643
20260805,77.9,80.4,75.8,75.8,1030,8006
20260806,75.8,80.4,74,77.8,530,4094
20260807,79.1,81.6,76.8,79.3,575,4559
20260810,79.7,82,78.5,78.5,472,3759
20260811,78.1,78.1,73.9,75.6,327,2479
20260812,75.5,77.5,75.5,76.1,233,1787
20260813,78.2,79.1,76.8,77.1,322,2504
20260814,78.9,81.2,76.9,78.1,473,3703
20260817,78.1,82.1,78.1,78.5,538,4307
20260818,78,83.4,77.6,78.5,742,5969
20260819,75.8,79.2,75.5,76.4,276,2122
20260820,77,78.7,76.1,77.2,223,1729
20260821,78.3,78.3,75.6,75.8,178,1357
20260824,76.9,78.1,73.8,73.8,187,1414
20260825,74.6,75.5,70.8,75.5,236,1715
20260826,74.1,81.8,74.1,80,622,4945
20260827,79.5,81.2,78.6,80.2,287,2294
20260828,80.1,88.2,80.1,88.2,1115,9532
20260831,91.5,93.2,81.3,86,3040,27015
20260901,86,89.2,84.9,87.4,593,5164
20260902,86.2,92.5,86.1,88.8,912,8193
20260903,88,92.8,86.8,87,705,6289
20260904,95.6,95.7,86,87,2132,19640
20260907,86,89.6,85.4,89.6,526,4622
20260908,92.6,97.9,90.6,91,1838,17227
20260909,92.5,93.3,88.4,89,709,6399
20260910,88.5,89.7,87.6,87.8,337,2979
20260911,84,85.6,83.8,84.1,399,3367
20260914,85,85.6,83.6,84.4,252,2136
20260915,83.7,84.5,82.2,84.5,311,2601
20260916,83.5,85.5,83.5,83.8,186,1571
20260917,84.4,87.1,82.6,83.2,344,2912
20260918,84.3,87.4,84.3,86.9,258,2216
20260921,88,89.4,86,86.6,297,2606
20260922,88.4,88.4,85.2,85.8,207,1794
20260923,86.5,86.9,84.5,84.6,135,1149
