# date,open,high,low,close,lot,wan
20250814,697,727,697,706,721,51585
20250815,712,712,690,696,488,34094
20250818,698,734,690,724,910,65706
20250819,727,734,708,714,613,44002
20250820,718,718,689,705,568,39942
20250821,711,723,694,696,347,24589
20250822,695,702,680,680,480,33093
20250825,695,710,694,700,442,31036
20250826,700,701,685,694,260,18032
20250827,700,763,697,763,2348,173713
20250828,775,783,753,776,2599,200332
20250829,780,787,762,766,789,60652
20250901,760,763,694,705,1182,84983
20250902,712,715,684,694,691,47898
20250903,693,704,686,695,454,31539
20250904,708,708,695,695,231,16188
20250905,702,706,696,698,215,15062
20250908,704,743,704,730,688,49712
20250909,732,743,724,726,353,25848
20250910,725,730,716,717,205,14811
20250911,718,723,701,708,261,18513
20250912,704,718,702,705,210,14841
20250915,706,706,686,692,253,17521
20250916,692,700,683,691,241,16575
20250917,693,697,686,688,175,12084
20250918,691,718,691,717,382,26951
20250919,712,717,706,707,272,19315
20250922,707,713,699,701,122,8574
20250923,701,704,695,695,188,13147
20250924,694,700,682,685,297,20416
20250925,682,712,680,704,423,29604
20250926,703,703,670,671,473,32111
20250930,676,679,666,679,184,12368
20251001,679,681,669,669,132,8860
20251002,673,675,667,667,80,5341
20251003,662,667,643,648,387,25245
20251007,649,660,647,655,246,16043
20251008,649,657,647,656,68,4468
20251009,668,668,633,636,231,14941
20251013,618,640,617,623,303,19039
20251014,629,635,595,595,261,15922
20251015,595,609,595,605,143,8576
20251016,605,611,600,604,121,7322
20251017,593,605,592,593,145,8648
20251020,596,603,593,603,94,5611
20251021,607,629,607,621,342,21189
20251022,621,658,619,635,492,31549
20251023,629,643,625,641,112,7130
20251027,643,649,634,640,145,9291
20251028,639,639,628,630,92,5824
20251029,633,675,631,664,646,42508
20251030,680,681,647,651,382,25361
20251031,652,694,652,670,887,60465
20251103,674,678,649,650,358,23475
20251104,659,659,612,615,303,19178
20251105,609,612,592,604,265,15892
20251106,610,615,605,609,78,4728
20251107,609,609,595,601,106,6350
20251110,602,619,602,619,142,8700
20251111,627,664,625,660,615,39794
20251112,666,672,645,672,308,20254
20251113,670,690,657,682,524,35661
20251114,676,676,658,673,205,13627
20251117,683,683,658,660,175,11634
20251118,656,656,633,633,172,11002
20251119,635,638,615,617,173,10732
20251120,630,651,621,650,254,16252
20251121,641,641,601,608,234,14414
20251124,611,622,604,609,108,6569
20251125,619,624,611,614,86,5286
20251126,621,650,621,627,181,11464
20251127,631,635,615,620,157,9763
20251128,620,648,617,641,211,13476
20251201,635,639,618,625,172,10781
20251202,626,652,626,629,265,16989
20251203,635,646,622,625,157,9935
20251204,648,670,640,640,793,51955
20251205,677,704,671,686,1750,121157
20251208,686,688,662,675,527,35476
20251209,678,680,667,680,246,16514
20251210,680,685,675,679,125,8514
20251211,679,687,676,676,187,12715
20251212,679,692,662,674,252,17006
20251215,660,663,654,660,109,7182
20251216,653,660,640,642,152,9843
20251217,642,650,633,635,167,10662
20251218,630,634,624,628,53,3320
20251219,631,645,624,630,97,6137
20251222,630,635,626,628,86,5446
20251223,626,639,626,636,115,7300
20251224,635,657,635,637,224,14454
20251226,639,656,639,654,170,11053
20251229,648,653,643,652,78,5020
20251230,644,650,640,646,105,6766
20251231,641,655,641,652,59,3835
20260102,651,664,651,656,171,11248
20260105,658,664,640,652,220,14297
20260106,650,671,638,641,308,20049
20260107,643,648,636,644,190,12213
20260108,652,708,652,702,1358,94840
20260109,698,702,669,692,504,34660
20260112,691,700,683,700,320,22161
20260113,703,732,698,718,725,51985
20260114,726,726,706,725,337,24159
20260115,729,729,712,720,211,15185
20260116,725,746,725,736,523,38479
20260119,737,757,731,743,533,39893
20260120,743,761,738,752,343,25848
20260121,747,764,733,753,456,34069
20260122,776,777,744,752,382,28746
20260123,751,775,751,759,500,38220
20260126,770,832,759,806,1252,100261
20260127,807,837,807,813,923,76051
20260128,820,823,789,805,701,56191
20260129,839,843,797,800,831,67530
20260130,800,801,762,774,518,40162
20260202,767,767,730,751,406,30304
20260203,760,760,715,731,431,31601
20260204,740,741,718,720,243,17661
20260205,714,714,687,692,363,25384
20260206,685,685,658,665,333,22217
20260209,689,689,674,684,143,9761
20260210,684,690,670,683,178,12079
20260211,679,690,679,689,125,8573
20260223,711,711,692,702,225,15753
20260224,700,709,697,704,145,10222
20260225,711,713,699,702,177,12425
20260226,708,710,692,696,236,16566
20260302,687,705,675,696,424,29413
20260303,693,703,648,669,659,43989
20260304,664,664,614,627,595,37506
20260305,640,664,640,651,250,16274
20260306,657,659,640,657,154,10058
20260309,606,636,592,627,390,23788
20260310,631,649,628,628,116,7393
20260311,635,650,632,650,149,9583
20260312,640,654,633,641,160,10237
20260313,632,641,625,631,284,17897
20260316,634,639,625,629,89,5625
20260317,633,641,629,629,86,5439
20260318,637,648,630,639,111,7118
20260319,639,645,633,640,147,9359
20260320,640,655,628,642,126,8099
20260323,621,642,621,626,130,8161
20260324,660,660,618,638,107,6775
20260325,656,659,640,659,152,9878
20260326,660,700,660,679,413,28368
20260327,679,694,667,667,295,20056
20260330,647,656,640,648,143,9258
20260331,647,647,609,624,191,11904
20260401,640,649,638,642,130,8370
20260402,646,655,629,632,87,5535
20260407,639,653,636,649,79,5070
20260408,660,679,660,678,117,7870
20260409,678,678,661,664,131,8728
20260410,664,678,664,668,103,6879
20260413,663,673,645,663,176,11603
20260414,685,692,668,683,252,17230
20260415,698,742,690,742,721,52039
20260416,750,751,722,737,409,30113
20260417,733,763,728,734,390,29031
20260420,734,769,723,745,398,29631
20260421,766,766,733,750,309,22932
20260422,755,784,744,763,325,24982
20260423,770,770,709,740,360,26703
20260424,754,754,723,723,226,16573
20260427,723,726,702,722,213,15185
20260428,727,734,715,722,94,6797
20260429,722,763,722,731,248,18400
20260430,751,789,746,764,606,46731
20260504,769,796,766,774,320,24936
20260505,780,782,759,765,191,14621
20260506,769,770,721,745,286,21222
20260507,750,757,743,755,109,8158
20260508,784,784,747,762,196,14965
20260511,764,820,757,783,481,38303
20260512,787,787,751,777,244,18726
20260513,781,781,750,765,160,12156
20260514,771,772,753,756,121,9210
20260515,760,788,760,774,369,28643
20260518,777,777,752,765,230,17655
20260519,769,769,699,705,251,18246
20260520,700,713,679,687,210,14436
20260521,698,710,691,707,86,6055
20260522,705,743,699,729,153,11073
20260525,735,759,725,731,188,13896
20260526,731,755,719,725,180,13107
20260527,730,732,700,713,201,14290
20260528,715,722,683,692,226,15865
20260529,704,719,700,719,291,20606
20260601,735,735,715,715,113,8116
20260602,714,715,679,689,218,15007
20260603,694,695,683,683,106,7308
20260604,679,681,673,675,62,4197
20260605,686,686,660,675,107,7195
20260608,625,650,619,642,166,10515
20260609,630,647,630,647,138,8870
20260610,647,650,621,621,94,5963
20260611,623,635,600,616,135,8314
20260612,620,630,618,618,65,4047
20260615,620,638,620,628,79,4949
20260616,634,634,621,621,47,2922
20260617,631,632,617,628,73,4573
20260618,632,637,624,630,77,4864
20260622,640,640,620,630,132,8262
20260623,631,631,617,618,99,6172
20260624,607,615,599,611,76,4611
20260625,614,614,599,600,135,8135
20260626,595,599,565,576,184,10663
20260629,577,588,574,578,65,3747
20260630,596,596,582,594,51,2995
20260701,598,612,596,605,93,5599
20260702,573,645,573,617,283,17661
20260703,603,625,603,625,62,3808
20260706,629,631,616,622,63,3916
20260707,626,626,597,612,79,4788
20260708,618,618,605,610,36,2221
20260709,624,624,590,606,62,3729
20260713,600,607,590,607,37,2217
20260714,615,616,581,597,98,5843
20260715,610,610,597,603,39,2377
20260716,586,608,586,603,23,1382
20260717,577,589,557,560,90,5137
20260720,587,587,540,564,63,3534
20260721,583,585,573,578,33,1905
20260722,577,597,577,588,35,2060
20260723,589,597,579,590,26,1521
20260724,576,589,556,569,96,5455
20260727,577,583,561,579,38,2160
20260728,578,578,541,541,97,5324
20260729,560,560,487,487,196,9904
20260730,493,493,438.5,450.5,1183,54381
20260731,461.5,478.5,424,445,662,29057
20260803,447.5,488,441.5,488,219,10365
20260804,478.5,498,466.5,490.5,178,8655
20260805,491.5,516,491.5,515,147,7482
20260806,508,518,500,505,117,5963
20260807,501,523,499.5,503,146,7476
20260810,505,505,490,501,244,12211
20260811,493,508,485,500,270,13463
20260812,510,510,492.5,497,375,18747
20260813,502,513,499,512,198,10083
20260814,513,516,493,493.5,157,7891
20260817,493.5,499,490,495.5,98,4848
20260818,489,493.5,468.5,472,256,12153
20260819,484,485,469,481,187,8900
20260820,475,494,475,488,56,2716
20260821,474.5,483.5,466.5,471,116,5504
20260824,470,476.5,464.5,471,54,2561
20260825,465,471,450,458,50,2282
20260826,458,469,458,463,51,2379
20260827,463,472,463,468.5,52,2450
20260828,469,472,462,467,75,3489
20260831,453.5,463,453.5,460,369,16994
20260901,460.5,472,460.5,467.5,70,3270
20260902,480,480,470,478.5,59,2816
20260903,478.5,492.5,461.5,462,92,4374
20260904,465,475,458.5,473.5,60,2799
20260907,490,490,462,462,80,3776
20260908,461,467.5,459,463,52,2406
20260909,461.5,463,448,455,97,4399
20260910,458.5,458.5,440,442,107,4771
20260911,434.5,440,430.5,433,56,2461
20260914,424,434,424,430,36,1535
20260915,426.5,432,420,420,70,2966
20260916,420,429,419.5,422,75,3195
20260917,424.5,426.5,419,420,102,4278
20260918,424,436.5,422.5,431.5,86,3689
20260921,443.5,443.5,426.5,434,41,1766
20260922,435,439,427,429,45,1953
20260923,426,434,426,430.5,19,803
