# date,open,high,low,close,lot,wan
20250814,9.51,9.67,9.48,9.58,35,34
20250815,9.58,10.2,9.55,9.82,158,156
20250818,9.82,9.99,9.63,9.95,71,70
20250819,9.95,10.7,9.88,10.25,450,459
20250820,10.25,10.5,10.05,10.05,242,249
20250821,10.2,10.4,10.1,10.15,92,94
20250822,10.15,10.4,10.15,10.2,34,35
20250825,10.35,10.7,10.2,10.2,176,183
20250826,10.2,10.6,10,10,262,268
20250827,10.05,10.15,9.98,10,30,30
20250828,10.05,10.45,9.99,10,300,305
20250829,10.05,10.05,9.92,9.92,36,36
20250901,9.71,9.9,9.61,9.71,51,50
20250902,9.7,9.77,9.5,9.61,111,107
20250903,9.59,9.78,9.41,9.66,61,59
20250904,9.78,9.78,9.56,9.69,24,23
20250905,9.79,9.8,9.69,9.69,60,58
20250908,9.64,9.98,9.64,9.86,69,68
20250909,10,10.25,10,10.15,71,72
20250910,10.25,10.35,9.9,10,119,121
20250911,10.15,10.15,9.99,10.05,56,56
20250912,10.1,10.2,10,10,7,7
20250915,9.99,9.99,9.94,9.94,13,13
20250916,9.94,10,9.91,10,15,15
20250917,10,10,9.7,9.84,33,32
20250918,9.84,10.2,9.84,9.89,84,84
20250919,9.9,9.95,9.9,9.94,11,11
20250922,9.96,10.15,9.84,10,28,28
20250923,10,10.2,9.96,9.96,91,92
20250924,9.71,10.1,9.71,9.82,57,56
20250925,9.84,10.15,9.76,10.15,144,143
20250926,10.15,10.4,9.83,10.05,164,166
20250930,10.25,10.35,9.93,9.96,151,152
20251001,10.05,10.2,9.9,9.95,97,97
20251002,9.99,10.45,9.95,10,314,318
20251003,10.05,10.25,9.93,9.95,79,79
20251007,9.94,10.05,9.94,9.95,28,28
20251008,9.91,10,9.88,9.97,130,129
20251009,9.89,10.05,9.89,9.97,80,80
20251013,9.8,10,9.8,9.95,42,42
20251014,9.93,10.1,9.9,9.92,75,75
20251015,10,10.05,9.96,10,28,28
20251016,10,10.05,9.95,9.95,11,11
20251017,10,10.2,9.98,10.05,90,90
20251020,10.05,10.15,10.05,10.05,45,45
20251021,10.05,10.05,9.92,10,15,15
20251022,10.05,10.15,9.96,9.96,53,53
20251023,10.05,10.15,9.91,9.98,87,87
20251027,10,10.1,9.95,10,81,81
20251028,10.05,10.1,9.94,10.05,28,28
20251029,10.05,10.1,9.82,9.91,45,45
20251030,9.81,9.92,9.8,9.81,17,17
20251031,9.9,9.98,9.8,9.93,57,56
20251103,9.93,9.98,9.84,9.84,22,22
20251104,9.9,9.95,9.82,9.82,14,14
20251105,9.96,9.96,9.79,9.87,16,16
20251106,9.87,10,9.87,10,49,49
20251107,10,10.05,9.93,9.94,8,8
20251110,9.95,10.1,9.88,9.89,27,27
20251111,9.83,9.9,9.75,9.8,31,30
20251112,9.8,9.99,9.8,9.9,46,45
20251113,9.91,10.05,9.89,10,72,72
20251114,10.1,11,10.05,10.3,672,716
20251117,10.7,10.85,10.25,10.4,446,469
20251118,10.3,10.65,10.25,10.4,166,173
20251119,10.4,10.7,10.3,10.3,191,201
20251120,10.5,10.8,10.3,10.5,187,196
20251121,10.4,10.65,10.05,10.1,351,361
20251124,10.45,10.55,10,10.05,238,242
20251125,10.05,10.4,10,10.05,641,649
20251126,10.15,10.4,10,10,265,269
20251127,10.05,10.35,10,10,383,385
20251128,10,10.3,10,10.25,175,179
20251201,10.25,10.55,10.05,10.2,201,205
20251202,10.2,10.4,10.05,10.2,98,100
20251203,10.25,10.25,10.05,10.05,138,139
20251204,10.1,10.2,10,10.1,143,144
20251205,10.05,10.15,10.05,10.1,34,34
20251208,10.1,10.2,10,10,140,140
20251209,10,10.1,9.95,9.96,34,34
20251210,9.98,10,9.9,9.95,30,30
20251211,9.95,10.3,9.88,10.1,184,186
20251212,10.1,10.1,9.98,9.98,20,20
20251215,10.1,10.1,10.05,10.05,37,37
20251216,10.05,10.05,9.86,9.9,66,66
20251217,9.92,10,9.91,10,40,40
20251218,9.87,9.99,9.82,9.97,9,9
20251219,9.97,10.1,9.97,10.1,17,17
20251222,10,10.05,9.96,9.96,75,75
20251223,9.97,10.3,9.97,10.05,99,100
20251224,10.1,10.2,9.98,9.98,54,54
20251226,10,10.05,9.97,9.98,8,8
20251229,10.1,10.15,9.95,10,41,41
20251230,9.99,9.99,9.95,9.95,9,9
20251231,9.95,10,9.87,9.88,34,34
20260102,9.88,9.88,9.78,9.82,49,48
20260105,9.82,9.82,9.71,9.71,38,37
20260106,9.65,9.68,9.57,9.66,34,33
20260107,9.67,9.67,9.47,9.58,122,116
20260108,9.58,9.64,9.42,9.55,36,34
20260109,9.62,9.62,9.45,9.45,44,42
20260112,9.45,9.45,9.4,9.42,77,72
20260113,9.48,9.48,9.39,9.4,26,24
20260114,9.46,10.3,9.46,10.3,563,577
20260115,10.3,10.45,10,10.1,419,427
20260116,10.25,10.25,10,10,101,102
20260119,9.99,10.15,9.94,9.97,134,134
20260120,10.05,10.1,9.96,9.96,49,49
20260121,9.86,9.86,9.82,9.83,53,52
20260122,9.96,10.15,9.9,9.94,56,56
20260123,9.95,10.1,9.94,10,42,42
20260126,10,10,9.91,9.98,54,54
20260127,9.98,10,9.93,9.96,36,36
20260128,10,10.25,9.95,9.95,88,89
20260129,9.95,10.05,9.88,10.05,15,15
20260130,9.87,10,9.87,9.91,20,20
20260202,9.88,10,9.83,9.97,56,56
20260203,10.1,10.1,9.87,9.87,77,77
20260204,9.98,9.99,9.83,9.88,91,90
20260205,9.88,9.9,9.8,9.81,113,111
20260206,9.9,9.9,9.7,9.72,297,292
20260209,9.89,9.89,9.51,9.54,192,185
20260210,9.54,9.99,9.46,9.52,278,270
20260211,9.55,10,9.55,9.98,148,146
20260223,9.86,9.98,9.8,9.9,67,66
20260224,9.82,10.25,9.7,10.05,230,228
20260225,10.05,10.1,9.97,9.99,54,54
20260226,9.95,9.99,9.91,9.99,55,55
20260302,9.91,10.05,9.91,10,39,39
20260303,10.1,10.1,9.8,9.98,72,71
20260304,9.95,9.95,9.85,9.91,63,62
20260305,9.97,9.97,9.85,9.85,29,29
20260306,9.86,9.97,9.84,9.97,91,90
20260309,9.9,10.1,9.75,10.05,94,94
20260310,10.1,10.1,9.96,10.05,83,83
20260311,10.2,10.2,9.94,9.97,278,278
20260312,10,10,9.8,9.99,123,122
20260313,9.99,10.05,9.93,9.96,72,72
20260316,10.05,10.15,9.98,10,169,170
20260317,10.1,10.15,10,10,88,89
20260318,10,10.2,10,10.2,140,142
20260319,10.2,10.45,10.05,10.25,197,202
20260320,10.45,10.45,10.25,10.25,106,110
20260323,10.25,10.55,10.2,10.25,166,171
20260324,10.25,10.25,10.05,10.05,91,92
20260325,10.2,10.3,10.05,10.1,103,105
20260326,10.2,10.3,10.15,10.15,77,78
20260327,10.1,10.25,10.1,10.25,72,73
20260330,10.25,10.25,10.05,10.2,110,111
20260331,10.2,10.25,10,10.05,102,103
20260401,10.1,10.15,10,10.05,62,62
20260402,10.05,10.05,10,10,71,71
20260407,10,10.1,9.99,9.99,79,79
20260408,10,10.05,9.98,9.99,47,47
20260409,10,10.05,9.98,9.99,71,71
20260410,9.99,10.05,9.98,10.05,70,70
20260413,10,10,9.96,9.99,79,79
20260414,9.99,10.1,9.96,10,104,104
20260415,10,10.05,9.96,10.05,101,101
20260416,9.98,10.1,9.95,10,172,172
20260417,10.05,10.15,9.96,10,239,240
20260420,10.05,10.05,9.97,9.98,113,113
20260421,10,10.05,9.95,10,81,81
20260422,10,10.05,9.95,9.98,78,78
20260423,9.95,10,9.94,9.94,106,105
20260424,10,10,9.81,9.86,94,93
20260427,9.97,9.97,9.63,9.65,147,143
20260428,9.85,9.9,9.65,9.77,115,112
20260429,9.76,9.85,9.76,9.79,110,108
20260430,9.75,9.83,9.71,9.73,91,89
20260504,9.74,9.83,9.66,9.69,95,92
20260505,9.69,9.69,9.63,9.64,49,47
20260506,9.63,9.9,9.56,9.71,148,144
20260507,9.74,9.78,9.68,9.69,32,31
20260508,9.81,9.85,9.67,9.67,110,107
20260511,9.79,9.91,9.73,9.87,156,153
20260512,9.87,9.95,9.83,9.89,62,61
20260513,9.79,9.84,9.62,9.71,181,175
20260514,9.71,9.77,9.67,9.67,53,52
20260515,9.67,9.96,9.67,9.79,231,228
20260518,9.7,9.79,9.65,9.72,88,85
20260519,9.72,9.84,9.65,9.7,72,70
20260520,9.66,9.76,9.6,9.66,97,94
20260521,9.68,9.78,9.66,9.71,58,56
20260522,9.79,9.79,9.68,9.73,60,58
20260525,9.7,9.74,9.6,9.7,129,124
20260526,9.74,9.9,9.71,9.85,111,109
20260527,9.85,9.88,9.67,9.69,117,114
20260528,9.69,9.85,9.63,9.66,158,153
20260529,9.69,9.75,9.64,9.69,53,51
20260601,9.69,9.82,9.64,9.77,112,109
20260602,9.78,9.87,9.71,9.8,479,469
20260603,9.9,10.3,9.9,10.1,388,393
20260604,10.1,10.55,10,10.2,446,458
20260605,10.3,10.35,10,10.15,261,265
20260608,9.85,10.15,9.84,10.15,134,134
20260609,10.15,10.2,10.05,10.15,138,140
20260610,10.15,10.15,9.98,10,94,94
20260611,10,10.1,9.94,10,178,178
20260612,10,10.2,10,10.05,215,217
20260615,10.15,10.2,10.1,10.2,141,143
20260616,10.15,10.2,10.05,10.1,92,93
20260617,10.1,10.15,10,10.1,142,143
20260618,10.1,10.3,10.1,10.15,593,603
20260622,10.2,10.2,10,10.05,311,313
20260623,10,10.05,9.97,10,243,243
20260624,10,10.1,9.98,10.05,94,94
20260625,10.05,10.15,10,10.05,101,102
20260626,10.05,10.05,9.99,10,112,112
20260629,10,10.1,9.98,10,71,71
20260630,10,10.1,10,10.1,77,78
20260701,10.1,10.15,10,10.15,143,145
20260702,10.1,10.15,10.05,10.15,126,128
20260703,10.15,10.35,10.15,10.25,307,314
20260706,9.93,9.96,9.84,9.95,124,123
20260707,9.99,9.99,9.88,9.88,124,123
20260708,9.97,10,9.95,9.96,183,183
20260709,9.96,10.1,9.87,9.9,131,130
20260713,9.99,9.99,9.75,9.85,112,110
20260714,9.75,9.75,9.62,9.66,92,89
20260715,9.74,9.8,9.68,9.78,57,56
20260716,9.73,9.77,9.71,9.73,109,106
20260717,9.7,9.7,9.56,9.56,68,65
20260720,9.56,9.56,9.45,9.46,83,79
20260721,9.46,9.55,9.46,9.5,32,30
20260722,9.6,9.82,9.6,9.69,87,85
20260723,9.7,9.7,9.62,9.62,4,4
20260724,9.65,9.7,9.63,9.65,37,36
20260727,9.64,9.64,9.4,9.42,171,162
20260728,9.4,9.44,9.28,9.35,76,71
20260729,9.35,9.4,9.06,9.16,98,90
20260730,9.16,9.2,9.13,9.13,54,49
20260731,9.47,9.49,9.2,9.3,118,110
20260803,9.21,9.65,9.21,9.48,76,72
20260804,9.41,9.86,9.39,9.68,47,45
20260805,9.65,9.92,9.56,9.59,75,73
20260806,9.6,9.61,9.51,9.51,30,29
20260807,9.65,9.66,9.46,9.64,24,23
20260810,9.64,9.77,9.62,9.7,117,113
20260811,9.81,9.81,9.6,9.67,39,38
20260812,9.79,9.79,9.59,9.66,60,58
20260813,9.68,9.68,9.6,9.64,41,39
20260814,9.66,9.77,9.55,9.72,144,139
20260817,9.72,9.76,9.68,9.7,58,56
20260818,9.62,9.71,9.58,9.69,45,43
20260819,9.51,9.98,9.51,9.77,118,115
20260820,9.77,9.8,9.66,9.68,81,79
20260821,9.59,9.69,9.56,9.62,32,31
20260824,9.77,9.77,9.53,9.63,109,104
20260825,9.74,9.74,9.6,9.62,28,27
20260826,9.68,9.68,9.55,9.59,50,48
20260827,9.56,9.65,9.52,9.59,46,44
20260828,9.6,9.63,9.5,9.62,33,31
20260831,9.66,9.66,9.55,9.64,32,31
20260901,9.64,9.78,9.63,9.68,87,84
20260902,9.8,9.8,9.63,9.71,23,22
20260903,9.62,9.78,9.41,9.53,190,181
20260904,9.59,9.66,9.26,9.39,224,210
20260907,9.36,9.46,9.29,9.37,70,65
20260908,9.47,9.59,9.3,9.38,135,127
20260909,9.38,9.46,9.31,9.37,55,52
20260910,9.4,9.4,9.32,9.34,32,30
20260911,9.27,9.27,9.16,9.23,115,106
20260914,9.28,9.32,9.15,9.24,34,31
20260915,9.19,9.29,9.18,9.25,13,12
20260916,9.53,9.53,9.3,9.36,27,25
20260917,9.35,9.43,9.3,9.34,38,36
20260918,9.34,9.38,9.32,9.38,59,55
