# date,open,high,low,close,lot,wan
20250814,14.7,14.9,14.65,14.8,202,298
20250815,14.8,14.95,14.7,14.8,126,187
20250818,14.95,15.05,14.8,14.85,437,650
20250819,15.2,15.7,14.9,15.05,953,1458
20250820,15.1,15.25,14.65,14.7,499,743
20250821,14.7,15.1,14.7,14.8,295,438
20250822,14.8,14.95,14.75,14.8,190,282
20250825,15,15.1,14.8,14.85,264,394
20250826,14.85,15,14.85,14.85,173,258
20250827,15.1,15.15,14.7,14.85,284,423
20250828,14.85,14.95,14.8,14.9,197,293
20250829,14.95,14.95,14.7,14.75,243,360
20250901,14.7,14.7,14.4,14.5,541,788
20250902,14.6,14.85,14.55,14.75,559,818
20250903,14.9,15.8,14.9,15.25,904,1387
20250904,15.55,15.6,14.8,14.85,607,913
20250905,15.05,15.15,14.85,15.1,684,1029
20250908,15.25,15.25,15.05,15.25,302,458
20250909,15.25,15.35,15,15.15,371,561
20250910,15.15,15.25,15,15.05,272,410
20250911,15.15,15.15,14.5,14.8,1076,1579
20250912,14.75,15.05,14.75,14.85,293,435
20250915,15,15,14.75,14.8,269,401
20250916,14.9,15.15,14.85,15,380,570
20250917,15.2,15.35,15.05,15.15,950,1440
20250918,14.5,15.55,14.25,15.55,1783,2664
20250919,15.8,17.1,15.3,15.3,3131,5040
20250922,15.9,16.05,15.3,15.3,726,1132
20250923,15.5,16.8,15.4,16.8,4195,6935
20250924,16.6,18.3,16.5,17.6,4845,8437
20250925,17.8,18.4,17.7,17.8,2545,4588
20250926,17.9,17.9,16.7,16.95,1290,2207
20250930,17.1,18.5,17.1,17.9,1680,3017
20251001,17.9,18.45,17.6,17.7,1222,2202
20251002,17.8,17.95,17.3,17.4,748,1310
20251003,17.5,17.7,17.1,17.35,556,965
20251007,17.5,17.7,16.95,16.95,695,1196
20251008,17,17,16.35,16.35,666,1102
20251009,16.5,16.65,16.3,16.5,389,642
20251013,15.8,16.1,15.6,15.9,384,610
20251014,15.9,16.2,15.45,15.6,644,1014
20251015,15.65,15.65,15.3,15.35,308,474
20251016,15.6,15.6,15,15,500,762
20251017,15.25,15.5,15,15.05,731,1108
20251020,15.15,15.2,15,15.05,233,351
20251021,15,15.25,15,15.1,245,370
20251022,15.2,15.2,15.05,15.1,184,279
20251023,15,15.15,14.95,15,247,371
20251027,15.1,15.1,14.7,15,414,618
20251028,15,15.7,14.85,15.2,660,1006
20251029,15.4,15.5,15.15,15.15,368,564
20251030,15.15,15.25,14.95,15.1,295,446
20251031,15.2,15.6,15.2,15.2,399,612
20251103,15.2,15.2,14.85,14.85,280,420
20251104,14.8,14.9,14.7,14.7,217,321
20251105,14.5,14.75,14.4,14.6,280,407
20251106,14.7,15.05,14.7,14.95,220,327
20251107,14.95,15,14.7,14.75,141,209
20251110,14.9,14.9,14.4,14.6,372,543
20251111,14.7,15.3,14.65,15.25,468,704
20251112,15.25,15.4,15.1,15.25,360,549
20251113,15.3,16.35,15.1,15.6,861,1351
20251114,15.55,15.8,15.45,15.5,339,530
20251117,15.75,15.8,15.35,15.4,332,515
20251118,15.3,15.8,15.2,15.4,479,742
20251119,15.45,15.7,15.1,15.4,322,495
20251120,15.55,15.55,15.2,15.2,245,376
20251121,15.15,15.2,14.7,15.05,478,716
20251124,15.2,15.25,14.95,15.1,175,265
20251125,15.2,15.3,15.1,15.1,186,282
20251126,15.1,15.95,15.1,15.95,616,957
20251127,16.1,16.2,15.55,15.6,380,602
20251128,15.8,16.7,15.6,16.5,730,1176
20251201,16.7,16.85,16.25,16.45,700,1156
20251202,16.6,16.65,16.35,16.45,250,412
20251203,16.7,16.75,16.4,16.5,186,308
20251204,16.6,16.65,16.3,16.5,234,385
20251205,16.5,16.9,16.4,16.75,375,623
20251208,16.9,16.95,16.2,16.25,411,676
20251209,16.25,16.35,16.1,16.3,224,363
20251210,16.3,16.3,16.05,16.1,144,234
20251211,16.15,16.65,16.05,16.45,237,385
20251212,16.5,16.5,16.3,16.3,160,262
20251215,16.2,16.8,16.1,16.5,270,443
20251216,16.65,16.65,16.2,16.5,177,291
20251217,16.6,17.2,16.45,16.75,488,819
20251218,16.8,16.95,16.5,16.75,435,728
20251219,16.9,17.2,16.7,16.9,370,628
20251222,17,17,16.35,16.5,576,953
20251223,16.55,16.6,16.4,16.55,168,277
20251224,16.7,16.75,16.45,16.45,175,290
20251226,16.6,17.15,16.55,16.95,503,852
20251229,17.05,17.1,16.8,16.8,302,512
20251230,16.7,16.8,16.55,16.7,179,298
20251231,16.6,16.8,16.4,16.4,238,395
20260102,16.8,16.95,16.45,16.45,383,636
20260105,16.7,16.7,15.6,15.65,587,946
20260106,15.75,15.85,15.45,15.55,416,648
20260107,15.7,16.5,15.6,16.05,568,909
20260108,16,16.05,15.65,15.75,270,427
20260109,15.7,15.85,15.5,15.65,167,262
20260112,15.8,16.05,15.8,15.95,279,444
20260113,16.1,16.1,15.75,15.75,262,417
20260114,15.85,17,15.85,16.5,840,1386
20260115,16.5,16.65,16.25,16.65,295,485
20260116,16.7,16.7,16.1,16.2,310,507
20260119,16.2,16.4,16.05,16.1,403,653
20260120,16.3,16.3,16,16,241,389
20260121,15.95,15.95,15.65,15.85,370,585
20260122,16,16,15.5,15.6,525,823
20260123,15.7,15.85,15.5,15.7,309,484
20260126,15.75,16.1,15.7,15.9,323,513
20260127,16.1,16.1,15.55,15.55,307,484
20260128,15.55,15.65,15.45,15.6,297,462
20260129,15.6,15.65,15.05,15.05,443,676
20260130,15.05,15.45,15.05,15.2,598,907
20260202,15.15,15.2,14.8,14.8,440,657
20260203,15,15.45,15,15.3,433,659
20260204,15.35,15.65,15.3,15.5,282,435
20260205,15.45,15.55,15.15,15.15,306,470
20260206,15.15,15.15,14.7,14.95,417,623
20260209,15.45,15.8,15.15,15.15,578,888
20260210,15.25,15.35,15.1,15.1,129,196
20260211,15.35,15.5,15.15,15.2,226,345
20260223,15.1,15.35,15,15.25,181,274
20260224,15.25,15.35,14.95,15,371,560
20260225,15.3,15.3,14.9,14.9,485,729
20260226,14.9,15.1,14.85,14.9,209,312
20260302,14.75,14.9,14.5,14.8,266,392
20260303,14.8,15.25,14.8,15.15,372,557
20260304,15.1,15.1,14,14.3,558,811
20260305,14.6,14.9,14.55,14.55,329,484
20260306,14.55,14.95,14.55,14.8,157,232
20260309,14.55,14.55,14,14.05,553,781
20260310,14.35,14.6,14.3,14.5,272,392
20260311,14.4,14.8,14.4,14.6,366,535
20260312,14.7,14.7,14.4,14.5,149,217
20260313,14.45,14.55,14.1,14.1,322,461
20260316,14.1,14.4,14.1,14.15,440,627
20260317,14.35,15.5,14.3,14.8,867,1288
20260318,14.85,15.15,14.55,14.55,365,540
20260319,14.75,14.85,14.5,14.6,280,410
20260320,14.75,14.75,14.35,14.35,192,280
20260323,14.2,14.3,13.95,14.1,348,491
20260324,14.45,14.45,14,14.45,283,404
20260325,14.45,14.45,14.35,14.4,127,183
20260326,14.35,14.7,14.35,14.4,250,363
20260327,14.35,14.4,14.15,14.25,126,180
20260330,14.15,14.4,13.85,14.1,383,540
20260331,14.1,14.25,13.8,13.8,369,518
20260401,14.1,14.1,13.8,13.8,150,210
20260402,13.85,13.95,13.7,13.85,226,312
20260407,13.85,14.2,13.8,14.05,232,323
20260408,14.1,14.15,13.95,14.1,279,392
20260409,14.05,14.85,13.95,14.3,440,628
20260410,14.4,14.5,14.25,14.35,241,346
20260413,14.95,15.75,14.85,15.75,1822,2834
20260414,15.7,16,15.55,15.55,949,1494
20260415,15.55,16.1,15.5,15.6,396,626
20260416,15.7,15.85,15.25,15.35,808,1251
20260417,15.4,16.55,15.4,16.2,1389,2257
20260420,16.3,16.3,15.5,15.75,703,1111
20260421,15.95,16.15,15.3,15.3,585,918
20260422,15.7,16.15,15.6,15.65,635,1003
20260423,15.85,16.1,14.95,15.3,845,1312
20260424,15.6,16.6,15.4,15.4,1179,1882
20260427,15.6,15.6,14.85,14.9,416,626
20260428,15,15.4,14.85,15.3,494,744
20260429,15.3,15.35,14.95,14.95,510,769
20260430,15,15.15,14.8,14.85,289,432
20260504,14.9,14.9,14.75,14.75,296,438
20260505,14.9,15.05,14.75,14.75,187,278
20260506,14.8,14.9,14.4,14.45,419,611
20260507,15.1,15.85,15.1,15.35,2183,3427
20260508,15,15.2,14.7,15,911,1363
20260511,15.05,15.2,14.85,15.05,343,516
20260512,15.2,15.2,14.9,15.15,617,928
20260513,15.15,15.5,15.15,15.4,536,821
20260514,15.4,15.5,14.95,14.95,510,770
20260515,15,15.4,15,15.15,445,673
20260518,15.05,15.15,14.75,14.95,393,586
20260519,14.85,14.95,14.3,14.45,494,719
20260520,14.45,14.5,14.3,14.45,244,351
20260521,14.55,15.15,14.55,15.05,461,687
20260522,14.95,15.15,14.8,14.9,397,594
20260525,15.1,15.1,14.75,15,441,656
20260526,15,15.1,14.8,15.05,282,421
20260527,15.05,15.1,14.55,14.65,528,781
20260528,14.6,14.75,14.5,14.75,293,428
20260529,14.8,14.9,14.45,14.75,427,625
20260601,14.8,15.4,14.75,15.05,949,1428
20260602,15.1,16.55,15.1,16.55,2094,3373
20260603,16.75,17,16.4,16.65,2060,3439
20260604,16.65,17.25,16.15,16.7,1478,2469
20260605,16.8,16.85,16.55,16.8,716,1200
20260608,15.95,16.95,15.8,16.8,959,1561
20260609,17.3,17.3,16.45,16.5,749,1251
20260610,16.4,16.65,16.3,16.45,683,1124
20260611,16.3,16.5,16,16.5,629,1018
20260612,16.5,16.7,16.3,16.55,472,779
20260615,16.8,18.2,16.7,17.95,3117,5518
20260616,17.55,17.75,16.9,17,1189,2056
20260617,16.95,17.3,16.9,17.2,357,611
20260618,17.55,18.75,17.45,18.25,2679,4908
20260622,18.2,20.05,18.2,20.05,2743,5391
20260623,22.05,22.05,22.05,22.05,735,1621
20260624,22.85,24,22,22,10900,24911
20260625,22.75,24.2,22.45,24.2,5317,12517
20260626,24.8,26.2,23.3,23.6,15597,38940
20260629,23.35,25.95,22.85,23.9,12551,31287
20260630,24.6,26.2,23.65,23.85,10588,26104
20260701,24.3,24.6,21.8,22.6,6130,13997
20260702,22.55,23.8,22.15,23.1,4360,10110
20260703,22.8,23.45,22.35,22.6,2673,6109
20260706,22.65,24.5,22.3,23.4,4041,9542
20260707,23.4,24.5,22.9,23.7,3195,7527
20260708,24,24.2,22.55,23.4,3278,7654
20260709,23.6,23.8,22.8,22.85,1624,3771
20260713,23.1,23.3,22.25,22.5,1451,3285
20260714,22.2,22.35,20.4,21.15,2310,4855
20260715,21.7,21.7,20.65,21.1,1028,2169
20260716,20.95,21.05,19.85,20.2,833,1705
20260717,19.7,19.75,18.65,18.8,1348,2579
20260720,18.85,18.95,17.8,18.15,1139,2076
20260721,18.25,18.4,17.9,18.15,599,1083
20260722,18.3,19.35,18.25,18.45,1925,3611
20260723,18.4,18.6,17.95,18.15,713,1299
20260724,18.1,18.45,17.7,18.05,1099,1983
20260727,18.05,18.2,17.7,17.85,643,1151
20260728,17.65,17.7,16.8,17.05,948,1633
20260729,17.35,17.4,16,16.4,1177,1940
20260730,16,16.75,15.5,16.35,896,1445
20260731,16.9,17.45,16.5,16.5,654,1100
20260803,16.45,16.7,16.45,16.5,308,509
20260804,16.6,18.15,16.6,17.55,1431,2543
20260805,17.1,17.9,16.85,17,896,1551
20260806,16.9,17.6,16.8,17.2,452,776
20260807,17.25,17.3,16.55,16.65,359,607
20260810,16.5,17.65,16.45,17.3,672,1142
20260811,17.5,19,17.2,18.9,3898,7279
20260812,18.9,19.25,17.3,17.4,6156,11094
20260813,17.55,17.9,17.3,17.35,1199,2103
20260814,17.5,18.55,17.45,17.7,1633,2920
20260817,17.6,18.05,17.1,17.4,849,1491
20260818,17.8,17.8,17.15,17.15,442,771
20260819,17,17.2,16.7,16.85,435,738
20260820,16.9,17.15,16.4,17,591,989
20260821,16.8,17.05,16.75,16.95,245,414
20260824,16.9,17.25,16.75,17.1,479,816
20260825,17.05,17.05,16.7,16.95,251,424
20260826,17.1,17.15,16.9,17.05,334,569
20260827,17.2,17.9,17.15,17.45,952,1672
20260828,17.9,19.15,17.65,19.15,5116,9660
20260831,19.05,20.45,19,19.3,8280,16039
20260901,19.3,19.35,17.5,17.55,4958,9032
20260902,17.55,17.65,17.3,17.3,928,1619
20260903,17.45,17.5,17.05,17.1,1114,1914
20260904,17.3,17.4,16.75,17.3,1066,1828
20260907,17.55,17.7,17.15,17.15,826,1431
20260908,17.25,17.3,17,17,463,793
20260909,17.05,17.25,16.9,17.05,313,533
20260910,17.05,17.05,16.85,17,272,461
20260911,16.85,17.05,16.75,16.85,659,1113
20260914,16.7,16.75,16.5,16.55,509,846
20260915,16.6,16.6,16.3,16.3,276,454
20260916,16.5,16.65,16.4,16.65,192,317
20260917,17,17,16.7,16.8,321,540
20260918,17.1,17.15,16.7,17,464,786
20260921,17,17.15,16.75,16.9,498,842
20260922,17,17.1,16.85,16.9,415,704
