# date,open,high,low,close,lot,wan
20250814,25.85,25.95,25.75,25.85,71,184
20250815,25.8,25.9,25.7,25.8,68,175
20250818,25.8,26.2,25.8,26.1,77,200
20250819,26.05,26.05,25.9,25.95,75,195
20250820,25.95,26.05,25.75,25.8,49,127
20250821,25.8,26.25,25.8,26.1,77,200
20250822,26.3,26.35,26.05,26.05,90,236
20250825,26.4,26.65,26.1,26.65,241,635
20250826,24.1,24.2,24,24.05,107,258
20250827,24,24.1,24,24.05,44,106
20250828,23.95,24.15,23.8,24.05,66,159
20250829,24.05,24.05,23.65,23.75,83,198
20250901,23.55,23.65,22.95,22.95,114,265
20250902,23,23.25,22.8,22.85,54,124
20250903,23.25,23.8,23.25,23.3,77,180
20250904,23.35,23.4,23.1,23.1,78,181
20250905,23.1,23.1,22.9,22.95,40,92
20250908,22.85,23,22.8,22.85,77,176
20250909,23.6,23.6,22.75,22.8,37,85
20250910,22.6,22.9,22.3,22.35,79,178
20250911,22.35,22.7,22.1,22.15,46,103
20250912,22.15,22.5,22.1,22.2,29,64
20250915,22.2,22.2,22,22,24,53
20250916,21.95,22.15,21.9,22.15,45,99
20250917,22.35,22.35,21.85,22,40,88
20250918,21.9,22.15,21.85,22,55,121
20250919,21.9,22.1,21.85,22,33,73
20250922,22,22.25,21.95,22,64,141
20250923,22,22,21.5,21.75,56,121
20250924,21.6,22,21.55,22,29,63
20250925,22.05,22.25,21.85,22.2,22,49
20250926,22.25,22.25,21.85,21.85,44,97
20250930,21.8,22.05,21.8,22,32,70
20251001,22,22.4,21.85,22.4,22,48
20251002,22.4,22.6,22.2,22.4,42,94
20251003,22.6,22.6,21.95,22.35,65,145
20251007,22.35,22.35,21.85,21.95,72,158
20251008,21.95,21.95,21.6,21.85,108,235
20251009,21.7,21.85,21.5,21.7,205,442
20251013,21.7,21.8,21.3,21.8,45,97
20251014,22.75,22.75,21.8,21.95,111,245
20251015,22,22,21.7,21.9,22,48
20251016,21.9,21.9,21.75,21.9,18,39
20251017,21.9,22.15,21.9,21.9,36,79
20251020,21.9,21.9,21.85,21.9,35,77
20251021,22,23,21.9,21.9,981,2190
20251022,22,22.1,21.85,21.95,239,525
20251023,21.9,22,21.7,21.7,106,230
20251027,21.8,22.2,21.75,21.95,188,412
20251028,22.05,24.1,22.05,24.1,1954,4648
20251029,25.9,26.5,25.15,26.5,3712,9681
20251030,26.3,26.35,24.75,24.95,1578,4015
20251031,24.95,24.95,24.05,24.1,437,1065
20251103,24.3,25.5,23.4,23.7,516,1247
20251104,23.55,23.65,22.8,22.85,254,588
20251105,22.6,23.65,22.3,23,169,385
20251106,23,23,22,22.5,507,1131
20251107,22.3,22.8,22.15,22.2,135,302
20251110,22.25,22.25,21.5,21.65,238,518
20251111,21.5,22.25,21.4,21.65,220,478
20251112,21.75,22,21.65,21.85,95,207
20251113,22.05,22.65,21.65,21.75,158,346
20251114,21.75,21.95,21.65,21.65,80,174
20251117,21.6,21.75,21.15,21.35,222,473
20251118,21.4,21.5,21.2,21.25,97,206
20251119,21.1,21.15,20.9,20.95,155,325
20251120,21.15,21.2,20.6,21,132,277
20251121,20.95,21.25,20.65,20.65,88,183
20251124,20.65,21.35,20.4,20.8,81,167
20251125,20.9,21.3,20.85,21.2,43,91
20251126,21.2,21.5,21.2,21.35,56,119
20251127,21,21.3,21,21.05,27,57
20251128,21.5,21.5,21.15,21.2,68,145
20251201,21.2,21.2,20.95,20.95,40,84
20251202,20.9,21.6,20.9,21.2,44,94
20251203,20.8,21.05,20.8,20.8,115,240
20251204,20.8,20.85,20.7,20.8,84,175
20251205,21,21.05,20.9,20.9,60,126
20251208,20.9,20.95,20.8,20.85,27,56
20251209,21,21.35,20.5,20.5,128,266
20251210,20.75,20.8,20.7,20.7,50,104
20251211,20.7,21.05,20.7,20.85,38,79
20251212,20.7,21.25,20.7,20.85,40,84
20251215,21.15,21.15,20.9,20.9,20,42
20251216,20.75,21,20.7,20.8,23,48
20251217,20.7,21.15,20.7,20.9,23,48
20251218,21.4,21.5,21.1,21.3,72,154
20251219,21.6,21.65,20.8,20.8,68,143
20251222,21.2,21.2,20.95,21.15,25,53
20251223,21.1,21.15,20.95,21,61,128
20251224,21,21,20.8,20.95,37,77
20251226,20.95,21.1,20.9,20.95,51,107
20251229,21,21,20.95,20.95,33,69
20251230,20.95,21,20.7,21,30,63
20251231,20.9,21,20.85,21,18,38
20260102,21.5,21.5,20.9,20.95,53,112
20260105,21.6,23,21.5,21.95,1090,2444
20260106,22.15,23.5,22.15,23.25,985,2261
20260107,23.65,24,23,23.35,510,1204
20260108,23.35,23.35,22.6,22.75,173,395
20260109,22.75,23.15,22.4,22.65,131,297
20260112,23,23.5,22.55,22.55,319,734
20260113,22.9,22.9,21.9,22.5,105,234
20260114,22.5,22.85,22.4,22.65,149,335
20260115,22.65,23,22.55,22.6,78,177
20260116,22.65,22.65,22.5,22.6,81,183
20260119,22.9,22.9,22.45,22.45,117,264
20260120,22.45,22.6,22.35,22.5,108,242
20260121,22.2,22.7,22.2,22.5,241,538
20260122,22.8,23.15,22.6,22.6,92,210
20260123,22.7,22.8,22.55,22.55,56,127
20260126,22.35,22.55,22.35,22.45,81,182
20260127,22.4,22.5,22.3,22.35,94,210
20260128,22.35,22.35,22.2,22.25,129,287
20260129,22.2,22.4,22.15,22.2,74,164
20260130,22.5,22.55,21.85,21.85,122,271
20260202,21.8,21.8,21.25,21.25,160,344
20260203,21.45,21.45,20.85,21,256,538
20260204,21.45,21.9,21.4,21.9,49,106
20260205,21.85,22.05,21.4,21.5,41,89
20260206,21.2,21.75,21.1,21.75,27,58
20260209,21.75,21.85,21.5,21.6,46,100
20260210,21.6,21.75,21.55,21.6,22,48
20260211,21.6,21.95,21.5,21.65,32,69
20260223,21.7,22,21.65,21.8,20,44
20260224,22.25,22.4,22.1,22.25,98,218
20260225,22.35,22.35,22.15,22.3,88,196
20260226,22.3,22.4,22.2,22.4,78,174
20260302,22.45,23.55,22.4,23.45,173,398
20260303,24,24.2,23.25,23.25,209,495
20260304,22.75,23.5,22.55,22.85,87,200
20260305,23,23.2,22.7,23.1,137,314
20260306,23.1,23.1,22.85,23,63,145
20260309,22.75,22.75,21.8,21.85,122,268
20260310,22.05,22.55,22,22.5,33,73
20260311,23.2,23.2,22.35,22.55,57,129
20260312,23,23,22.25,22.7,63,142
20260313,22.35,22.9,22.35,22.4,52,117
20260316,22.15,22.6,22.15,22.3,30,67
20260317,22.3,24.5,22.3,24.5,618,1492
20260318,25.5,26.95,25.15,26.95,1885,4997
20260319,27.15,29.15,27.05,27.35,2710,7624
20260320,27.55,27.55,25.65,26.15,927,2460
20260323,25.5,25.55,24.05,25.3,447,1103
20260324,26.4,26.4,24.3,24.95,447,1121
20260325,26,27.4,26,27.4,434,1183
20260326,29.7,30.1,28.2,29.25,2513,7453
20260327,28.8,32.15,28.45,32.15,2719,8386
20260330,31.65,35.35,31.45,35.35,3793,13062
20260331,36.4,38.85,36.3,37.4,4938,18827
20260401,38.5,41.05,36.75,37,5564,21588
20260402,37.1,40.7,37.1,40.7,1702,6641
20260407,44.4,44.75,42.75,44.75,1138,5059
20260408,44.5,47,43.05,45.85,1263,5701
20260409,44.7,46.95,44.7,46.85,455,2090
20260410,50,51.5,48,51.5,457,2289
20260413,51,56.6,51,55,720,3896
20260414,55.6,58,52.6,54.2,520,2891
20260415,55.5,55.5,51.8,52.1,366,1918
20260416,52.8,57.3,52.4,57,304,1678
20260417,58.4,59.9,56.5,58.3,244,1433
20260420,57,57,54.6,55.5,331,1842
20260421,58.2,58.2,55,58.2,215,1213
20260422,58.4,63,58.4,59,405,2469
20260423,60,64.9,55,61.5,5128,31452
20260424,67.5,67.5,55.4,55.4,3623,21582
20260427,51.2,51.7,49.9,49.9,1150,5806
20260428,48.65,54.8,48.65,54.8,2798,14715
20260429,54.8,57.2,53.1,54.5,1890,10408
20260430,53.8,55.3,52.6,52.6,942,5055
20260504,53.4,54.5,49.25,52.3,1352,6946
20260505,53.3,57.5,53.3,57.5,2000,11330
20260506,59,63.2,56.3,63.2,4445,27023
20260507,63.5,67.8,61.5,62.4,3918,24931
20260508,62.8,64.6,56.6,61.6,1751,10527
20260511,62.2,63.9,60.9,61.6,1704,10653
20260512,61.4,67,59.2,65.2,2604,16555
20260513,65.4,68.9,63.2,64.4,2813,18527
20260514,65,66,63.1,64.4,1311,8499
20260515,64.4,65,58.1,58.2,1852,11360
20260518,58,59,55.5,58.6,762,4384
20260519,57.7,59.3,54.4,55.1,688,3869
20260520,55.2,55.9,52,53.5,837,4482
20260521,54.5,58.8,53.9,58.8,958,5395
20260522,60.3,63.3,59.6,62.8,1849,11385
20260525,63.5,66.6,63,63.7,2437,15717
20260526,63.7,64.7,61.8,63.5,1165,7357
20260527,63.5,63.5,61,62.6,899,5573
20260528,62.6,64.4,61.2,61.9,931,5848
20260529,62.7,63.4,59.4,60,909,5559
20260601,60.8,61.9,59.3,59.3,436,2626
20260602,59.4,59.4,55.7,58.9,1047,6020
20260603,58.9,59.2,56.7,58,598,3451
20260604,59.8,63.8,57.9,63.8,2415,15316
20260605,63.6,68.3,61.6,62.9,3632,23534
20260608,56.9,69.1,56.8,69.1,2544,16551
20260609,73,76,73,76,1944,14666
20260610,80.7,83.6,77,80.9,5287,43508
20260611,86.6,86.6,77.1,81,3515,28673
20260612,81.1,85,78,78,1402,11276
20260615,79.6,82.8,74.2,74.5,1219,9472
20260616,74.6,75.3,71.3,72.5,905,6593
20260617,71.3,74.4,71.3,71.7,485,3503
20260618,71.5,71.7,64.6,64.6,4093,27232
20260622,65.4,65.9,62.9,63.1,1088,6951
20260623,63.5,64.3,59.4,61.4,908,5521
20260624,60.4,62.2,59.6,61.7,723,4391
20260625,62,63.1,59.4,59.8,665,4010
20260626,59.2,60.1,56.4,56.4,494,2869
20260629,57,58.2,55.7,55.9,492,2778
20260630,56.6,56.6,55.5,56,323,1805
20260701,57,58.2,55.2,56.1,474,2692
20260702,56.2,61.7,54.4,61.7,957,5704
20260703,61.3,62.4,58.2,59,1069,6377
20260706,59.2,60.1,57.5,57.5,481,2811
20260707,57.5,57.7,51.8,52.7,662,3580
20260708,53.3,53.3,50.5,52,337,1752
20260709,52.2,53.8,51.8,51.8,137,719
20260713,51.9,53.9,51.5,52,347,1816
20260714,50.4,50.9,48.55,50.4,550,2734
20260715,51.5,51.5,49.85,50.7,220,1115
20260716,49.95,50.3,49.2,49.5,196,976
20260717,48.95,48.95,45.8,45.9,669,3112
20260720,45.65,46.3,43,45.55,361,1620
20260721,46.05,46.75,45,45.65,157,713
20260722,46.5,46.85,45.95,46.45,217,1010
20260723,46.8,48.1,46.4,47.2,123,577
20260724,47.5,48.1,45.75,46,140,652
20260727,45.55,45.9,44.6,45.7,81,366
20260728,44.3,45.6,42,43.3,316,1370
20260729,44.45,44.45,39,39,494,1968
20260730,36.5,39.85,35.75,38.45,407,1519
20260731,40.05,42.25,39.25,41.95,366,1489
20260803,40.6,42.75,40.6,41.75,101,425
20260804,42.75,43.5,41,42.75,160,678
20260805,44.9,47,43.45,45.6,346,1592
20260806,45.5,46,43.95,44.35,159,711
20260807,45.15,45.7,43.1,44.15,117,518
20260810,45,45.05,44.2,44.5,72,320
20260811,45,45,42.35,42.9,132,568
20260812,43.55,44.5,43.45,44.1,76,335
20260813,44.55,44.8,42.6,43.8,98,430
20260814,44.2,44.2,42.95,43,84,364
20260817,43.15,43.9,42.95,43.55,53,230
20260818,43.75,43.75,42.55,43.5,52,224
20260819,42.35,42.85,41.55,41.55,42,177
20260820,42.55,42.55,40.9,41.65,53,220
20260821,41.75,42,40.85,40.9,50,206
20260824,41.05,41.7,41.05,41.65,48,199
20260825,41.65,42.1,40.05,40.9,71,289
20260826,41.8,43.25,40.5,42.65,94,397
20260827,43.45,43.5,42,42,64,271
20260828,42.1,43.5,41.95,42.4,140,595
20260831,42.4,44,42.3,43.15,118,510
20260901,43.2,44.15,42.8,42.85,125,541
20260902,43,43,41.55,42.1,74,313
20260903,42.1,42.6,40.4,40.4,137,562
20260904,40.7,40.8,40.05,40.35,71,287
20260907,40.35,41.65,40,40.9,177,719
20260908,40.3,40.9,40.1,40.1,54,218
20260909,40.15,41.1,40.15,40.2,50,202
20260910,38.1,38.8,37.75,38,208,796
20260911,37.75,37.85,36.7,37.35,111,413
20260914,37.3,38.3,36.6,37.1,93,346
20260915,38.25,38.25,36.8,36.8,65,241
20260916,36.8,39.4,36.8,37.25,64,242
20260917,37.45,38.6,37.45,37.85,43,163
20260918,39.4,39.4,37.9,38.35,44,169
20260921,39.2,39.35,38.05,39,35,136
20260922,38.6,39.2,37.8,37.8,66,254
20260923,38.85,38.85,37.5,37.55,42,159
20260924,37.55,38.2,37.45,37.8,37,140
