# date,open,high,low,close,lot,wan
20250814,66.7,69,66.6,68,11225,76352
20250815,68.3,68.6,67.3,67.3,7061,47716
20250818,67.3,67.7,66.6,66.6,8205,54926
20250819,66.7,67.2,66.1,66.1,6751,44867
20250820,66.1,66.1,65.1,65.1,9758,63861
20250821,65.6,66.5,65.6,65.8,5378,35455
20250822,67,67.4,65.3,65.3,11030,72981
20250825,68.4,69.2,67.2,68,15188,103574
20250826,67.5,68,67,67.4,5954,40091
20250827,67.2,67.9,67,67.8,6831,46031
20250828,67.9,69,67.4,67.7,10466,71324
20250829,68.2,73.5,67.4,73,26988,190099
20250901,73.9,74.2,70.2,71,27041,194031
20250902,70.5,71.4,69,69.2,12084,84616
20250903,69.4,72.3,69,71.4,14734,105228
20250904,72.6,72.7,71.1,72.2,13546,97703
20250905,72.6,72.8,71.3,71.4,8282,59400
20250908,69.5,69.5,67.6,67.8,20259,138130
20250909,68,68.1,67.3,67.5,7407,50147
20250910,68,69,67.9,68.3,7626,52148
20250911,68.5,68.6,67,67,6709,45266
20250912,67.2,67.6,66.4,66.5,6121,40855
20250915,67.9,68.1,66.7,66.7,5204,34956
20250916,66.6,67,66.3,66.5,6174,41125
20250917,66.5,67.2,66,66.1,5124,34034
20250918,66.2,66.7,66.1,66.3,4488,29778
20250919,66.7,67.7,66.2,66.3,7414,49529
20250922,66.4,67,65.3,66,6217,41116
20250923,66,67.1,66,66.4,5199,34632
20250924,66.9,66.9,65.1,65.2,9172,60226
20250925,65.6,65.6,62.5,63.2,18206,115992
20250926,63.3,63.9,61.9,61.9,9971,62062
20250930,62.1,63.2,62,63,5301,33214
20251001,63.8,65.3,62.1,62.2,9323,59303
20251002,62.7,63.2,61.9,62,4493,27970
20251003,62.2,62.4,60.5,60.7,7751,47430
20251007,61,62.5,60.6,62.2,6705,41409
20251008,62.2,63.5,61.9,63.4,5610,35260
20251009,63.7,64.4,62.8,63,4994,31694
20251013,58.5,61.1,58.5,60.7,13637,81380
20251014,60.9,61.5,59.4,59.5,7285,43997
20251015,60,60.5,59.6,60.2,5954,35777
20251016,60.8,62.1,60.6,60.7,5354,32792
20251017,60.9,60.9,59.2,59.3,6474,38681
20251020,59.8,60.1,57.7,57.9,9820,57157
20251021,58.1,58.5,57.8,57.9,4818,27996
20251022,58.1,61.4,58,60.1,12366,74358
20251023,60,62.9,59.4,59.8,13060,79726
20251027,60,60.3,58,58,11392,66721
20251028,58.1,58.8,58.1,58.5,6003,35123
20251029,59,62.8,58.9,61.2,14860,90736
20251030,61.9,62.2,59.6,60.6,8244,49867
20251031,60,61.3,60,60.4,4783,29001
20251103,60.6,61.5,60.1,61.5,4391,26773
20251104,62.4,62.4,59.6,60.1,5704,34582
20251105,59.4,60.3,58.9,59.7,4913,29192
20251106,60,60,58.5,59.2,3998,23599
20251107,59.1,59.1,56.9,57.2,10122,58330
20251110,56.6,56.7,55.5,56.5,8366,46925
20251111,57,57.5,56.4,56.5,4164,23660
20251112,57.1,57.9,57,57.6,3958,22764
20251113,58,58.5,55.9,56.1,6663,38161
20251114,57.5,61.7,57.4,61.7,22757,139454
20251117,62.5,62.5,58.1,58.1,26476,158192
20251118,57.6,58.5,56,56.2,13500,76351
20251119,56.2,56.2,54.4,54.5,10889,59850
20251120,55,55.8,53.6,54.6,7217,39308
20251121,54.3,54.9,52.6,53.2,7628,40867
20251124,53.5,54.2,53,54,4838,25983
20251125,54.7,55.2,54.2,54.9,6059,33145
20251126,55,56.5,54.9,55.4,6750,37624
20251127,55.7,56.2,55.1,55.6,3016,16720
20251128,55.6,56.3,55,55.5,7728,43032
20251201,55.2,56,54.6,55.2,5019,27674
20251202,55.2,56.2,54.6,54.6,5163,28446
20251203,54.8,54.9,54.2,54.2,3233,17588
20251204,54.3,55.4,53.6,53.7,5906,32057
20251205,54.1,54.8,53.5,53.7,2697,14530
20251208,53.2,53.2,52,52.1,7736,40593
20251209,52,52.2,50.2,50.5,10097,51201
20251210,50.2,51.1,50,50.7,6344,31646
20251211,50.8,51,50,50,5715,28728
20251212,50.2,50.8,49.05,49.15,6912,34306
20251215,48.5,50.5,48,49.75,6473,32252
20251216,49.7,49.7,48.4,49.5,7884,38694
20251217,49.95,53.7,49.85,52.9,17627,92177
20251218,52.3,55.6,52,54.6,18067,98377
20251219,54.6,56.8,53.2,55.8,18821,104637
20251222,56.1,57,55.2,55.6,13464,75400
20251223,55.5,55.5,52.6,53.2,12966,69709
20251224,53.3,54.5,52.6,54.2,6326,33911
20251226,54.5,55.7,54.5,55,6425,35567
20251229,54,54.6,52.9,53.9,8738,48260
20251230,54.2,54.2,52.5,53,6234,33049
20251231,53.1,53.6,51.9,51.9,8402,43935
20260102,52.2,52.6,51.1,51.2,7703,39662
20260105,51.5,52.1,50.9,51.2,4914,25288
20260106,54.5,56.1,53.5,53.9,13228,72365
20260107,54,54,52.8,52.9,7347,39063
20260108,52.9,52.9,51.8,51.8,6073,31614
20260109,51.8,52.6,51.7,52.4,4104,21428
20260112,52.8,53.3,52.3,53,6432,33942
20260113,52.9,53,51.2,51.6,7736,40059
20260114,51.6,53.3,51.5,52.2,5643,29687
20260115,52.2,52.7,51.4,51.6,4545,23512
20260116,51.9,52.1,51,51.3,5832,29969
20260119,51.2,52.3,50.6,51.3,4645,23921
20260120,51.4,51.9,51.4,51.7,2884,14887
20260121,51.7,51.8,50.7,50.8,5002,25510
20260122,51.3,51.5,50.4,50.5,5358,27182
20260123,50.8,51.4,50.1,50.2,4442,22413
20260126,50.5,50.7,50,50.5,3356,16888
20260127,50.9,50.9,50.3,50.3,3575,18041
20260128,50.3,50.5,49.7,50.4,6395,31967
20260129,50.5,51.1,49.9,49.9,3753,18837
20260130,50.6,51.2,49.25,49.25,9513,47507
20260202,49.4,51.9,48.75,49.95,8684,43788
20260203,50.4,50.4,49.2,50.1,6646,33014
20260204,50.1,53,49.95,52.7,11188,57884
20260205,52.7,56.5,52.4,53.2,18120,98480
20260206,53.5,53.5,50.9,52,7624,39555
20260209,51.8,51.8,49.45,49.7,11543,57968
20260210,49.7,49.95,48.4,48.9,8287,40534
20260211,49.5,49.5,48.55,48.7,3883,18969
20260223,49.3,49.3,48.45,48.6,5213,25368
20260224,48.6,48.9,48.1,48.15,6583,31841
20260225,48.25,48.4,47.05,47.35,9043,42904
20260226,47.4,48,47.2,47.2,5049,23942
20260302,46.6,46.85,45.65,46.6,8125,37528
20260303,46.6,46.7,44.75,44.8,9548,43275
20260304,43.4,44.45,42.45,42.5,11078,47565
20260305,43.7,44.7,43.05,44.5,7000,30709
20260306,44.4,45.6,43.85,45.35,4501,20317
20260309,41.95,42.8,40.95,41.25,10574,43807
20260310,42.1,42.45,41.6,42.1,4133,17368
20260311,42.5,44.3,42.5,44.1,4208,18395
20260312,44.2,44.4,42.4,42.6,5260,22658
20260313,42.3,44.4,42,44.1,4517,19617
20260316,45.6,47.5,44.8,46.4,14772,68619
20260317,46.85,46.9,45.75,45.75,7387,34060
20260318,46.5,47.4,46.05,47.15,7173,33689
20260319,47.35,48.3,46.7,46.9,7649,36262
20260320,46.9,47.4,45.8,45.8,4745,22036
20260323,44.75,45.35,44.2,44.3,4253,18985
20260324,44.9,45.1,43.8,43.8,4056,17972
20260325,44.45,44.6,43.75,43.85,3031,13345
20260326,44.2,44.7,43.75,44.15,3402,15032
20260327,43.85,45,43.7,44.85,3060,13602
20260330,43.9,43.9,42.85,43.15,5339,23037
20260331,42.65,43,42,42.05,5007,21207
20260401,43.4,43.4,42.65,42.9,2404,10321
20260402,43.05,43.3,42,42.2,2738,11604
20260407,42.45,42.45,41.45,41.9,3722,15547
20260408,42.35,43.3,42.3,43,4985,21322
20260409,43.1,43.1,42.1,42.15,3341,14140
20260410,42.55,42.95,41.7,41.9,4978,20956
20260413,42.2,42.25,41.5,41.8,4546,18975
20260414,42.15,43,41.8,41.95,7732,32639
20260415,42.2,46.1,42.2,46.1,9088,41374
20260416,48.5,48.6,45.15,47.2,27439,128359
20260417,46.85,48.1,46.7,47.15,10690,50443
20260420,47.2,47.8,46.35,46.35,11746,55171
20260421,46.5,47.65,45.5,45.5,12481,57658
20260422,45.6,46.25,44.1,44.1,12323,55153
20260423,44.7,45.05,42.05,42.8,12444,53513
20260424,43.3,43.35,41.8,42.8,10573,44902
20260427,43.15,44.95,42.05,43.55,8885,38803
20260428,43.7,43.7,42.35,42.4,6855,29273
20260429,42.6,43.2,42.35,42.9,5090,21767
20260430,43.1,43.3,42.2,42.3,6100,25903
20260504,42.5,43,42.3,42.8,3818,16290
20260505,42.9,43.6,42.7,43.4,5543,24013
20260506,43.85,43.85,42.55,42.75,5509,23662
20260507,42.25,42.3,41.5,41.95,9716,40609
20260508,41.9,42.55,41.35,41.9,6275,26174
20260511,41.85,42.3,41.7,41.95,5471,22955
20260512,42.25,42.6,41.75,41.9,5694,23956
20260513,41.8,41.9,41.2,41.35,7114,29486
20260514,41.8,42.85,41.75,42.25,6335,26756
20260515,42.8,42.8,41.55,41.65,5072,21310
20260518,41.7,42,41.2,41.6,4408,18295
20260519,41.8,42.85,41.25,41.55,5589,23419
20260520,41.6,41.9,41.15,41.15,4125,17070
20260521,41.5,42.65,41.4,42.3,5698,24035
20260522,42.85,44.2,42.3,43.7,10997,47532
20260525,44.2,44.2,42.85,43.05,6888,29785
20260526,43.05,43.1,41.85,41.9,7008,29514
20260527,42.2,42.2,41.3,41.4,6290,26162
20260528,41.45,41.6,40.2,40.3,9692,39562
20260529,40.7,41.2,40.55,40.9,4559,18634
20260601,41.2,42.6,40.9,42.6,8802,36985
20260602,42.9,43.2,41.95,42.7,6983,29760
20260603,43.15,45,42.7,43.95,12735,55970
20260604,44.15,45.5,43.8,44.75,11419,51159
20260605,44.85,44.85,42.9,43.55,7719,33661
20260608,41.1,42.65,41.05,42.35,6552,27599
20260609,42.8,45.9,42.8,45.35,14499,65094
20260610,44.75,46.1,44.05,44.25,10084,45529
20260611,44.1,44.2,42.95,43.75,6061,26373
20260612,44.4,45.2,44.3,44.45,5362,23999
20260615,45,45.4,44.65,44.8,4128,18558
20260616,44.85,45.25,44.6,44.8,3721,16724
20260617,44.9,44.9,44.1,44.55,3462,15385
20260618,45,45.7,44.05,44.3,6669,29840
20260622,44.6,45.6,44.45,45.6,7855,35404
20260623,46.1,47.8,45.8,46.65,17403,81465
20260624,46.4,46.4,44.5,45,8377,37850
20260625,45.35,45.35,44.45,44.5,3471,15522
20260626,44.4,44.45,42.5,43.5,9190,39881
20260629,44.45,47.85,44.4,47.85,14724,69478
20260630,49,49.05,46.75,47.4,26865,128412
20260701,47.5,48.7,45.8,47.9,16739,78777
20260702,47.75,49.6,47.35,49.5,18089,88200
20260703,49,52.7,48.65,51.3,23189,118555
20260706,51.4,52.2,49.8,50,13635,69190
20260707,50,50.6,48.9,49.2,10470,51896
20260708,49.3,49.8,48,48.9,7184,34900
20260709,48.9,48.9,47.2,47.6,8291,39567
20260713,46.95,48.2,46.3,47.25,5785,27249
20260714,47.65,47.65,45.15,45.75,7677,35175
20260715,45.8,47.1,45.7,46.95,4124,19129
20260716,46.95,48.2,46.15,47.45,3919,18474
20260717,46.8,47.75,45.1,45.35,9555,44161
20260720,46.15,49.35,45.1,48.6,12821,60720
20260721,49.25,51.4,48.6,50.6,18692,93785
20260722,50.8,53.5,50,50.3,19851,102320
20260723,50.6,51.2,48.5,49.75,9293,46053
20260724,49.35,50.4,49.05,50.4,5450,27133
20260727,50.4,50.9,49,49.7,6493,32387
20260728,49.25,49.4,47.5,47.65,6514,31494
20260729,48,48.65,45.9,47,11635,54810
20260730,47.2,49.35,47.15,47.6,10744,51898
20260731,49.75,50.8,47.8,48.25,10504,51365
20260803,48,51,47.5,49.85,10299,51456
20260804,49.15,50.1,48.4,48.45,8867,43368
20260805,48.8,49.15,48,48.45,6409,31016
20260806,48.2,49.7,48.1,49.65,5524,27073
20260807,50,51.7,49.5,49.9,13796,69558
20260810,50.2,50.3,49.4,50,5342,26638
20260811,50,52.3,49.6,51.6,15188,77818
20260812,52.1,55,51.9,52.6,20459,109030
20260813,53,53.1,51.3,51.6,10357,53700
20260814,51.6,51.7,50.5,51.5,6432,32915
20260817,51.9,52,49.5,50.1,11732,58805
20260818,50.1,50.8,49.75,50.4,4234,21300
20260819,49.8,50.7,49.7,50.7,3005,15086
20260820,50.9,51.1,50,50.2,3500,17649
20260821,50.2,50.3,49.1,49.65,5897,29352
20260824,47.5,47.55,45.8,46.8,17473,81071
20260825,46.5,47.4,44.3,44.95,13040,58881
20260826,44.95,47,44.9,46.6,7471,34445
20260827,47.15,47.45,45.8,45.8,5308,24564
20260828,45.85,46.05,45.25,45.65,3291,15030
20260831,45.3,47,45.2,46.3,4282,19850
20260901,46.95,50.7,46.95,50,14319,70042
20260902,50.6,51.9,49.6,51.5,16192,82278
20260903,51.9,52.4,49.05,49.1,11726,58942
20260904,50.1,50.6,49.6,50.3,4973,24953
20260907,51,51,49.35,50.6,6184,30982
20260908,50.5,50.8,49.15,49.15,5671,28132
20260909,49.25,49.45,48.3,48.3,6090,29622
20260910,48.5,48.65,47.4,48.35,5119,24527
20260911,47.6,49.15,47.6,48.85,3338,16261
20260914,48.9,49.6,47.7,49.35,7099,34652
20260915,49.5,49.5,48.1,48.1,8911,43103
20260916,45.5,45.55,44.9,44.9,8645,39005
20260917,45.1,47.7,44.95,47.7,7502,34805
20260918,48,50.5,47.45,50.5,16776,82589
