# date,open,high,low,close,lot,wan
20250814,180.5,184,180.5,182.5,119,2181
20250815,184.5,187.5,184,185,282,5246
20250818,186.5,187,183,184.5,124,2281
20250819,184.5,186.5,184,184,97,1786
20250820,183,183,180,182.5,118,2140
20250821,183,184,182.5,183,63,1161
20250822,182.5,184,182,183.5,45,831
20250825,183.5,188,183.5,184.5,89,1645
20250826,185,186.5,184,184,57,1057
20250827,184.5,185.5,183,184.5,60,1107
20250828,183.5,187,183.5,185.5,149,2758
20250829,186.5,189,185.5,188,203,3802
20250901,188.5,189,182,182,154,2835
20250902,182.5,183,178.5,179,94,1702
20250903,181.5,183,180,181,45,821
20250904,182.5,185,181.5,181.5,59,1076
20250905,179,180.5,176,178,297,5300
20250908,178.5,180.5,178.5,180.5,58,1038
20250909,179,179.5,178,178,59,1059
20250910,178.5,178.5,176.5,177,133,2354
20250911,177,177.5,175,176.5,140,2462
20250912,177,180.5,177,177.5,89,1592
20250915,179.5,182,179,180.5,158,2852
20250916,180.5,183,179,180,92,1656
20250917,180,181.5,178,178.5,64,1154
20250918,181,181,178,179.5,588,11327
20250919,179.5,181,179.5,180,615,11916
20250922,180,180,177.5,178,99,1776
20250923,178,178.5,177,177.5,74,1306
20250924,178.5,179.5,177.5,178,55,980
20250925,179.5,179.5,176.5,177,80,1418
20250926,177,177,173.5,174.5,112,1966
20250930,177,179,177,179,58,1026
20251001,177.5,180,176.5,178.5,55,978
20251002,179,179,176,176,42,742
20251003,178,178,175.5,176,59,1044
20251007,177,180,175.5,180,82,1458
20251008,184.5,184.5,180.5,181.5,239,4367
20251009,182,182,178.5,180.5,145,2608
20251013,177,178,175,178,151,2658
20251014,180,180,174,175,131,2304
20251015,177,177.5,175,177,44,771
20251016,178,178.5,174.5,175,65,1134
20251017,175,177,174.5,176,34,595
20251020,176,177,175,176.5,16,280
20251021,178,178.5,176.5,177.5,68,1208
20251022,178,180,178,178.5,79,1425
20251023,178.5,179,177,178,21,373
20251027,180,180,176,178.5,61,1078
20251028,177,177,175,175,114,1999
20251029,177,177,174.5,174.5,83,1453
20251030,175,181,174.5,177.5,189,3360
20251031,178,182,178,179.5,281,5059
20251103,181.5,186,181.5,183.5,217,3996
20251104,184,184,181,181.5,77,1397
20251105,183,186.5,180,183.5,291,5321
20251106,184.5,184.5,181.5,181.5,109,1982
20251107,180,181,178.5,178.5,131,2360
20251110,178.5,182,176.5,182,127,2271
20251111,180.5,180.5,179,180,92,1663
20251112,181.5,181.5,180,181,135,2438
20251113,181,181.5,179,179.5,69,1237
20251114,181.5,181.5,178.5,179,78,1409
20251117,179,179,175.5,176.5,128,2263
20251118,178.5,178.5,176,176.5,81,1435
20251119,178,179,177,177,78,1378
20251120,178.5,182,178,181.5,147,2650
20251121,181,181.5,179,179.5,61,1092
20251124,181,181,179,179.5,44,786
20251125,179.5,181,178.5,180.5,56,1001
20251126,180.5,182,180.5,181.5,78,1419
20251127,182,182,179.5,181,30,548
20251128,181,181,180,180.5,21,376
20251201,180,181,178,180,72,1282
20251202,179,181,179,180.5,27,492
20251203,179.5,180,178.5,179,29,524
20251204,181,181.5,178.5,181.5,102,1837
20251205,182,183,180,182,84,1524
20251208,180.5,180.5,176,178.5,113,2009
20251209,179.5,179.5,177,177.5,29,509
20251210,177.5,178,175.5,176,65,1142
20251211,178,178,177,177.5,19,346
20251212,179.5,179.5,177,179,23,404
20251215,177.5,177.5,177,177.5,14,256
20251216,177.5,178,176,177,55,977
20251217,178.5,178.5,176.5,176.5,12,217
20251218,176,176.5,175.5,176,26,462
20251219,176,177.5,175.5,176.5,20,357
20251222,176.5,177,175.5,175.5,54,944
20251223,177,177,175,175.5,23,406
20251224,175.5,176.5,174.5,174.5,28,495
20251226,176,176,174,174,25,437
20251229,173.5,174.5,172,172,96,1653
20251230,174.5,174.5,171.5,173,38,648
20251231,175,175,172.5,173,14,238
20260102,174.5,174.5,172,173.5,25,427
20260105,173.5,173.5,167.5,170,152,2583
20260106,170,171.5,169,171,41,706
20260107,170,173,170,172.5,45,769
20260108,173.5,179,172.5,177,210,3702
20260109,178.5,180.5,175.5,178,184,3275
20260112,180,180,177,177,65,1163
20260113,179,179,175.5,176,46,814
20260114,177,179.5,176,179,56,999
20260115,178.5,181,178.5,179,114,2052
20260116,180,180,177,178,46,820
20260119,178,178,176,176.5,58,1027
20260120,179,179,176,176.5,26,460
20260121,178,178,175.5,176,46,811
20260122,177,179.5,175,175.5,141,2493
20260123,177,179,175.5,179,68,1212
20260126,180.5,181,178.5,179,73,1314
20260127,180.5,180.5,178,179.5,31,551
20260128,180,180.5,178,178.5,23,408
20260129,178,179.5,176.5,177.5,44,780
20260130,176.5,176.5,174,175,60,1044
20260202,174.5,175,172,174,59,1017
20260203,177,177,174,175.5,45,782
20260204,177,180,176,178.5,68,1202
20260205,184.5,188,181,181.5,643,11887
20260206,183,183,176.5,179,260,4637
20260209,181.5,182,176.5,178,162,2884
20260210,179,179.5,177.5,179.5,75,1347
20260211,179.5,180,177,178,80,1420
20260223,179.5,180,178,180,106,1897
20260224,181.5,182.5,178.5,180,97,1743
20260225,179.5,180,178.5,180,47,841
20260226,180,182.5,180,181,132,2393
20260302,181,182,179.5,180.5,91,1648
20260303,179,179.5,177.5,177.5,56,996
20260304,174.5,176,172,173,144,2500
20260305,181,181,176.5,179,154,2742
20260306,177,179.5,177,178,45,811
20260309,172,176,168.5,174,143,2481
20260310,176,177.5,172,172.5,145,2524
20260311,174.5,177,174,176,83,1462
20260312,178.5,178.5,176,177.5,74,1318
20260313,176,177,174,175,75,1311
20260316,175.5,179,175.5,179,147,2606
20260317,180.5,189.5,180.5,187.5,737,13706
20260318,187,187,183,185,510,9428
20260319,182,192,182,190,740,14019
20260320,192,201,192,196,693,13650
20260323,190,201,190,196.5,310,6123
20260324,198,199.5,193.5,193.5,167,3280
20260325,197,197,192,194,128,2486
20260326,195,196.5,191,191,108,2090
20260327,191,193.5,190,192,96,1840
20260330,190,191,187.5,188,105,1982
20260331,187,187.5,180,180.5,336,6156
20260401,182.5,184,180.5,182.5,220,4006
20260402,182.5,183.5,179,179.5,220,3953
20260407,180,186.5,180,186,234,4303
20260408,187.5,188,185,185.5,101,1886
20260409,188,194,187.5,192.5,484,9237
20260410,192.5,194,188.5,190,180,3423
20260413,189,192.5,185,191.5,138,2617
20260414,191,194,188.5,189.5,207,3944
20260415,189.5,193,189.5,191.5,135,2579
20260416,192.5,197.5,192.5,195.5,221,4324
20260417,198,199.5,193.5,196,369,7268
20260420,198,198,193,193,155,3009
20260421,193,193,191,192,81,1547
20260422,193,195,191.5,194,105,2043
20260423,194,194,187.5,192,209,3976
20260424,192.5,197,188.5,189,124,2388
20260427,193,193,185,189.5,331,6195
20260428,193.5,193.5,189,189.5,63,1201
20260429,189.5,190.5,187,188,95,1785
20260430,189.5,191,188,188.5,82,1544
20260504,190.5,190.5,186,186.5,111,2076
20260505,188,188.5,185.5,185.5,76,1421
20260506,194,195,190,193,660,12705
20260507,194,194,187,191.5,344,6543
20260508,192,192,185,187.5,303,5669
20260511,188,190,187.5,188.5,113,2135
20260512,191,192,184,184,456,8497
20260513,184,184.5,182.5,183.5,101,1860
20260514,184.5,186,182.5,183,80,1468
20260515,185.5,187,184.5,185,179,3320
20260518,185,187,184,186.5,157,2907
20260519,193.5,205,191.5,198.5,1186,23647
20260520,198.5,201,193,194,382,7490
20260521,194.5,195,192,194.5,247,4791
20260522,194.5,194.5,191.5,192.5,288,5535
20260525,194.5,194.5,190,193.5,237,4555
20260526,193.5,199.5,193.5,199.5,567,11219
20260527,199.5,204,197,200.5,437,8775
20260528,199.5,201,195.5,198.5,415,8217
20260529,200,201,196,197.5,161,3196
20260601,199.5,200,196,199.5,206,4087
20260602,200,200,195,196.5,149,2934
20260603,198.5,201.5,194.5,199,254,5028
20260604,198,208,197,207,628,12865
20260605,198,199.5,194.5,196,554,10899
20260608,186,193,186,191.5,257,4893
20260609,191.5,194,190.5,192.5,118,2262
20260610,191,193.5,189,190,138,2631
20260611,191,191,186,188,178,3348
20260612,189.5,191.5,189,189.5,98,1868
20260615,190,190,187.5,189,171,3221
20260616,188.5,188.5,186.5,187,116,2178
20260617,187,188,186,186.5,62,1150
20260618,187.5,191.5,186.5,191.5,173,3270
20260622,192,194.5,191.5,192.5,139,2676
20260623,194,194,189,191.5,114,2179
20260624,191.5,192,189,190.5,118,2252
20260625,192.5,192.5,189.5,189.5,84,1611
20260626,188.5,191.5,187,187.5,128,2408
20260629,188.5,191.5,188.5,191,128,2431
20260630,191.5,197.5,191.5,196,270,5275
20260701,197.5,198.5,195,195.5,180,3556
20260702,195,203,195,201.5,313,6294
20260703,204,219.5,203,215,974,20670
20260706,218,218,212.5,214,274,5870
20260707,217,218,209.5,213.5,369,7851
20260708,215.5,221.5,210,212,409,8815
20260709,213.5,215.5,210,213,209,4442
20260713,215,215,206,209.5,243,5056
20260714,209,209,197.5,205,363,7351
20260715,205,206.5,202,204,107,2190
20260716,205.5,205.5,202,203,90,1840
20260717,196.5,203,193.5,195.5,200,3935
20260720,196.5,197.5,192,196.5,178,3485
20260721,197,197.5,195.5,197,149,2931
20260722,197.5,199,196,196.5,176,3481
20260723,198,198,193.5,194.5,203,3949
20260724,185.5,188,182.5,183,306,5644
20260727,184,188.5,182,187.5,108,2010
20260728,183.5,185.5,182,182,138,2538
20260729,182,183.5,176,181.5,357,6384
20260730,182.5,183,178.5,181.5,111,2015
20260731,184,187,181.5,182,149,2750
20260803,182,191.5,180,186.5,219,4117
20260804,185.5,187.5,184,187.5,81,1498
20260805,187.5,193,187.5,192.5,201,3849
20260806,194,198,191.5,197.5,196,3833
20260807,197,203.5,197,202.5,386,7760
20260810,203,209,202.5,209,603,12438
20260811,199.5,201.5,194,201.5,526,10411
20260812,199.5,206,199.5,203.5,277,5619
20260813,202,205.5,199.5,201.5,273,5535
20260814,204,204,197,198,203,4059
20260817,197,199.5,196,199.5,114,2263
20260818,200.5,200.5,197,198,60,1198
20260819,198.5,201,195.5,199.5,186,3696
20260820,200,204.5,199.5,201,63,1268
20260821,200.5,200.5,197,199,75,1484
20260824,202.5,202.5,198.5,200.5,126,2532
20260825,202.5,205,199,204,193,3911
20260826,204,210,203,207.5,508,10500
20260827,210,214.5,207.5,211.5,407,8641
20260828,211.5,211.5,204.5,206,218,4496
20260831,205,218,205,215,607,13045
20260901,218.5,220,214,215,237,5135
20260902,213.5,216,213,214.5,131,2817
20260903,217.5,217.5,208.5,209.5,198,4182
20260904,210.5,213,206.5,208.5,120,2504
20260907,207.5,207.5,204.5,206,148,3051
20260908,213,214,207.5,211.5,356,7520
20260909,213,214.5,208.5,212,148,3133
20260910,210.5,210.5,203,203,227,4643
20260911,204,204,200,201.5,110,2211
20260914,199,204.5,199,204,46,924
20260915,203.5,212,203.5,210.5,193,4043
20260916,211.5,214,206,206,159,3330
20260917,208,215,206,213,593,12618
20260918,219,219.5,211.5,215,460,9825
