# date,open,high,low,close,lot,wan
20250814,236.5,243,231,240.5,3874,92684
20250815,247,251.5,236,244.5,6241,153175
20250818,247,250,240,248.5,3872,95222
20250819,256,273,247,273,12044,317552
20250820,277,288.5,247,250.5,33922,911516
20250821,253.5,254,242,242.5,8871,219729
20250822,243,246,234.5,235,4169,99268
20250825,241.5,253,240.5,245.5,6591,162840
20250826,248,267.5,247.5,259,8655,223470
20250827,262,266,257.5,263,5700,149517
20250828,265,289,261,289,15810,443281
20250829,296,301,287,292,16145,474300
20250901,290.5,290.5,266.5,282.5,3735,104290
20250902,288,288,273.5,278.5,1873,52239
20250903,279,290,279,290,1614,46239
20250904,294,294,286,287.5,1163,33666
20250905,293,296,289,295,1628,47786
20250908,316.5,316.5,303,307.5,3039,93895
20250909,309.5,310,301,309,1479,45402
20250910,312,335,311,332.5,2601,83869
20250911,336,340,325,328,2924,96977
20250912,333.5,336,326.5,331,1958,64842
20250915,330,345,315,333,8207,271700
20250916,333,338.5,316,319.5,6783,219658
20250917,313.5,313.5,297,306,7857,238924
20250918,311,315,302,314,2690,83314
20250919,315.5,316,308,309,1936,60269
20250922,310,318,308,309,2142,66689
20250923,313.5,324,311,321,4645,148232
20250924,325.5,341.5,311.5,331,7813,257695
20250925,331.5,334.5,318,318,4603,149648
20250926,312,318,310,313.5,2889,90547
20250930,316,317.5,311,314.5,2159,67840
20251001,317,321,313,313.5,2243,70978
20251002,318.5,335,316.5,329,6047,198445
20251003,332,336,327,335,4804,159751
20251007,341.5,347,330,332,4749,159657
20251008,327.5,340,327.5,340,2082,69471
20251009,343,344,332.5,334,2024,68216
20251013,317.5,333,317,330,2421,79180
20251014,334.5,341,311.5,311.5,3908,126940
20251015,314,339,314,338.5,5183,171924
20251016,343.5,347,333.5,344,4795,163634
20251017,343,343,332,334,2935,98615
20251020,340,342,326,327,2324,76945
20251021,331,334,326,326,1620,53282
20251022,326,330.5,318,320,1885,60777
20251023,318,324,317,319,1173,37528
20251027,326,327,314.5,321,2537,81118
20251028,322.5,326,317,324,1452,46823
20251029,326,340,325.5,329,3214,107276
20251030,333,334.5,318,320,2784,89712
20251031,321,341,318,339,5183,173577
20251103,341,342.5,332.5,339.5,2929,98946
20251104,338,338,316,317.5,5719,185414
20251105,309,320,307,319,2875,89703
20251106,321,327,317,317.5,1559,49967
20251107,312,315.5,310,312,1402,43724
20251110,315,317.5,309,311.5,1252,38999
20251111,313,315,306,306,1362,42309
20251112,307,318,305.5,308,2126,66029
20251113,308,308,293,298.5,4528,135696
20251114,290,296,286,287.5,3169,91549
20251117,287.5,293.5,287,289,1215,35146
20251118,288,300,286.5,289,1570,45844
20251119,289.5,296,283,284.5,1235,35690
20251120,295,303,293,297.5,1940,57792
20251121,290,293,283,283.5,1478,42468
20251124,287.5,290,283.5,290,1063,30517
20251125,294,302,294,296.5,1268,37705
20251126,299,304.5,299,301,1234,37208
20251127,304.5,304.5,297.5,301,1123,33779
20251128,301,310,301,306.5,2131,65248
20251201,309,309.5,300.5,304.5,787,23931
20251202,304.5,312.5,304.5,308,1338,41332
20251203,311.5,312,307.5,308.5,659,20363
20251204,310,314,304.5,307.5,933,28781
20251205,305,313,305,310,714,22082
20251208,310,314,308,312.5,1029,32114
20251209,314,314,305.5,307.5,1074,33200
20251210,308.5,312.5,303,303.5,913,27929
20251211,306,313,302,303.5,1768,54498
20251212,308,314,302.5,308,1659,51364
20251215,306,306,300.5,301.5,1117,33744
20251216,300,301,290,293,1229,36173
20251217,294.5,296,289,289.5,651,19003
20251218,288,288,283.5,285.5,509,14561
20251219,292.5,296,290,296,706,20747
20251222,301,304,298.5,300,850,25614
20251223,303.5,307.5,302,304.5,1395,42655
20251224,306,310,302,304,787,24057
20251226,307,307,299,300,850,25660
20251229,300,300,293.5,296.5,819,24262
20251230,294,298.5,292,298,596,17551
20251231,304,324.5,303.5,316,4872,154735
20260102,325,347.5,324.5,347,9479,323452
20260105,360,375,354.5,362.5,10132,368585
20260106,366,377.5,360.5,366,5719,209830
20260107,366,373.5,362,364,4169,153216
20260108,368,370,352,370,3686,132509
20260109,375,385,364,375.5,7903,296637
20260112,383,396,372,376,4908,188372
20260113,379,383,368.5,369,3482,130116
20260114,372,372.5,364,369,2093,77061
20260115,370,376,362.5,365,1774,65188
20260116,377,383,350.5,351,5485,198330
20260119,349.5,350.5,339,346,2247,77518
20260120,349,357.5,347,354.5,1390,49022
20260121,346,355,339.5,339.5,2227,76752
20260122,344.5,346,330.5,335,2094,70628
20260123,336,341,331,336.5,1237,41491
20260126,337,338,328.5,330.5,1520,50432
20260127,331,337.5,329,333,1351,44949
20260128,336,346,332,336,2175,73349
20260129,338,342.5,330,330,1742,58117
20260130,328.5,328.5,319,319.5,1838,59333
20260202,316,328.5,312.5,321,1743,55916
20260203,326.5,330,317,321,1472,47550
20260204,321.5,331,318,324,1488,48476
20260205,322.5,324,313,314.5,1879,59610
20260206,313,313,299,304,1940,59105
20260209,311.5,313.5,300.5,303.5,1492,45444
20260210,306.5,310.5,306,307,727,22385
20260211,309,314,304.5,307.5,1103,33963
20260223,311.5,330,305,328,2556,82300
20260224,330,334.5,323,332,2668,87704
20260225,335.5,350,330,334,3417,116214
20260226,335.5,342,332.5,338.5,2085,70459
20260302,323.5,344.5,320,339,2705,90791
20260303,340.5,345,324.5,324.5,3717,124040
20260304,314,320.5,300.5,301,2665,81618
20260305,312.5,322,311,320,2007,63624
20260306,316,336,315,329.5,2742,89787
20260309,301,309,297,297,3293,98661
20260310,311.5,318,307,314.5,2516,78822
20260311,323,340,321.5,336,3400,113870
20260312,334.5,340,329.5,335,2314,77448
20260313,329.5,337.5,323,328,2017,66560
20260316,333.5,342,331,331,2642,88875
20260317,338.5,341,323,323,2293,75933
20260318,327.5,328.5,321,323,1311,42563
20260319,322,322,314,316,1357,43155
20260320,319,324.5,303,305,2459,76215
20260323,298,301.5,289.5,290.5,2407,70886
20260324,300,302.5,287,294,1582,46659
20260325,300,306,298.5,299.5,1401,42281
20260326,303,305.5,291,292,1545,45960
20260327,288,297,285.5,296.5,1154,33409
20260330,291.5,291.5,277.5,281.5,1909,53900
20260331,281.5,285.5,272.5,275,1216,33868
20260401,292.5,295.5,287.5,289,1297,37740
20260402,291,292.5,275,277,1840,51513
20260407,281,286,280.5,283,717,20315
20260408,289.5,294.5,288.5,292.5,1655,48258
20260409,296,297,292,293,1074,31597
20260410,295.5,300,292,296,1565,46179
20260413,296,303,292,294.5,1607,47724
20260414,301,301,293.5,296.5,1229,36424
20260415,302.5,323,302.5,314,4470,140480
20260416,315.5,315.5,301,308,2596,79423
20260417,306,310,304,308.5,1441,44396
20260420,311.5,329,311.5,327,3968,128510
20260421,333.5,334.5,320,322.5,2696,87577
20260422,323,345.5,322,327,5850,195854
20260423,335,337,300.5,312,4420,140212
20260424,314.5,319,304,305.5,2301,71376
20260427,309,313.5,299.5,307.5,1654,50513
20260428,309,310.5,304.5,308.5,1052,32267
20260429,308.5,317,304.5,311.5,1865,58249
20260430,316,325,308,308,3216,101857
20260504,312,320,309,314.5,1711,53829
20260505,315,315,307,310,2231,69085
20260506,311.5,313,301,306.5,2639,80819
20260507,311,313,306,308,1418,43835
20260508,308,324,302.5,321.5,4388,138227
20260511,325.5,326,312,317.5,4278,136680
20260512,318.5,329.5,311.5,315,3956,126593
20260513,312,313,306.5,308.5,1856,57410
20260514,311,313,305,305,1632,50073
20260515,309.5,310.5,296,299.5,1791,54133
20260518,299.5,299.5,287.5,299,1546,45320
20260519,300,305,292,294,995,29576
20260520,295,297.5,288.5,289.5,745,21740
20260521,291,305,291,298,1370,41270
20260522,303.5,308,301.5,306.5,1506,45999
20260525,309.5,310,303.5,304.5,1756,53869
20260526,306,307.5,301,303,1335,40598
20260527,308.5,317,300,302.5,2894,89354
20260528,305,312.5,297,299,1907,57988
20260529,302.5,304.5,298.5,300,1040,31291
20260601,305,306.5,300,303,1009,30565
20260602,306.5,307,297,298.5,940,28166
20260603,305,313,300.5,305.5,2634,81112
20260604,305.5,308.5,300,300,1007,30506
20260605,300,300,291,297.5,977,28862
20260608,268,284.5,268,283.5,1824,50016
20260609,286,288,282,283.5,1058,30009
20260610,279,283.5,271.5,271.5,1339,37094
20260611,271.5,277,261,266,1057,28235
20260612,274.5,276,269.5,273,710,19343
20260615,279,282.5,275.5,275.5,804,22332
20260616,280,280,271,275,735,20212
20260617,276,281,272,281,448,12408
20260618,281,283,277,281,960,26850
20260622,283.5,285,280,283,951,26923
20260623,283,283.5,275,275,807,22413
20260624,270.5,273.5,270,271.5,596,16164
20260625,272.5,275,270.5,270.5,530,14399
20260626,270.5,271,260,260.5,1286,34063
20260629,261.5,273.5,261.5,267,711,19138
20260630,273,274.5,270,271.5,382,10386
20260701,274.5,280,272,275.5,694,19098
20260702,275.5,277,271.5,276,329,9043
20260703,277.5,286,273.5,281,982,27709
20260706,284.5,291.5,282,283,1251,35888
20260707,284,285,270,270,722,19910
20260708,271,275,268,274.5,364,9895
20260709,277,277,269,270.5,332,9020
20260713,275,283.5,266.5,270.5,824,22523
20260714,269,272.5,252.5,263.5,913,23717
20260715,266,271,262,269.5,395,10540
20260716,267.5,268.5,263,264.5,379,10050
20260717,254.5,259.5,245.5,245.5,1072,26914
20260720,248,248,228,236,1015,23977
20260721,238.5,242.5,236,242,359,8606
20260722,247.5,248,241,242.5,425,10411
20260723,247,247,240,242.5,320,7766
20260724,242.5,242.5,233,234,466,11010
20260727,232,247,230,247,567,13490
20260728,239.5,243,229,229,681,15948
20260729,227.5,234.5,208,217.5,1164,25341
20260730,208,217,205,207,875,18440
20260731,221.5,224.5,216.5,216.5,630,13818
20260803,214,230.5,213.5,228.5,621,14043
20260804,231.5,231.5,225,227.5,498,11327
20260805,235,241.5,233,237,631,15005
20260806,237.5,242,229,240.5,474,11224
20260807,242.5,242.5,233,233,388,9196
20260810,254,256,252.5,256,668,17068
20260811,263.5,263.5,245.5,251.5,1529,38656
20260812,252,254.5,250,254,511,12886
20260813,255,259,255,255,433,11116
20260814,257.5,258,252.5,254,361,9178
20260817,255,261.5,254.5,255,531,13641
20260818,255,255.5,250.5,251,403,10160
20260819,245,250.5,243.5,247.5,467,11551
20260820,248.5,254,246.5,249,311,7776
20260821,249.5,258,247.5,256,639,16241
20260824,257,269.5,255,264.5,895,23628
20260825,264.5,264.5,257,260.5,386,10024
20260826,265,265,259,261,347,9056
20260827,262.5,272,262.5,265.5,909,24328
20260828,270,274,263,265,858,22864
20260831,265,265,255,258,630,16278
20260901,259,264.5,259,261.5,421,11063
20260902,264,265.5,256,256,648,16844
20260903,260,260,247,247,814,20368
20260904,252,252,245.5,248,495,12312
20260907,254,254.5,247.5,250.5,475,11920
20260908,250.5,252,247.5,249.5,288,7187
20260909,253,253,244.5,246,533,13147
20260910,246,247,240.5,242,433,10566
20260911,239.5,239.5,233.5,234,474,11137
20260914,232,239.5,228.5,238.5,449,10535
20260915,238.5,238.5,235,238.5,235,5570
20260916,238,242,236,240,162,3891
20260917,241,245,241,241.5,235,5703
20260918,244.5,250,239.5,250,545,13375
20260921,250,251,244.5,244.5,340,8411
20260922,248,248,243.5,243.5,255,6267
20260923,245.5,246.5,243,245,232,5673
20260924,246.5,249,245.5,248.5,356,8812
