# date,open,high,low,close,lot,wan
20250814,31.3,34.15,30.9,34.15,3910,12921
20250815,35.05,37.5,34.5,37.35,6572,23636
20250818,36.05,36.35,34.8,35.55,3204,11353
20250819,34.75,36.5,34.05,34.65,1968,6894
20250820,34.2,34.6,32.55,32.65,1902,6301
20250821,32.95,35,32.85,34.15,1469,5006
20250822,34.15,35.35,33.85,34,1388,4813
20250825,34.95,35.3,34.1,34.9,1391,4841
20250826,34.9,34.9,34.15,34.35,931,3215
20250827,34.5,35,34.15,34.7,1126,3885
20250828,34.9,36.25,34,36.2,2434,8649
20250829,36.75,36.75,35,35,1971,7029
20250901,34.75,34.95,33.5,33.7,1089,3709
20250902,34.25,34.55,32.25,32.6,893,2950
20250903,32.65,33.15,32.6,33.05,408,1344
20250904,33.2,33.5,32,32,664,2162
20250905,32.15,32.9,32.15,32.3,618,2000
20250908,32.55,34.05,32.55,33.8,881,2961
20250909,34.3,34.3,33.25,33.3,780,2634
20250910,33.3,33.6,32.4,32.45,726,2370
20250911,32.45,32.75,30.7,30.8,1011,3198
20250912,30.7,32.15,30.7,31.05,588,1851
20250915,31.1,31.2,30.2,30.45,562,1721
20250916,30.45,32.3,30.3,31.65,509,1580
20250917,32.1,32.1,31.25,31.35,415,1305
20250918,31.35,31.7,31,31.2,484,1514
20250919,31.55,32.75,31.3,32.25,1055,3414
20250922,32.25,32.6,31.8,32,473,1519
20250923,32,32.2,31.3,31.5,434,1378
20250924,31.3,31.45,30.7,30.7,484,1505
20250925,30.6,32.2,30.6,30.9,492,1549
20250926,30.9,30.95,29.85,30,662,1996
20250930,30.1,30.5,29.55,30.4,346,1035
20251001,30.75,30.75,29.5,29.7,333,996
20251002,29.85,31.25,29.7,29.75,810,2453
20251003,29.9,30.4,29.55,29.55,444,1324
20251007,29.95,30.65,29.8,30.15,506,1528
20251008,31.1,31.25,30.05,31,737,2275
20251009,31.4,32.45,31,31.1,1032,3267
20251013,28.5,30.85,28.5,30.65,554,1667
20251014,31,31.5,29.8,29.9,837,2571
20251015,30.05,30.4,29.7,29.8,612,1834
20251016,29.85,30.7,29.8,29.85,658,1987
20251017,29.8,30.05,29.4,29.75,580,1721
20251020,29.8,32.3,29.8,31.8,2215,7025
20251021,32.15,32.2,31.05,31.15,1004,3155
20251022,31.2,31.65,30.8,30.85,661,2058
20251023,30.85,30.95,30.05,30.1,509,1552
20251027,30.5,31.15,29.7,30.6,807,2450
20251028,30.5,32.1,30.1,31.8,1846,5774
20251029,33.5,33.8,32.5,33.4,3986,13230
20251030,33.4,33.5,31.5,31.65,2040,6551
20251031,31.65,31.85,30.8,31,690,2151
20251103,31.3,31.3,30.1,30.1,655,2000
20251104,30.1,30.3,29,29.1,956,2819
20251105,28.8,29.05,28.05,28.55,884,2517
20251106,28.7,29.15,28.5,28.75,451,1297
20251107,28.55,28.7,28.25,28.45,369,1050
20251110,28.3,31.2,28.05,31.2,1424,4267
20251111,31.2,31.25,29.55,29.6,1791,5444
20251112,30,31.3,29.8,30.75,1757,5419
20251113,30.95,31.75,30.65,31.35,1590,4967
20251114,31,31.5,29.8,29.85,1378,4232
20251117,30.2,32.6,30.15,32.25,2810,8959
20251118,33,33.05,30.75,31.95,3186,10184
20251119,31.8,32.25,30.45,30.85,1599,5018
20251120,31.6,32.85,31.6,32.1,2460,7969
20251121,30,30.95,29.9,30.05,1405,4257
20251124,31.3,33.05,31.2,33.05,1747,5709
20251125,36.35,36.35,34.5,36.35,7696,27612
20251126,38.15,39.95,38,39.95,20499,80478
20251127,41,41.8,38.65,41.1,26795,108086
20251128,40.9,42.65,39.8,40.3,11292,46392
20251201,40.5,42.5,39.95,41.15,10761,44380
20251202,41.15,43,40.05,40.5,9310,38598
20251203,40.9,42.5,40.25,40.35,8025,33047
20251204,40,40.15,39,39.05,4609,18178
20251205,39.05,42.95,38.9,42.95,15905,67133
20251208,43.85,44.95,41.2,42.5,26268,113087
20251209,42.55,46.75,41.8,46.75,19153,84838
20251210,48,48.5,45.1,47.9,26233,123065
20251211,47.45,52,47.1,48.2,23555,115436
20251212,49.2,49.95,47.4,47.7,9786,47496
20251215,46.2,47.5,45.6,45.6,6042,28055
20251216,45.4,46.7,44.2,44.5,6862,30948
20251217,45.35,48.3,45.35,47.9,13437,63710
20251218,47,48.5,44.7,45.05,8696,40696
20251219,45.2,47.4,44.7,44.8,7704,35304
20251222,45.7,49,45.7,47.5,11036,52626
20251223,48.2,49,47.5,48.35,9455,45550
20251224,49.3,51,47.55,48.2,11342,55249
20251226,48.5,49.4,47.6,47.6,4960,23883
20251229,47.6,47.6,45.6,45.6,4210,19445
20251230,45.4,45.5,43.7,44.15,5241,23370
20251231,44.4,45.45,42.4,42.55,4679,20446
20260102,42.55,43.65,42.55,42.75,2371,10182
20260105,43,43.25,40.4,40.55,3938,16233
20260106,42.5,42.75,40.55,40.95,3111,12952
20260107,39.9,39.95,37.6,37.8,5876,22600
20260108,37.8,38.7,36.5,36.5,3708,13893
20260109,37,37.55,35.95,36.6,2053,7521
20260112,36.85,38.45,36.55,37.9,2635,9951
20260113,37.85,38.2,36.2,36.6,2135,7891
20260114,36.55,40.25,36.55,40.25,5551,21712
20260115,42.05,43.8,41.5,42.9,11988,50879
20260116,43,43,40.9,41.4,4380,18302
20260119,40.8,41.15,40.3,40.4,2424,9847
20260120,40,41.7,39.65,40.05,3130,12771
20260121,39.9,40.55,38.65,38.75,2514,9924
20260122,39.35,40.4,38.2,38.85,2011,7864
20260123,38.6,39.3,37.75,37.85,1493,5712
20260126,38.15,38.95,37.15,38.55,1472,5583
20260127,38.65,42.3,38.65,41.75,8990,37185
20260128,41.9,43,40.85,42.6,10676,45061
20260129,44.3,45.3,42.15,43.15,11599,50566
20260130,42.8,43.5,39.4,40,3549,14479
20260202,38.75,39.5,37.55,37.9,2311,8839
20260203,38.85,39.7,37.35,37.75,1701,6511
20260204,37.8,39.4,37.3,39.25,1515,5880
20260205,38.4,42.9,38.2,40.95,6455,26817
20260206,40.4,40.4,37.5,38.6,2080,8043
20260209,42,42.45,40.55,42.45,3875,16246
20260210,44.25,44.55,40.2,40.2,10772,45683
20260211,39.95,40,38.9,38.95,1992,7803
20260223,39.6,42.65,39.3,42.15,3568,14905
20260224,41.95,44,41.55,42.85,6526,28108
20260225,43.1,43.5,40.75,41.2,3142,13145
20260226,41.7,44.9,41.55,43.95,7438,32425
20260302,42.4,45.65,42.1,43.8,8903,39638
20260303,45.45,48.15,44.9,44.95,27196,127827
20260304,43.15,43.5,40.5,40.5,6742,27812
20260305,42.15,44,41,41.5,5619,23803
20260306,40.85,42.45,40.35,41,3316,13780
20260309,37.75,40.4,36.9,40.25,2983,11421
20260310,41.85,41.85,39.95,40.8,3560,14548
20260311,41.15,43.6,41.15,42.9,3918,16796
20260312,42.4,44.3,42.25,42.25,3787,16328
20260313,41.55,43.6,41,43.35,3029,12867
20260316,43.2,43.9,41.85,43.7,3494,14915
20260317,43.7,44.65,42.25,43,4592,19927
20260318,43.25,44.15,42.1,43.6,4259,18427
20260319,43.6,44.6,42.7,42.7,4334,18920
20260320,43.3,46.5,43.25,45.5,13803,62289
20260323,44.1,50,43.7,50,28454,137402
20260324,51.5,51.7,46.15,48,32438,156694
20260325,48.6,50.7,48.35,49.6,25058,123607
20260326,49.4,54.5,47.8,47.8,35182,181310
20260327,47.55,49.5,47.2,48,12841,61902
20260330,46.2,47.05,44.3,44.65,5759,26019
20260331,44.2,45.95,43.05,44.9,7388,32879
20260401,46.5,47.9,44.85,44.85,7823,36359
20260402,44.65,45.55,42.6,43.85,5373,23591
20260407,43.4,45.5,43,44.95,3903,17271
20260408,45.9,46.7,45.3,45.3,3499,15997
20260409,45.55,46.4,44.2,44.3,4404,19983
20260410,44.65,48,43.15,47.5,10469,48294
20260413,47.25,49.35,46.3,48.2,8129,39037
20260414,48.6,49,46.6,47.65,5507,26161
20260415,47.6,50.3,47.4,49.1,13096,64364
20260416,49.35,50.1,48.4,49.05,6169,30289
20260417,49.15,51.8,47.6,47.8,11474,56424
20260420,48.2,52.5,47.45,51.6,14924,75793
20260421,52.2,56,50.5,53.2,25148,132494
20260422,54,54,51.6,52.4,8463,44710
20260423,51.9,53.2,47.2,48.15,9767,48127
20260424,48.45,48.8,45.1,45.95,4881,22683
20260427,46.25,46.25,43.75,45,3441,15303
20260428,44.3,45.3,43.85,44.55,2722,12142
20260429,44.35,46.45,44.15,44.95,3780,17173
20260430,45.35,46.9,45,45.25,3425,15747
20260504,45.7,46.2,45.2,45.3,2187,9964
20260505,45.65,46.15,45.3,45.5,2154,9830
20260506,46.1,46.4,44,44.6,2600,11735
20260507,45.05,45.55,43.9,45.4,2377,10633
20260508,44.45,46.1,42.1,43,3116,13629
20260511,43.25,43.95,42.4,43.3,1749,7555
20260512,44.2,46.15,44.2,44.4,4653,21019
20260513,44.15,47.65,42.9,47.45,7271,33598
20260514,48.5,51.5,47.15,49.9,12526,61958
20260515,50,50.2,47.05,48.6,6581,31768
20260518,48,48.4,46.7,47.05,2822,13382
20260519,47.45,48.8,46.1,46.1,3317,15768
20260520,46.2,46.7,44.2,44.35,2929,13293
20260521,44.9,45.9,44.9,45.3,1906,8658
20260522,45.75,48.55,45.65,47.55,3769,17913
20260525,48.8,48.8,47,47.05,3692,17642
20260526,47.3,47.6,45.75,46.75,3194,14858
20260527,47.15,47.35,44.7,44.9,3860,17585
20260528,45.05,45.45,43.6,43.7,2467,10968
20260529,44.05,45,43.6,44.85,1509,6677
20260601,44.95,45.35,44.35,44.4,1701,7616
20260602,44.65,45.95,44,45,2276,10199
20260603,45.95,47.9,45.95,46.4,4995,23343
20260604,46.8,46.8,44.75,45.5,1938,8790
20260605,45,45.05,43.9,44.1,1167,5183
20260608,39.7,41.2,39.7,40.9,1470,5927
20260609,41.8,41.8,40.6,41.15,1280,5254
20260610,40.95,41.95,39.2,39.2,1434,5818
20260611,38.75,39.5,37.95,38.55,1249,4829
20260612,39.4,39.7,38.6,38.75,933,3645
20260615,39.7,40,39,39.05,796,3131
20260616,39.6,40.7,39.2,39.2,1115,4437
20260617,39.1,39.1,38.35,38.8,955,3690
20260618,39,39.45,38.8,38.8,896,3500
20260622,39.2,41.1,39,40.25,2154,8664
20260623,41.4,41.75,39,39,2330,9402
20260624,38.7,41.7,38.4,41,3730,15165
20260625,41.05,43.4,40.75,42.45,7025,29970
20260626,42.5,44.1,40.7,40.7,5416,23194
20260629,40.6,41.3,39.2,39.2,1799,7241
20260630,39.95,42.25,39.95,40.5,2058,8465
20260701,40.75,41.1,39.7,39.9,1079,4343
20260702,39.8,40.5,39.8,40.05,693,2772
20260703,40,42.55,39.85,41.8,2737,11420
20260706,42,42.45,40.25,40.6,1430,5880
20260707,40.9,42.25,39.05,39.25,1438,5848
20260708,41.7,42.5,39.95,40.2,2315,9444
20260709,40.25,40.4,39.5,39.5,979,3896
20260713,40.7,40.7,38.7,39,933,3685
20260714,39.3,39.85,36.9,38.2,1181,4493
20260715,38.7,39.65,38.4,39.1,761,2969
20260716,39,39.25,38.2,38.5,554,2141
20260717,37.7,37.7,34.7,34.85,1079,3897
20260720,35,35.1,32.6,33.7,908,3060
20260721,34.7,34.95,34.2,34.6,352,1218
20260722,35.6,36.3,35.25,35.6,609,2174
20260723,36.05,38.5,35.7,37.6,1932,7230
20260724,37.45,40.8,36.5,38.3,5571,21767
20260727,38.25,40.35,38.25,38.8,3223,12715
20260728,37.65,40.7,37.2,38.6,4502,17762
20260729,38.65,39.6,34.75,35.3,3320,12062
20260730,34.2,35.15,31.8,32.05,1417,4741
20260731,35.2,35.2,34.2,34.6,1224,4239
20260803,35.2,38.05,35.2,38.05,1893,7053
20260804,37,40.6,37,39,3315,12970
20260805,39.9,41.4,39.8,40.65,4172,16960
20260806,40.2,40.6,39,39,1730,6871
20260807,39,39.8,38.2,38.3,1132,4390
20260810,39.85,42,39.2,41.8,2525,10295
20260811,38.55,38.9,37.65,37.65,2864,10894
20260812,36.5,38.4,36.1,37.4,1223,4571
20260813,37.45,38.15,37.2,37.5,822,3089
20260814,37.5,37.7,36.6,36.9,641,2363
20260817,37.5,37.5,35.5,35.5,845,3044
20260818,36,36.15,34.55,34.55,671,2367
20260819,34.5,35.05,34.3,34.55,413,1432
20260820,35,35.8,34.5,34.7,338,1178
20260821,34.75,34.85,34.4,34.7,336,1163
20260824,35.1,36.75,34.8,35.95,615,2200
20260825,35.55,36.3,35.35,36,702,2518
20260826,36,36.85,36,36.8,693,2527
20260827,37,37.45,36.6,36.6,778,2879
20260828,37.3,37.3,36.45,36.75,790,2912
20260831,36.75,36.9,36,36.4,406,1480
20260901,36.5,37.75,36.5,37.6,1204,4485
20260902,36.95,39.15,36.85,38.05,2522,9677
20260903,38.5,39.15,36.55,37.25,1853,7029
20260904,38,38.55,36.65,36.95,1024,3826
20260907,37.05,37.05,36.1,36.5,696,2538
20260908,36.55,36.6,35.5,35.5,528,1900
20260909,36.5,36.65,36.15,36.5,493,1792
20260910,36.55,37,35.9,35.9,535,1938
20260911,33.75,34.5,33.15,33.4,1312,4388
20260914,33.45,36.45,33.4,34.8,2302,8118
20260915,34.8,34.95,33.8,34.2,834,2859
20260916,34.15,34.85,34.05,34.1,544,1871
20260917,34.5,34.9,34.2,34.2,470,1619
20260918,34.6,37.6,34.3,37.6,2301,8480
20260921,41,41.35,41,41.35,3143,12960
20260922,42.05,43.65,40.6,42.05,18405,77873
