# date,open,high,low,close,lot,wan
20250814,60.7,61.7,60.5,60.9,1567,9583
20250815,60.9,61.3,60.2,60.9,1560,9451
20250818,60.5,61.4,59.9,60.5,1426,8657
20250819,60.7,60.7,59.6,59.8,1460,8781
20250820,59.8,60.3,58.6,58.6,1608,9495
20250821,58.8,60.1,58.8,59.9,1002,5976
20250822,59.8,60.2,58.6,58.9,1066,6303
20250825,59.3,60.7,59.3,59.9,1329,7978
20250826,59.9,60.5,59.6,60.2,1202,7236
20250827,60.8,61.2,60.5,61.2,1301,7939
20250828,61.2,62.1,60.7,61.7,1637,10082
20250829,62.1,63.1,60.2,62.7,3997,24747
20250901,61.5,61.5,58.1,58.9,3714,22247
20250902,59,59.9,58.1,58.6,1500,8821
20250903,58.6,63.2,58.6,61.2,3414,20858
20250904,63.5,64.4,61.5,62.5,7981,50320
20250905,63.5,63.7,61.2,61.5,6996,43644
20250908,61.5,64.2,61.5,62.2,6615,41553
20250909,65.5,68.4,64.3,64.5,13692,90265
20250910,63.8,63.9,61.5,61.6,5855,36351
20250911,62,62,59,59,4133,24845
20250912,59.1,62.5,59.1,61.9,4109,25185
20250915,63.5,65.2,62.8,64.1,13048,83676
20250916,64.1,64.3,63.1,63.6,3365,21378
20250917,63.5,64.7,63,63.6,2986,19074
20250918,64.3,67.5,64,66.1,8259,54739
20250919,67.8,67.8,65.7,66.6,5544,37023
20250922,66.6,67.5,65.9,66.3,3425,22819
20250923,66.3,66.8,64.6,64.6,3291,21463
20250924,64.4,64.8,63.2,63.8,1997,12782
20250925,64.3,65,63.6,64,1759,11310
20250926,64,64,61.3,61.8,2193,13609
20250930,62.8,63.1,61.2,63,1291,8058
20251001,63,63.3,61.7,61.7,1029,6405
20251002,62,62.7,61.2,61.4,1238,7638
20251003,61.9,62.1,61.4,61.8,821,5072
20251007,62.3,64.2,62.1,63,2562,16200
20251008,62.7,62.9,61.4,62.4,1510,9365
20251009,62.9,63.5,62,62.8,1525,9595
20251013,60,61.1,58.5,61.1,2190,13103
20251014,61.5,62.8,59.8,60.2,1945,11899
20251015,60.8,60.8,59.6,60,1643,9873
20251016,60.7,62.7,60.7,62.1,1542,9544
20251017,61.7,62.5,61.6,62.1,830,5151
20251020,62.4,64.7,62.3,64,3044,19485
20251021,64.6,65.5,63.6,64,1908,12312
20251022,64.5,65,63.9,64.9,1350,8690
20251023,64.5,64.5,63,63,1281,8121
20251027,64,64.3,62.6,63.7,1188,7531
20251028,64.1,66.5,63.2,65,2746,17858
20251029,65,65.8,64.1,64.2,1284,8284
20251030,64.2,64.4,62.4,62.9,1324,8362
20251031,63,63.3,60.7,61.6,2007,12356
20251103,61.1,61.6,60.5,60.6,1302,7916
20251104,60.6,60.7,58.2,58.2,3643,21550
20251105,56.8,56.8,53.4,54,5536,30094
20251106,54.2,54.7,53.2,53.8,2450,13174
20251107,54,54.5,52.5,52.7,3345,17756
20251110,52.7,52.8,51.2,52,2346,12166
20251111,51.1,54.3,51.1,53.7,3183,16982
20251112,53.5,54.9,53.2,54.3,1653,9001
20251113,54.4,55,53.5,55,1418,7701
20251114,53.8,54.9,53.7,53.7,1083,5857
20251117,53.7,53.7,52.5,52.8,761,4033
20251118,52.3,52.3,50.5,51.1,1427,7319
20251119,50.7,51.2,49.8,50.3,1365,6866
20251120,51,51.9,50.7,51.9,937,4814
20251121,51.4,51.4,50.1,50.5,836,4240
20251124,51.2,51.4,49.8,49.8,1477,7417
20251125,50.5,51.8,50.2,51.8,1163,5965
20251126,52.1,53.4,52,53.3,1351,7160
20251127,54,54,52.4,53,725,3838
20251128,53,53.4,52.5,53.4,373,1983
20251201,53.1,53.8,52.4,52.5,1085,5732
20251202,52.9,53.4,52.5,52.9,909,4801
20251203,53.3,53.7,52.5,53.3,1266,6733
20251204,53.2,53.5,52.3,52.9,1028,5439
20251205,52.6,53.2,51.5,52.5,1269,6604
20251208,52.7,53.5,52,53.1,1622,8561
20251209,53.3,54.1,52.8,53.9,1960,10471
20251210,54.5,54.5,52.5,52.7,2093,11138
20251211,53,54,51.8,53,1976,10402
20251212,53,53.1,52.5,53.1,1721,9093
20251215,52.1,52.7,51.2,52.3,2071,10759
20251216,52,52.2,50.6,51,2076,10664
20251217,51.7,52.4,50.3,50.6,2318,11830
20251218,50.6,50.8,49.95,50.2,2209,11091
20251219,50.8,51,50.2,50.3,1789,9041
20251222,50.9,53.1,50.9,52.6,3017,15736
20251223,52.6,52.8,51.2,51.7,2040,10592
20251224,51.8,52.2,51.1,51.4,872,4497
20251226,51.6,52,51,51.9,1299,6688
20251229,52.1,52.3,50.6,50.9,2036,10408
20251230,50.6,50.7,50,50.7,1213,6103
20251231,50.8,51.6,50.8,51,1103,5639
20260102,51,52.3,50.6,51.2,2130,10962
20260105,51.8,51.8,50.2,50.8,2100,10658
20260106,51,53.7,51,53.6,4874,25643
20260107,53.8,54.8,53.2,54.7,4714,25579
20260108,57.9,59.4,55.3,55.5,13299,76350
20260109,55.2,55.3,52.2,53,5632,29928
20260112,53.1,55,52.5,55,2985,16157
20260113,54.7,56.5,53.1,53.5,3327,18033
20260114,53.7,57.8,53.7,57.5,6433,36251
20260115,57,57,54.4,55.2,4812,26608
20260116,55.7,57.8,54.5,56.7,4336,24463
20260119,56.7,61.1,56,60.2,8582,50845
20260120,59.6,60.5,58,59.4,4993,29611
20260121,58.5,59.2,57,57.2,3970,22967
20260122,58.3,59.5,57.4,58,3336,19468
20260123,58.7,59.7,57.3,58.5,2916,16961
20260126,58.7,60.6,58.3,59.5,4775,28517
20260127,60.8,62.6,60.3,60.3,8432,51605
20260128,65,66.3,64.9,66.3,8781,58051
20260129,69.2,69.8,60.6,60.7,25182,161503
20260130,60.5,63.5,60.5,62.5,9324,57847
20260202,61,61.3,58.1,59.2,5558,33143
20260203,60,60.9,58.1,59.7,2894,17197
20260204,59.1,60.3,58.5,59.5,2072,12279
20260205,59.8,61.9,59.5,59.6,4075,24681
20260206,59,59,56.4,56.7,3528,20153
20260209,58,59,57.9,58.5,2071,12105
20260210,59,62.6,58.7,61,6595,40188
20260211,60.9,63.6,60.3,60.3,5517,33916
20260223,60.6,66.3,60.4,66.3,16299,106042
20260224,68.2,72.9,68.2,72.9,13065,94237
20260225,76.4,79,70.5,70.7,32097,238522
20260226,70.8,74.3,70.6,72.7,13916,100969
20260302,71.2,79.9,71.2,79.9,17519,134470
20260303,83.5,87.7,79.8,80.7,35291,292266
20260304,78.8,79.1,72.8,74.5,14344,108917
20260305,78.2,80.1,73,73,13015,99120
20260306,72.9,80.3,72.1,80.3,15031,116428
20260309,72.6,83.8,72.6,81.8,33020,263556
20260310,84.8,89.8,82,85.7,37178,318709
20260311,86.3,91.9,86.1,88.7,37131,329429
20260312,87.7,89.3,82.1,83.7,19322,164316
20260313,82.8,85.3,82.4,83.8,11318,94669
20260316,84.6,86.5,82.9,84.5,10223,86420
20260317,83.6,85.3,81.6,82.2,8164,67984
20260318,85,90.4,84.7,90.4,19919,177305
20260319,93.7,99.4,92.4,99.4,20273,196929
20260320,109,109,102,109,36291,390052
20260323,105.5,111.5,100.5,102,32317,342995
20260324,109,112,99.5,99.6,39883,424008
20260325,104,107.5,100,101,16956,175120
20260326,103,103,93.2,93.2,17560,171030
20260327,94.4,102.5,94.3,102.5,28648,284678
20260330,100,101.5,93.1,94.9,22204,214788
20260331,93.6,94.1,88,89,11701,105881
20260401,93.5,96.9,90.8,94.5,14187,132294
20260402,94.5,97,91.6,92.4,11711,109734
20260407,92.4,93.3,87.7,87.8,9164,82318
20260408,89.6,91.8,89.4,91.4,6952,63088
20260409,92,92,86,90,10715,94570
20260410,90.8,94,89,91.6,10169,93141
20260413,90.5,100.5,90,100.5,18121,174312
20260414,105,110.5,97.5,110.5,46944,502398
20260415,112.5,116.5,107,107,39929,444310
20260416,105.5,117.5,101,117.5,25551,278494
20260417,129,129,129,129,10418,134390
20260420,141.5,141.5,141.5,141.5,4114,58218
20260421,150.5,155.5,142,144.5,79756,1208389
20260422,148,158.5,148,154,13881,214976
20260423,159,161,139,147,13398,197643
20260424,151,151,136.5,145,6698,96504
20260427,146,146,131.5,136,6931,95254
20260428,142,149.5,138.5,149,6968,102756
20260429,143.5,148,143,144.5,4424,64132
20260430,147,150.5,144,147.5,5566,82361
20260504,151,162,148,162,11152,173683
20260505,162.5,167.5,160,165,8290,135881
20260506,172,172,153,161,9011,145055
20260507,162,177,151.5,177,49801,835881
20260508,172.5,179,164,167.5,39776,682980
20260511,163,184,156,184,50067,880458
20260512,186,197,179.5,181,48845,911627
20260513,170,175,163,166,29760,497962
20260514,167,171.5,159.5,160,24176,398960
20260515,162,167.5,152.5,154.5,22939,365368
20260518,150,150.5,140.5,148.5,17042,247116
20260519,148,153,141,150,19187,283752
20260520,152.5,165,150,165,27510,441838
20260521,170,181.5,166,181.5,63210,1098747
20260522,190.5,199.5,188.5,199.5,42518,828113
20260525,210.5,219,202.5,219,55368,1169545
20260526,226,230,206,211,57486,1246419
20260527,210,229,205,206.5,45270,968635
20260528,199,199,188.5,188.5,5657,108360
20260529,197,197,184,191.5,5100,96634
20260601,199.5,208,199.5,208,3781,76823
20260602,214.5,214.5,200,211,3416,70369
20260603,212.5,212.5,203,203,1697,35100
20260604,200,200,191,194,1849,36030
20260605,184,186.5,175.5,178,3642,65530
20260608,160.5,160.5,160.5,160.5,2524,40507
20260609,163,175,163,174.5,4244,71931
20260610,167.5,180,159,159,5436,88895
20260611,166.5,174.5,161.5,172.5,33599,572322
20260612,185.5,188,175.5,175.5,23820,430358
20260615,185.5,193,185,193,7890,151001
20260616,200,205.5,181.5,183,30048,573029
20260617,180,190.5,177,187.5,13905,255699
20260618,187,204,185.5,196.5,20144,391757
20260622,216,216,213,216,10025,216457
20260623,219,228.5,194.5,194.5,34777,715677
20260624,191.5,195,180.5,186,17298,323507
20260625,188.5,189.5,176.5,177.5,15840,287738
20260626,176.5,184,167.5,168.5,15585,273251
20260629,167,174,164,170.5,9026,153141
20260630,176.5,176.5,171.5,173.5,7218,125380
20260701,177.5,183,168.5,168.5,10781,189196
20260702,167,185,163,185,12604,221421
20260703,185,192,176.5,176.5,32928,608346
20260706,179,184,174,174,13277,237613
20260707,176.5,179,159.5,164,12480,207964
20260708,164,164,154.5,158.5,9214,145987
20260709,163,168,159.5,162.5,8869,144980
20260713,165,170.5,159,163.5,7612,125518
20260714,163.5,167.5,148,159.5,10254,159419
20260715,164,171,158.5,168.5,11028,182475
20260716,165,165,156,156.5,7810,124928
20260717,145,148.5,141,141,7758,110929
20260720,137,138.5,127,135.5,10255,135888
20260721,137.5,142.5,136,141,6046,84049
20260722,145.5,148,142.5,143,5317,77138
20260723,145.5,146.5,137.5,141,3704,52056
20260724,138,141,135,135.5,3812,52323
20260727,136,136,127,132.5,6161,80373
20260728,127,127,119.5,120.5,7756,94719
20260729,121,121.5,108.5,108.5,7754,86538
20260730,100.5,115,100.5,106.5,10714,116168
20260731,116.5,117,113,117,6680,77131
20260803,115.5,127.5,114.5,124.5,6199,76546
20260804,124,130.5,122,129.5,8058,102387
20260805,135,135.5,129,130,8928,118273
20260806,125,127,117.5,125,10642,130311
20260807,123,124.5,118,120,5534,67055
20260810,120.5,127.5,120.5,127.5,4729,59151
20260811,125,127.5,122.5,125,2986,37218
20260812,126.5,127.5,125,125.5,2325,29290
20260813,127.5,131.5,126,126.5,4265,54649
20260814,129.5,130.5,122,123,3941,49238
20260817,123.5,128,121,125.5,3892,48711
20260818,124,125,118,118,3336,40245
20260819,115.5,119.5,114.5,116.5,4262,49665
20260820,117.5,120,115,118.5,1905,22350
20260821,118.5,118.5,113,114,2727,31427
20260824,116,121,114.5,116,3215,37828
20260825,115,117.5,111,117,2835,32286
20260826,117.5,122,116,121,2797,33644
20260827,123,124,119,122,2350,28597
20260828,123,126.5,121.5,122.5,2799,34590
20260831,120,121,117,120,1983,23635
20260901,120,125,120,124,2542,31437
20260902,121.5,123,120,120.5,1426,17283
20260903,121.5,123,115,115,2316,27434
20260904,118,120.5,116,120,1946,23095
20260907,122,125,118.5,122.5,3276,40095
20260908,124.5,124.5,117.5,118,2626,31346
20260909,118.5,120.5,117.5,119,1861,22152
20260910,117.5,118,116,116.5,1610,18792
20260911,115,116,112,112.5,2475,28113
20260914,112,115,109,113,3067,34611
20260915,112,114,110,111,2298,25652
20260916,112,117,111.5,116,2771,31840
20260917,116.5,118.5,114.5,115,2095,24293
20260918,118,126.5,117,126.5,6752,83688
20260921,135,135,125,125.5,21754,279352
20260922,127,138,126.5,133.5,31470,420692
