# date,open,high,low,close,lot,wan
20250814,15.55,15.55,14.9,15.35,45,68
20250815,15.1,15.15,14.85,14.9,24,36
20250818,14.65,14.85,14.6,14.8,29,43
20250819,14.8,14.8,14.5,14.5,12,18
20250820,14.55,14.55,14.3,14.5,10,14
20250821,14.4,14.5,14.3,14.5,40,58
20250822,14.5,14.5,14.3,14.5,11,16
20250825,14.45,14.45,14.3,14.35,14,20
20250826,14.3,14.7,14.3,14.65,21,30
20250827,14.4,14.65,14.4,14.55,13,19
20250828,14.5,14.75,14.5,14.75,29,42
20250829,14.3,14.5,14.3,14.5,12,17
20250901,14.45,15,14.2,14.35,42,61
20250902,14.25,14.5,14.05,14.5,12,17
20250903,14.2,14.45,14.15,14.45,4,6
20250904,14.3,14.45,14.2,14.45,25,36
20250905,14.45,14.45,14,14,31,44
20250908,14.05,14.05,13.8,13.95,24,33
20250909,13.9,13.9,13.6,13.85,41,56
20250910,13.9,15,13.9,14.2,37,53
20250911,14.2,14.2,13.85,14.2,6,8
20250912,14,14.15,13.9,13.9,21,29
20250915,13.6,13.7,13.55,13.55,24,33
20250916,13.8,14.25,13.55,13.55,16,22
20250917,13.55,13.65,13.45,13.65,20,27
20250918,13.7,14,13.7,13.85,12,17
20250919,14.05,14.05,13.7,13.8,16,22
20250922,13.8,13.8,13.55,13.75,30,41
20250923,14.35,14.35,13.8,13.8,39,55
20250924,13.55,13.55,13.3,13.55,22,30
20250925,13.55,13.55,13.3,13.3,29,39
20250926,13.2,13.2,13,13.2,34,44
20250930,13.4,13.4,13.05,13.25,17,22
20251001,13.55,13.55,13.55,13.55,1,1
20251002,13.05,13.45,13.05,13.45,33,44
20251003,13.15,14.05,12.9,13.95,128,169
20251007,13.95,13.95,13.45,13.7,46,63
20251008,13.65,15.05,13.65,14.5,150,218
20251009,14.2,14.3,13.95,14.25,61,86
20251013,14.15,14.35,14.1,14.25,28,40
20251014,14.2,14.35,13.5,14.1,27,38
20251015,14.25,14.25,13.55,14,9,12
20251016,13.9,13.95,13.15,13.25,114,153
20251017,13.2,13.25,13,13.2,54,71
20251020,13,13,12.4,12.6,83,105
20251021,12.25,12.5,12.05,12.3,96,117
20251022,12.2,12.3,12.1,12.25,40,49
20251023,12.3,13,12.3,12.3,35,44
20251027,12.3,12.4,12.1,12.3,25,31
20251028,12.1,12.25,12,12.2,36,44
20251029,12.2,12.3,12,12.05,26,31
20251030,12.1,12.1,11.8,12.05,39,47
20251031,12.25,12.7,12.1,12.25,10,12
20251103,12.05,12.1,12.05,12.1,4,5
20251104,12.25,12.6,12.1,12.1,18,22
20251105,12,12.25,11.8,12.25,28,34
20251106,11.8,12.35,11.8,12.35,21,25
20251107,12.15,13.4,12,13.4,12,15
20251110,13.2,13.2,12.3,12.7,35,44
20251111,12.7,12.7,12.05,12.25,30,37
20251112,12.15,12.5,12,12.5,26,32
20251113,12.3,12.3,12.05,12.15,37,45
20251114,12.1,12.35,12.1,12.1,13,16
20251117,12.3,12.3,12,12,14,17
20251118,12,12.2,11.4,11.6,36,42
20251119,11.55,11.65,11.2,11.6,37,42
20251120,11.85,12.4,11.7,11.9,14,17
20251121,12.05,12.05,11.4,11.7,43,50
20251124,11.45,12.75,11.45,12.4,17,20
20251125,12.35,12.35,11.85,12.15,41,49
20251126,11.95,12.9,11.65,12.3,56,68
20251127,11.95,13.1,11.95,12.6,43,54
20251128,12.4,12.4,12.15,12.2,35,43
20251201,12.45,12.45,12.15,12.35,8,10
20251202,12.4,12.4,12.1,12.35,10,12
20251203,12,12.55,12,12.55,42,52
20251204,12.2,12.35,12.05,12.35,42,51
20251205,12.5,12.5,12,12.15,26,31
20251208,12.15,12.15,11.9,11.95,67,80
20251209,11.9,11.95,11.5,11.65,54,63
20251210,11.6,11.65,11.3,11.65,31,35
20251211,11.35,11.45,11.35,11.35,20,23
20251212,11.35,11.5,11.3,11.5,32,36
20251215,11.45,11.45,11.15,11.25,92,103
20251216,11.25,11.35,11.1,11.15,45,50
20251217,11.4,11.4,11.15,11.15,53,59
20251218,11.2,11.5,11.15,11.15,25,28
20251219,11.15,11.25,11.05,11.05,43,48
20251222,11.05,11.4,11.05,11.35,40,45
20251223,11.3,11.4,11.25,11.35,15,17
20251224,11.55,12.45,11.45,11.85,94,113
20251226,11.75,11.75,11.5,11.5,50,58
20251229,11.35,11.6,11.1,11.35,110,123
20251230,11.5,11.5,11.2,11.4,32,36
20251231,11.25,11.75,11.25,11.35,37,42
20260102,11.25,11.45,11.1,11.4,30,34
20260105,11.4,11.7,11.2,11.3,12,14
20260106,11.1,11.4,10.85,11.1,68,75
20260107,11.05,11.9,11,11.3,56,63
20260108,11.2,11.2,10.95,10.95,73,80
20260109,11,11.1,10.9,10.95,54,59
20260112,10.9,11.15,10.85,11.15,44,48
20260113,11.15,11.5,10.95,11.15,38,42
20260114,11.15,11.35,11,11.1,52,58
20260115,11.1,11.65,11.1,11.5,127,143
20260116,11.6,11.6,11.35,11.4,33,38
20260119,11.4,11.5,11,11.5,53,60
20260120,11.2,11.3,11.05,11.3,69,77
20260121,11.05,11.1,11,11.05,33,36
20260122,11.05,11.15,11,11.15,74,81
20260123,11,11.15,11,11.15,13,14
20260126,11.2,11.2,11,11.2,23,26
20260127,11.05,11.15,11,11.15,42,46
20260128,11,11.05,10.95,11.05,17,19
20260129,11.1,11.55,11,11.5,63,71
20260130,11.15,11.4,11,11.4,30,33
20260202,11.05,11.3,11,11.3,14,16
20260203,11.15,11.15,10.95,10.95,35,39
20260204,10.95,11,10.9,10.95,23,25
20260205,10.9,11,10.85,10.85,51,56
20260206,10.85,11,10.8,10.85,46,50
20260209,11,11,10.8,10.85,29,32
20260210,10.8,10.9,10.8,10.9,12,13
20260211,11.9,11.95,10.95,10.95,103,118
20260223,11.35,11.35,10.9,10.9,63,69
20260224,10.9,10.95,10.8,10.9,48,52
20260225,10.9,11.2,10.8,11.2,50,55
20260226,10.9,11.2,10.85,11.2,64,70
20260302,11.05,11.1,10.9,10.95,43,47
20260303,11,11,10.8,10.85,42,46
20260304,10.7,10.7,10.3,10.3,66,69
20260305,10.55,10.9,10.5,10.75,17,18
20260306,10.7,11.2,10.55,11.1,55,60
20260309,10.6,10.6,10.05,10.5,100,102
20260310,10.35,10.5,10.3,10.5,64,66
20260311,10.5,10.5,10.25,10.25,16,17
20260312,10.3,10.35,10.05,10.35,23,23
20260313,10.3,10.35,10,10.35,40,41
20260316,10.45,10.55,10.25,10.5,49,51
20260317,10.55,10.55,10.45,10.45,43,45
20260318,10.5,11,10.5,10.55,87,92
20260319,10.55,10.55,10.25,10.55,29,30
20260320,10.7,10.7,10.3,10.45,7,7
20260323,10.35,10.4,10.15,10.4,35,36
20260324,10.45,11.1,10.3,10.5,48,50
20260325,10.7,10.7,10.3,10.7,55,58
20260326,10.35,10.65,10.35,10.55,33,34
20260327,10.3,10.4,10.2,10.3,43,44
20260330,10.2,10.35,9.98,10.2,114,114
20260331,10.9,10.9,10,10.2,52,54
20260401,10.6,10.6,10,10.45,81,82
20260402,10.25,10.25,9.96,10.05,68,68
20260407,10.15,10.15,9.9,10.05,28,28
20260408,10.1,10.35,9.77,9.88,168,165
20260409,9.9,10.2,9.85,10.1,78,78
20260410,10.1,10.1,9.39,9.75,128,123
20260413,10.45,10.7,9.88,10.35,320,334
20260414,10.35,11,10.05,10.45,271,284
20260415,10.95,10.95,10.3,10.45,92,97
20260416,10.3,10.3,9.98,10.05,104,105
20260417,10,10.1,9.99,10.1,107,107
20260420,10.05,10.05,9.94,9.99,38,38
20260421,9.99,10.4,9.99,10.4,22,22
20260422,10.4,10.6,10.2,10.3,56,59
20260423,10.55,10.55,10,10.25,45,46
20260424,10.05,10.95,10.05,10.8,98,104
20260427,11,11.85,10.8,10.95,526,603
20260428,10.95,11.3,10.8,10.8,98,108
20260429,10.8,10.8,10.3,10.6,49,52
20260430,10.35,10.45,10,10.35,48,49
20260504,10.35,10.35,10.25,10.25,28,29
20260505,10.05,10.5,10,10.5,83,86
20260506,10.45,10.85,10.45,10.45,27,28
20260507,10.45,10.45,10.45,10.45,4,4
20260508,10.25,10.25,10.2,10.25,8,8
20260511,10.25,10.35,10.25,10.35,6,6
20260512,10.35,10.6,10,10.05,90,92
20260513,10.9,11.05,10.4,10.65,456,497
20260514,10.65,10.65,10.25,10.45,96,100
20260515,10.7,11.45,10.6,10.75,307,344
20260518,10.8,11.8,10.75,11.8,293,341
20260519,11.95,12.95,11.8,11.8,875,1100
20260520,11.8,12.1,11.2,11.2,262,303
20260521,11.5,11.85,11.45,11.55,191,223
20260522,11.85,12.7,11.85,12.45,351,437
20260525,12.75,12.95,12.35,12.75,214,270
20260526,12.75,12.75,12.15,12.3,113,139
20260527,12.1,12.1,11.4,11.5,225,262
20260528,11.65,11.9,11.35,11.35,116,133
20260529,11.5,11.9,11.5,11.9,48,56
20260601,12.2,13.05,11.9,12.85,548,686
20260602,12.75,13,12.55,12.65,123,157
20260603,12.75,13.1,12.6,12.6,260,332
20260604,12.6,12.75,12.6,12.6,80,101
20260605,12.6,12.75,12.55,12.75,31,39
20260608,12.7,12.7,11.8,12,51,62
20260609,12.35,12.35,11.95,12.05,75,91
20260610,12.3,12.3,11.95,11.95,41,49
20260611,11.7,12,11.65,11.95,48,56
20260612,12,12.4,12,12.15,41,49
20260615,12.1,12.2,12.1,12.1,47,57
20260616,12.2,12.2,11.9,11.95,52,63
20260617,12,12,11.55,11.55,107,125
20260618,11.8,11.8,11.4,11.4,49,56
20260622,11.4,12.5,11.4,12.5,199,248
20260623,13.05,13.75,12.8,13.5,499,675
20260624,13.35,14.45,12.15,14.4,601,788
20260625,14.1,14.2,13.3,13.3,262,361
20260626,13.3,13.3,12.95,12.95,94,123
20260629,12.95,14.2,12.8,13.9,501,698
20260630,14.25,15,13.85,14.25,513,743
20260701,14.75,14.75,13.4,13.5,260,361
20260702,14,14.3,13.6,14.3,58,81
20260703,14.25,15.1,13.75,13.95,266,380
20260706,14,14,13.45,13.8,58,80
20260707,13.95,14.5,13.05,13.15,117,161
20260708,13.1,13.2,12.9,13.2,46,60
20260709,13.15,13.2,12.6,12.6,64,82
20260713,12.1,12.85,11.35,11.4,1060,1233
20260714,11.4,11.4,10.4,10.6,163,174
20260715,10.65,11,10.65,10.9,50,54
20260716,10.45,10.65,10.2,10.25,106,110
20260717,10.3,10.3,9.85,9.98,166,166
20260720,10.2,10.2,9.99,10.15,23,23
20260721,10.1,10.5,10.1,10.3,59,60
20260722,10.3,10.65,10.1,10.1,38,39
20260723,10.1,10.3,10,10.05,32,33
20260724,10,10.05,9.76,9.86,22,22
20260727,9.86,9.95,9.8,9.95,12,12
20260728,9.93,10.1,9.89,9.9,25,25
20260729,9.76,9.76,9.24,9.3,58,55
20260730,9.3,9.33,9.25,9.33,27,25
20260731,9.8,10.25,9.8,10,46,46
20260803,10.15,10.45,10,10,15,15
20260804,10.1,10.2,9.9,10.05,30,30
20260805,10.05,10.65,9.98,10.1,36,36
20260806,10.2,10.2,10,10,22,22
20260807,10.15,10.15,10.05,10.1,6,6
20260810,10.05,10.1,9.81,10,23,23
20260811,9.83,9.98,9.75,9.98,26,25
20260812,10,10.05,9.9,10.05,22,22
20260813,10.2,10.2,9.91,9.98,13,13
20260814,9.76,9.9,9.76,9.77,29,28
20260817,9.77,9.77,9.54,9.73,53,51
20260818,9.51,9.97,9.5,9.97,7,7
20260819,9.84,9.84,9.52,9.55,20,19
20260820,9.72,9.76,9.72,9.76,4,4
20260821,9.6,9.62,9.59,9.59,28,27
20260824,9.58,9.74,9.58,9.74,5,5
20260825,9.74,9.93,9.74,9.91,16,16
20260826,9.91,9.98,9.74,9.93,16,16
20260827,9.77,10.35,9.77,10.3,42,43
20260828,10.1,10.25,9.9,10.25,39,39
20260831,10,10,9.95,10,10,10
20260901,10.05,10.05,9.9,9.99,19,19
20260902,10.1,10.1,9.92,9.92,2,2
20260903,9.97,10.9,9.97,10.9,276,296
20260904,11.2,11.95,10.9,11.95,436,510
20260907,12.8,13.1,12.55,13.1,238,310
20260908,13.85,14.35,13,13,822,1109
20260909,13.2,13.2,12.55,12.65,210,270
20260910,12.5,13.85,12.5,12.9,329,438
20260911,12.6,13.45,12.45,12.5,290,375
20260914,12.75,13.25,12.3,12.3,251,319
20260915,13.5,13.5,13.5,13.5,483,652
20260916,14.85,14.85,14,14.5,1067,1572
20260917,14.8,14.8,13.55,14.25,361,511
20260918,13.8,15.65,13.8,15.5,582,876
20260921,15.35,17.05,15.3,17.05,775,1305
20260922,18.75,18.75,18.75,18.75,559,1048
20260923,18.4,18.4,16.9,16.9,1722,2995
