# date,open,high,low,close,lot,wan
20250814,27.05,27.5,26.2,26.4,3862,10338
20250815,26.6,26.6,25.6,25.85,5304,13758
20250818,26.65,28.4,26.65,28.4,8611,24168
20250819,29.6,31.2,28.7,30.7,31019,93653
20250820,30,30.4,28,28.95,9828,28507
20250821,28.95,30.05,28.4,28.9,6586,19195
20250822,29.4,29.5,28.25,28.9,4010,11575
20250825,29.45,30.1,28.55,28.6,10219,29665
20250826,29,29.45,28.55,28.65,3844,11149
20250827,28.75,29.3,28.65,28.65,3440,9960
20250828,28.7,28.7,27.2,27.2,5072,14107
20250829,27.2,27.4,26,26.9,5282,14033
20250901,26.95,26.95,25.2,25.25,3736,9627
20250902,25.45,25.5,24,24.5,3926,9675
20250903,24.95,24.95,24.2,24.55,2494,6131
20250904,24.8,25.7,24.75,25.1,4340,10965
20250905,25.3,25.6,24.7,25.5,3855,9719
20250908,25.9,27.5,25.7,27.35,9289,24938
20250909,27.45,27.5,26.45,26.45,6374,17125
20250910,26.5,26.6,25.7,25.75,4599,11970
20250911,26,26,25,25.05,2898,7329
20250912,25.35,25.85,25.15,25.35,3074,7816
20250915,25.6,26.65,25.5,25.75,4887,12719
20250916,25.8,25.95,25.55,25.6,4574,11731
20250917,25.55,26.4,25.55,25.8,4172,10864
20250918,25.9,28.35,25.9,27.75,13939,38488
20250919,27.7,27.85,26.2,26.3,8299,22121
20250922,25.3,27.2,25.3,26.1,18662,48852
20250923,26.3,26.45,24.85,24.85,10699,27256
20250924,24.85,26.2,24.75,25.55,7899,20099
20250925,25.65,27.3,25.65,26.25,9180,24393
20250926,26.2,26.2,24.85,25.1,7198,18152
20250930,25.5,27.05,25.35,26.85,9709,25694
20251001,26.85,27.1,26.4,26.95,6058,16219
20251002,27.15,28,26.75,27.85,14082,38886
20251003,27.95,28.45,26.9,26.95,9576,26506
20251007,27.3,27.55,26.2,26.45,8084,21727
20251008,25.65,25.95,24.85,25.65,9208,23434
20251009,25.8,25.95,24.75,24.95,8672,21771
20251013,23.9,24.15,23.45,23.85,6518,15536
20251014,24.2,24.6,22.65,22.65,10025,23500
20251015,23,23.05,22.3,22.75,4065,9199
20251016,22.95,23.75,22.55,23.15,4329,9966
20251017,23.3,23.55,22.5,22.55,4445,10170
20251020,22.75,22.75,21.95,22.2,3293,7330
20251021,22.4,22.8,22.2,22.2,2599,5845
20251022,22.3,22.65,22.15,22.3,1750,3915
20251023,22.2,22.5,22,22.05,2812,6248
20251027,22.3,22.4,21.8,22.25,4400,9720
20251028,22.15,22.15,21.4,21.7,6155,13344
20251029,21.05,22.3,21.05,21.35,3615,7806
20251030,21.55,21.6,21,21,2637,5583
20251031,21.15,21.4,20.75,20.85,2779,5828
20251103,20.8,22.9,20.8,22.9,9596,21659
20251104,22.2,22.9,21.5,21.7,9572,21168
20251105,21.3,21.6,20.5,20.5,6281,13089
20251106,20.7,21.6,20.55,21.35,4284,9092
20251107,21.3,21.3,20.75,20.95,1709,3584
20251110,21.1,21.1,20.7,20.85,1402,2928
20251111,21.05,21.95,21.05,21.2,3649,7834
20251112,21.5,22.8,21.4,22.1,4669,10377
20251113,22.25,24.2,22.1,23.7,8086,18784
20251114,23,23.25,22.2,22.25,4923,11178
20251117,22.45,22.95,22.25,22.25,2229,5013
20251118,22.15,22.55,21.15,21.15,2770,5981
20251119,21.25,21.25,20.55,20.95,2461,5129
20251120,21.3,22,21.15,21.4,2348,5057
20251121,21.1,21.1,20.25,20.55,3584,7394
20251124,20.7,20.8,20.2,20.35,2203,4488
20251125,20.8,20.95,20.35,20.6,1625,3355
20251126,20.95,21.2,20.4,20.65,1810,3763
20251127,20.85,20.9,20.5,20.6,1453,3003
20251128,20.85,22.25,20.65,22,4170,9034
20251201,22.1,22.95,22.1,22.1,3151,7058
20251202,22.2,22.4,21.75,21.85,1421,3130
20251203,22.3,22.55,21.8,21.9,1320,2913
20251204,22.35,23.3,22.25,22.75,3765,8590
20251205,22.8,23.8,22.6,23.8,5176,12071
20251208,23.4,24.35,22.8,23.8,6027,14390
20251209,23.8,26,23.4,25.3,19006,48086
20251210,25.55,27.8,25.15,27.8,33142,89854
20251211,28,29.4,27.3,27.75,32791,92348
20251212,27.9,29.3,27.65,29.15,20860,59437
20251215,28.55,29.45,28.35,29.4,13776,39860
20251216,30.6,30.9,28.9,30.3,34738,104233
20251217,30.25,30.8,29.6,30.15,14876,44957
20251218,30.15,31.8,29.8,31.45,16756,51685
20251219,31.5,34.55,31.35,34.55,36735,124755
20251222,35.3,36.8,34.2,34.3,45534,160136
20251223,33.95,35.35,33.45,34.2,20117,68786
20251224,34.2,35,33.8,34.2,12007,41175
20251226,34.5,35.9,34.05,35.25,20967,73458
20251229,35.3,35.7,32.75,33.25,26715,90058
20251230,33.2,33.35,31.4,31.85,16876,54026
20251231,32.2,33.4,30.5,32.8,27065,86888
20260102,32.8,33.4,31.75,31.8,18207,58696
20260105,31.8,32.35,31.1,32.35,11745,37436
20260106,34.05,35.55,33.35,35.55,55963,192745
20260107,36.7,39,36.05,37.7,52672,197765
20260108,37.1,39.8,37,38.1,33329,127753
20260109,38.05,40.5,37.3,38.5,43236,168402
20260112,39,39.3,38.1,38.5,21297,82141
20260113,38.4,38.9,37.2,37.2,19277,72708
20260114,37.25,37.75,36.75,37.25,10734,40054
20260115,37.25,38.8,36.95,37.8,14952,56767
20260116,38.05,39.8,37.7,38.55,23756,91851
20260119,38.9,38.95,37.6,37.7,13295,50655
20260120,37.7,38.75,37.05,37.35,13379,50416
20260121,37.05,38.25,36.5,36.7,11038,40994
20260122,37.4,37.85,36.15,36.35,8410,30906
20260123,36.6,37.15,36.1,36.4,6805,24871
20260126,36.75,37.2,34.7,34.9,12571,44678
20260127,35.15,35.15,33,33.4,15399,51840
20260128,33.7,34.2,33.4,33.6,6080,20461
20260129,33.45,33.95,32.5,32.65,6371,21037
20260130,32.6,32.7,31.1,32,7560,24029
20260202,31.55,31.85,30.6,30.9,5645,17582
20260203,31.8,32.65,31.1,31.95,4497,14341
20260204,31.95,34.6,31.7,33.8,8674,29158
20260205,33.3,34.2,32.7,33,5845,19437
20260206,32.9,32.9,31.3,31.65,4879,15574
20260209,32.2,33.5,31.9,31.9,3523,11503
20260210,31.8,32.55,31.5,31.75,3636,11557
20260211,31.9,34.2,31.75,33.3,7155,23794
20260223,34.1,36.6,33.65,36.6,13105,47119
20260224,38,40.25,37.1,40.25,25270,99754
20260225,43.3,44.25,42.7,44.25,33188,146351
20260226,44.5,48.65,44.5,47.25,46685,220895
20260302,44.65,48,44.55,46.4,31982,147736
20260303,46.9,47.75,45.3,47.2,10133,47512
20260304,46,46,43,43.25,8324,36693
20260305,45.6,46.95,44.6,46,4472,20475
20260306,45,46.9,44.3,46.1,3295,15130
20260309,41.5,41.8,41.5,41.5,4777,19836
20260310,43.1,43.5,41,42,2803,11908
20260311,43.1,44.65,42.35,43.5,3539,15465
20260312,43.45,44.6,43,43.95,2151,9408
20260313,43.15,46.2,43.1,44.6,4190,18826
20260316,44.8,45.05,43.55,45.05,3858,17165
20260317,47,49.55,46.35,49.55,17802,86809
20260318,53.5,53.8,44.8,45.5,56355,268960
20260319,44.7,47.8,44.6,46.1,17271,79850
20260320,46.45,47.2,45,46,10763,49652
20260323,44.5,44.75,41.7,42.1,11530,49541
20260324,43.5,44.15,41,42.55,8290,35148
20260325,43.2,43.5,42.45,42.65,5822,24975
20260326,43,44.85,42.5,42.5,6767,29530
20260327,42.05,43.25,41.65,43.15,4774,20263
20260330,42.4,42.4,41,41.9,6208,25863
20260331,41.5,42.3,39.75,40.15,7648,31175
20260401,41.75,42.35,41.15,41.45,3857,16078
20260402,42.05,42.3,40.7,40.85,3466,14292
20260407,41.55,42.85,41.55,41.95,3562,14997
20260408,42.6,43,40.25,41.3,11709,48241
20260409,41.7,45.4,41.2,45.4,16750,74250
20260410,46.2,46.75,43.7,43.85,13816,62041
20260413,44,48.2,43.5,48.2,22584,107000
20260414,49.4,53,48.2,50.7,46055,235939
20260415,52,53.7,47.55,47.75,23600,117096
20260416,47.85,49,47,47.6,11900,56808
20260417,47.6,51.4,47.1,50.1,18829,93071
20260420,51.4,53.1,47.75,52.2,26781,135606
20260421,52.5,54.7,51.4,53.2,29746,157559
20260422,52.8,53.5,51.4,52.3,13938,73000
20260423,52.6,57.5,51,54.3,61902,343570
20260424,55.9,56.4,52.4,53.3,34838,189311
20260427,53.8,58.6,53.7,58.6,48691,279580
20260428,58,60.8,56,59.1,37635,220236
20260429,58.2,59.8,56.4,56.7,21318,123550
20260430,56.4,56.4,51.1,52.2,41771,219977
20260504,53,54.8,51.3,53.4,18445,98248
20260505,53.5,58.7,52.8,58.7,30502,173753
20260506,58.7,61.4,55.7,57.3,28573,165718
20260507,57.6,58.8,55.7,58.1,16570,94867
20260508,58.1,58.2,53.5,54.4,15425,85592
20260511,54.4,55.6,53.5,54.9,7684,41829
20260512,54.8,55.6,52.2,52.8,11683,62768
20260513,52,52.8,50.4,50.8,10914,56034
20260514,50.8,51.6,49.1,50.4,12136,61113
20260515,50.9,51.2,47.75,48.4,13249,64887
20260518,47.5,48.05,45.05,47.95,9976,46414
20260519,48,50.5,47.75,49.9,10964,54328
20260520,49.8,49.8,47.7,47.7,6787,32894
20260521,48.35,51.9,48.35,51.2,9166,46514
20260522,51.5,56.3,51.4,56.3,27506,152384
20260525,58.1,61.9,57.1,61.9,24148,147732
20260526,63.9,65.9,59.7,61.2,35509,220947
20260527,61.8,63.4,57.2,58.6,18787,112700
20260528,58.7,62,56.3,57.3,16224,95176
20260529,58.8,59.4,55.6,56.2,10968,62146
20260601,56.2,59.9,55.4,55.8,12635,72511
20260602,55.8,56.3,50.9,52.6,15318,81012
20260603,52.9,53.5,51.7,52,6886,36166
20260604,52,53,51,53,6361,33057
20260605,52.9,53.5,50.4,51.8,7685,39804
20260608,46.65,51.3,46.65,50.8,10900,52377
20260609,51.5,55.8,50.9,54.6,13716,73533
20260610,54.4,56.2,49.7,49.7,12759,67292
20260611,49.2,51.3,47.85,48.8,8450,41623
20260612,51.1,52,49.5,49.5,5070,25550
20260615,51,53.1,50.6,51.6,5983,31057
20260616,52.2,52.9,49.55,49.6,5878,29810
20260617,49.5,50.5,49,50,3071,15276
20260618,50.5,51.8,49.75,51.1,4170,21304
20260622,53,54.8,51.5,52.1,10371,55210
20260623,52.3,52.3,48.7,48.9,9317,46343
20260624,48.2,49.6,48.15,48.55,4213,20525
20260625,49.6,50.2,48.55,48.7,3130,15386
20260626,48.85,49.1,45.35,45.65,8060,37719
20260629,45.65,47,44.25,44.35,6659,30119
20260630,45.3,48.7,44.85,48.2,5691,26857
20260701,48.5,49.1,46.1,46.45,4281,20364
20260702,44.8,48.15,44.8,46.6,4667,21684
20260703,46.1,47.8,45.8,46.55,2861,13391
20260706,47.3,48,45.6,46.4,2988,13941
20260707,46.9,46.9,41.8,42,11603,50288
20260708,42.5,42.6,40.35,41.5,4835,20026
20260709,42,42.55,40.75,40.85,3248,13480
20260713,41.1,42.2,40.2,40.65,2953,12106
20260714,40.85,40.85,36.95,40.1,6398,24625
20260715,40.95,41.25,39.85,40.25,2739,11056
20260716,41,41.45,39.15,39.3,2292,9131
20260717,38.35,38.35,36.15,36.5,4545,16861
20260720,35.4,35.7,33.2,34.6,5460,18792
20260721,34.6,36,34.5,35.35,2529,8932
20260722,36.3,37.1,36,36.5,2533,9241
20260723,37.5,37.5,34.9,35.65,2094,7476
20260724,35.25,35.3,33.6,34.25,2116,7273
20260727,34.25,34.3,33.15,34.1,1952,6580
20260728,33.15,33.15,30.95,31.1,3928,12427
20260729,31.2,31.55,28,28.4,8093,23203
20260730,26.35,28.95,26.35,26.9,4705,12994
20260731,29,29.5,28.1,29.2,3291,9462
20260803,28.7,30.75,28.5,30.25,3083,9247
20260804,30,30.5,29.25,30.45,3429,10327
20260805,32.2,32.45,31.45,31.9,2866,9170
20260806,32.3,35.05,31.15,35.05,3647,12236
20260807,35.4,35.45,32.65,33,8605,29073
20260810,33.25,34.15,33,33.8,3625,12197
20260811,33.8,34.55,33.4,33.85,1871,6339
20260812,34.2,34.8,33.85,34.5,1878,6466
20260813,35.1,35.15,34.3,34.55,1894,6584
20260814,33.7,34.05,33,33.35,2348,7837
20260817,33,34.5,33,33.55,1669,5602
20260818,33.55,33.8,32.7,32.75,1754,5794
20260819,32.25,33,31.95,32.25,1457,4705
20260820,32.3,32.95,31.8,32.85,1239,4015
20260821,32.9,33.65,32.45,33.05,1852,6148
20260824,32.75,35.55,32.75,34.7,3517,12157
20260825,34.45,35.6,33.3,35.55,2369,8169
20260826,35.5,37.55,35.4,37,4681,17202
20260827,38.25,40.7,37.75,40.45,11970,48032
20260828,40.4,44.2,39.4,43,11802,50167
20260831,42.45,43.5,40.3,40.35,5683,23507
20260901,41.2,42.75,40.6,41.75,4442,18494
20260902,41.4,45.1,41.15,42.3,6931,30156
20260903,42.5,43.45,40.45,40.55,4106,17054
20260904,41.05,41.95,40,41.9,2401,9827
20260907,42.3,44.85,42.15,43,6268,27255
20260908,44.1,46,42.8,43.05,7483,33077
20260909,44.05,44.25,41.7,42.55,4060,17244
20260910,41.85,43.15,41.85,42.75,2442,10447
20260911,42.15,42.45,41,41.3,1805,7504
20260914,40.9,41.85,40.65,41.15,1795,7431
20260915,41.15,41.5,40.05,40.05,1539,6236
20260916,40.05,43.2,40.05,42.6,2927,12296
20260917,43.05,45.45,43,43.4,6487,28511
20260918,43.85,44.25,42.8,44.25,4819,21120
