# date,open,high,low,close,lot,wan
20250814,23.35,23.35,23.1,23.2,148,344
20250815,23.25,23.45,23.2,23.45,40,94
20250818,23.45,23.55,23.35,23.55,33,78
20250819,23.55,23.6,23.4,23.55,53,125
20250820,23.55,23.55,23.4,23.4,54,127
20250821,23.5,23.65,23.45,23.6,40,94
20250822,23.6,23.7,23.6,23.7,31,74
20250825,23.7,23.8,23.65,23.75,67,160
20250826,23.75,23.75,23.65,23.75,27,65
20250827,23.75,23.85,23.75,23.8,52,123
20250828,23.8,23.95,23.65,23.7,42,99
20250829,23.7,23.9,23.65,23.9,36,86
20250901,23.85,23.85,23.65,23.85,53,126
20250902,23.85,23.9,23.8,23.85,37,87
20250903,23.85,24.3,23.85,24.05,61,146
20250904,24.15,24.3,24.05,24.05,26,64
20250905,24.1,24.1,23.8,23.9,135,323
20250908,23.95,23.95,23.85,23.95,30,71
20250909,23.95,23.95,23.85,23.85,20,49
20250910,23.85,23.95,23.75,23.8,51,123
20250911,23.8,23.85,23.7,23.7,36,85
20250912,23.6,23.7,23.4,23.55,74,175
20250915,23.55,23.55,23.4,23.5,272,638
20250916,23.5,23.55,23.4,23.5,31,73
20250917,23.5,23.7,23.5,23.65,51,120
20250918,23.6,23.65,23.55,23.55,16,39
20250919,23.55,23.55,23.45,23.45,22,52
20250922,23.4,23.45,23.35,23.45,20,46
20250923,23.45,23.45,23.3,23.3,24,55
20250924,23.3,23.3,23.25,23.25,14,32
20250925,23.35,23.5,23.35,23.5,34,81
20250926,23.45,23.45,23.1,23.1,34,79
20250930,23.2,23.2,23.1,23.2,24,55
20251001,23.25,23.25,23.1,23.1,35,82
20251002,23.15,23.15,22.95,23,28,64
20251003,23,23,22.6,22.8,150,342
20251007,22.7,22.7,22.5,22.7,66,150
20251008,22.7,22.7,22.65,22.65,31,70
20251009,22.7,23,22.65,23,52,118
20251013,22.65,22.95,22.6,22.85,33,75
20251014,22.9,22.9,22.75,22.75,29,65
20251015,22.75,22.8,22.75,22.75,37,85
20251016,22.9,23.1,22.7,22.8,49,112
20251017,22.8,23,22.8,23,28,64
20251020,23,23.2,23,23,21,49
20251021,23,23.15,22.8,22.8,39,91
20251022,22.85,23.05,22.85,23.05,12,28
20251023,23.05,23.05,22.95,22.95,25,58
20251027,23.05,23.05,22.9,22.9,20,46
20251028,23,23,22.85,22.85,23,53
20251029,22.85,22.95,22.8,22.95,23,52
20251030,22.85,23,22.85,22.85,16,37
20251031,22.8,22.9,22.8,22.8,28,63
20251103,22.8,22.8,22.7,22.7,9,21
20251104,22.7,22.7,22.4,22.4,38,85
20251105,22.4,22.4,22.15,22.3,83,184
20251106,22.4,22.45,22.3,22.4,36,81
20251107,22.45,22.45,22.35,22.4,27,60
20251110,22.4,22.4,22.1,22.15,54,119
20251111,22.1,22.2,22,22,41,90
20251112,22.15,22.35,22.15,22.3,25,55
20251113,22.3,22.3,22.05,22.2,46,102
20251114,22,22.3,22,22.2,29,64
20251117,22.2,22.2,21.9,21.9,54,119
20251118,21.9,21.9,21.75,21.8,83,182
20251119,22,22,21.8,21.85,40,88
20251120,21.85,21.85,21.65,21.7,82,179
20251121,21.65,21.65,21.5,21.65,98,211
20251124,21.7,21.85,21.5,21.65,44,96
20251125,21.7,21.85,21.7,21.8,15,32
20251126,21.7,21.9,21.7,21.9,14,30
20251127,22.1,22.1,21.8,21.8,12,27
20251128,21.7,21.95,21.7,21.95,16,34
20251201,21.95,21.95,21.9,21.95,12,26
20251202,21.95,22.1,21.9,22.1,24,52
20251203,21.95,22.15,21.95,22.15,13,28
20251204,22.2,22.2,22.05,22.05,8,17
20251205,22.15,22.2,21.85,22,37,81
20251208,22.05,22.1,21.65,22,46,101
20251209,22,22,21.85,21.85,8,18
20251210,21.85,21.95,21.7,21.7,16,35
20251211,21.7,21.8,21.7,21.75,17,36
20251212,21.85,22.3,21.85,22.2,85,189
20251215,22,22.1,21.9,22.1,7,16
20251216,21.9,21.9,21.6,21.6,42,91
20251217,21.8,21.85,21.75,21.8,23,51
20251218,21.5,22.2,21.5,22,19,41
20251219,22.45,22.45,22,22.15,17,37
20251222,21.95,22.2,21.95,22.2,31,68
20251223,22.2,22.2,22,22.05,17,37
20251224,22.05,22.2,22,22,93,207
20251226,22,22.2,22,22.05,34,74
20251229,22.05,22.2,22.05,22.15,20,45
20251230,22.1,22.1,22,22.05,15,33
20251231,22.15,22.2,22.1,22.15,22,49
20260102,22.1,22.15,22,22.05,28,63
20260105,22.05,22.1,21.9,22,23,50
20260106,21.85,22.45,21.5,22.05,89,196
20260107,21.9,22.2,21.9,22.05,30,65
20260108,22,22.2,22,22.2,21,47
20260109,22.1,22.2,22,22,24,52
20260112,22,22,21.75,21.9,37,81
20260113,21.9,21.9,21.8,21.85,36,80
20260114,21.9,22.6,21.9,22.55,206,461
20260115,22.6,23,22.55,22.6,98,223
20260116,22.6,22.7,22.55,22.55,63,143
20260119,22.55,22.75,22,22.55,138,311
20260120,22.5,22.6,22.35,22.45,39,89
20260121,22.45,22.5,22.3,22.3,63,142
20260122,22.4,22.4,22.3,22.3,31,68
20260123,22.3,22.3,22,22,52,114
20260126,22,22.2,22,22.05,38,84
20260127,22.05,22.1,22,22,24,52
20260128,22.05,22.1,21.9,21.9,57,125
20260129,21.95,22,21.8,21.8,45,98
20260130,21.8,21.8,21.5,21.65,82,176
20260202,21.65,21.65,21.5,21.6,63,136
20260203,21.8,21.8,21.4,21.7,90,194
20260204,21.45,22.15,21.45,21.8,48,105
20260205,21.9,21.95,21.85,21.85,50,110
20260206,21.8,21.8,21.6,21.7,31,68
20260209,21.8,21.8,21.45,21.5,57,122
20260210,21.45,21.6,21.45,21.6,26,56
20260211,21.6,21.9,21.6,21.9,102,221
20260223,21.9,22.2,21.8,22.15,58,128
20260224,21.95,22.1,21.85,21.9,33,72
20260225,21.95,22,21.75,21.85,77,169
20260226,21.85,21.9,21.7,21.8,105,229
20260302,21.8,21.8,21.6,21.75,72,156
20260303,21.8,21.8,21.5,21.55,113,245
20260304,21.5,21.5,21.15,21.25,104,221
20260305,21.3,21.6,21.3,21.4,50,108
20260306,21.4,21.4,21.25,21.4,45,96
20260309,21.4,21.4,20.6,20.9,126,262
20260310,21,21.3,20.9,20.95,27,58
20260311,20.95,20.95,20.75,20.75,120,251
20260312,20.7,20.8,20.7,20.7,56,116
20260313,20.7,20.7,20.4,20.55,92,189
20260316,20.55,20.6,20.25,20.5,115,235
20260317,20.5,20.5,20.2,20.35,181,368
20260318,20.35,20.4,20.2,20.35,67,137
20260319,20.3,20.3,20.05,20.15,133,268
20260320,20.15,20.2,20.05,20.15,75,151
20260323,20.05,20.05,19.95,19.95,115,230
20260324,20.3,20.3,19.85,20.2,48,96
20260325,20.2,20.25,20,20,152,306
20260326,19.6,19.8,19.55,19.7,70,137
20260327,19.55,19.7,19.3,19.5,37,73
20260330,19.65,19.65,19.45,19.5,35,69
20260331,19.6,19.6,19.45,19.45,22,44
20260401,19.5,19.6,19.5,19.5,44,87
20260402,19.5,19.5,19.35,19.45,48,93
20260407,19.45,19.45,19.3,19.35,40,78
20260408,19.5,19.65,19.45,19.55,31,61
20260409,19.5,19.5,19.2,19.3,74,143
20260410,19.4,19.45,19.15,19.25,49,95
20260413,19.25,19.25,19.15,19.15,80,154
20260414,19.15,19.3,19.15,19.25,205,394
20260415,19.3,19.3,19,19.25,144,276
20260416,19.3,19.3,19.15,19.2,47,90
20260417,19.15,19.2,19.1,19.2,66,126
20260420,19.15,19.3,19,19.25,136,260
20260421,19.25,19.3,19.2,19.25,162,312
20260422,19.3,19.3,19.2,19.25,47,91
20260423,19.2,19.2,18.8,18.95,102,194
20260424,19,19,18.85,18.9,98,185
20260427,18.85,18.85,18.45,18.5,139,259
20260428,18.5,18.5,18.35,18.4,93,172
20260429,18.4,18.4,18.25,18.35,79,145
20260430,18.35,18.35,18.2,18.2,70,128
20260504,18.15,18.3,18.05,18.2,75,135
20260505,18.2,18.2,18,18.15,163,295
20260506,18.2,18.2,17.9,18,105,189
20260507,18,18,17.85,17.9,86,154
20260508,17.85,17.85,17.7,17.85,168,298
20260511,17.85,17.9,17.8,17.85,54,97
20260512,17.85,17.95,17.45,17.75,93,165
20260513,17.75,17.75,17.55,17.55,71,125
20260514,17.55,17.55,17,17.15,243,420
20260515,17.15,17.15,17,17.05,95,163
20260518,17,17,16.85,16.85,130,220
20260519,16.85,16.9,16.55,16.65,106,178
20260520,16.55,16.6,16.5,16.55,86,142
20260521,16.5,16.6,16.4,16.6,172,285
20260522,16.6,16.75,16.55,16.7,89,149
20260525,16.7,17.45,16.7,17.3,148,253
20260526,17.3,18.9,17.3,18.2,191,348
20260527,18.5,18.5,17.6,17.65,104,185
20260528,17.7,17.75,17.4,17.45,66,117
20260529,17.45,17.8,17.45,17.6,39,70
20260601,17.75,17.95,17.75,17.85,89,159
20260602,17.85,17.85,17.55,17.6,77,136
20260603,17.85,18.05,17.7,18.05,69,124
20260604,18.25,18.65,18.25,18.3,122,225
20260605,18.4,18.4,18,18,55,100
20260608,17.7,17.85,17.3,17.35,54,94
20260609,17.35,17.55,17.35,17.35,41,72
20260610,17.4,17.55,17.3,17.3,79,138
20260611,17.15,17.75,16.95,17.3,80,137
20260612,17.4,17.5,17.35,17.35,43,76
20260615,17.35,17.55,17.35,17.5,39,68
20260616,17.5,17.55,17.2,17.55,46,80
20260617,17.55,17.55,17.45,17.55,26,46
20260618,17,17.4,17,17.35,107,184
20260622,17.5,17.5,17.3,17.45,122,213
20260623,17.4,17.4,17.2,17.25,39,67
20260624,17.3,17.35,17.15,17.25,43,74
20260625,17.25,17.25,17,17.2,63,107
20260626,17.15,17.15,16.85,16.9,73,123
20260629,17.05,17.1,16.8,16.8,41,70
20260630,16.8,17,16.8,16.9,25,43
20260701,16.9,17,16.8,16.85,76,129
20260702,16.8,17,16.8,16.95,28,48
20260703,17,17.4,17,17.35,51,88
20260706,17.35,18.05,17.25,17.35,194,342
20260707,17.4,17.4,17.05,17.1,38,65
20260708,17.1,17.1,16.75,16.85,55,93
20260709,16.85,16.9,16.8,16.9,25,43
20260713,16.8,16.85,16.65,16.85,40,67
20260714,16.85,16.9,16.6,16.85,41,69
20260715,16.9,17,16.8,17,28,47
20260716,17,17,16.85,17,18,31
20260717,16.95,16.95,16.65,16.75,35,58
20260720,16.75,16.8,16.65,16.65,24,41
20260721,16.65,16.7,16.45,16.7,143,237
20260722,16.6,16.75,16.45,16.5,138,228
20260723,16.6,16.75,16.45,16.5,32,53
20260724,16.45,16.45,16.3,16.3,68,111
20260727,16.3,16.35,16.2,16.35,126,206
20260728,16.3,16.3,16.1,16.2,69,112
20260729,16.3,17.8,15.6,15.6,977,1649
20260730,15.6,16,15.4,15.8,75,118
20260731,15.9,16.05,15.85,15.95,70,112
20260803,16,16.15,15.9,16.1,22,35
20260804,16,16.15,15.95,16.05,19,30
20260805,16.15,16.4,16.05,16.25,22,36
20260806,16.15,16.2,15.95,16.2,19,31
20260807,16.3,16.3,16,16.05,19,30
20260810,16.1,16.35,16.05,16.3,40,64
20260811,16.2,16.3,16.15,16.3,38,62
20260812,16.15,16.3,16.05,16.3,45,72
20260813,15.8,16.15,15.8,16.1,66,105
20260814,16.1,16.2,16.1,16.15,34,55
20260817,16.05,16.3,16,16.3,41,66
20260818,16.3,16.3,16,16.05,25,40
20260819,15.85,16.25,15.85,16.05,28,45
20260820,16.05,16.2,16,16.2,16,25
20260821,16.2,16.2,16.1,16.15,14,23
20260824,16.1,16.1,15.9,16,36,58
20260825,16,16.2,16,16.2,33,54
20260826,16.1,16.25,16.1,16.15,10,16
20260827,16.15,16.2,16.15,16.2,33,53
20260828,16.2,16.25,16.1,16.25,9,15
20260831,16.15,16.15,16,16.05,21,34
20260901,16,16.2,16,16.15,23,37
20260902,16.15,16.2,16.1,16.2,7,12
20260903,16.3,16.3,16.1,16.1,18,29
20260904,16,16.15,16,16.15,13,20
20260907,16.1,16.2,15.95,16.2,22,35
20260908,16.3,16.3,16.2,16.2,7,11
20260909,16.05,16.15,16,16.15,12,19
20260910,16,16,15.95,15.95,7,11
20260911,16,16.05,15.7,15.85,229,367
20260914,15.8,15.8,15.8,15.8,4,6
20260915,15.75,15.9,15.75,15.9,3,5
20260916,15.8,16.4,15.8,16.1,172,277
20260917,16.1,16.15,15.95,16.15,113,182
20260918,16.15,16.2,16.15,16.2,277,447
20260921,16.2,16.2,15.75,16.15,283,457
20260922,16.05,16.05,15.8,15.85,23,36
20260923,15.85,15.95,15.85,15.85,13,20
