# date,open,high,low,close,lot,wan
20250814,10.7,10.9,10.7,10.85,349,378
20250815,10.85,11.15,10.8,11.1,880,968
20250818,11.15,11.3,10.95,11.2,620,692
20250819,11.55,11.55,11.1,11.35,929,1052
20250820,11.35,11.35,10.9,10.95,436,481
20250821,11,11.35,11,11.3,655,737
20250822,11.25,11.25,10.8,10.9,559,612
20250825,11,11.15,10.7,10.8,440,480
20250826,10.9,10.95,10.7,10.7,275,297
20250827,10.7,10.8,10.6,10.6,410,437
20250828,10.6,10.7,10.45,10.45,493,520
20250829,10.5,10.5,10.3,10.35,463,481
20250901,10.25,10.4,10,10.05,685,695
20250902,10.05,10.2,9.13,9.9,875,864
20250903,9.8,10.85,9.8,10.55,1608,1695
20250904,10.6,11.35,10.45,11.05,1697,1860
20250905,11.25,11.25,10.65,10.7,687,741
20250908,11,11.75,10.8,11.75,2284,2626
20250909,11.75,12.15,11.25,11.35,2160,2523
20250910,11.3,11.3,10.9,10.95,1125,1241
20250911,11.4,11.4,10.55,10.55,812,876
20250912,10.8,11.4,10.7,11.25,1194,1331
20250915,11.5,12.3,11.45,12.15,3191,3829
20250916,12.15,12.2,11.7,12.05,2099,2509
20250917,12.15,13.25,12.15,13.25,3633,4768
20250918,14.55,14.55,14.3,14.55,3429,4988
20250919,15.5,16,14.55,16,12490,19499
20250922,15.85,15.85,14.4,14.45,6782,10086
20250923,14.2,15.35,13.75,15.15,4150,6011
20250924,15.5,16.25,14.65,15.65,4446,6974
20250925,15.5,15.5,14.75,14.75,2481,3717
20250926,15,16.2,14.5,16.2,4462,6921
20250930,16.3,17.5,15.8,17.15,6312,10516
20251001,17.15,17.2,16.15,16.25,3438,5698
20251002,16.6,16.7,15.5,16.1,2500,4041
20251003,16,16.6,15.4,15.5,2425,3822
20251007,15.2,15.45,14.85,15.15,2107,3194
20251008,15,15.3,14.7,14.85,1401,2084
20251009,15,15.1,14.75,14.85,1025,1529
20251013,14.3,14.7,13.95,14.65,935,1338
20251014,14.5,15.5,14.45,14.65,1485,2199
20251015,14.8,15.15,14.2,15.1,1485,2178
20251016,14.85,15.2,14.8,14.85,987,1474
20251017,14.9,14.9,14.4,14.5,689,1006
20251020,14.7,14.9,14.45,14.6,648,947
20251021,14.85,16.05,14.8,16.05,2814,4467
20251022,16.45,17.65,15.9,16.7,6811,11466
20251023,16,16.5,15.65,15.65,2604,4125
20251027,15.85,15.95,15.35,15.5,1758,2739
20251028,15.45,15.7,15.05,15.05,1456,2232
20251029,15.15,15.3,14.85,15,1391,2091
20251030,15.2,15.2,14.75,14.95,928,1383
20251031,14.85,15.2,14.7,14.75,791,1173
20251103,14.65,14.9,14.55,14.6,547,801
20251104,14.8,14.8,14.1,14.15,766,1095
20251105,14,14.15,13.85,14.1,571,798
20251106,14.4,14.4,13.95,14,699,980
20251107,14,14,13.45,13.6,725,991
20251110,13.95,13.95,13.4,13.6,474,647
20251111,13.6,13.8,13.5,13.6,689,941
20251112,13.75,13.95,13.7,13.8,442,612
20251113,13.85,13.95,13.55,13.6,548,750
20251114,13.5,13.6,13.1,13.1,848,1131
20251117,13.15,13.25,12.9,12.95,513,668
20251118,12.8,12.85,12.35,12.55,787,990
20251119,12.5,12.65,12.05,12.2,380,465
20251120,12.5,12.65,12.2,12.25,607,751
20251121,12.25,12.25,11.75,11.95,617,735
20251124,11.95,12.05,11.65,11.7,395,466
20251125,11.95,12.2,11.75,12.1,544,656
20251126,12.3,12.4,12.2,12.2,374,460
20251127,12.35,12.5,12.2,12.5,271,335
20251128,12.5,12.7,12.4,12.6,279,351
20251201,12.7,12.85,12.3,12.3,345,433
20251202,12.25,12.6,12.25,12.45,200,248
20251203,12.55,13,12.5,12.9,566,723
20251204,13.15,13.35,12.85,13.15,594,782
20251205,13.35,13.35,12.9,13,344,448
20251208,13.1,13.4,12.8,13.2,343,450
20251209,13.2,13.8,13.2,13.8,1003,1364
20251210,13.65,14.15,13.45,13.45,769,1057
20251211,13.5,13.6,13.1,13.55,635,846
20251212,13.85,14.3,13.65,14.2,1588,2237
20251215,14.3,15,13.9,14.45,1987,2902
20251216,14.45,15.75,14.4,14.9,3010,4551
20251217,14.9,15.15,14,14,2107,3065
20251218,13.8,14,13.45,13.85,567,778
20251219,13.85,13.95,13.55,13.55,458,627
20251222,13.7,14.4,13.7,14.35,836,1181
20251223,14.35,15.1,14.2,14.65,1628,2411
20251224,14.65,14.75,14.05,14.15,921,1314
20251226,14.1,14.45,14,14.2,708,1012
20251229,14.5,14.5,13.8,13.85,685,967
20251230,13.85,14.1,13.6,13.9,658,912
20251231,13.9,14.2,13.75,13.85,605,840
20260102,13.95,14.2,13.9,13.95,457,640
20260105,13.95,13.95,13.15,13.3,1028,1375
20260106,13.5,14.6,13.4,14.6,2103,3019
20260107,14,15.35,13.95,14.7,2949,4347
20260108,14.65,15,14.15,14.2,1131,1633
20260109,14.2,14.45,13.75,14.05,694,979
20260112,14.05,15.1,14.05,14.5,1131,1654
20260113,14.85,14.95,14.15,14.6,1433,2088
20260114,14.75,15.35,14.6,15.15,2174,3272
20260115,15.15,15.15,14.5,14.85,1482,2183
20260116,14.85,14.95,14.5,14.55,1054,1543
20260119,14.55,14.95,14.5,14.95,1220,1804
20260120,14.95,15.35,14.7,15.15,1830,2766
20260121,15.4,16.65,15.2,16.65,5079,8314
20260122,17.55,18,16,16.4,10156,17284
20260123,16.45,17.1,15.8,16.3,3831,6248
20260126,16.5,17.9,16.4,17.9,6181,10749
20260127,18.55,18.55,16.5,16.9,6020,10320
20260128,16.9,17.4,16.1,16.1,2864,4749
20260129,16.15,16.2,15.4,15.4,2041,3189
20260130,15.4,15.6,14.8,15.5,1420,2152
20260202,15.5,15.7,14.6,14.65,1196,1789
20260203,15.1,16.1,15.1,16.1,3247,5188
20260204,16.05,17.7,15.7,17.5,7827,13590
20260205,17.05,19.2,16.5,18.25,8900,15948
20260206,17.9,17.9,16.45,16.65,4781,8070
20260209,17,17.15,16,16,2276,3719
20260210,16.15,16.25,15.75,16,1394,2220
20260211,16.2,16.6,16.05,16.25,1325,2160
20260223,16.4,17.85,16.4,17.7,3242,5595
20260224,17.4,19.15,17.3,18.2,5470,10108
20260225,18.2,19.35,17.8,19,5447,10196
20260226,19.1,19.45,18.35,18.9,3420,6454
20260302,18,20.75,17.65,20.75,6768,13626
20260303,22.4,22.7,19.65,20.35,10067,21376
20260304,19.6,19.8,18.35,18.4,4075,7616
20260305,19.1,19.7,18.35,18.85,2888,5520
20260306,18.85,19.6,18.2,19.15,2082,3967
20260309,17.8,18.65,17.35,18.6,1749,3137
20260310,19.3,19.3,18.05,18.25,1832,3408
20260311,19.1,19.7,18.55,19.45,2283,4395
20260312,19.45,19.95,19.1,19.1,1734,3365
20260313,18.8,19.1,18.2,18.65,1237,2315
20260316,19.2,19.4,18.25,19.2,1677,3172
20260317,19.45,20.65,19.2,19.8,3500,6982
20260318,20.3,20.4,18.7,19.2,2433,4691
20260319,19,20.8,18.85,20,5157,10431
20260320,20.25,20.5,18.7,18.9,3504,6747
20260323,18.25,19.45,18,18.3,1768,3278
20260324,18.9,19.15,17.7,17.7,1887,3416
20260325,18.3,18.5,17.75,18.15,1182,2144
20260326,18.35,18.65,17.85,17.85,1603,2921
20260327,17.65,18,17.3,17.6,1134,1995
20260330,17.3,17.3,16.6,16.95,1313,2223
20260331,16.7,17.45,16.25,16.3,1241,2068
20260401,17,17.3,16.6,16.65,796,1350
20260402,17.05,17.05,15.9,15.95,1130,1825
20260407,16.5,16.5,15.8,15.9,504,805
20260408,16.35,16.65,16.3,16.5,784,1292
20260409,16.65,16.65,16,16.15,783,1265
20260410,16.2,16.6,15.8,15.85,1198,1915
20260413,15.4,15.8,15.3,15.65,947,1472
20260414,16,16.3,15.75,16.1,1050,1684
20260415,16.15,16.95,16.15,16.6,1832,3034
20260416,16.6,16.75,16.4,16.4,1060,1758
20260417,16.5,17,16.5,16.8,1199,2013
20260420,16.85,17.4,16.65,17.05,1648,2803
20260421,17.2,17.95,17.15,17.75,2049,3601
20260422,17.8,18.05,17.4,17.4,1318,2327
20260423,17.5,17.5,15.8,16.2,1815,2982
20260424,16,16.3,15.55,15.75,1009,1599
20260427,15.75,15.85,15,15.8,841,1291
20260428,15.8,15.8,15.3,15.55,506,788
20260429,15.7,15.95,15.55,15.65,570,898
20260430,15.8,16,15.35,15.9,749,1172
20260504,16.1,16.4,15.9,16.05,819,1321
20260505,16.2,17.65,16.15,17.65,2682,4692
20260506,18.3,19.4,18.1,18.45,6953,12971
20260507,18.35,19.2,17.8,18.95,3929,7334
20260508,19.2,19.8,18,18.5,3398,6405
20260511,18.25,18.85,18.2,18.3,1543,2836
20260512,18.95,18.95,17.75,18.4,2172,3948
20260513,18.3,18.6,17.75,17.8,1576,2852
20260514,17.95,18.2,17.3,17.35,1205,2122
20260515,17.5,17.7,16.5,16.6,1258,2133
20260518,16.55,16.8,16.05,16.8,1026,1688
20260519,16.8,17.65,16.7,17,1413,2415
20260520,17,17,16.35,16.4,905,1499
20260521,16.55,17.15,16.55,16.95,775,1310
20260522,17.15,17.55,17,17.4,1179,2044
20260525,17.6,18,17,17.85,2064,3627
20260526,18.2,18.7,17.6,17.65,2332,4202
20260527,17.9,17.9,17.3,17.4,1183,2073
20260528,17.4,17.95,16.7,16.9,1461,2532
20260529,16.95,17.25,16.8,17.25,1335,2263
20260601,17.3,17.95,17.15,17.3,1777,3106
20260602,17.2,17.4,16.45,17.05,1584,2670
20260603,17,17.8,16.85,17.55,2154,3763
20260604,17.5,17.75,17,17.1,1386,2392
20260605,17.1,17.1,16.25,16.55,1273,2111
20260608,14.9,15.35,14.9,15.25,1628,2460
20260609,15.4,16.5,15.25,16.2,1157,1825
20260610,15.6,17.55,15.6,16.25,1907,3193
20260611,16.25,17.1,15.85,16.8,1306,2142
20260612,17.2,18.45,17.2,17.7,5772,10469
20260615,17.7,18.45,17.55,17.95,3588,6483
20260616,18.05,18.2,17.3,17.3,1526,2682
20260617,17.25,17.6,17.1,17.4,1007,1750
20260618,17.4,17.6,17.1,17.1,1135,1954
20260622,17.35,17.55,17.1,17.4,1362,2367
20260623,17.45,18.95,17.35,17.95,3326,6050
20260624,17.75,17.9,17.25,17.55,1993,3483
20260625,17.65,17.7,17.15,17.45,860,1498
20260626,17.2,17.2,16.3,16.3,1648,2754
20260629,16.45,17.15,16.35,16.75,641,1081
20260630,16.8,18.4,16.75,18.4,3715,6701
20260701,18.8,19.1,17.55,17.7,3163,5786
20260702,17.55,18.3,17.5,18.1,1127,2030
20260703,18.1,18.7,17.95,18.25,1364,2505
20260706,18.45,18.45,17.65,17.75,1260,2268
20260707,17.7,17.85,16.75,16.85,1310,2250
20260708,16.95,17.25,16.6,17.2,794,1342
20260709,17.2,17.45,17.05,17.25,454,784
20260713,17.25,17.75,16.95,17,750,1296
20260714,17.2,17.25,16.05,16.7,1225,2025
20260715,16.8,16.95,16.65,16.8,551,923
20260716,16.85,16.9,16.3,16.3,619,1017
20260717,16.05,16.05,15.2,15.25,1267,1959
20260720,15.6,16,15,15.1,807,1242
20260721,15.3,15.8,15.2,15.5,552,853
20260722,15.75,16.35,15.7,15.8,934,1501
20260723,16,16.05,15.2,15.2,575,888
20260724,15.2,15.4,14.85,15.25,560,845
20260727,15.25,15.25,14.6,14.75,665,984
20260728,14.75,14.75,14.2,14.3,620,891
20260729,14.65,14.65,13.15,13.6,1071,1462
20260730,13.65,13.95,13.25,13.35,453,617
20260731,13.8,14.25,13.8,14.05,316,443
20260803,13.8,14.4,13.75,14.25,331,470
20260804,14.25,14.45,14,14.35,392,559
20260805,14.5,15,14.45,14.85,677,993
20260806,14.8,14.9,14.2,14.4,492,708
20260807,14.25,14.5,14.1,14.15,431,613
20260810,14.25,14.45,14.2,14.35,444,634
20260811,14.35,14.45,14.1,14.2,350,498
20260812,14.35,14.45,14.2,14.25,319,456
20260813,14.5,14.8,14.45,14.65,491,719
20260814,14.55,14.55,14.2,14.3,414,592
20260817,14.05,14.65,14.05,14.5,430,622
20260818,14.5,14.5,14,14.05,437,618
20260819,13.85,14.55,13.75,14.05,420,597
20260820,14.35,14.45,14.1,14.25,218,310
20260821,14.25,14.4,14.1,14.4,320,458
20260824,14.45,14.45,14.15,14.2,293,417
20260825,14.25,14.35,13.9,14.3,545,768
20260826,14.35,14.65,14.3,14.5,333,483
20260827,14.55,14.75,14.5,14.5,471,690
20260828,14.7,14.9,14.55,14.55,319,469
20260831,14.55,14.55,14,14.15,355,503
20260901,14.3,14.4,14,14,375,533
20260902,14,14.5,13.95,14.15,246,348
20260903,14.3,14.55,13.65,13.65,505,709
20260904,14,14,13.65,13.9,405,561
20260907,14.05,14.05,13.6,13.6,415,572
20260908,13.7,13.9,13.6,13.7,273,375
20260909,13.7,13.9,13.55,13.9,312,427
20260910,13.8,13.8,13.55,13.65,277,377
20260911,13.55,13.55,13.3,13.4,427,572
20260914,13.45,13.55,13.3,13.5,207,277
20260915,13.4,13.5,13.2,13.2,298,397
20260916,13.2,13.5,13.2,13.4,346,461
20260917,13.55,13.9,13.5,13.75,376,513
20260918,13.8,14,13.5,13.9,397,545
