# date,open,high,low,close,lot,wan
20250814,40.1,40.2,40.1,40.15,39,156
20250815,40.15,40.5,40.1,40.3,21,85
20250818,40.5,41.35,40.4,40.5,60,246
20250819,40.9,40.9,40.35,40.35,67,271
20250820,39.95,40.35,39.6,39.9,52,208
20250821,39.75,40.15,39.75,39.85,50,201
20250822,39.85,40.6,39.85,40.1,55,221
20250825,40.85,41.45,40.35,40.5,54,220
20250826,40.6,40.6,40.15,40.15,59,240
20250827,40.15,40.15,39.8,40.1,152,609
20250828,40.1,40.35,40,40.15,41,166
20250829,40.25,43.4,40.25,42.45,293,1231
20250901,43.2,46.45,42.6,45.6,670,3014
20250902,45.6,45.8,43.45,43.45,277,1227
20250903,43.2,44.85,43.05,44.55,750,3365
20250904,44.7,49,44.7,49,602,2838
20250905,52.8,53.6,50.8,51.1,779,4054
20250908,50.5,50.8,48.7,48.75,394,1953
20250909,50.6,52.2,48.95,49.1,386,1957
20250910,49,49.4,47.5,47.95,275,1328
20250911,47.95,47.95,46.75,46.85,164,770
20250912,47.5,47.85,46.3,46.4,112,521
20250915,46.95,46.95,45.45,45.5,124,567
20250916,45.6,47.3,45.1,46.75,155,721
20250917,46.65,47.05,45.7,46,85,391
20250918,46.15,46.7,45.6,46.2,51,233
20250919,46.25,46.55,45.85,46.15,143,662
20250922,46.15,47.05,46.15,46.35,64,299
20250923,46.45,46.45,45.55,45.55,86,397
20250924,45.95,45.95,45,45.4,48,220
20250925,45.35,46.2,45.05,45.3,59,270
20250926,45.25,45.8,44.25,45.75,73,333
20250930,46.25,46.4,45.5,46,51,234
20251001,46.15,46.4,45.75,45.85,62,286
20251002,45.9,45.9,45,45.2,70,320
20251003,45,45.25,44.5,44.9,52,231
20251007,44.45,45.3,44.1,44.75,66,295
20251008,44.55,44.8,43.05,44.75,65,286
20251009,44.2,44.6,44.05,44.1,44,195
20251013,42.35,43.45,42.35,43.25,70,297
20251014,43.7,43.7,43.25,43.25,39,170
20251015,43.1,43.25,42.5,42.95,48,207
20251016,42.95,43.4,42.85,43.15,46,197
20251017,43.15,43.45,43,43,42,183
20251020,42.95,43,42.8,42.95,664,2856
20251021,43.2,43.35,42.65,42.9,120,517
20251022,43,43.65,43,43.25,44,191
20251023,43,44.25,43,43.4,89,387
20251027,43.55,46.3,43.1,45.2,231,1032
20251028,45.15,45.5,44.5,45.25,146,654
20251029,45.25,45.8,44.3,44.85,130,580
20251030,44.55,45.2,41.65,42.35,370,1596
20251031,41.9,42.15,40.75,41.85,196,814
20251103,41.65,42,41.25,41.55,80,332
20251104,41.35,41.35,40.55,40.6,109,445
20251105,40.55,40.55,39.55,40.25,96,383
20251106,40.45,41.15,40.1,40.8,89,363
20251107,40.75,41,40.65,40.75,67,274
20251110,40.5,41.8,40.4,41.45,121,495
20251111,41.5,41.6,41.15,41.2,62,257
20251112,41,42.45,41,42.3,76,318
20251113,42.25,43.05,41.85,42.7,54,229
20251114,41.85,42.95,41.7,41.85,72,306
20251117,41.8,42.55,41.5,41.95,67,283
20251118,41.8,41.8,40.35,40.95,56,232
20251119,40.8,40.95,40.5,40.65,44,179
20251120,41.3,41.3,40.7,40.75,73,298
20251121,40.1,41.2,39.95,40.55,54,217
20251124,40.6,40.85,40.35,40.35,62,252
20251125,40.6,41,40.6,40.65,30,123
20251126,41.25,44,40.8,43.1,91,386
20251127,42.85,43,42.45,42.8,33,140
20251128,42.7,42.95,42.5,42.6,27,116
20251201,42.35,42.6,42.25,42.25,48,204
20251202,42.45,42.55,42.25,42.35,44,188
20251203,43,43,42.4,42.45,46,195
20251204,42.65,42.7,42,42.55,76,321
20251205,42.15,42.3,41.85,42.3,40,169
20251208,42.25,42.25,41.1,41.2,85,355
20251209,41.2,41.2,40.4,40.6,68,277
20251210,40.45,40.7,40.25,40.5,40,161
20251211,40.5,40.7,40.3,40.55,69,279
20251212,40.5,40.75,40.35,40.7,28,114
20251215,40.05,41.5,40.05,41.05,44,180
20251216,40.85,41,40.3,40.7,42,172
20251217,40.55,41.1,40.55,40.7,42,172
20251218,40.65,41.45,40.65,40.9,24,100
20251219,40.8,41.95,40.8,41.25,31,127
20251222,41.55,41.55,41,41.25,52,213
20251223,41.25,41.4,41,41,35,145
20251224,41,41.3,41,41,49,201
20251226,41,41.15,40.85,40.85,38,156
20251229,40.85,41.05,40.55,40.8,76,312
20251230,40.65,40.85,40.5,40.8,31,126
20251231,41.5,41.8,40.8,40.9,58,238
20260102,40.85,41.45,40.5,40.85,49,202
20260105,40.75,40.85,40.15,40.2,95,385
20260106,40.2,40.2,39.95,40,87,350
20260107,40,40.35,40,40.35,88,355
20260108,40.35,41.35,40.35,40.5,57,230
20260109,40.5,40.5,40,40.3,67,271
20260112,40.3,41.1,40.1,40.7,53,215
20260113,40.6,40.6,40.2,40.45,47,191
20260114,40.55,41,40.4,40.65,57,232
20260115,40.65,40.95,40.6,40.6,79,324
20260116,40.6,41.2,40.5,41,127,521
20260119,40.9,41.65,40.8,41.5,81,333
20260120,41.4,41.5,40.75,40.75,139,568
20260121,40.75,40.8,40.35,40.75,78,318
20260122,40.75,41.2,40.45,41,84,341
20260123,41,41,40.2,40.8,125,505
20260126,40.75,40.8,40.2,40.3,140,563
20260127,40.45,40.45,40,40.15,97,389
20260128,40.3,40.3,39.85,40.2,122,490
20260129,39.95,40,39.5,39.95,126,501
20260130,39.7,40,39.5,40,82,327
20260202,39.8,39.8,39.35,39.45,94,370
20260203,39.2,39.55,38.8,39,163,637
20260204,38.6,39.4,38.55,39.05,69,270
20260205,39.05,39.05,38.95,38.95,26,102
20260206,38.6,38.85,38.4,38.65,67,258
20260209,38.65,38.75,38.35,38.5,112,432
20260210,38.35,38.6,38.3,38.4,80,307
20260211,38.5,38.8,38.3,38.7,68,264
20260223,38.7,39.7,38.7,39.55,95,374
20260224,39.45,40.1,39,39.7,122,485
20260225,39.65,39.95,39.1,39.35,91,359
20260226,39.25,39.35,38.35,39,191,741
20260302,39.4,39.4,38.9,39.2,95,372
20260303,39,39.1,38.8,38.95,90,351
20260304,38.3,38.3,37.7,37.7,125,475
20260305,37.75,38.2,37.7,37.9,62,235
20260306,37.9,38.55,37.9,38.3,56,213
20260309,37.05,37.05,36.45,36.6,139,511
20260310,37,37.45,35.65,35.75,191,692
20260311,35.75,36.15,35.5,35.8,195,699
20260312,35.8,36.55,35.8,36.05,81,291
20260313,35.6,36.2,35.6,36.2,110,396
20260316,35.55,36.2,35.55,35.7,134,480
20260317,36,36.45,35.6,36.45,95,343
20260318,36.4,36.75,36.1,36.7,72,263
20260319,36.25,36.25,35.6,35.95,200,719
20260320,36.05,36.65,35.95,36.15,76,276
20260323,36,36,35.25,35.35,78,278
20260324,35.4,36.1,35.1,35.85,77,275
20260325,36.1,36.7,36.1,36.45,72,262
20260326,36.6,39.2,36.6,38.7,326,1251
20260327,38.7,39.2,38.6,38.7,142,551
20260330,37.25,38.35,37.2,37.25,98,367
20260331,36.7,36.85,35.95,35.95,87,316
20260401,37.05,37.05,35.9,36.2,44,160
20260402,36.85,36.85,35.4,35.4,53,191
20260407,35.6,36.75,35.2,35.3,33,118
20260408,36.25,36.25,35.2,36.1,57,206
20260409,36.75,36.75,36.05,36.35,34,125
20260410,36.3,36.7,36.05,36.05,33,119
20260413,36.6,36.6,35.5,35.6,102,365
20260414,35.85,37.2,35.5,36.45,177,639
20260415,36.5,36.95,35.95,36,100,364
20260416,36.45,38.15,36.45,37.8,216,812
20260417,38.05,38.4,37.65,38.35,120,456
20260420,38.35,39.4,38.35,39,181,704
20260421,38.8,39.3,38.8,39.1,60,234
20260422,39.3,40.55,39.2,39.95,201,803
20260423,40,40.35,38.05,38.85,223,874
20260424,38.85,39.45,38.65,38.8,103,401
20260427,38.7,38.7,38.05,38.4,56,217
20260428,38.4,39.2,37.85,38.05,70,267
20260429,39.05,39.05,37.6,37.9,63,238
20260430,38.55,38.55,37.05,37.5,88,330
20260504,37.55,38.1,37.5,37.75,57,217
20260505,38.4,38.4,37.8,38.05,38,146
20260506,38.65,38.65,37.45,37.55,83,312
20260507,37.5,38.15,37.5,37.9,114,430
20260508,38.15,38.15,36.75,37.25,142,527
20260511,37.85,37.85,36.65,36.85,117,431
20260512,37.15,37.15,35.9,36.05,164,592
20260513,36,36.25,35.35,36.05,78,278
20260514,36,36.45,36,36.05,107,387
20260515,36.4,36.45,36,36,116,421
20260518,36.4,36.4,36,36.15,52,189
20260519,36.15,36.25,36.1,36.2,49,176
20260520,36.2,36.4,36,36.1,73,265
20260521,36,36.7,36,36.6,92,333
20260522,36.55,37.5,36.55,37,106,394
20260525,37.1,37.3,36.5,37.25,185,684
20260526,37.25,37.25,36.6,37.15,105,385
20260527,37.25,37.25,36.5,36.55,106,389
20260528,36.55,38.15,36.55,37.2,258,968
20260529,37.75,40.9,37.65,40.9,493,1991
20260601,40.9,42.75,40.6,41.65,844,3520
20260602,41.7,42.35,40.25,42.35,574,2388
20260603,43.25,43.25,41.7,41.95,297,1250
20260604,42,42,40.7,41,186,764
20260605,40.5,41.3,40.3,41.1,198,812
20260608,37,38.9,37,37.7,367,1376
20260609,37,38.4,37,38.1,271,1020
20260610,38,38.6,37.3,37.6,158,598
20260611,38.1,38.15,37.3,37.75,130,488
20260612,37.85,39.2,37.85,39,184,711
20260615,40,40,38.5,38.8,106,412
20260616,38.8,41.95,38.4,41.7,485,1981
20260617,40.7,41.85,40.2,40.4,263,1074
20260618,40.4,40.4,39.6,40.05,169,674
20260622,39.4,40.2,39.4,39.65,122,486
20260623,39.95,39.95,38.6,38.75,216,844
20260624,39.55,39.55,38.4,38.75,109,424
20260625,37.85,38.5,37.75,37.85,85,324
20260626,37.7,38.6,36.3,36.45,172,633
20260629,36.45,36.6,36,36.3,147,531
20260630,36.35,36.6,36.05,36.6,103,375
20260701,36.95,36.95,36.1,36.3,101,365
20260702,36.55,36.85,36,36.7,132,481
20260703,36.85,37.85,36.85,37.7,82,308
20260706,37.7,37.9,36.8,36.9,104,384
20260707,36.7,37,36.1,36.1,118,427
20260708,36.45,36.45,35.55,35.85,116,414
20260709,35.95,36.15,35.75,36.15,84,300
20260713,36.2,36.35,36,36.3,96,346
20260714,36.4,36.4,35.05,35.6,169,599
20260715,35.6,36.4,35.1,36.4,88,313
20260716,36.4,36.4,35.75,36.15,57,206
20260717,35.8,35.8,34.5,34.75,348,1218
20260720,34.85,35.15,34,35,124,430
20260721,35.8,36.1,35.4,35.6,62,222
20260722,36.05,36.05,35.55,35.85,67,241
20260723,35.8,36,35.1,36,91,324
20260724,35.15,35.7,35.1,35.4,71,251
20260727,35.95,35.95,35.1,35.45,35,124
20260728,34.8,35.3,34.35,35,116,402
20260729,35.1,35.2,33.65,35,183,629
20260730,35.3,35.3,33.7,33.7,146,499
20260731,35.55,35.55,34.2,34.9,83,289
20260803,34.35,35.25,34.15,35.1,70,244
20260804,34.05,35.25,34.05,34.65,97,337
20260805,35.45,35.5,34,34.5,189,652
20260806,34.5,34.8,34.1,34.65,123,423
20260807,34.95,34.95,34.6,34.8,28,98
20260810,34.8,34.95,34.65,34.9,45,157
20260811,34.9,34.9,34.55,34.9,35,122
20260812,34.9,34.9,34.55,34.8,30,103
20260813,35,36,35,35.35,100,355
20260814,35.35,35.35,34.5,34.9,68,236
20260817,34.8,35,34.45,34.7,63,219
20260818,34.3,34.75,34.3,34.75,61,211
20260819,35.05,35.05,34.2,34.45,71,245
20260820,35.05,35.05,34.1,34.45,81,278
20260821,34.9,34.9,33.95,34.45,55,188
20260824,34.1,34.45,34,34.05,47,162
20260825,33.75,33.85,33.3,33.75,81,273
20260826,33.7,33.9,33.55,33.75,71,241
20260827,33.95,34.55,33.6,34.35,149,508
20260828,34.3,34.5,33.8,33.8,95,324
20260831,34.55,34.55,33.4,33.8,84,280
20260901,33.75,33.85,33.5,33.65,61,204
20260902,33.5,34,33.45,33.5,35,119
20260903,33.5,34.05,33.4,33.55,95,319
20260904,33.4,33.4,33.2,33.3,118,394
20260907,33.65,33.65,32.85,33.1,111,367
20260908,33.1,33.1,32.85,33.1,77,255
20260909,33.4,33.4,32.8,33.1,83,273
20260910,32.95,33.05,32.3,32.75,160,520
20260911,32.45,32.55,31.85,31.9,116,372
20260914,31.3,31.85,31.1,31.85,82,259
20260915,31.85,31.85,30.65,30.95,119,368
20260916,30.55,30.9,30.5,30.8,107,328
20260917,30.95,31.7,30.85,31.65,134,419
20260918,32.15,34.7,31.5,34.45,410,1382
20260921,34.9,34.9,33.3,33.3,94,319
20260922,33.5,33.5,32.3,33.2,135,445
20260923,33.25,33.9,32.75,33,83,272
20260924,33.5,33.9,32.7,32.95,54,179
