# date,open,high,low,close,lot,wan
20250814,128.5,133,121,125.5,186,2366
20250815,123,125.5,122,122.5,148,1818
20250818,120.5,125,119,123,114,1400
20250819,122,122,118,119,177,2115
20250820,116.5,116.5,112,112.5,147,1672
20250821,113.5,123.5,112,123.5,178,2150
20250822,134,135.5,131.5,135.5,372,5015
20250825,142,149,142,149,931,13587
20250826,135,144,135,140.5,424,5878
20250827,141.5,141.5,130,133,301,4028
20250828,133.5,136,131.5,134,136,1819
20250829,135,137.5,130.5,133.5,145,1920
20250901,131.5,131.5,124.5,126,147,1872
20250902,126.5,131,123.5,130,115,1474
20250903,128,128.5,126,127,69,875
20250904,124.5,128.5,124.5,126,53,675
20250905,129,129,125,127.5,45,567
20250908,125,128,124,124.5,69,861
20250909,122.5,127,121.5,125.5,84,1038
20250910,123,125.5,122,123,58,718
20250911,135,135,132,135,192,2592
20250912,147,148,137,140.5,613,8736
20250915,135,135.5,126.5,129.5,238,3101
20250916,128,129,124,127,89,1126
20250917,126,135,126,133.5,144,1890
20250918,136,136,129.5,130,107,1409
20250919,130.5,131,128,128,41,528
20250922,128,131.5,128,130,48,623
20250923,132.5,134,127,128.5,56,725
20250924,127,128,126.5,127.5,39,497
20250925,130.5,140,129,140,410,5664
20250926,139,141,128.5,133,384,5118
20250930,133,135,128.5,132,98,1295
20251001,131,134,131,132,52,688
20251002,135,142.5,132.5,138,212,2904
20251003,139.5,140,131.5,134,126,1699
20251007,135,135,131,133,67,890
20251008,133.5,141,131,138,150,2051
20251009,140,140,133,135,129,1739
20251013,125,132.5,125,132.5,98,1274
20251014,133,136,127,128.5,175,2288
20251015,131,131,128.5,129,55,712
20251016,129,132,129,130.5,95,1244
20251017,129.5,132,128,129.5,64,828
20251020,129.5,129.5,126.5,127,122,1555
20251021,126,127,126,126.5,61,772
20251022,126.5,126.5,125,126,42,528
20251023,127.5,127.5,123,123,97,1201
20251027,127.5,127.5,121.5,122.5,87,1064
20251028,119.5,122.5,118.5,120,81,968
20251029,120,122,118.5,121.5,56,671
20251030,123,123,118.5,119,42,504
20251031,118.5,123,118.5,121,45,543
20251103,124,124,119.5,119.5,42,505
20251104,118.5,120,117.5,119.5,30,356
20251105,121,121,111.5,118,50,581
20251106,120,120,116.5,119.5,43,507
20251107,117,119,116.5,116.5,15,176
20251110,112.5,118.5,112.5,117.5,18,206
20251111,113,116.5,113,113,51,580
20251112,111,118,111,115.5,57,655
20251113,113.5,113.5,111.5,113,62,698
20251114,112,112,108.5,109,88,967
20251117,110,110,101,105,48,502
20251118,102,104,101,104,54,555
20251119,107,107,99.9,101.5,53,534
20251120,101.5,103.5,99.6,103.5,58,590
20251121,97.1,99.8,97.1,99.3,39,383
20251124,100.5,102,100,101.5,27,273
20251125,100,102.5,100,102,41,416
20251126,102,107,102,103,35,364
20251127,103.5,103.5,100.5,103,14,144
20251128,100,104,100,103,20,205
20251201,103,103,101.5,102.5,15,153
20251202,102,104,102,103,18,185
20251203,103.5,106.5,101.5,105,26,271
20251204,105,105,103.5,104,16,167
20251205,104,104,101,101,36,368
20251208,104.5,110,102,108,90,960
20251209,107,107.5,104,104,48,506
20251210,104,105.5,103,105,35,364
20251211,104,104,100.5,102,42,429
20251212,102,104.5,102,103,24,248
20251215,101.5,105,101.5,103.5,25,259
20251216,102,102,100,101,29,294
20251217,99,101,99,101,24,240
20251218,99,99.2,98.3,98.3,29,287
20251219,98.3,100,98.3,99,20,198
20251222,101,104,99.8,101.5,44,448
20251223,101,101.5,100.5,100.5,23,232
20251224,100,102.5,100,102.5,29,294
20251226,103,107,101.5,106.5,81,846
20251229,106.5,114,106.5,110,106,1160
20251230,111.5,112,105,105,67,720
20251231,104,106.5,103,106.5,27,282
20260102,106,107,103,104.5,31,326
20260105,105,105,102,102,21,216
20260106,102,103.5,102,103,16,165
20260107,102.5,104.5,101.5,103.5,36,369
20260108,101.5,102.5,101.5,102,15,153
20260109,101.5,104,100,100.5,30,304
20260112,102,105,101.5,104.5,33,342
20260113,104,105,101.5,102.5,32,332
20260114,103,110,103,108.5,109,1176
20260115,109.5,109.5,105,105.5,67,715
20260116,107,108.5,105.5,107,51,547
20260119,107,107,103,105.5,58,608
20260120,104.5,105,102,103.5,38,393
20260121,103.5,107,102,104,54,566
20260122,106.5,111,104.5,111,147,1601
20260123,111,111,108,109,53,580
20260126,111.5,119.5,110,119.5,192,2241
20260127,131,131,121,124,429,5480
20260128,123,123.5,118,123.5,157,1890
20260129,123.5,123.5,116,118,97,1152
20260130,115,119.5,112.5,115,77,899
20260202,113,119,113,118.5,68,801
20260203,118.5,120.5,117.5,119,70,835
20260204,119.5,123,115.5,115.5,74,877
20260205,114,118,112,116,45,519
20260206,117,121,117,121,130,1550
20260209,121,126,118.5,118.5,82,999
20260210,119,122.5,116.5,116.5,105,1267
20260211,115,116,108,110,121,1350
20260223,112,121,112,121,181,2164
20260224,123,133,123,132.5,620,8013
20260225,132,145.5,129,145.5,351,5042
20260226,150,160,147,160,674,10533
20260302,158,171,152.5,157,872,14160
20260303,154,160,141.5,141.5,437,6504
20260304,130.5,155,130.5,144,643,9567
20260305,144,149,139,147,306,4408
20260306,147,161,141.5,158,551,8602
20260309,149.5,161.5,145,156.5,316,4883
20260310,165,165,150,156,282,4394
20260311,156.5,160,153.5,154,317,4955
20260312,156,156,141,142.5,316,4572
20260313,135,149,133,146.5,134,1915
20260316,146.5,149,140.5,144,137,1969
20260317,143,146,140,141.5,141,2013
20260318,141,146.5,141,144.5,98,1415
20260319,141.5,144,136.5,136.5,105,1472
20260320,137,137,125,127.5,191,2476
20260323,121,124,116.5,123,86,1040
20260324,124,125,120,122,55,673
20260325,120.5,123,120,121,45,548
20260326,122.5,123.5,118.5,118.5,62,744
20260327,118.5,118.5,115,117.5,42,488
20260330,113.5,116,108.5,112.5,87,974
20260331,112,112,105,106,121,1300
20260401,108,116.5,108,111.5,112,1272
20260402,103,109.5,103,108.5,40,426
20260407,105,110,105,107.5,45,484
20260408,108,110,105.5,110,53,572
20260409,109,110,105,110,49,528
20260410,110,112.5,109,110.5,50,554
20260413,109,111.5,104,108.5,99,1063
20260414,106,112,106,110.5,37,405
20260415,110,110.5,106.5,110,38,411
20260416,108.5,114.5,108,113,67,741
20260417,112,113,110.5,113,22,245
20260420,111.5,111.5,107,107,63,685
20260421,107,116.5,106,111,76,832
20260422,111,122,110,122,168,1978
20260423,130.5,130.5,110.5,117,256,3060
20260424,116,117.5,112.5,113,58,659
20260427,109.5,113.5,108.5,113,33,368
20260428,115,115,112,113,23,261
20260429,113,113.5,111,113,13,146
20260430,112,113.5,111,112,24,269
20260504,112,115.5,112,112.5,22,249
20260505,112,115.5,109,110,66,740
20260506,114,114,110,111,39,437
20260507,111,112.5,102,107,137,1471
20260508,105.5,107,105,107,59,627
20260511,105,106.5,105,105.5,62,654
20260512,105.5,110.5,104,107,64,689
20260513,104.5,106,103.5,105,60,627
20260514,105,105.5,103.5,104,42,438
20260515,106,106,103.5,103.5,27,281
20260518,103,105.5,102,105,40,414
20260519,102.5,107.5,102.5,105,26,276
20260520,105,106,104.5,106,11,116
20260521,109.5,109.5,105.5,107.5,25,267
20260522,107.5,109.5,106,109,63,682
20260525,109,109,104.5,105,48,507
20260526,105,105,102.5,103,60,619
20260527,102.5,104,101,101,86,878
20260528,100.5,102.5,100,101,85,857
20260529,102,102,100.5,102,25,254
20260601,102,109.5,102,105,109,1154
20260602,103.5,104,102,103.5,38,391
20260603,104,106,102,104,48,501
20260604,104,109,103,106,58,617
20260605,108.5,111.5,103.5,109.5,113,1218
20260608,98.7,105,98.7,103.5,46,466
20260609,105,105.5,103,104,32,332
20260610,104.5,114,104.5,114,212,2370
20260611,125,125,105,105,639,7448
20260612,105,110.5,104.5,105,113,1206
20260615,105.5,107.5,105,105,46,487
20260616,106.5,115.5,106.5,110,378,4253
20260617,108.5,111.5,108,110.5,97,1063
20260618,111,114,110.5,110.5,99,1114
20260622,111,111,107.5,108,99,1077
20260623,108,108,105.5,106,42,447
20260624,107,108,104.5,105.5,41,436
20260625,106,106,103.5,103.5,61,637
20260626,105.5,112,104.5,104.5,126,1352
20260629,104.5,107.5,104.5,105.5,16,169
20260630,105,106,104,104.5,27,283
20260701,106.5,107.5,105,105.5,47,499
20260702,107,109,105,105,52,554
20260703,106,106,104.5,104.5,42,441
20260706,104.5,105.5,104,104,41,429
20260707,103,103,101,101,38,388
20260708,101.5,102.5,100,100.5,26,262
20260709,100,101.5,100,100.5,26,263
20260713,101,101,99.1,99.2,29,289
20260714,99.2,99.2,96.5,97.1,43,418
20260715,99,99.1,99,99.1,5,50
20260716,98.1,98.2,98.1,98.1,8,78
20260717,97,97,90.2,90.2,36,335
20260720,90.2,90.2,84,86.1,37,320
20260721,86.1,87,84.4,85,33,284
20260722,85,85.9,84.4,84.5,30,255
20260723,84.5,84.5,81.8,81.8,32,266
20260724,81,83.1,81,82,29,239
20260727,83.6,83.6,80.1,80.1,13,106
20260728,80,80,76,76,23,177
20260729,76,76,68.4,68.7,64,446
20260730,68.5,68.7,65,67.4,27,181
20260731,68,71,68,70.9,25,175
20260803,72.3,72.3,69.5,70.1,18,126
20260804,70.1,72.5,70.1,71.4,20,143
20260805,71.5,72,71.4,71.9,21,150
20260806,72.7,79,72,79,42,316
20260807,85.2,86,82.5,83.7,85,718
20260810,83.7,85.5,83.7,84.2,21,177
20260811,84.3,85,82.5,82.5,23,193
20260812,82.5,82.5,82,82.1,8,66
20260813,82.2,82.2,80.5,80.5,26,213
20260814,80.6,81.5,80.5,81,25,202
20260817,81.4,88,81.4,87.4,28,238
20260818,89.8,89.8,84.3,85.6,49,426
20260819,85.5,92,85.5,89.7,55,490
20260820,89.7,92.6,89.1,92,53,480
20260821,92.1,95.2,92,94,34,316
20260824,94,94.9,92.5,92.8,29,270
20260825,92.6,92.8,90.8,92.8,20,184
20260826,90.1,91.9,90.1,91.9,4,36
20260827,92.8,96.7,92.2,92.9,12,113
20260828,94.6,94.6,91.8,93.9,22,205
20260831,93.8,93.8,92.8,92.9,7,65
20260901,93,93,91.8,91.8,21,194
20260902,86.5,90.8,86.5,90.8,6,53
20260903,90.8,91,88.1,90.1,11,99
20260904,90.8,90.8,88.9,89,7,63
20260907,87.1,91.5,87,91.5,23,205
20260908,99.4,99.4,92,94,28,273
20260909,92.1,93.7,92,93.7,7,65
20260910,93.7,96.6,93.7,94.6,32,306
20260911,94.6,94.6,92.9,92.9,13,122
20260914,92.9,93,91.6,91.6,8,74
20260915,91.8,92.2,91.8,92.2,2,18
20260916,89,92.4,89,90.1,26,234
20260917,89.1,90.6,89.1,89.8,6,54
20260918,89.8,91.9,89.8,90.1,9,81
20260921,90,94.2,90,93.9,16,148
20260922,93.9,95.1,93,95.1,32,302
