# date,open,high,low,close,lot,wan
20250814,799,815,777,794,3133,248309
20250815,806,847,806,836,4316,357238
20250818,849,849,806,810,3469,285242
20250819,804,810,774,780,3670,288849
20250820,780,788,756,775,2477,192361
20250821,780,825,780,817,3656,293910
20250822,825,825,778,778,2433,193243
20250825,798,802,778,778,1538,120708
20250826,782,812,774,804,2308,183938
20250827,814,814,791,792,1273,101482
20250828,794,806,774,777,1824,142946
20250829,783,795,779,781,1103,86724
20250901,776,779,742,753,1925,145578
20250902,762,767,746,749,843,63425
20250903,749,770,746,756,736,56011
20250904,768,803,766,784,2439,192462
20250905,794,819,772,808,3154,253385
20250908,827,827,799,799,1406,113530
20250909,800,806,782,789,1662,131605
20250910,808,823,791,791,2111,170343
20250911,793,800,772,772,2233,173993
20250912,785,802,778,793,1226,97115
20250915,793,800,774,785,807,63450
20250916,793,819,787,819,1860,150062
20250917,820,830,798,802,2018,163424
20250918,809,880,808,864,4775,406286
20250919,875,877,778,780,5347,439203
20250922,766,783,753,781,2560,197316
20250923,784,789,763,766,1530,117929
20250924,778,786,766,772,1057,81785
20250925,777,780,760,764,953,73036
20250926,765,768,730,749,1428,106405
20250930,755,758,734,741,872,64747
20251001,741,751,738,741,495,36838
20251002,745,754,740,740,561,41806
20251003,765,794,765,775,1857,144838
20251007,788,788,764,769,824,63835
20251008,775,788,770,777,969,75489
20251009,780,782,767,781,666,51660
20251013,754,772,745,772,866,65472
20251014,775,787,742,746,1113,84760
20251015,752,761,747,760,479,36167
20251016,765,772,744,750,989,74571
20251017,750,776,748,769,1319,100835
20251020,779,781,758,762,654,50227
20251021,769,790,769,775,1126,87784
20251022,781,802,780,783,1509,119101
20251023,774,784,770,775,529,40961
20251027,782,788,763,778,813,62798
20251028,781,781,761,761,736,56324
20251029,765,775,746,747,992,74807
20251030,732,732,682,698,4223,295430
20251031,700,701,680,680,2095,144010
20251103,680,687,673,675,1129,76524
20251104,680,681,665,667,1485,99616
20251105,661,671,650,663,1200,79265
20251106,666,674,664,667,679,45411
20251107,661,664,655,656,699,46046
20251110,660,665,651,654,524,34391
20251111,658,663,645,645,788,51390
20251112,650,660,648,652,356,23241
20251113,660,664,654,663,591,39013
20251114,657,670,648,652,927,60702
20251117,659,659,645,645,340,22035
20251118,637,665,631,648,1764,114975
20251119,649,653,633,633,990,63234
20251120,645,649,631,641,711,45401
20251121,633,639,624,628,706,44432
20251124,636,651,626,637,1225,77735
20251125,642,651,638,651,509,32862
20251126,658,662,652,656,415,27310
20251127,657,676,655,659,627,41601
20251128,664,669,661,661,342,22731
20251201,661,663,637,642,713,46050
20251202,646,649,642,643,318,20499
20251203,647,648,641,645,224,14429
20251204,649,649,631,636,381,24270
20251205,636,638,624,628,450,28250
20251208,631,635,626,630,266,16741
20251209,630,630,620,622,406,25324
20251210,623,625,615,617,360,22262
20251211,619,626,604,610,601,36818
20251212,611,613,602,602,413,25050
20251215,594,606,586,602,597,35594
20251216,601,602,584,589,722,42590
20251217,588,591,573,573,900,52295
20251218,570,572,561,561,814,45941
20251219,568,570,557,558,1019,57172
20251222,565,570,564,566,437,24743
20251223,570,571,559,559,423,23779
20251224,562,578,562,566,889,50747
20251226,569,571,563,565,550,31192
20251229,566,590,566,583,1506,87640
20251230,583,593,577,580,1384,80897
20251231,582,589,581,584,1129,66096
20260102,585,595,579,579,1234,72302
20260105,587,589,566,568,1105,63154
20260106,570,588,567,584,1311,76437
20260107,591,635,591,617,3272,201985
20260108,638,654,618,619,3706,235398
20260109,625,639,617,633,1792,112966
20260112,646,647,621,623,1409,88965
20260113,623,623,597,598,1838,111186
20260114,602,603,588,591,1080,64116
20260115,588,596,573,583,1429,83207
20260116,588,592,574,575,886,51385
20260119,576,586,570,583,965,55822
20260120,580,584,573,577,907,52378
20260121,574,578,561,562,1188,67373
20260122,565,571,560,565,719,40605
20260123,570,583,566,569,1430,81815
20260126,574,579,568,576,921,52737
20260127,578,588,573,586,886,51515
20260128,590,603,582,584,1203,71169
20260129,588,588,569,571,826,47393
20260130,561,563,529,529,2149,116361
20260202,515,524,509,516,912,47059
20260203,524,533,520,526,534,28171
20260204,526,530,524,528,329,17332
20260205,518,535,518,521,563,29627
20260206,518,525,505,519,553,28476
20260209,530,530,515,517,325,16868
20260210,521,523,511,515,377,19488
20260211,514,517,501,508,1334,67669
20260223,515,515,487.5,514,1328,66654
20260224,514,526,511,519,606,31443
20260225,526,543,525,543,1496,80097
20260226,542,545,535,545,1081,58598
20260302,530,538,526,535,923,49037
20260303,535,537,521,524,816,42937
20260304,515,515,492.5,501,1265,63541
20260305,515,522,508,519,692,35700
20260306,519,525,515,524,484,25211
20260309,498,500,483,498,772,38231
20260310,511,526,509,523,566,29297
20260311,525,538,525,533,531,28280
20260312,533,536,523,529,460,24355
20260313,520,529,517,522,459,24027
20260316,526,526,514,520,381,19846
20260317,529,532,510,512,800,41417
20260318,520,522,515,515,474,24537
20260319,519,520,501,503,600,30517
20260320,503,521,497,520,743,38106
20260323,510,510,499,499,535,26864
20260324,514,517,492,494.5,534,26656
20260325,506,506,494.5,497,313,15614
20260326,498.5,510,496.5,497,463,23231
20260327,495,503,490,500,398,19757
20260330,490,497,485,485,581,28419
20260331,483,491.5,474.5,476,628,30184
20260401,488,492,482,482,729,35415
20260402,477.5,478,463.5,463.5,632,29560
20260407,468,477,464,475,410,19295
20260408,480,484.5,475,478,633,30315
20260409,481,502,476.5,501,1006,49697
20260410,498,537,498,533,1856,97599
20260413,532,545,520,520,1127,59785
20260414,526,545,521,539,1168,62647
20260415,545,545,528,530,721,38560
20260416,534,568,532,555,1706,94414
20260417,554,554,543,546,881,48208
20260420,549,558,531,532,1465,79133
20260421,539,541,526,537,938,50179
20260422,538,590,536,590,3482,202673
20260423,620,649,579,600,7168,442309
20260424,645,660,630,649,7549,490132
20260427,651,652,608,615,4610,287312
20260428,608,610,588,588,2444,145451
20260429,585,588,567,568,1401,80334
20260430,578,584,569,575,1326,76445
20260504,583,591,569,575,1503,86891
20260505,570,573,561,562,1344,75936
20260506,569,576,553,574,1401,79362
20260507,579,613,577,609,2583,154760
20260508,610,669,605,669,5563,366556
20260511,700,735,695,735,6922,497808
20260512,787,787,723,761,15669,1189645
20260513,780,835,780,809,11350,919040
20260514,808,834,788,819,7106,577559
20260515,813,813,738,800,3219,247983
20260518,784,784,750,757,1514,116815
20260519,748,767,722,728,1310,96786
20260520,741,760,703,757,1326,96800
20260521,785,820,760,789,1911,150886
20260522,808,808,780,795,1239,98366
20260525,794,820,784,818,2494,201426
20260526,824,824,798,807,1532,123738
20260527,852,870,824,870,3453,293735
20260528,897,922,830,845,2961,260751
20260529,866,929,810,834,8827,770545
20260601,879,902,830,859,6039,517602
20260602,855,874,816,827,4408,372074
20260603,845,883,803,805,4995,415830
20260604,788,795,741,756,4808,364660
20260605,742,765,721,736,3159,233835
20260608,663,663,663,663,997,66101
20260609,667,692,644,691,3026,202669
20260610,679,707,658,662,1964,132903
20260611,657,669,625,657,1566,102001
20260612,688,696,673,675,1461,100021
20260615,684,694,668,675,1057,71534
20260616,680,680,657,660,1566,104039
20260617,655,675,650,675,971,64372
20260618,685,706,673,693,2331,161068
20260622,707,712,685,695,1709,118733
20260623,698,701,660,661,2067,138479
20260624,653,666,650,664,910,59846
20260625,670,686,655,658,1376,91587
20260626,653,654,602,608,2571,159730
20260629,619,640,607,631,1213,76285
20260630,643,646,621,629,1640,103452
20260701,631,637,615,623,1654,103545
20260702,611,662,607,656,1415,91548
20260703,658,663,650,654,817,53679
20260706,649,656,621,639,2646,168816
20260707,642,671,638,650,3530,231724
20260708,658,663,641,662,1674,109320
20260709,663,667,652,655,1168,76889
20260713,654,654,635,647,1153,74268
20260714,648,649,611,628,1677,104823
20260715,630,642,626,636,721,45779
20260716,629,638,621,631,588,37012
20260717,615,619,585,585,1614,96791
20260720,580,593,550,567,1980,112191
20260721,580,583,569,583,539,31095
20260722,593,618,593,612,620,37613
20260723,612,615,598,612,414,25091
20260724,600,617,597,611,513,31116
20260727,613,619,593,615,680,41318
20260728,601,601,576,578,843,49452
20260729,590,602,549,561,1425,80992
20260730,554,571,524,532,1053,57451
20260731,573,580,550,562,797,44876
20260803,550,582,548,576,733,42120
20260804,578,591,566,584,642,37357
20260805,598,622,597,618,1350,82527
20260806,610,612,594,605,1433,86525
20260807,602,613,593,598,1238,74777
20260810,595,602,590,600,644,38529
20260811,595,601,589,595,574,34156
20260812,592,600,590,591,599,35551
20260813,594,601,585,586,803,47302
20260814,588,589,569,570,705,40585
20260817,567,573,563,565,619,35080
20260818,570,578,553,565,939,53193
20260819,560,590,557,582,1516,88016
20260820,579,586,561,567,973,55464
20260821,568,576,565,566,453,25803
20260824,567,573,557,557,560,31477
20260825,557,560,545,556,798,44000
20260826,558,582,558,576,739,42367
20260827,578,593,574,590,675,39637
20260828,593,599,578,584,926,54175
20260831,576,582,570,578,481,27698
20260901,583,592,579,580,626,36590
20260902,582,585,576,579,455,26358
20260903,580,582,558,558,930,52740
20260904,567,571,561,569,230,13025
20260907,572,573,565,566,230,13090
20260908,566,571,547,547,664,36665
20260909,549,555,547,550,326,17940
20260910,551,552,539,540,339,18465
20260911,536,536,528,528,303,16095
20260914,528,545,521,537,255,13700
20260915,538,538,522,523,225,11885
20260916,526,542,525,541,298,15983
20260917,543,566,542,556,856,47480
20260918,560,568,553,568,787,44252
20260921,568,573,559,567,660,37505
20260922,570,586,569,582,1100,63964
