# date,open,high,low,close,lot,wan
20250814,24.5,24.9,24.3,24.35,233,570
20250815,24.45,24.65,24.25,24.4,143,349
20250818,24.55,24.8,24.45,24.45,129,317
20250819,24.7,24.7,24.2,24.2,71,173
20250820,24.2,24.2,23.6,23.75,111,264
20250821,24,24.35,24,24.15,79,191
20250822,24.4,24.4,24,24,85,206
20250825,24.1,24.4,24.05,24.35,273,665
20250826,24.5,24.5,24.3,24.4,130,318
20250827,24.5,24.7,24.5,24.55,99,243
20250828,24.5,24.7,24.5,24.6,117,288
20250829,24.8,25.2,24.25,24.45,397,986
20250901,24.5,24.6,24.25,24.3,83,203
20250902,24.35,24.35,23.95,24.15,98,237
20250903,24.35,24.6,24.3,24.4,100,245
20250904,24.45,24.65,24.35,24.4,63,154
20250905,24.65,25.6,24.65,25.2,523,1318
20250908,26,26.55,25.3,25.55,791,2054
20250909,25.8,25.8,25.3,25.3,225,574
20250910,25.5,26.5,25.5,25.75,549,1427
20250911,25.8,26.5,25.25,25.25,503,1299
20250912,25.5,26.45,25.5,25.65,589,1531
20250915,26.5,27.8,26.25,27.5,2670,7209
20250916,27.5,30.25,26.5,30.25,8782,25782
20250917,31.5,32.3,30.55,32,13525,42552
20250918,31.6,35.15,31.3,33.5,13540,45663
20250919,33.7,33.9,31.4,31.5,4683,15109
20250922,31.25,32.55,30.7,30.7,2350,7411
20250923,30.7,30.8,29.6,30.3,1644,4977
20250924,31.2,31.55,29.7,30.2,1272,3881
20250925,30.15,30.75,29.05,29.65,1279,3797
20250926,29.7,29.7,28.45,28.9,578,1668
20250930,29.85,31.75,29.85,31.75,2186,6807
20251001,32,33.3,31.1,31.3,5549,17906
20251002,32.8,34.4,32.8,34.4,4151,14166
20251003,34.5,36.2,33.4,34.95,12116,42175
20251007,35,36,34.7,34.7,6201,21952
20251008,34.55,34.55,32.7,32.8,3014,10051
20251009,33.4,34.75,33.15,33.8,3970,13487
20251013,30.8,33.8,30.8,33.7,2321,7587
20251014,35.2,36.5,33.6,34.15,9038,31727
20251015,34.4,37.5,33.85,36.5,12607,45498
20251016,36,39.05,35.8,38.5,14854,56176
20251017,38.05,39.2,37.1,37.15,7653,29214
20251020,37.15,38.05,36.2,36.45,4724,17378
20251021,36.4,36.8,35.75,36.55,3384,12252
20251022,36.05,36.35,35.2,35.7,2325,8299
20251023,35.3,36.1,34.5,35.95,1990,7037
20251027,38.55,39.2,37.2,38,6188,23609
20251028,38.2,38.7,36.5,38.3,6681,25251
20251029,38.1,38.15,35.8,35.8,3610,13296
20251030,35.85,39,35.85,37.85,8903,33562
20251031,38.5,41.2,37.9,38.7,16763,65832
20251103,38.7,38.7,37.1,37.2,3027,11397
20251104,37.3,37.35,35,35.05,2468,8871
20251105,34.1,35.3,34.05,34.7,1546,5356
20251106,35.5,36.15,35.15,35.9,2005,7171
20251107,35.2,38.8,35.2,37.8,7877,29563
20251110,38.4,40.7,37.25,39.3,13830,53995
20251111,39.5,40.65,38.6,38.8,8186,32242
20251112,38.5,40.95,38.25,40,6843,27311
20251113,40,42,39.4,39.85,10476,42583
20251114,38,39.15,37.8,38.8,2679,10296
20251117,40.3,41.05,39,40.2,3997,16025
20251118,39.65,40.2,37.65,38.45,2522,9772
20251119,38.25,38.85,37.1,37.15,1758,6640
20251120,38.4,38.95,34.8,35.6,3373,12276
20251121,33.9,34.05,32.7,33.6,2240,7467
20251124,33.95,34.3,33,33.2,1261,4226
20251125,34.75,35.5,33.8,34,1247,4294
20251126,34.2,34.55,32.7,33.05,999,3324
20251127,33.45,34.2,33.3,34.1,784,2650
20251128,34.2,35.05,33.95,34.55,817,2828
20251201,34.6,34.6,33.55,33.8,471,1596
20251202,34.2,34.4,33.55,33.6,396,1338
20251203,33.7,34.6,33.7,33.75,628,2145
20251204,33.8,33.8,32.7,33,857,2837
20251205,33.3,33.4,32.55,33,750,2471
20251208,33.45,35.5,33.45,35.25,2067,7195
20251209,35.3,35.4,34,34.85,1771,6146
20251210,35.55,35.6,33.9,33.9,1079,3729
20251211,34.3,34.75,33.9,33.9,561,1916
20251212,34.1,35.5,34.1,34.8,1137,3977
20251215,34.15,34.95,33.5,34.45,769,2630
20251216,34.45,34.6,33.5,34.25,538,1830
20251217,34.3,35.4,34.3,34.65,789,2756
20251218,35.25,37.95,34.9,36.85,5896,21774
20251219,37.1,38.85,35.9,35.9,5884,21868
20251222,36.5,37.8,36.4,36.9,2154,7997
20251223,37.1,37.1,36.5,36.6,977,3590
20251224,36.95,38.2,36.35,37.9,3535,13322
20251226,38.5,38.6,37.5,37.7,2454,9314
20251229,38,38,37.1,37.45,1233,4633
20251230,37.4,40.3,37.4,38.9,7606,29792
20251231,39.25,40.2,38.6,38.75,3955,15560
20260102,38.85,40.45,38.35,39.65,3288,13070
20260105,41.9,42.5,38.7,38.7,4500,18181
20260106,38.9,40.55,38.55,40.1,3764,14941
20260107,41.5,44.1,41.35,44.1,12482,54485
20260108,44.9,48.5,44.55,48.5,12434,58907
20260109,51.3,53.3,44.55,49.05,31043,153311
20260112,49.5,52.9,48.3,49,14120,71341
20260113,49.25,53.4,49.05,49.8,15751,80467
20260114,50.1,50.2,48.05,48.5,4904,23979
20260115,48,49.4,46.7,48.2,4813,23090
20260116,49,53,48.8,53,12860,65957
20260119,56.7,58.3,56.2,58.3,3334,19163
20260120,54.5,57,53.8,55.9,12336,68140
20260121,56.9,58.8,52.2,53.8,9758,53802
20260122,56,56.8,52,52,6067,33124
20260123,52.5,52.7,49.05,49.7,4849,24411
20260126,50.6,52.8,50.1,51.6,4640,23932
20260127,51.5,51.5,48.85,49.3,3414,17019
20260128,50.2,51.7,49.95,50.3,3721,18903
20260129,51.9,53,49.5,51,6925,35420
20260130,50.1,53.8,49.9,51.7,7036,36466
20260202,50.1,50.2,46.55,46.55,3543,16778
20260203,47.5,48.45,43.8,45.3,4711,21654
20260204,45.25,46.15,44.05,45.45,2311,10494
20260205,44.4,45.1,43,43.25,1806,7913
20260206,42.35,42.9,41.05,41.75,1894,7929
20260209,45.9,45.9,45.9,45.9,910,4177
20260210,47.5,47.5,43.1,43.9,3597,16049
20260211,43.6,45.95,43.6,45.85,2181,9860
20260223,47.7,47.95,46.2,46.4,1910,8987
20260224,46.05,47.75,45.8,47.55,2093,9860
20260225,47.6,47.85,45.5,46.35,1657,7694
20260226,46,46.55,45.5,46,1212,5574
20260302,43.8,46.7,43.4,46.55,1228,5588
20260303,46.2,46.65,42.65,43.15,1768,7770
20260304,41.5,42.25,39.8,40.5,1571,6429
20260305,42.85,43.5,41.9,42.75,909,3884
20260306,42.25,43.1,41.85,41.9,651,2753
20260309,42.5,46.05,42.05,46.05,6691,30403
20260310,49.45,50.6,49.25,50.6,4934,24810
20260311,55.6,55.6,55.5,55.6,3261,18131
20260312,57,61.1,56.5,61.1,20364,119971
20260313,60,67.2,59.7,67.2,20820,133339
20260316,71.9,73.9,69.6,73.9,19721,143249
20260317,80.7,81.2,80.7,81.2,2355,19059
20260318,89.3,89.3,89.3,89.3,763,6814
20260319,97.1,98.2,89.9,98.2,7476,72115
20260320,98.2,98.2,88.4,88.4,2610,23496
20260323,79.6,79.6,79.6,79.6,894,7116
20260324,81.8,81.8,71.7,71.7,1299,9476
20260325,71.7,71.7,67,70.9,1925,13367
20260326,68.9,70,64,64.1,1674,11105
20260327,59.2,61.2,57.7,61.2,1895,11171
20260330,61.1,67.3,61.1,67.3,1158,7624
20260331,62.8,66.6,61.5,61.8,983,6217
20260401,65.5,67.9,65,67.9,1031,6838
20260402,70.7,70.7,67.5,68,721,4946
20260407,74.2,74.8,68.2,69.3,7061,50408
20260408,74.3,76.2,70.6,76.2,7772,57260
20260409,75.2,76.2,70.1,71.3,7648,55461
20260410,74.5,78.4,74.1,78.3,12093,93290
20260413,78,85.3,77.2,79.8,7525,61038
20260414,83.9,84.3,79.1,79.8,6321,51672
20260415,81.6,82.2,77.6,78.1,4098,32496
20260416,76.9,79.7,75.6,76.8,2913,22506
20260417,77.9,80.4,76.9,77.6,3499,27496
20260420,79,82.1,77.2,79.4,4366,34661
20260421,80.1,87.3,80,87.3,9719,83211
20260422,91.2,93.2,87.7,90.2,14264,129137
20260423,92.1,93.3,81.2,82.4,9328,79834
20260424,83.2,83.5,77.1,80.1,4704,37634
20260427,81.2,88.1,80.6,88.1,9172,78319
20260428,88.6,93.3,88.6,91.6,20347,184732
20260429,88.8,90.7,87.1,87.3,5457,48412
20260430,88.1,88.9,82.1,83.1,5283,44628
20260504,84.8,86.5,83.3,85.4,3420,29168
20260505,86.3,88.4,84.3,87.7,3571,31036
20260506,92.5,96.4,91.7,91.7,12173,114520
20260507,94,100.5,90.5,95.5,9600,91681
20260508,94.2,105,93,99.6,15712,158351
20260511,106,109.5,106,109.5,5348,58168
20260512,115.5,120,114.5,120,12603,148476
20260513,119.5,121.5,112,118.5,9396,108776
20260514,122,129,116,116.5,11123,133861
20260515,119,121.5,114,117,7470,87646
20260518,115,120.5,111.5,120.5,4788,55873
20260519,118,118,109.5,110,5945,67276
20260520,110,111,104,109,3890,42089
20260521,114,114.5,107.5,108,3932,43316
20260522,109.5,118,108.5,115,6092,69500
20260525,118,119.5,113.5,118,6650,77829
20260526,119.5,129.5,117.5,126.5,12378,154759
20260527,139,139,138.5,139,2738,38058
20260528,152.5,152.5,146.5,152.5,8701,132156
20260529,165,165,151.5,160,13914,221941
20260601,158,167,155.5,156.5,10323,164656
20260602,154,159,153,156.5,2375,36829
20260603,172,172,166,172,5121,87367
20260604,171,178.5,171,176,2915,50987
20260605,173.5,173.5,160,171.5,2639,44335
20260608,154.5,162,154.5,160,2032,32028
20260609,166.5,176,166,176,2057,35164
20260610,186.5,193.5,186.5,193,4668,89085
20260611,191.5,194,175,191.5,3581,66295
20260612,198.5,199,191,191,2169,42120
20260615,195.5,210,192.5,210,3089,62029
20260616,210,219,189,189.5,9494,188742
20260617,185,191.5,180.5,191.5,4196,78490
20260618,192.5,197.5,188,193.5,3896,74707
20260622,195.5,197,190,191.5,3803,73137
20260623,192,192,180.5,183,3696,68277
20260624,180.5,187,180.5,185,2211,40705
20260625,189.5,191,181,182,2219,40860
20260626,184,189,178,180,2899,53175
20260629,180.5,181,168.5,168.5,3188,55204
20260630,172,174,168.5,173.5,1697,29118
20260701,176,176.5,160,160,4396,72440
20260702,156,164,156,164,2070,33299
20260703,162,174.5,162,171,2875,48973
20260706,172,175.5,167.5,168.5,2231,38184
20260707,169.5,170.5,160,162.5,1381,22661
20260708,161,163,154,157.5,1764,27836
20260709,162,169.5,160,166.5,2414,40012
20260713,170.5,171,160.5,163,1781,29410
20260714,158,160,147,154.5,2657,40532
20260715,158.5,164.5,157.5,159.5,1558,25035
20260716,155.5,156,150.5,151,1383,21068
20260717,144,147,139,141,2083,29600
20260720,141,143,129.5,135.5,1841,24960
20260721,139,141,136,140,743,10285
20260722,153.5,153.5,143.5,144.5,1594,23498
20260723,145,146,137.5,142.5,894,12613
20260724,140,150,140,143.5,1545,22482
20260727,143,143,137,142.5,844,11823
20260728,137,137,129,129,1151,15268
20260729,125,129,116.5,122.5,2860,34669
20260730,120.5,125.5,117,117.5,1671,20345
20260731,129,129,126.5,129,975,12532
20260803,129,141,128.5,139,1899,25812
20260804,135.5,144,135.5,144,2058,28941
20260805,148,155,146,148,2778,41625
20260806,146.5,162.5,143,162.5,5235,82395
20260807,162.5,164.5,155,156,4230,67520
20260810,160,165,158.5,162,3750,60607
20260811,160.5,160.5,152,156,2259,35336
20260812,156,160,155.5,158.5,1634,25929
20260813,165,167,162.5,163.5,3428,56492
20260814,165,168.5,158,159.5,2925,47718
20260817,159,160.5,153.5,153.5,1183,18432
20260818,153,157,148.5,148.5,1265,19235
20260819,145,151.5,144,150.5,916,13583
20260820,151,153.5,148,152,1213,18271
20260821,152,164.5,151,159,3484,55670
20260824,159,164.5,157.5,157.5,2466,39606
20260825,154,155,149.5,155,1455,22120
20260826,155,155.5,152.5,155,938,14464
20260827,156,156.5,153.5,154.5,1135,17647
20260828,156,157.5,151.5,153,1136,17530
20260831,152,157,151,154,864,13327
20260901,156,156,153,153,683,10532
20260902,153,153.5,151.5,151.5,735,11187
20260903,154.5,157.5,146.5,146.5,1584,23934
20260904,150,150,145.5,149.5,720,10664
20260907,151,152,149.5,150.5,633,9539
20260908,152.5,153.5,148,148,782,11760
20260909,148,151,147.5,147.5,714,10596
20260910,147.5,147.5,143.5,144,695,10090
20260911,141,141,136.5,138.5,1314,18239
20260914,140,140,136.5,138,547,7551
20260915,136.5,137.5,135,135,511,6955
20260916,135.5,139,135.5,139,380,5222
20260917,139,140,137.5,138,452,6254
20260918,140,141.5,138.5,139.5,544,7597
20260921,140.5,141.5,138.5,138.5,490,6840
