# date,open,high,low,close,lot,wan
20250814,21.7,21.8,21.55,21.7,370,801
20250815,21.7,21.95,21.6,21.6,298,646
20250818,21.8,21.95,21.65,21.65,371,809
20250819,21.9,22.55,21.8,22,1364,3031
20250820,22.15,23.35,21.6,22.35,3097,7007
20250821,22.7,22.95,22.25,22.25,1238,2793
20250822,22.45,22.65,21.8,21.9,691,1533
20250825,22.15,22.25,21.7,21.7,515,1128
20250826,22,22,21.5,21.5,464,1004
20250827,21.65,21.9,21.5,21.75,521,1133
20250828,21.4,21.8,21.4,21.65,458,989
20250829,21.65,21.7,21.25,21.25,339,727
20250901,21.15,21.3,20.2,20.4,680,1404
20250902,20.55,20.55,19.8,20,499,1004
20250903,20.35,20.35,19.9,20,259,520
20250904,20.2,20.35,20.1,20.1,297,599
20250905,20.5,20.5,20.15,20.3,283,574
20250908,20.4,20.65,20.4,20.45,284,582
20250909,20.65,20.7,20.05,20.1,288,583
20250910,19.9,20.85,19.75,19.9,913,1843
20250911,20.15,20.15,19.05,19.05,860,1684
20250912,19.4,19.4,19,19.1,406,779
20250915,19.05,19.05,18.65,18.85,408,767
20250916,19,19.2,18.85,19.15,307,585
20250917,19.1,19.3,18.95,18.95,182,347
20250918,19.1,19.4,19,19.15,299,573
20250919,19.4,19.45,19.1,19.25,224,432
20250922,19.55,19.9,19.3,19.3,330,645
20250923,19.7,19.9,19.45,19.5,383,751
20250924,19.8,20.2,19.35,19.95,531,1053
20250925,20.1,20.2,19.9,19.9,347,696
20250926,20.05,20.5,19.6,19.6,710,1424
20250930,19.55,19.7,19.25,19.7,234,456
20251001,19.9,20.1,19.7,19.75,236,469
20251002,19.7,19.9,19.5,19.5,221,434
20251003,19.6,19.6,19.2,19.2,289,560
20251007,19.1,19.3,19.05,19.2,246,471
20251008,19.4,20.2,19.25,19.45,443,871
20251009,19.6,19.7,19.4,19.45,128,250
20251013,19,19.1,18.55,19,349,660
20251014,19.1,19.15,18.3,18.45,441,826
20251015,18.45,18.5,18.15,18.2,277,508
20251016,18.5,18.7,18.35,18.6,220,407
20251017,18.6,18.6,18.25,18.4,181,333
20251020,18.6,18.65,18.25,18.5,186,343
20251021,18.6,19.05,18.5,18.95,278,524
20251022,18.95,19.1,18.85,19,156,296
20251023,19.05,19.25,18.7,18.7,237,447
20251027,18.95,19,18.5,18.55,230,429
20251028,18.8,18.95,18.45,18.5,158,295
20251029,18.8,18.8,18.45,18.45,315,584
20251030,18.6,18.6,17.85,17.95,437,792
20251031,17.8,17.95,17.8,17.85,212,379
20251103,17.85,18.05,17.7,17.7,219,391
20251104,17.85,17.9,17.35,17.4,337,591
20251105,17.15,17.3,16.7,17.25,320,547
20251106,17.35,17.65,17.3,17.5,208,363
20251107,17.45,17.45,17.1,17.2,147,254
20251110,17.3,17.35,16.75,17.05,383,648
20251111,17.2,17.2,16.9,17.1,230,394
20251112,17.2,17.6,17.2,17.55,302,527
20251113,17.7,17.7,17.45,17.7,179,315
20251114,17.5,17.65,17.4,17.4,165,288
20251117,17.55,17.55,16.85,16.9,279,478
20251118,16.7,16.9,16.4,16.5,258,429
20251119,16.4,16.4,16,16,276,447
20251120,16.2,16.3,16,16.15,186,301
20251121,15.75,16.3,15.7,15.95,297,475
20251124,16.3,16.65,16.2,16.6,336,553
20251125,16.85,17.6,16.85,17.15,415,714
20251126,17.35,17.5,17.2,17.25,237,411
20251127,17.4,17.5,17.15,17.15,191,331
20251128,17.3,17.35,17.1,17.15,182,314
20251201,17.3,17.7,17.15,17.25,220,383
20251202,17.2,17.5,17.2,17.3,132,229
20251203,17.45,17.45,17.2,17.3,143,248
20251204,17.6,17.7,17.45,17.6,264,465
20251205,17.6,17.65,17.2,17.2,164,285
20251208,17.2,17.2,16.95,17,140,239
20251209,17,17.1,16.85,17,141,239
20251210,17.05,17.55,16.95,17,282,486
20251211,16.8,16.95,16.4,16.45,369,612
20251212,16.3,16.55,16.3,16.5,125,205
20251215,16.45,16.7,16.2,16.5,154,254
20251216,16.6,16.6,16.25,16.55,173,285
20251217,16.55,17.3,16.55,16.6,374,631
20251218,16.5,16.5,16.35,16.45,99,163
20251219,16.6,16.6,16.3,16.45,106,175
20251222,16.4,16.65,16.4,16.5,103,170
20251223,16.65,16.65,16.45,16.6,116,192
20251224,16.65,16.65,16.4,16.6,106,176
20251226,16.45,16.55,16.35,16.45,110,181
20251229,16.45,16.5,16.35,16.35,113,186
20251230,16.4,16.4,16.05,16.3,162,263
20251231,16.25,16.3,16.05,16.15,153,247
20260102,16.3,16.3,16.15,16.25,187,304
20260105,16.3,16.4,15.65,15.65,461,733
20260106,15.8,15.95,15.7,15.8,172,272
20260107,15.7,16.2,15.7,16.15,227,360
20260108,16.15,16.15,15.85,16,167,267
20260109,15.9,16.1,15.75,15.8,148,235
20260112,16,16.45,15.9,16.25,301,490
20260113,16.4,16.5,15.9,15.9,306,492
20260114,16.1,16.45,16,16.4,380,619
20260115,16.45,16.45,16.25,16.35,121,198
20260116,16.35,16.45,16.2,16.2,149,243
20260119,16.45,16.85,16.35,16.5,416,692
20260120,16.5,16.75,16.5,16.65,142,236
20260121,16.55,16.6,16.3,16.4,203,334
20260122,16.4,16.45,16.25,16.4,277,454
20260123,16.55,16.7,16.3,16.35,255,419
20260126,16.3,16.4,16.25,16.25,175,286
20260127,16.45,17.1,16.45,16.5,597,1000
20260128,16.5,16.5,16.35,16.4,195,320
20260129,16.4,16.4,16.05,16.05,229,371
20260130,16,16.15,15.8,15.85,222,353
20260202,15.7,15.7,15.15,15.3,245,375
20260203,15.3,15.4,14.95,15,256,387
20260204,15,15.1,14.75,14.9,300,447
20260205,15,15.3,14.85,14.9,236,355
20260206,14.9,14.9,14.4,14.65,256,375
20260209,14.9,15.1,14.35,14.5,299,438
20260210,14.6,14.8,14.55,14.65,168,246
20260211,14.75,14.75,14.4,14.5,207,302
20260223,14.5,14.55,14.1,14.45,258,371
20260224,14.55,14.65,14.35,14.5,192,278
20260225,14.55,14.7,14.35,14.4,184,267
20260226,14.6,15.3,14.6,15.05,582,876
20260302,14.85,14.85,14.55,14.7,272,400
20260303,14.7,14.7,14.2,14.35,242,349
20260304,14.2,14.2,13.75,13.75,308,429
20260305,13.9,14.1,13.9,13.9,181,253
20260306,13.9,14.35,13.9,14.25,162,229
20260309,14.15,14.15,13.7,13.8,186,258
20260310,13.9,14.1,13.8,14,128,178
20260311,13.85,14.2,13.85,14,164,230
20260312,14,14.6,14,14.4,325,466
20260313,14.35,15.2,14.3,14.8,451,665
20260316,14.7,14.9,14.6,14.7,193,283
20260317,14.6,15,14.6,14.7,280,413
20260318,14.7,14.9,14.6,14.6,237,349
20260319,14.55,14.85,14.4,14.4,259,378
20260320,14.45,14.65,14.2,14.5,198,286
20260323,14.3,14.3,14,14.1,202,285
20260324,14.15,14.2,13.9,13.95,212,297
20260325,14.15,14.3,13.95,14,145,204
20260326,13.95,14.1,13.85,13.9,130,181
20260327,13.75,13.9,13.4,13.6,226,307
20260330,13.4,13.4,13,13.15,206,271
20260331,13,13.1,12.7,12.8,210,271
20260401,13.05,13.05,12.8,12.85,169,219
20260402,13,13.1,12.8,12.85,113,146
20260407,12.85,12.85,12.65,12.65,115,147
20260408,12.7,12.95,12.7,12.85,152,195
20260409,12.85,12.85,12.7,12.85,136,174
20260410,12.85,12.9,12.7,12.7,127,162
20260413,12.65,12.8,12.6,12.75,173,219
20260414,12.85,12.95,12.75,12.75,248,317
20260415,12.95,13,12.75,12.8,158,203
20260416,12.8,13,12.75,12.9,185,238
20260417,13.05,14.15,13.05,14.15,621,864
20260420,14.65,15.15,14.6,14.65,1501,2222
20260421,14.5,14.6,14.2,14.5,375,538
20260422,14.35,14.5,14.25,14.3,259,372
20260423,14.3,14.3,13.7,13.85,466,652
20260424,13.85,13.9,13.5,13.5,223,304
20260427,13.5,13.5,13,13.1,177,233
20260428,13.15,13.2,13,13.1,148,194
20260429,13.15,13.25,13.15,13.2,125,165
20260430,13.2,13.2,13,13,137,179
20260504,13,13.2,12.95,13.05,162,211
20260505,13.05,13.2,12.95,13.2,148,193
20260506,13.2,13.2,12.95,13,249,325
20260507,13.05,13.1,12.95,13.1,177,230
20260508,13.1,13.1,12.9,13.05,175,228
20260511,13.05,13.15,12.95,13.05,237,309
20260512,13.05,13.05,12.8,12.9,190,245
20260513,12.9,12.9,12.6,12.6,231,293
20260514,12.65,12.65,12.55,12.6,92,116
20260515,12.6,12.65,12,12.1,239,297
20260518,12,12,11.65,12,167,198
20260519,12,12,11.65,11.65,163,193
20260520,11.7,11.95,11.55,11.65,262,307
20260521,11.75,12.1,11.75,12.1,164,197
20260522,12.05,12.2,11.85,11.9,247,294
20260525,12,12,11.7,11.75,195,230
20260526,11.8,11.8,11.55,11.65,252,294
20260527,11.75,11.75,11.35,11.35,294,338
20260528,11.45,12.45,11.45,12.45,1108,1363
20260529,12.45,12.7,12.1,12.2,794,980
20260601,12.3,13.1,12.3,12.8,591,759
20260602,13,13.8,12.95,13.65,824,1104
20260603,13.75,13.85,13.15,13.45,539,725
20260604,13.45,14.75,13.3,14.75,960,1400
20260605,16,16.2,15.1,15.75,5387,8611
20260608,14.85,17.3,14.5,17.3,5484,9163
20260609,17.15,18.05,16.25,16.35,4761,8026
20260610,16,16.95,15.35,15.35,1581,2563
20260611,15,15.85,14.65,15.1,1213,1827
20260612,15.6,15.6,15,15,509,773
20260615,15.1,15.3,14.7,14.75,452,676
20260616,14.85,14.9,14.5,14.5,413,603
20260617,14.5,15.95,14.5,15.95,806,1265
20260618,16.65,17.2,15.8,15.8,1610,2645
20260622,16,16,15.25,15.45,573,889
20260623,15.5,15.5,14.7,14.85,351,529
20260624,15,15.45,14.9,15.25,398,606
20260625,15.5,15.5,14.85,14.9,309,466
20260626,14.95,15.1,14.45,14.5,435,639
20260629,14.8,14.8,14.35,14.4,243,354
20260630,14.7,14.8,14.4,14.65,235,342
20260701,15,15,14.4,14.4,264,387
20260702,14.4,15.8,14.4,15.8,1122,1755
20260703,15.85,15.85,15.05,15.35,1091,1677
20260706,15.25,15.45,15.1,15.2,386,590
20260707,15.3,16,14.65,14.65,760,1157
20260708,14.9,15.05,14.45,14.5,290,427
20260709,14.75,14.8,14.25,14.4,292,423
20260713,14.6,14.75,14,14,307,438
20260714,14.15,14.2,13.5,13.65,476,661
20260715,13.9,13.95,13.55,13.8,210,290
20260716,13.75,13.85,13.6,13.85,161,221
20260717,13.65,13.7,13,13,275,365
20260720,13,13,12.6,12.9,151,194
20260721,13,13.2,12.9,13.05,140,183
20260722,13.15,13.15,13,13.1,162,212
20260723,13,13.05,12.8,12.9,156,201
20260724,12.8,12.9,12.5,12.55,178,226
20260727,12.3,12.55,12.25,12.5,144,178
20260728,12.35,13,12.05,12.1,442,548
20260729,12.25,12.25,11.2,11.4,566,660
20260730,11.4,11.8,11.3,11.35,287,328
20260731,11.8,11.9,11.55,11.65,289,338
20260803,11.55,11.9,11.45,11.75,188,219
20260804,11.8,11.95,11.7,11.9,116,137
20260805,12,12.95,12,12.5,652,814
20260806,12.45,12.55,12.15,12.4,226,280
20260807,12.65,12.7,12.2,12.25,165,205
20260810,12.35,12.45,12.15,12.35,141,174
20260811,12.25,12.5,12.15,12.3,144,177
20260812,12.5,12.5,12.2,12.35,76,94
20260813,12.45,12.45,12.2,12.2,113,140
20260814,12.3,12.55,12.25,12.3,169,209
20260817,12.1,12.2,11.9,11.95,369,444
20260818,11.95,12.1,11.85,11.9,134,160
20260819,11.75,11.9,11.75,11.8,142,167
20260820,11.9,12,11.9,11.9,90,107
20260821,11.8,12,11.8,11.9,101,120
20260824,12.15,12.3,12,12,138,167
20260825,11.85,12,11.8,11.95,82,97
20260826,11.8,12.15,11.8,12.05,148,177
20260827,12.05,12.2,12,12,122,148
20260828,12,12.15,11.9,11.9,111,133
20260831,11.8,12.25,11.8,11.95,93,111
20260901,12.05,12.05,12,12,76,92
20260902,11.95,12,11.9,12,103,123
20260903,12,12,11.85,11.85,69,82
20260904,11.85,11.85,11.75,11.8,90,106
20260907,12,12,11.75,11.75,67,80
20260908,11.85,11.9,11.75,11.8,64,76
20260909,11.85,11.85,11.7,11.7,84,99
20260910,11.75,11.75,11.7,11.7,58,68
20260911,11.6,12.4,11.6,11.75,340,408
20260914,12.15,12.9,12.05,12.9,1026,1311
20260915,12.8,14.15,12.75,14.15,1991,2720
20260916,14.35,14.85,13.6,13.95,4216,5911
20260917,13.6,14.05,13.55,14,1033,1423
20260918,13.9,15.4,13.9,15.4,4907,7345
