# date,open,high,low,close,lot,wan
20250814,133.5,139,133.5,137,336,4598
20250815,139.5,139.5,134.5,135.5,273,3704
20250818,136,138,134.5,136.5,282,3858
20250819,137,138,133,133.5,176,2371
20250820,135.5,138,132,133.5,406,5480
20250821,136.5,139,135,137,319,4393
20250822,137,137.5,134,134.5,214,2897
20250825,136.5,136.5,133.5,134,221,2974
20250826,134,134.5,132,133,143,1909
20250827,133.5,136,133.5,135.5,210,2838
20250828,135.5,137.5,135.5,136.5,146,1997
20250829,137.5,137.5,134,135,153,2069
20250901,135,135,130,130,226,2973
20250902,132.5,134,130.5,131,155,2044
20250903,131,132.5,131,132,61,804
20250904,126,128,124.5,126,563,7101
20250905,126.5,126.5,124,124.5,239,2983
20250908,125,126,124,124.5,106,1323
20250909,125,126,123,124,160,1984
20250910,125,125,123,124,136,1683
20250911,124,124,120.5,121,289,3528
20250912,122,124.5,121.5,124,143,1760
20250915,123.5,125,122.5,123,163,2015
20250916,124,125,123,125,101,1256
20250917,125,131,125,128.5,505,6518
20250918,128,129.5,127.5,128,74,950
20250919,129.5,130,128,128.5,122,1573
20250922,128.5,130,128.5,129,109,1408
20250923,129,129,127,128,113,1450
20250924,128.5,128.5,126.5,126.5,62,788
20250925,127,128,125.5,126,98,1237
20250926,125,125,122,122.5,130,1599
20250930,123.5,126,122.5,124.5,71,882
20251001,125,125,122.5,123,85,1049
20251002,124,126,123,123,88,1090
20251003,124,124,123,123.5,77,951
20251007,131.5,135,130.5,134.5,585,7747
20251008,132.5,134,131.5,132.5,155,2055
20251009,132.5,134,131.5,132.5,184,2444
20251013,128,130.5,127.5,130,110,1425
20251014,133,134.5,129,129,167,2198
20251015,129,129.5,128.5,129,114,1469
20251016,129.5,132,129,130,145,1891
20251017,131,131,128,128.5,133,1714
20251020,129,131,128,130.5,217,2814
20251021,130.5,138,130.5,137,356,4790
20251022,137,139,134.5,135.5,253,3448
20251023,135,136.5,134,135.5,113,1530
20251027,137,138,135.5,137,280,3832
20251028,138.5,138.5,134.5,134.5,136,1844
20251029,135,138.5,135,137.5,179,2440
20251030,138.5,142.5,137.5,141.5,542,7594
20251031,141,141,135,135.5,626,8558
20251103,136,136.5,133.5,134,247,3321
20251104,134.5,141,133,139.5,411,5602
20251105,136.5,136.5,132,136,352,4744
20251106,132.5,136,130.5,136,713,9487
20251107,134.5,135,132,132,193,2568
20251110,132,135,127.5,134.5,382,5002
20251111,135,136,131,131.5,149,1990
20251112,131.5,134.5,131.5,132.5,140,1865
20251113,134.5,136,131.5,131.5,137,1822
20251114,129.5,131.5,129,129,122,1586
20251117,128.5,129,126,126,187,2380
20251118,126,126,122.5,122.5,140,1732
20251119,121.5,123,120,120.5,141,1712
20251120,123,125,122.5,122.5,83,1024
20251121,120.5,122.5,119,120,129,1556
20251124,120,122.5,120,120.5,64,773
20251125,122.5,122.5,121,121.5,68,827
20251126,122,124,122,122.5,79,971
20251127,123,123,121.5,122.5,56,685
20251128,122.5,123.5,121,123,107,1308
20251201,123.5,123.5,121,121.5,77,940
20251202,122,123,122,122.5,64,784
20251203,122.5,124.5,122.5,123,103,1271
20251204,120,120,116,117.5,607,7113
20251205,117.5,119,117,118.5,89,1049
20251208,118.5,118.5,117,117.5,78,916
20251209,117.5,117.5,115.5,115.5,154,1788
20251210,115.5,116.5,113.5,114,152,1743
20251211,114,115,112.5,114.5,141,1607
20251212,114,115,113,113,141,1600
20251215,112,114,112,113,141,1595
20251216,114,114,111.5,112,113,1267
20251217,112.5,114,112,112.5,89,1008
20251218,112.5,112.5,110.5,111,151,1683
20251219,112.5,116,111.5,115.5,272,3091
20251222,116,116,113,114,314,3580
20251223,115,115,113,113.5,90,1022
20251224,113,113.5,112.5,112.5,63,710
20251226,113,113,112,112.5,70,789
20251229,113,114,111.5,111.5,113,1272
20251230,112,112,111.5,111.5,41,458
20251231,112,112.5,111.5,112,74,829
20260102,112,114,112,113,171,1938
20260105,113,113.5,108.5,109.5,305,3364
20260106,109.5,112.5,109.5,112,140,1557
20260107,115,117,114,115,264,3044
20260108,114.5,117,114,116.5,183,2109
20260109,117,117,114.5,116.5,151,1750
20260112,118.5,121.5,118,119.5,309,3690
20260113,121,121,116.5,117.5,216,2552
20260114,119,121.5,119,119.5,186,2231
20260115,119.5,120,118,119,114,1358
20260116,118.5,119.5,118,118.5,89,1056
20260119,119,121.5,119,119.5,129,1550
20260120,131,131,123.5,124.5,471,5956
20260121,124,126.5,124,125,204,2551
20260122,126,127,124,124,180,2259
20260123,124.5,125,123,124.5,93,1154
20260126,124.5,125.5,123.5,124.5,116,1445
20260127,125,125.5,123.5,125,98,1220
20260128,125.5,126.5,124.5,125,105,1317
20260129,125,125.5,122,122.5,131,1611
20260130,121,121.5,119,120.5,139,1674
20260202,117.5,118.5,116.5,117,92,1077
20260203,118.5,119.5,117.5,118.5,61,722
20260204,118.5,121.5,118.5,121,81,976
20260205,125,125,122.5,122.5,154,1905
20260206,121,121,117.5,119,153,1818
20260209,121,121,119,120.5,62,745
20260210,120.5,122,120.5,122,38,462
20260211,121,124,121,123,144,1771
20260223,126,127,124,125,253,3178
20260224,125,128.5,125,127,252,3209
20260225,128,129,125.5,127,108,1372
20260226,127,129,127,128.5,141,1802
20260302,130,133.5,129.5,131.5,420,5526
20260303,133,133.5,129.5,131,254,3335
20260304,130,130,124,127,255,3233
20260305,127.5,130.5,127,128.5,191,2457
20260306,128,130.5,128,129.5,110,1426
20260309,126.5,127,123,126,192,2393
20260310,128.5,130,127,128.5,148,1904
20260311,130,133.5,130,131,199,2628
20260312,131,131.5,129,130,79,1028
20260313,129,131,129,130.5,77,1001
20260316,130.5,130.5,127.5,129,121,1556
20260317,128.5,130.5,128.5,130,110,1425
20260318,131,131.5,130.5,130.5,138,1806
20260319,129.5,130,129,129,82,1060
20260320,130.5,130.5,127,128.5,86,1106
20260323,127,129,125.5,127,88,1119
20260324,128,128.5,125.5,127,99,1256
20260325,129.5,132,128.5,132,135,1761
20260326,134,134,130,130,72,940
20260327,129,130,128,129.5,65,838
20260330,127.5,129,127,127.5,52,663
20260331,127.5,127.5,124.5,124.5,145,1828
20260401,126,127.5,126,126.5,33,419
20260402,126.5,127.5,126,126,53,670
20260407,128,129.5,127.5,128.5,59,759
20260408,135.5,140.5,133.5,140.5,555,7544
20260409,140.5,140.5,135.5,136,245,3365
20260410,137,140.5,137,139.5,280,3895
20260413,140.5,141.5,140,140.5,236,3320
20260414,142,142,139.5,141.5,185,2604
20260415,142,142.5,139.5,140,250,3520
20260416,141.5,146.5,141,146,469,6763
20260417,146,158,146,153.5,834,12781
20260420,156.5,157,151,151.5,416,6388
20260421,154,154.5,151,153.5,288,4406
20260422,155,168.5,153.5,167.5,1299,21254
20260423,173,178.5,161.5,168,2721,46191
20260424,170.5,171,163,165.5,637,10615
20260427,164,164.5,155,158.5,667,10544
20260428,160,163.5,159,162,397,6393
20260429,162,162,157,157,446,7083
20260430,157.5,163.5,157.5,163.5,525,8492
20260504,165,165.5,160,160.5,666,10818
20260505,160,165.5,160,164,376,6162
20260506,165,165,161.5,164.5,336,5487
20260507,161.5,165,160,160,689,11167
20260508,166,170,163.5,168.5,1153,19363
20260511,169,169.5,165,168,721,12057
20260512,169.5,169.5,164.5,166.5,478,7943
20260513,164.5,165.5,161,162.5,447,7261
20260514,162,164.5,162,164,330,5385
20260515,165,166.5,160.5,161,445,7260
20260518,160,164,157,163,231,3702
20260519,175,179,175,179,1795,32022
20260520,179,179.5,171.5,172,1599,28076
20260521,176,178.5,173,177,863,15194
20260522,179,182.5,178,181,624,11255
20260525,190,190,182,186.5,629,11614
20260526,187,187,182,185.5,456,8453
20260527,187.5,188,181,186,437,8088
20260528,187,194,181,181.5,854,15957
20260529,186,186,181.5,182.5,432,7907
20260601,184.5,184.5,181,182,519,9470
20260602,184,185.5,177.5,181,920,16591
20260603,172.5,173,168.5,169,648,11057
20260604,169.5,171,164,164.5,455,7577
20260605,164.5,165,161,164.5,280,4578
20260608,154,155.5,150,154,419,6396
20260609,155.5,160,155.5,160,268,4237
20260610,160,162,151,152,442,6905
20260611,152,154.5,150,154.5,251,3823
20260612,157.5,162,157.5,159,253,4043
20260615,160,164,160,163,252,4104
20260616,166,166,157,159.5,299,4784
20260617,159.5,162,157,162,182,2895
20260618,164.5,167,162.5,166,317,5239
20260622,168,176,168,176,602,10412
20260623,176,178.5,173.5,176.5,485,8535
20260624,174,180,173.5,179.5,313,5528
20260625,180.5,180.5,173.5,175,265,4658
20260626,175,176,168,169,343,5901
20260629,171,172.5,164,168,284,4786
20260630,170,170,167,168.5,156,2627
20260701,167.5,172,165,165.5,209,3516
20260702,165.5,168.5,161.5,168,216,3574
20260703,169.5,170.5,167.5,169,154,2597
20260706,169,172,167,168.5,154,2610
20260707,170,170,162,162.5,222,3676
20260708,161,162.5,158.5,161.5,222,3552
20260709,160.5,162,159.5,161,229,3686
20260713,161,161,154.5,157,367,5773
20260714,156.5,157,149.5,155,301,4584
20260715,155,157.5,155,156.5,204,3193
20260716,156.5,156.5,152.5,152.5,135,2075
20260717,150,150,144,144.5,330,4827
20260720,149.5,149.5,140,144,242,3454
20260721,144,149,144,148.5,144,2104
20260722,152,152,150,151,71,1075
20260723,151.5,151.5,148,150.5,78,1169
20260724,148,151.5,148,150.5,87,1304
20260727,150,150,146.5,148,107,1581
20260728,146,146,140.5,143.5,231,3285
20260729,142,142.5,133.5,137.5,442,6083
20260730,139,139,133.5,134,228,3100
20260731,141.5,146.5,140,142.5,167,2378
20260803,143,145,140.5,144.5,139,1987
20260804,145,149,144.5,148,113,1666
20260805,151,152,148.5,149.5,130,1952
20260806,147.5,147.5,142.5,145.5,180,2604
20260807,145.5,145.5,141.5,142.5,126,1814
20260810,142,144,141,144,88,1257
20260811,144,144.5,140.5,142,115,1641
20260812,142.5,143.5,142,142,71,1015
20260813,143.5,145,142,142,120,1711
20260814,142,142,137.5,137.5,245,3405
20260817,139,139.5,136.5,138.5,61,847
20260818,137.5,138,135,135,94,1281
20260819,133.5,143,133,135.5,249,3436
20260820,137.5,137.5,135,136.5,86,1173
20260821,136,137,135,135.5,76,1029
20260824,135.5,137,135,135,67,912
20260825,136,136.5,133,136.5,82,1108
20260826,136.5,139.5,136.5,138.5,105,1448
20260827,140,140,138,139,108,1500
20260828,139,140,137.5,137.5,81,1122
20260831,135.5,136.5,133.5,134.5,119,1599
20260901,134.5,138,134.5,137,85,1160
20260902,138,138,134,137.5,193,2623
20260903,138,138,135.5,136,77,1056
20260904,137,137.5,134.5,137.5,112,1532
20260907,138,138.5,137,137.5,60,826
20260908,138,138,134,134.5,105,1419
20260909,135,135.5,134,135.5,44,597
20260910,134.5,134.5,133.5,134.5,50,666
20260911,134,134,130.5,131,157,2074
20260914,130,131.5,129.5,130,66,859
20260915,130.5,130.5,129.5,130,39,507
20260916,131,131.5,130.5,131,63,818
20260917,131,133,131,132.5,69,915
20260918,133,135,133,134,62,828
20260921,134,135.5,133.5,134.5,46,617
