# date,open,high,low,close,lot,wan
20250814,1850,1885,1820,1820,1083,199721
20250815,1825,1825,1740,1740,1988,350106
20250818,1740,1780,1725,1755,755,132511
20250819,1755,1780,1720,1720,910,158137
20250820,1700,1715,1670,1670,901,151822
20250821,1700,1700,1645,1670,1209,201401
20250822,1685,1730,1675,1685,595,101033
20250825,1720,1735,1690,1690,558,95165
20250826,1690,1775,1680,1735,936,162816
20250827,1735,1735,1670,1680,1290,217996
20250828,1685,1695,1655,1665,1115,185895
20250829,1690,1700,1650,1650,661,110131
20250901,1650,1665,1570,1600,981,157632
20250902,1610,1625,1580,1595,621,99477
20250903,1610,1635,1600,1620,417,67512
20250904,1640,1655,1615,1615,437,71280
20250905,1630,1640,1610,1635,356,57892
20250908,1660,1695,1650,1670,817,136699
20250909,1675,1695,1655,1680,547,91866
20250910,1720,1720,1675,1675,656,110876
20250911,1690,1690,1640,1640,928,154522
20250912,1655,1660,1605,1610,611,99131
20250915,1610,1620,1580,1595,430,68841
20250916,1615,1670,1610,1635,802,131489
20250917,1630,1640,1600,1605,580,93741
20250918,1615,1645,1610,1620,347,56365
20250919,1545,1560,1485,1525,2057,313682
20250922,1530,1540,1500,1530,580,88040
20250923,1540,1540,1510,1525,379,57775
20250924,1525,1540,1510,1510,475,72378
20250925,1515,1530,1500,1510,423,64220
20250926,1510,1510,1440,1440,1023,149177
20250930,1445,1490,1440,1480,538,79221
20251001,1485,1510,1470,1470,435,64618
20251002,1480,1495,1460,1475,468,69129
20251003,1440,1465,1420,1435,829,119267
20251007,1495,1520,1465,1475,885,131547
20251008,1480,1500,1465,1495,476,70873
20251009,1510,1525,1455,1460,438,64716
20251013,1435,1490,1410,1475,704,101883
20251014,1500,1540,1435,1440,888,132461
20251015,1465,1470,1445,1455,382,55771
20251016,1475,1510,1470,1480,616,91812
20251017,1465,1475,1435,1440,513,74307
20251020,1460,1470,1425,1435,439,63198
20251021,1455,1540,1445,1505,1244,188279
20251022,1495,1510,1475,1475,618,92012
20251023,1470,1470,1440,1445,462,66916
20251027,1485,1490,1430,1445,560,81057
20251028,1460,1465,1435,1445,352,50934
20251029,1455,1485,1450,1450,474,69418
20251030,1460,1460,1420,1425,562,80321
20251031,1430,1455,1425,1445,355,51252
20251103,1460,1525,1440,1490,812,121373
20251104,1495,1495,1445,1445,526,77148
20251105,1415,1415,1370,1400,1083,150434
20251106,1430,1460,1425,1435,410,59099
20251107,1450,1450,1410,1410,355,50746
20251110,1445,1445,1340,1350,1132,154591
20251111,1400,1425,1290,1295,1687,225852
20251112,1345,1365,1305,1315,1117,148174
20251113,1325,1345,1310,1315,613,81066
20251114,1290,1305,1270,1270,680,87168
20251117,1295,1295,1255,1270,608,77307
20251118,1250,1255,1225,1230,544,67405
20251119,1220,1240,1195,1205,1083,131166
20251120,1255,1255,1195,1220,887,108127
20251121,1185,1195,1150,1165,763,89317
20251124,1175,1185,1155,1175,679,79196
20251125,1210,1230,1185,1230,560,67697
20251126,1240,1280,1225,1265,593,74513
20251127,1265,1290,1260,1270,597,75954
20251128,1270,1295,1260,1295,403,51749
20251201,1285,1290,1235,1235,746,93444
20251202,1240,1250,1230,1240,364,45015
20251203,1260,1260,1235,1235,360,44775
20251204,1250,1255,1230,1230,198,24542
20251205,1230,1235,1205,1225,293,35724
20251208,1225,1240,1215,1230,212,26037
20251209,1240,1265,1225,1245,605,75415
20251210,1245,1265,1240,1260,356,44761
20251211,1275,1285,1230,1230,537,67490
20251212,1240,1245,1200,1200,510,61781
20251215,1165,1205,1165,1200,358,42368
20251216,1190,1200,1160,1190,507,59930
20251217,1210,1215,1180,1180,298,35658
20251218,1180,1180,1160,1165,275,32097
20251219,1180,1200,1160,1185,587,69169
20251222,1195,1210,1180,1190,485,57745
20251223,1205,1205,1170,1170,300,35396
20251224,1180,1200,1150,1150,536,62449
20251226,1160,1165,1130,1160,543,62326
20251229,1160,1175,1150,1170,588,68584
20251230,1165,1190,1150,1175,579,67503
20251231,1185,1230,1180,1210,920,111235
20260102,1210,1210,1160,1160,966,114020
20260105,1165,1195,1150,1190,793,92667
20260106,1205,1215,1185,1190,964,115458
20260107,1195,1305,1190,1305,1779,225407
20260108,1345,1385,1275,1275,3754,501086
20260109,1315,1400,1310,1400,3848,532750
20260112,1480,1480,1380,1380,3022,427273
20260113,1380,1380,1285,1300,3959,520355
20260114,1310,1360,1275,1345,2813,368652
20260115,1330,1400,1320,1335,2588,351260
20260116,1345,1345,1300,1300,1349,177069
20260119,1300,1315,1265,1300,1051,135907
20260120,1300,1315,1285,1290,595,77204
20260121,1280,1280,1220,1220,1491,185234
20260122,1245,1250,1220,1230,907,111896
20260123,1250,1350,1250,1350,2346,308403
20260126,1350,1420,1340,1375,2753,378802
20260127,1420,1435,1360,1400,2374,332011
20260128,1405,1405,1365,1375,1173,161894
20260129,1385,1385,1325,1330,959,128848
20260130,1325,1330,1285,1290,825,106890
20260202,1260,1290,1250,1250,984,124411
20260203,1280,1325,1260,1315,945,122480
20260204,1310,1345,1290,1335,845,111634
20260205,1300,1320,1255,1255,1918,244716
20260206,1255,1260,1195,1235,1100,135631
20260209,1275,1275,1230,1230,728,90670
20260210,1270,1310,1265,1300,1189,152960
20260211,1295,1295,1270,1270,555,71032
20260223,1280,1285,1205,1205,1435,176585
20260224,1215,1275,1215,1265,1120,140083
20260225,1310,1350,1290,1315,1680,220862
20260226,1315,1350,1310,1315,1293,171403
20260302,1265,1305,1260,1285,801,103108
20260303,1290,1295,1230,1235,974,122291
20260304,1205,1210,1140,1165,1220,142468
20260305,1225,1280,1200,1280,1490,187587
20260306,1295,1360,1285,1285,3224,425074
20260309,1180,1230,1160,1220,1969,235465
20260310,1235,1265,1190,1220,1760,215525
20260311,1245,1265,1235,1260,1139,142755
20260312,1250,1250,1210,1225,1036,126977
20260313,1210,1245,1210,1225,809,99539
20260316,1230,1230,1210,1210,637,77540
20260317,1235,1240,1205,1205,802,97589
20260318,1215,1265,1205,1250,1088,135533
20260319,1225,1230,1205,1205,785,95494
20260320,1190,1220,1180,1200,1054,126108
20260323,1170,1190,1155,1160,843,98423
20260324,1190,1190,1140,1155,632,73341
20260325,1180,1190,1170,1175,471,55573
20260326,1190,1220,1180,1180,574,68875
20260327,1155,1180,1150,1165,419,48863
20260330,1140,1140,1105,1110,1088,121730
20260331,1085,1115,1060,1065,752,81255
20260401,1100,1110,1095,1095,415,45644
20260402,1100,1125,1060,1060,800,86308
20260407,1060,1065,1040,1065,1264,133346
20260408,1100,1110,1090,1110,789,86764
20260409,1115,1115,1080,1085,705,77027
20260410,1110,1130,1100,1110,872,97032
20260413,1110,1135,1095,1125,529,59175
20260414,1165,1195,1150,1190,1345,158656
20260415,1215,1215,1170,1175,894,105810
20260416,1185,1290,1180,1290,2262,287168
20260417,1315,1325,1265,1270,1748,224208
20260420,1285,1315,1260,1260,1800,231152
20260421,1270,1280,1240,1255,1373,171863
20260422,1265,1380,1260,1380,2611,348814
20260423,1440,1445,1245,1275,4957,659273
20260424,1300,1315,1265,1295,2057,265612
20260427,1325,1330,1275,1290,1270,164432
20260428,1300,1325,1265,1280,1332,171962
20260429,1280,1310,1260,1305,917,118576
20260430,1310,1400,1305,1365,3283,448730
20260504,1405,1435,1375,1390,2046,285160
20260505,1395,1410,1335,1350,1763,239680
20260506,1380,1380,1295,1340,1793,239100
20260507,1375,1395,1345,1370,1425,195762
20260508,1360,1440,1360,1410,3488,490362
20260511,1365,1435,1275,1390,3701,502082
20260512,1435,1525,1385,1525,5519,818696
20260513,1490,1545,1410,1430,6565,963302
20260514,1445,1480,1420,1465,3368,489741
20260515,1505,1520,1420,1455,3184,467283
20260518,1410,1420,1375,1390,1897,264591
20260519,1395,1405,1365,1380,1466,202252
20260520,1375,1415,1350,1385,1876,258425
20260521,1420,1455,1395,1410,2142,304682
20260522,1430,1495,1420,1480,1862,271542
20260525,1535,1550,1515,1535,2155,329862
20260526,1560,1575,1520,1545,2556,394953
20260527,1565,1575,1485,1495,2429,369144
20260528,1510,1510,1435,1440,1717,251873
20260529,1485,1485,1450,1465,1052,154383
20260601,1470,1520,1465,1520,1420,211501
20260602,1540,1660,1510,1590,4122,655951
20260603,1635,1635,1565,1575,1735,276577
20260604,1570,1610,1545,1570,1590,249578
20260605,1570,1570,1495,1525,1332,203619
20260608,1375,1420,1375,1400,1543,215181
20260609,1415,1465,1390,1440,1193,169498
20260610,1385,1410,1320,1325,2290,313586
20260611,1310,1345,1275,1330,1233,161965
20260612,1380,1395,1360,1375,939,129017
20260615,1400,1415,1380,1380,773,107494
20260616,1395,1400,1365,1380,666,92049
20260617,1370,1435,1360,1425,1071,150570
20260618,1455,1475,1425,1455,1126,163221
20260622,1470,1480,1445,1450,834,121518
20260623,1460,1470,1400,1425,893,127283
20260624,1395,1430,1385,1425,638,89663
20260625,1435,1445,1415,1435,672,96218
20260626,1420,1430,1365,1365,945,131779
20260629,1390,1500,1385,1475,2007,293815
20260630,1510,1510,1470,1470,1322,197072
20260701,1500,1535,1470,1470,1823,272866
20260702,1450,1550,1450,1520,1599,242643
20260703,1510,1585,1500,1530,1799,279193
20260706,1545,1555,1520,1520,1022,156739
20260707,1525,1550,1500,1500,1138,173271
20260708,1525,1530,1440,1525,932,138489
20260709,1525,1525,1475,1480,627,93542
20260713,1475,1510,1460,1510,997,148368
20260714,1490,1525,1445,1525,1131,168541
20260715,1535,1535,1515,1515,828,126097
20260716,1515,1515,1500,1515,422,63720
20260717,1480,1495,1395,1435,704,102459
20260720,1435,1515,1355,1470,1286,188101
20260721,1430,1445,1400,1410,642,91004
20260722,1420,1440,1415,1415,350,49920
20260723,1430,1440,1380,1405,446,62251
20260724,1385,1405,1370,1385,318,44096
20260727,1380,1390,1340,1385,358,48982
20260728,1355,1465,1350,1455,1587,225953
20260729,1460,1485,1370,1450,1509,215343
20260730,1425,1425,1305,1305,1375,187354
20260731,1375,1380,1285,1315,1564,207555
20260803,1315,1380,1295,1340,661,89182
20260804,1340,1395,1325,1360,568,77574
20260805,1390,1445,1375,1415,938,132795
20260806,1420,1435,1365,1410,983,137627
20260807,1415,1430,1395,1400,560,78941
20260810,1380,1435,1325,1400,810,112116
20260811,1425,1450,1405,1435,797,113840
20260812,1435,1445,1425,1440,554,79513
20260813,1450,1465,1430,1430,959,138661
20260814,1435,1435,1380,1380,700,98287
20260817,1380,1395,1375,1385,258,35753
20260818,1400,1400,1360,1360,326,44625
20260819,1340,1480,1340,1460,1188,170290
20260820,1460,1475,1415,1425,566,81677
20260821,1425,1425,1405,1415,241,34169
20260824,1430,1430,1400,1400,166,23373
20260825,1400,1420,1385,1415,284,39782
20260826,1430,1465,1415,1455,622,89985
20260827,1460,1485,1435,1465,444,65054
20260828,1480,1495,1440,1450,404,58891
20260831,1430,1440,1405,1425,377,53571
20260901,1420,1490,1420,1470,635,93285
20260902,1475,1485,1445,1460,646,94626
20260903,1470,1495,1430,1440,532,77649
20260904,1450,1465,1425,1430,318,45595
20260907,1450,1455,1420,1440,328,47027
20260908,1440,1445,1395,1400,469,66041
20260909,1400,1410,1385,1395,294,40982
20260910,1380,1395,1355,1360,366,49911
20260911,1340,1345,1315,1315,507,67177
20260914,1305,1395,1300,1365,381,51712
20260915,1380,1385,1345,1370,284,38693
20260916,1375,1480,1365,1475,1571,225226
20260917,1465,1505,1455,1480,889,131439
20260918,1490,1505,1480,1495,776,115742
20260921,1505,1505,1470,1475,382,56922
20260922,1490,1495,1465,1475,452,67012
