# date,open,high,low,close,lot,wan
20250814,26.55,26.55,25.4,25.9,65,168
20250815,25.7,26.1,25.5,26,49,126
20250818,26.05,26.5,25.95,26.3,145,382
20250819,26.65,26.7,26,26.35,84,221
20250820,26.15,26.15,25.15,25.4,57,146
20250821,25.4,25.4,24.05,24.8,119,294
20250822,24.5,24.9,24.5,24.7,49,120
20250825,24.95,24.95,24.5,24.7,25,62
20250826,24.2,24.6,24.2,24.4,28,68
20250827,24.4,24.5,24.2,24.5,32,78
20250828,24.6,25.7,24.6,24.95,78,197
20250829,25.2,25.35,24.7,25.3,62,155
20250901,25,25,24.45,24.75,31,77
20250902,25.1,25.1,23.95,24.25,49,118
20250903,24.25,24.35,24,24.35,23,56
20250904,24.2,24.65,24.1,24.2,26,63
20250905,24,24.25,23.8,23.95,28,67
20250908,24.05,24.1,23.8,24.1,48,115
20250909,24.1,24.9,23,24.9,130,312
20250910,24.9,24.9,24.7,24.75,34,84
20250911,24.75,24.75,24.25,24.65,14,34
20250912,24.3,24.3,23.7,23.9,79,188
20250915,24.7,24.7,23.3,23.75,37,88
20250916,23.8,25.8,23.75,24.8,95,239
20250917,25.3,25.4,24.85,24.85,13,33
20250918,24.9,25,24.6,25,7,17
20250919,24.7,24.9,24.7,24.9,24,59
20250922,24.9,25.1,24.7,24.7,6,15
20250923,24.7,24.7,24.6,24.65,17,42
20250924,25,25,25,25,1,2
20250925,25,25,25,25,3,8
20250926,24.7,24.9,24.55,24.7,30,74
20250930,24.7,25.45,24.2,25.45,28,70
20251001,25.4,25.4,24.6,25.4,47,118
20251002,24.8,25.2,24.8,25,14,35
20251003,25,25.05,24.95,25.05,5,12
20251007,24.95,25,24.75,25,10,25
20251008,24.8,24.85,24.8,24.85,4,10
20251009,25,25,24.75,24.95,11,27
20251013,24.6,24.95,24.6,24.95,11,27
20251014,25.05,25.3,24.8,25,27,68
20251015,24.6,25.1,24.55,25,10,25
20251016,25.4,25.65,25,25.2,50,127
20251017,25,25.4,25,25,28,70
20251020,25,25.2,25,25.2,29,73
20251021,25.3,25.3,25.2,25.25,21,53
20251022,25.4,25.4,25.2,25.3,11,28
20251023,25,25,25,25,5,12
20251027,25.3,25.3,24.95,24.95,19,48
20251028,25.2,25.2,24.85,24.85,11,27
20251029,25.4,25.4,24.9,24.9,15,37
20251030,24.8,24.8,24.35,24.75,9,22
20251031,24.5,25,24.4,25,17,42
20251103,25.3,25.3,25.3,25.3,1,3
20251104,24.7,24.75,24.35,24.75,3,7
20251105,24.75,24.8,24.75,24.8,3,7
20251106,24.95,25.1,24.7,24.7,20,50
20251107,24.45,25.4,24.45,25.05,96,240
20251110,25.1,25.45,25.05,25.15,11,28
20251111,25.3,25.3,25.15,25.15,3,8
20251112,24.75,25.2,24.75,25.1,9,23
20251113,25,25.15,25,25.1,20,50
20251114,25.1,25.3,24.8,24.8,14,35
20251117,24.45,25.5,24.15,25,110,275
20251118,25,25,24.7,24.7,16,40
20251119,24.3,25.3,24.2,25,24,60
20251120,25.25,27.3,24.75,26.85,181,481
20251121,26.8,27.2,25.7,26.75,158,416
20251124,27.2,27.2,26.4,26.7,53,142
20251125,26.75,26.75,26.45,26.65,13,35
20251126,26.65,26.7,26.4,26.4,17,45
20251127,26.45,26.5,26.05,26.5,14,37
20251128,26.25,29.05,26.25,27.95,542,1532
20251201,29.05,29.5,27.25,27.85,638,1783
20251202,28.4,30.1,28.05,29,1547,4523
20251203,29.3,29.6,28.35,28.45,346,999
20251204,28.45,28.5,27.45,27.65,188,524
20251205,27.4,27.45,27.2,27.4,83,226
20251208,28,29.1,27.9,28.5,246,703
20251209,28.85,28.85,28.1,28.6,79,224
20251210,28.5,28.5,27.5,27.5,82,228
20251211,27.5,27.5,27.2,27.2,66,180
20251212,27.15,27.7,27.15,27.7,32,87
20251215,27.7,27.7,27.1,27.2,51,139
20251216,27.15,27.45,27,27.35,59,160
20251217,27.2,27.5,27.1,27.3,60,164
20251218,27.2,27.3,27.1,27.3,17,46
20251219,27.1,28.2,27.1,27.25,54,148
20251222,27.3,27.35,27.15,27.35,23,63
20251223,27.25,27.25,27.2,27.2,14,38
20251224,26.95,27.2,26.85,26.95,42,113
20251226,26.4,28.5,26.4,27.45,50,137
20251229,27.5,27.5,27,27.1,36,98
20251230,26.9,27.3,26.9,26.95,12,32
20251231,26.7,27,26.7,27,36,97
20260102,27.2,28.45,27.1,28.2,164,460
20260105,29.95,31,29.55,31,1615,4978
20260106,33.2,34.1,32.7,34.1,2792,9425
20260107,35.8,37.45,34.65,35.1,2893,10387
20260108,34.85,36.55,33.55,33.65,1097,3798
20260109,33.65,37,33.65,37,3090,11301
20260112,40.4,40.7,40,40.7,1827,7417
20260113,42.35,43.45,39.4,40.95,7845,32858
20260114,40.45,43.3,40,41,2157,9013
20260115,41.2,41.9,39.5,40.25,1633,6623
20260116,41.5,41.65,38.5,38.6,1390,5507
20260119,38.6,38.6,36.85,37,1291,4801
20260120,37,39.05,36.85,38.35,1391,5348
20260121,38.15,38.45,34.85,35,1158,4210
20260122,36.2,36.4,34.8,34.95,653,2318
20260123,35.4,38.4,35.4,38.4,2410,9119
20260126,41.25,42.2,41.2,42.2,3039,12761
20260127,44.45,46.4,39.8,41,7717,33733
20260128,40.5,42.45,39.6,40,1900,7718
20260129,39.95,39.95,36.25,37,1591,5983
20260130,36.9,36.9,34.8,34.9,988,3482
20260202,34.4,36.5,34.15,34.9,859,3039
20260203,36.4,38.35,35.9,36.4,2382,8931
20260204,36.5,40,36.3,40,2838,11101
20260205,40,40,36.75,37,2061,7903
20260206,36,37,35,36,824,2957
20260209,37.4,39.6,36,38.5,1751,6658
20260210,38.8,39.6,35.5,36.05,2904,10987
20260211,37.9,38.25,36.15,37.9,1129,4197
20260223,38.9,41.6,37.75,40.2,2827,11302
20260224,40,44.2,39.5,44.2,4961,21026
20260225,47.25,48.6,44.45,48.6,7014,32687
20260226,53.4,53.4,53.3,53.4,2168,11577
20260302,54.1,58.7,54,58.7,5187,29704
20260303,60,62.3,54,54.8,3657,21277
20260304,52.1,52.1,49.35,50,1338,6747
20260305,53.7,55,51.5,55,1433,7749
20260306,54.6,56.5,51.5,56,1147,6263
20260309,51,54.7,51,54.7,601,3102
20260310,55.5,55.9,51.7,51.8,754,4047
20260311,51,53.6,48.5,53,1167,5956
20260312,51.6,54.4,51.2,51.2,572,3025
20260313,50.4,53.1,50,53.1,431,2246
20260316,54.4,58.4,53.2,58.4,1494,8502
20260317,60,64.2,54.4,55.4,6740,41132
20260318,57.3,59.5,55.4,55.4,3239,18561
20260319,56.1,60.9,56,60.9,3240,19463
20260320,65.1,66.9,61.5,62.3,9878,64467
20260323,61,68.5,60.4,68.5,6294,42271
20260324,75,75.3,67,67,16094,114693
20260325,69.5,73.7,68.7,73.7,4241,30573
20260326,75.6,78.9,74,76.5,15343,117700
20260327,76,79.6,74.6,75.8,8077,61936
20260330,75,79.7,70,77.7,5760,43537
20260331,79.1,84.6,75.1,75.7,11855,94834
20260401,80,81.4,75.5,78,5348,41921
20260402,77.7,79.2,71.9,71.9,3439,25904
20260407,71.1,73,66.8,66.8,2833,19613
20260408,68.7,71.9,68.4,71.3,2406,16902
20260409,71.8,73.1,68.9,68.9,2536,17866
20260410,70.5,71.8,68.9,70.9,1348,9494
20260413,71.4,77.9,71.1,77.9,5012,37785
20260414,80,82.2,74.1,75.6,4495,34641
20260415,75.6,77.4,73.9,74.5,1671,12582
20260416,73.8,74.3,71.5,72.2,1390,10109
20260417,73.5,74.5,70.3,70.3,1565,11230
20260420,69.9,71,67.1,67.5,1428,9799
20260421,68.3,70,67.5,67.9,1149,7881
20260422,69,69.5,67.9,68,676,4630
20260423,67.8,68.7,61.2,61.3,1751,11012
20260424,61.4,61.5,55.9,57.7,1195,6975
20260427,58.8,59.6,55.2,58.7,934,5402
20260428,60.2,60.2,57.7,59.4,590,3490
20260429,58.4,58.7,56.7,56.9,408,2349
20260430,57.9,62.5,57.5,62.5,1081,6608
20260504,67,68.7,62.7,68.7,2513,16704
20260505,66.9,70.9,66.8,69,3475,23940
20260506,69.5,69.5,63.8,65,1401,9260
20260507,65.1,66.6,63.7,64,655,4218
20260508,67.7,70.4,67.5,70.4,6026,42134
20260511,75,77.4,71.2,71.5,9026,66967
20260512,69.2,73.1,69.2,70.7,1904,13486
20260513,70.8,70.8,67.5,68.2,869,5976
20260514,67.9,70.3,67.8,67.8,835,5735
20260515,68.6,69.1,66,66.7,851,5686
20260518,66.7,73.3,64.6,73.3,1517,10880
20260519,74.5,77.3,73.5,76.5,6267,47476
20260520,76.8,79.2,70.4,71.7,4481,33706
20260521,72.4,78.8,72.2,78.8,3585,27554
20260522,80,80.5,76.7,76.9,4297,33623
20260525,78.5,81.3,76.4,76.4,3841,30202
20260526,77,77.5,73.9,74.7,1295,9728
20260527,75.5,75.7,72.5,73.6,1002,7401
20260528,76.2,77.6,68,71,2479,17890
20260529,72.9,73.6,71,71.8,806,5803
20260601,71.8,72.9,70.6,71.5,705,5063
20260602,72.6,72.6,67.8,68.5,1033,7151
20260603,69.2,70.8,68.3,68.5,622,4301
20260604,68.5,69,66.7,67.8,412,2785
20260605,67.8,69.9,65.6,67.8,708,4810
20260608,61.1,66.5,61.1,65.7,701,4402
20260609,66,70.6,66,68.9,545,3751
20260610,67.2,69.7,65.8,65.8,624,4227
20260611,65,69,63.6,64.2,709,4660
20260612,66,67.7,64.3,65,509,3351
20260615,65.8,69.2,65.4,67.4,800,5416
20260616,67.8,68,63.5,63.7,514,3369
20260617,64.2,66.4,64.2,64.4,247,1607
20260618,66,66,64.9,65.3,310,2024
20260622,66,66.1,63.5,64.6,503,3246
20260623,65,65.1,62,62.7,409,2580
20260624,62,62.9,60.4,60.7,477,2927
20260625,61,61.6,59,59.2,290,1741
20260626,58.6,59,55.4,55.9,455,2588
20260629,55.9,56,53.3,54,794,4323
20260630,56.4,59.4,55.4,59.4,207,1210
20260701,61.5,62.3,58.4,58.6,933,5629
20260702,58.6,61.6,58.2,60.5,362,2171
20260703,59.6,60.9,58.7,60.2,390,2329
20260706,60.8,62.1,58.9,58.9,518,3104
20260707,59.2,59.4,54.4,55,630,3540
20260708,55,56.3,54.3,55.9,303,1680
20260709,56.4,57.6,55.9,57.1,204,1156
20260713,57.2,57.3,53.5,54,250,1373
20260714,54,54.4,50.9,53.6,445,2326
20260715,54,54.3,53,53,249,1331
20260716,58.3,58.3,53.4,54.7,2263,12839
20260717,54.9,55.4,50,50.8,1152,6024
20260720,51.7,51.7,46.4,49.3,583,2846
20260721,49.35,53.9,48.3,53.9,677,3486
20260722,53.9,57,52.9,55.5,1811,9980
20260723,56.5,56.6,53.9,55.1,727,4017
20260724,55.1,55.8,53.5,53.5,442,2396
20260727,53.4,53.4,49.95,51.2,507,2605
20260728,51.4,51.4,48.5,48.9,717,3565
20260729,48.95,49.85,44.1,46.1,774,3549
20260730,44.6,46.45,41.5,42.65,359,1573
20260731,45.8,45.8,43.8,45.65,257,1160
20260803,44.2,47.8,44.2,46.65,163,763
20260804,46.65,48.8,46.65,47.95,141,677
20260805,49,50.2,48.9,49.55,213,1053
20260806,50,51.8,48.2,51,186,934
20260807,56.1,56.1,56.1,56.1,629,3529
20260810,57.2,57.7,55.2,56.2,1889,10683
20260811,56.2,57,55.2,56.6,374,2100
20260812,57.3,58,56,56.9,492,2797
20260813,57.5,58.1,55.6,55.9,450,2547
20260814,56.9,57.9,55.8,55.9,551,3136
20260817,56.8,56.8,55.2,55.3,189,1055
20260818,59.2,60.8,55.6,55.9,2227,13052
20260819,54,57.5,54,55,599,3325
20260820,56.3,58.8,55.7,57.1,786,4503
20260821,57.8,58.2,56.8,57.2,294,1685
20260824,57.2,57.2,55.5,56.1,445,2501
20260825,56.7,58.7,56.1,58.4,768,4440
20260826,58.5,61.7,58.5,60.9,1230,7404
20260827,61.7,66.9,61.7,66.4,3858,25281
20260828,67,72,66,68.5,5668,39158
20260831,67.7,71.8,66.5,69.5,2617,18240
20260901,69.6,73.2,68.7,72.4,2650,18971
20260902,71.4,73.2,70.2,70.7,1708,12170
20260903,71,72.2,68,68.7,1424,9998
20260904,70.2,71.5,66,67,1555,10584
20260907,67,69.5,65.4,68.1,857,5800
20260908,68.1,69.4,66.3,66.3,553,3733
20260909,63,63.2,60.3,61.9,1692,10452
20260910,62,62,60,60.1,659,3997
20260911,59.7,60.1,58.6,59.5,471,2785
20260914,57.2,58.8,57.2,57.5,437,2531
20260915,57.3,59.7,56.5,56.7,457,2658
20260916,57.3,58.3,57.1,58.2,212,1221
20260917,58.4,60.6,58,58.2,551,3255
20260918,58.9,59.3,58.3,58.3,240,1407
20260921,58.2,59,57.8,58.4,254,1481
20260922,59.9,59.9,58.1,58.2,188,1100
