# date,open,high,low,close,lot,wan
20250814,43,43.8,42.8,43.8,17,73
20250815,43,43.55,42.8,43.55,24,103
20250818,43.7,43.9,43.65,43.8,9,39
20250819,43.1,43.8,43.1,43.6,23,100
20250820,43,43.8,43,43.7,8,35
20250821,43.05,43.8,43.05,43.8,12,52
20250822,43.8,43.8,43.3,43.65,11,48
20250825,43,44.3,43,44,17,73
20250826,43.65,43.8,43.65,43.8,4,18
20250827,43.65,43.8,43.65,43.7,5,22
20250828,43.75,43.75,43.3,43.3,3,13
20250829,43.95,43.95,43.15,43.8,21,91
20250901,43.3,43.65,41.9,43.65,68,289
20250902,44.25,44.25,41.9,43.65,40,170
20250903,43.4,43.75,42.5,43.6,37,159
20250904,43.5,43.5,42.6,43.3,20,86
20250905,42.05,43.2,42.05,42.8,24,102
20250908,42.8,43.15,42.15,42.9,30,127
20250909,46,46,42.6,43,8,35
20250910,43,43,43,43,2,9
20250911,43,43,42.4,42.4,22,94
20250912,42.4,43.4,42.4,43.4,7,30
20250915,42.55,43.3,42.5,43.2,7,30
20250916,42,43,42,42.8,21,89
20250917,42,42.5,41.9,42.25,23,97
20250918,42.4,42.4,41.35,42.25,8,33
20250922,42.5,42.5,41.2,42.4,17,71
20250923,41.3,42.45,41.2,42.4,22,92
20250924,41.7,42.5,41.55,42.3,26,109
20250925,41.65,43.4,41.6,43.2,20,85
20250926,42,43.15,41.9,42.9,27,114
20250930,42,42,42,42,1,4
20251001,42.4,42.4,42.4,42.4,1,4
20251003,41.05,42.3,41.05,42.3,5,21
20251007,43.6,43.6,42.45,42.45,4,17
20251008,41,42.3,41,42.3,2,8
20251009,42.1,42.4,41.15,42.3,43,179
20251014,41.3,42.15,40.8,42.15,10,42
20251015,41,41.75,40.3,41.1,20,81
20251016,41,41.25,41,41.25,4,16
20251017,40,41.25,40,41.25,17,69
20251020,41.15,42.35,40.9,42.35,9,37
20251022,41,41.7,41,41.7,4,17
20251027,40.1,41.6,40.1,41.6,55,221
20251028,40.25,40.5,40.15,40.5,25,101
20251030,39.05,40.3,39.05,40.3,43,171
20251031,40.2,40.3,39.5,40.2,17,68
20251103,41.55,41.55,39.5,39.5,19,76
20251104,40.2,40.2,38.9,39.4,38,149
20251105,40,40.7,39.8,39.8,8,32
20251106,39,39,39,39,1,4
20251107,37.8,37.8,35.1,35.1,61,216
20251110,31.8,34.2,31.6,33.9,76,243
20251111,31.7,33.95,31.5,33.95,21,67
20251112,32.2,33,31.5,31.7,28,89
20251113,31.5,31.5,29.9,29.9,47,143
20251114,28.95,28.95,27.6,27.7,64,180
20251117,26.4,27.8,26.4,27.75,16,43
20251118,27.45,27.95,27.1,27.9,12,33
20251119,28.7,29.7,28.7,29.7,7,20
20251120,29.7,30.6,29.7,30.6,5,15
20251121,30.85,30.85,30.85,30.85,1,3
20251124,31.2,31.2,31.2,31.2,1,3
20251125,29.45,30.35,29,30.35,9,26
20251126,30.35,30.35,28.5,29.2,12,35
20251127,29.1,29.1,28.3,28.3,4,11
20251128,29,29.6,29,29.6,2,6
20251202,30.4,30.4,30.4,30.4,1,3
20251204,28.55,30,28.55,30,3,9
20251205,29.5,29.5,29.5,29.5,1,3
20251208,29.1,29.6,29,29.6,9,26
20251210,30.5,30.5,29.55,29.55,6,18
20251212,29.8,29.8,29.6,29.8,8,24
20251215,29.7,29.8,29.7,29.8,10,30
20251217,29,30,29,30,2,6
20251218,29.3,29.4,29.3,29.35,7,21
20251219,30.2,30.2,30.2,30.2,1,3
20251222,29.25,29.25,29.25,29.25,1,3
20251224,28.6,29.2,28,29,26,74
20251226,28.5,28.7,28.5,28.7,2,6
20251229,28,28.5,27.8,28.5,6,17
20251230,28.5,29.6,28.3,29.6,5,14
20260105,28.95,28.95,28.95,28.95,1,3
20260106,28,28,27.95,28,31,87
20260107,28,29,27.8,29,68,191
20260108,28.55,29,28.55,29,13,37
20260109,27,29,26.1,26.6,865,2268
20260112,28,28.4,27.5,27.55,41,115
20260113,28.65,28.65,27,27,22,60
20260114,27,27.5,26.5,26.55,40,107
20260115,26.55,27,26.45,26.55,14,37
20260116,26.55,26.55,26.35,26.4,26,69
20260119,26.4,26.75,23.8,25.45,323,780
20260120,24.3,25.4,24.2,25.4,46,114
20260121,25.4,26.1,25.4,25.45,267,681
20260122,25.4,26.1,25.4,25.6,17,44
20260123,25.6,26.05,25.6,26.05,2,5
20260126,26,26.05,25.8,25.8,12,31
20260127,26.4,26.4,25.8,25.8,4,10
20260128,26.05,26.05,26,26,10,26
20260129,24.15,24.9,24.15,24.9,6,15
20260130,24.7,24.75,24.15,24.15,15,37
20260202,24.35,24.6,24.35,24.5,9,22
20260203,25.9,25.9,24.55,24.55,5,13
20260204,25,25,25,25,3,8
20260205,25,25,25,25,1,2
20260206,25,25,24.5,24.55,4,10
20260209,24.75,24.75,24.7,24.7,2,5
20260210,24.95,25,24.7,24.7,8,20
20260211,24.7,24.7,23.9,24.7,37,90
20260223,24.65,27.15,24.5,27.1,33,86
20260224,27,27.4,26.65,26.7,45,122
20260225,26.8,27,26.8,27,8,22
20260226,27.4,27.4,26.5,27.25,3,8
20260302,27.25,29.95,27.25,29.85,78,226
20260303,29.7,29.7,28.9,28.9,4,12
20260304,28.5,28.5,27,27,10,28
20260305,27,27.8,27,27.8,28,76
20260306,28.85,28.85,28,28,14,40
20260309,28,28,26.7,26.7,5,13
20260310,26.8,27.4,26,27.4,49,133
20260311,27.1,27.9,27.1,27.9,2,6
20260312,27.9,27.9,27.35,27.35,5,14
20260316,27.8,27.8,27,27,7,19
20260317,27,27,27,27,3,8
20260318,27.05,27.5,27,27,11,30
20260319,26.95,26.95,26.9,26.95,4,11
20260320,27.35,27.35,26.1,26.1,15,39
20260325,26.1,26.1,26.1,26.1,1,3
20260326,27.15,27.15,26.1,26.1,11,30
20260327,26.5,26.5,26.5,26.5,12,32
20260331,25.6,26.5,25.6,26.5,3,8
20260401,26.5,26.5,25,26.05,30,77
20260402,26.8,26.85,26.7,26.85,15,40
20260407,25.5,25.65,25.5,25.65,11,28
20260408,25.6,26,25.6,26,6,16
20260409,26,26,25.1,26,16,41
20260410,26,26,25.95,26,16,42
20260413,25.15,25.2,25.15,25.2,13,33
20260414,25.2,26,25.2,26,19,49
20260415,25.5,26,25.5,26,14,36
20260416,26,26,25.5,25.5,32,83
20260417,25.2,25.2,25.2,25.2,1,3
20260420,25.4,26.1,24.9,25.4,24,61
20260421,25.4,25.4,24.8,25,17,42
20260422,24.05,25,24.05,25,20,49
20260423,25,25,24.2,24.2,11,27
20260424,23.6,24.05,23.6,23.9,12,29
20260427,23.3,23.6,23.3,23.3,8,19
20260429,22.55,23,22.55,22.65,5,11
20260430,22,22.1,22,22.1,4,9
20260504,22.1,22.15,22,22.15,12,27
20260505,22,22.1,22,22.05,11,24
20260506,22.1,22.5,22.1,22.5,6,13
20260507,24.4,24.75,24.4,24.75,48,119
20260508,25.7,27.15,25.4,26,67,175
20260511,26,26,25.9,26,39,101
20260512,25.2,25.2,25.1,25.1,10,25
20260514,25,26,24.8,26,19,47
20260515,25.5,25.5,23.45,23.8,47,111
20260519,23.8,24.55,23.8,24.55,3,7
20260521,23.05,24.4,23.05,24.4,6,14
20260522,23.9,24.3,23.9,24,8,19
20260525,24,24,22.6,23.45,31,73
20260526,22.8,23.6,22.55,23.6,30,70
20260527,23.5,23.75,22.5,23.75,19,44
20260528,23.25,24.15,23,23,34,79
20260529,23,23,23,23,2,5
20260601,23,24.7,22.95,24.7,11,25
20260602,24.55,24.55,24.55,24.55,2,5
20260603,22.8,24.55,22.8,24.55,15,35
20260604,23.8,23.9,23,23.85,13,31
20260605,23.9,23.9,23.15,23.8,17,40
20260608,23.8,26.15,23.75,26.15,95,238
20260609,26.35,27.5,25.85,26.65,103,277
20260610,28.85,28.85,24.5,25,43,110
20260611,25,25,24.4,24.4,3,7
20260612,23.65,23.65,23.65,23.65,4,9
20260615,24.05,24.05,24.05,24.05,1,2
20260616,24.9,24.9,24.9,24.9,2,5
20260618,23.5,24.3,23.5,24.3,17,40
20260622,24.25,24.3,23.5,23.5,8,19
20260623,23.5,23.5,23.3,23.3,2,5
20260624,23,23,23,23,1,2
20260625,22.45,23.75,22.45,23.75,7,16
20260626,23.7,23.75,23.7,23.7,21,50
20260630,23,23.6,23,23.6,20,46
20260701,23.6,24,23.6,24,12,29
20260702,24.8,25.1,24.45,25.05,39,97
20260703,24.3,25.35,24.3,24.5,6,15
20260706,24.5,25.95,24.5,25.95,4,10
20260707,25.95,25.95,24.5,25.05,42,105
20260708,23.8,23.8,23.8,23.8,10,24
20260709,24,24,23.8,23.8,11,26
20260713,24.2,24.3,23.4,24.1,30,72
20260714,24.1,24.95,24.1,24.95,4,10
20260715,25.25,25.25,25.25,25.25,1,3
20260716,24.9,25.25,24.9,25.25,8,20
20260717,25.1,25.1,24.1,25.05,13,32
20260720,24.9,24.9,24.8,24.9,14,35
20260721,25.9,25.9,24.15,25,10,25
20260722,24.95,25,22.5,24.65,72,167
20260723,24.5,24.5,23.65,24.3,86,208
20260724,23.1,24.45,23.1,24.45,4,9
20260727,24.5,24.5,24.5,24.5,7,17
20260728,24.5,24.5,24.4,24.4,14,34
20260729,24.4,24.4,23.4,24.4,16,39
20260730,24.3,24.3,24,24,2,5
20260731,25.6,25.6,25.6,25.6,1,3
20260803,25.5,25.5,25.5,25.5,2,5
20260804,25.5,25.5,24.5,24.5,11,28
20260805,25,25,25,25,1,2
20260806,25,25,25,25,2,5
20260807,25,25,25,25,3,8
20260810,25,25,25,25,1,2
20260811,25,25,24.9,24.9,2,5
20260812,24.05,25,24,25,8,19
20260814,25.1,25.15,24.7,25.15,11,27
20260817,25.05,25.8,24.5,25.35,8,20
20260818,24.55,25.3,24.55,25.3,3,7
20260819,25.3,25.6,25.3,25.5,11,28
20260820,25.2,25.9,25.15,25.9,15,38
20260821,25.25,25.65,25.1,25.65,7,18
20260824,24.8,25.7,24.8,24.95,15,38
20260825,24.1,24.1,24,24,5,12
20260826,24.8,24.85,24.4,24.4,6,15
20260827,24.3,24.75,24.3,24.75,2,5
20260828,24.95,25,24.95,25,5,12
20260901,24.3,24.3,24.3,24.3,1,2
20260902,24.25,24.25,24.25,24.25,1,2
20260907,23.6,23.95,23.5,23.55,6,14
20260908,23.55,23.8,23.4,23.8,12,28
20260909,23.5,24.15,23.5,24.15,2,5
20260910,24.75,24.75,24.45,24.5,15,37
20260914,25,25,25,25,10,25
20260915,25,25,25,25,9,22
20260916,24.95,25,24.5,24.75,12,30
20260917,24.85,24.95,24.8,24.95,21,52
20260918,25,25,24.8,24.8,17,42
