# date,open,high,low,close,lot,wan
20250814,22.15,22.15,21.9,22.05,6,13
20250815,22,22,21.5,21.85,16,35
20250818,21.85,21.85,21.4,21.85,18,39
20250819,21.05,21.75,21.05,21.75,12,25
20250820,21,21,20.95,20.95,7,15
20250821,20.5,20.95,20.45,20.95,26,53
20250822,20.6,20.8,20.4,20.8,9,18
20250825,20.3,21.5,20.3,21.5,13,27
20250826,21.2,21.45,20.65,21.25,11,23
20250827,21.2,21.2,21.2,21.2,1,2
20250828,21.05,21.05,20.55,20.95,16,33
20250829,21.6,21.6,21.6,21.6,1,2
20250901,22.3,22.3,20.9,21.3,6,13
20250903,21.2,21.2,20.5,21.1,21,43
20250904,22.15,23.2,22.05,23.2,68,156
20250905,25.2,25.5,25.2,25.5,115,291
20250908,28.05,28.05,28.05,28.05,72,202
20250909,28.05,28.05,25.25,25.25,129,337
20250910,24,24.7,23.55,24.45,44,105
20250911,24.65,25,23.75,24.6,25,60
20250912,24.6,25,23.65,24.65,28,68
20250915,24.05,24.9,24,24.9,17,41
20250916,24.9,25.4,24.55,24.55,29,72
20250917,24.05,24.5,23.95,24.5,7,17
20250918,25.2,25.25,24.5,24.5,18,45
20250919,23.95,25.1,23.95,25.1,34,85
20250922,24.6,25,24.1,25,16,39
20250923,24.3,24.4,23.85,23.85,39,94
20250924,23.85,24.1,23.85,24.1,2,5
20250925,23.55,24.05,23.55,24.05,6,14
20250926,23.65,24,23.6,23.95,10,24
20250930,23.25,23.9,23.15,23.9,12,28
20251001,23.35,23.85,23.3,23.75,8,19
20251002,26.1,26.1,26.1,26.1,64,167
20251003,26.6,26.7,26.15,26.4,134,355
20251007,26.4,26.4,24.15,24.9,60,148
20251008,24.5,24.5,23.7,24.15,57,137
20251009,24.85,24.85,24.15,24.25,13,32
20251013,24.25,24.6,23.5,24.6,13,31
20251014,24.6,24.6,23.9,24.6,22,53
20251015,24.55,25,24.55,25,6,15
20251016,27.3,27.3,25.3,25.7,27,72
20251017,26,26,24.85,25.7,6,15
20251020,26,26,24.5,24.6,15,37
20251021,23.75,24.85,23.75,24.85,16,39
20251022,24.5,25,24.15,25,5,12
20251023,25.5,25.5,25,25,3,8
20251027,25,25.1,24.5,25.1,10,25
20251028,25.1,25.9,25.05,25.75,10,25
20251029,25.75,26.5,25.4,26.4,11,29
20251030,25.75,25.75,25.55,25.6,8,21
20251031,25,25.6,25,25.6,5,13
20251103,25.45,25.45,25.45,25.45,1,3
20251104,25.45,25.45,24.5,25.4,18,45
20251105,25.4,25.9,25,25.9,13,33
20251107,24.9,25.65,24.9,25.65,2,5
20251110,25.6,25.6,24.25,25.55,15,37
20251111,24.75,25.45,24.6,25.25,17,42
20251112,24.4,25.1,24.4,25.1,11,27
20251113,24.5,24.9,24.5,24.85,9,22
20251114,24.05,24.85,24.05,24.85,4,10
20251117,24,24.6,24,24.6,2,5
20251118,24.55,24.55,24.05,24.35,4,10
20251119,24.3,24.35,24.3,24.35,2,5
20251120,24.05,24.3,24.05,24.3,2,5
20251121,23.45,24.25,23.2,24.2,20,48
20251124,24.95,24.95,24.95,24.95,1,2
20251125,25.15,25.15,24.3,24.3,2,5
20251126,25,25,23.95,24.65,5,12
20251127,25,25,24.2,24.7,7,17
20251128,24.95,24.95,24.85,24.85,4,10
20251202,24,24.85,23.45,24.25,5,12
20251203,23.45,24.15,23.45,24.15,7,17
20251204,23.75,24.4,23.75,24.4,2,5
20251205,26.5,26.5,24.25,24.8,19,48
20251208,25.9,25.9,25.2,25.25,5,13
20251209,25,25,24.25,25,21,52
20251210,25,25,24.4,24.9,8,20
20251211,24.35,24.35,24.1,24.35,13,31
20251212,24.1,24.35,24.1,24.35,5,12
20251215,25,25,25,25,1,2
20251216,25.2,25.2,23.55,24.15,21,50
20251217,24.05,24.05,23.7,23.7,13,31
20251218,23.5,23.6,23.25,23.6,16,38
20251219,23.8,23.8,23.8,23.8,1,2
20251222,24.55,24.55,24.3,24.3,19,46
20251223,24.85,24.85,24.55,24.55,2,5
20251224,23.7,23.7,23.4,23.5,26,61
20251226,24.1,24.1,22.65,23.2,43,98
20251229,23.2,23.95,23.2,23.2,60,141
20251230,23.95,23.95,23.7,23.7,20,48
20251231,23.7,23.7,23.6,23.7,13,31
20260102,24.4,24.4,23.3,24.15,22,52
20260105,24.95,24.95,24.05,24.05,5,12
20260106,23.8,23.8,23.8,23.8,3,7
20260107,24.25,24.25,24,24,3,7
20260108,24.65,24.65,24.65,24.65,1,2
20260109,25,26.35,24.9,25.45,31,79
20260112,25,25.2,23.95,25.2,18,44
20260113,24.5,24.5,23.9,24.4,19,46
20260114,24,24.85,23.9,24.8,30,72
20260115,24.05,24.8,24,24.8,32,79
20260116,23.95,24.35,23.8,24.35,17,41
20260119,23.8,24.45,23.8,24.45,7,17
20260120,23.8,24.15,23.8,24.15,4,10
20260121,23.35,24.1,23.35,24.1,2,5
20260126,23.1,23.65,23.05,23.65,6,14
20260127,22.9,23.6,22.9,23.6,7,16
20260128,23.75,23.95,23.75,23.95,15,36
20260129,23.85,23.95,23.85,23.95,10,24
20260130,23.25,23.25,22.5,23.2,17,39
20260202,23.4,23.4,23.15,23.15,3,7
20260203,23.85,23.85,23.85,23.85,1,2
20260204,23.05,23.6,23.05,23.6,3,7
20260205,22.75,23.2,22.75,23.2,5,11
20260206,23.15,23.15,22.35,23.1,5,11
20260209,23.7,23.7,23.7,23.7,2,5
20260210,22.9,22.95,22.55,22.75,11,25
20260211,22,22.4,21.95,22.4,16,35
20260223,22.4,22.7,22.4,22.7,9,20
20260224,22.7,22.7,22.7,22.7,34,77
20260225,22.7,23.4,22.7,23.4,18,42
20260226,22.6,23.35,22.6,23.35,6,14
20260303,23.3,23.3,23.3,23.3,2,5
20260305,22.8,22.9,22.65,22.9,16,36
20260309,22.9,23.35,22.9,23.35,10,23
20260310,23.35,23.5,23.35,23.5,20,47
20260311,23.5,24,23,24,13,31
20260312,23.1,23.1,23.1,23.1,6,14
20260313,23.1,23.1,23.1,23.1,5,12
20260316,23,23.9,23,23.05,10,23
20260317,22.6,22.6,22.5,22.5,36,81
20260318,22.5,22.5,22.45,22.5,13,29
20260319,22.5,22.55,22.5,22.5,16,36
20260320,22.5,22.5,22.5,22.5,13,29
20260324,21.8,22.55,21.8,22.55,6,13
20260325,22.5,22.5,22.5,22.5,20,45
20260326,22.8,22.8,22.55,22.7,10,23
20260327,22.7,23.4,22.7,23.4,18,41
20260330,22.55,23.25,22.5,23.25,34,77
20260401,23.15,23.55,23.15,23.55,16,37
20260402,23.55,23.55,23.05,23.45,16,37
20260407,23.45,23.45,23.45,23.45,11,26
20260408,23.45,23.5,23.45,23.5,29,68
20260409,23.5,23.6,23.5,23.5,42,99
20260410,23.5,23.5,23.5,23.5,12,28
20260414,23.5,23.5,23.5,23.5,2,5
20260415,22.9,23.65,22.8,23.65,5,12
20260416,23.2,23.4,23.2,23.4,5,12
20260417,23.25,23.25,22.9,23.2,12,28
20260420,23.2,23.2,22.7,23,16,37
20260421,23,23,22.35,22.75,30,68
20260422,22.75,22.75,22.3,22.7,27,61
20260423,22.65,22.65,22.65,22.65,1,2
20260424,22.2,22.7,22.15,22.7,6,13
20260428,22.35,22.5,21.9,22.45,37,82
20260429,22.45,22.45,22.45,22.45,1,2
20260430,21.85,22,21.5,21.9,22,48
20260504,21.9,21.95,21.3,21.95,14,30
20260505,21.95,21.95,21.6,21.6,15,33
20260506,20.95,21.2,20.8,21.2,8,17
20260507,21.15,21.75,21.15,21.75,27,58
20260508,21.75,21.75,21.75,21.75,12,26
20260511,21,21.85,21,21.85,3,6
20260512,21.85,21.95,21.85,21.95,23,50
20260513,21.15,21.9,20.95,21.9,6,13
20260514,21.15,21.3,20.95,21.25,29,61
20260515,20.75,20.75,20.7,20.7,4,8
20260518,20.7,20.7,20,20.7,21,42
20260519,21,21,21,21,1,2
20260521,20.3,21,20.2,20.2,20,41
20260522,20.2,20.2,19.4,19.4,51,100
20260525,19.95,19.95,18.75,18.75,29,55
20260526,18.8,19.5,18.25,18.95,44,82
20260527,18.95,18.95,18.6,18.6,5,9
20260528,19.1,20.45,19.1,20.45,104,210
20260529,22.45,22.45,22.45,22.45,82,184
20260601,21.2,24.65,20.75,24.65,210,483
20260602,24.7,25,23.7,24,58,141
20260603,24,24,22,22.35,36,83
20260604,22.05,22.05,21,22,29,62
20260605,22.1,24.2,22.1,24.2,46,110
20260608,26.6,26.6,26.6,26.6,64,170
20260609,29.25,29.25,29.25,29.25,63,184
20260610,32.15,32.15,32.15,32.15,498,1601
20260611,32.5,35.35,32.15,35.35,694,2340
20260612,35.35,38.05,31.85,33.1,535,1851
20260615,33.1,33.1,30,32.35,131,406
20260616,30.8,33.2,29.95,30.65,154,474
20260617,30.3,32.8,29.95,31.5,82,260
20260618,33.1,33.1,30.8,32.35,108,349
20260622,33.45,33.45,32,32,67,220
20260623,29.75,31.95,29.75,30,52,157
20260624,31.45,32,31,31,43,135
20260625,31,31,30.1,30.3,31,94
20260626,30.2,30.25,30,30.25,49,147
20260629,30.1,30.5,27.3,27.3,42,123
20260630,27.25,28.5,26,26.7,156,423
20260701,26.5,29.35,26.4,29.35,107,304
20260702,29,29.2,27.4,27.9,114,323
20260703,27.9,28.8,27.5,28,48,134
20260706,30,30,27.1,27.5,27,76
20260707,27.5,27.5,26.1,26.25,32,86
20260708,26.25,26.25,23.95,25.5,49,120
20260709,25.5,25.5,24,24.05,38,94
20260713,23.7,23.7,21.7,21.75,61,137
20260714,21.55,21.55,19.65,20.7,82,165
20260715,20.7,20.9,19.9,20.2,53,108
20260716,20.2,21,20.1,20.4,18,37
20260717,20.3,20.3,19.55,19.55,20,40
20260720,19.35,19.45,19,19,18,35
20260721,19,20.9,19,20.9,32,64
20260722,22.95,22.95,22.95,22.95,26,60
20260723,25.2,25.2,25.2,25.2,48,121
20260724,27.7,27.7,27,27.7,211,582
20260727,27.7,28.45,24.95,25.3,75,192
20260728,25.25,25.25,22.8,22.9,59,135
20260729,23.15,23.2,20.65,20.65,84,176
20260730,20.65,21.8,19.8,21.75,33,69
20260731,23.9,23.9,22.3,23.45,34,79
20260803,23.45,23.45,22.3,22.35,31,70
20260804,22.3,22.8,21.8,22,38,84
20260805,21.35,24.15,21.35,24.15,64,147
20260806,24.15,24.3,22.2,22.8,31,72
20260807,23.25,23.7,22.45,22.45,29,67
20260810,22.65,23.6,22.5,22.7,13,30
20260811,21.85,22.5,21.85,22.05,10,22
20260812,22.6,23.2,22.6,22.6,21,48
20260813,21.8,23.7,21.8,23.7,50,114
20260814,24,24,22,22.15,27,61
20260817,21.8,22.15,21,21.9,20,43
20260818,22,22,20.5,21,36,75
20260819,21,21.8,20.55,21.45,17,36
20260820,21.2,21.9,20.75,21.9,12,26
20260821,21.2,22.3,20.5,22.3,22,47
20260824,21.55,21.85,21.55,21.85,8,17
20260825,20.8,21,20.7,20.9,6,13
20260826,20.9,22.95,20.9,22.95,33,74
20260827,22.9,23.1,21.5,22.9,20,45
20260828,22.9,23,22,22.3,14,31
20260831,22.4,22.45,22.4,22.4,9,20
20260901,21.9,21.9,21.9,21.9,2,4
20260902,22.25,22.25,22,22,7,15
20260903,22,22,21.7,21.7,19,42
20260904,22,22,21.9,21.9,3,7
20260907,21.5,21.8,21.4,21.8,11,24
20260908,21.8,21.8,21.8,21.8,2,4
20260909,20.6,20.6,20.6,20.6,4,8
20260910,20.05,22.65,20.05,22.65,33,73
20260911,22.65,22.75,22,22.05,23,52
20260914,22.3,22.4,20.55,20.55,22,48
20260915,21,21,21,21,7,15
20260916,22.8,22.9,21.6,21.65,8,18
20260917,21,22.6,21,22.6,3,6
20260918,21.15,22.1,21.15,22.1,3,6
20260921,21.3,21.4,21.1,21.4,6,13
20260922,21.5,21.5,21.5,21.5,1,2
