# date,open,high,low,close,lot,wan
20250814,49.55,49.7,48.6,48.6,2130,10446
20250815,48.65,49.5,47.8,49.5,1485,7259
20250818,49.6,52.6,49.2,50.5,3748,19046
20250819,50.5,51.1,49.25,49.25,1723,8601
20250820,48.8,49.75,47.45,47.45,5853,28008
20250821,47.85,49,47.85,48.9,906,4417
20250822,48.9,49.75,48.75,48.9,803,3947
20250825,49.55,49.9,49.15,49.3,600,2966
20250826,49.3,50.7,49.15,50.5,1543,7737
20250827,51,51.1,50.5,50.6,1374,6984
20250828,51.1,51.2,49.95,50.2,1305,6594
20250829,50.7,52,50.4,51.3,2510,12901
20250901,51.5,51.5,49.65,49.8,1207,6061
20250902,50.5,52.2,50,51,2505,12849
20250903,51.7,55.9,51.6,55,9219,49786
20250904,57,60.1,54,54.1,16902,95834
20250905,55.4,55.4,53.3,53.9,3262,17675
20250908,54.6,54.6,52.6,53.4,2297,12280
20250909,53.5,53.5,52.3,52.6,1895,9987
20250910,52.7,54.7,52.6,53.3,2374,12749
20250911,53.5,54.6,51.5,51.5,2422,12736
20250912,52.4,53.3,51.3,52.7,1522,8003
20250915,52.7,53.6,52.1,53.3,1216,6440
20250916,53.6,55.5,53,55,3419,18732
20250917,54.8,55.5,52.5,54.3,6115,33235
20250918,55,57.8,55,57.4,7131,40544
20250919,58.5,60.8,57.3,57.6,11963,70103
20250922,57.4,57.4,54.8,55,4478,24889
20250923,55,55.9,54,55.9,2354,12918
20250924,56.2,56.4,54.8,55.5,2175,12078
20250925,55.3,56.2,54.6,54.8,1344,7423
20250926,54.6,54.7,53.1,53.5,1668,8960
20250930,54,55,54,55,988,5405
20251001,55.4,55.8,53.5,54.1,1149,6250
20251002,54.4,54.7,52.3,52.5,2062,10904
20251003,52.9,53.2,52,52,1310,6859
20251007,52.4,53.3,52.4,52.6,835,4408
20251008,52.7,52.7,51.8,52.1,681,3547
20251009,52.6,52.6,51.6,51.6,1075,5582
20251013,47.2,51,47.2,51,1171,5809
20251014,52,54.2,51.8,52.1,3152,16672
20251015,52.2,57.3,51.9,57.3,10423,58155
20251016,59.2,60.6,56.1,56.5,28583,167138
20251017,55.6,56.2,54.7,55.3,4556,25150
20251020,55.3,60,55.3,59.5,17281,101768
20251021,64,65.4,62.1,65.4,26594,173262
20251022,60.8,64.5,60.8,62.3,47686,300079
20251023,62,65,61.4,62.9,27625,173933
20251027,63.4,63.9,61.6,62.5,13291,82876
20251028,62.5,62.5,60.1,60.4,8040,48834
20251029,60.9,61.2,56.5,56.7,11987,69575
20251030,57,57.2,55,55.6,5128,28619
20251031,55.7,56.4,54.5,55,3209,17687
20251103,54.3,55.7,53.5,54.9,3440,18789
20251104,55.4,55.4,53.2,53.7,2857,15369
20251105,53,53.6,52.2,53,3077,16281
20251106,53.6,54.6,53.2,54.6,2550,13754
20251107,53.7,54,52.1,52.4,2716,14308
20251110,52.6,53,51.5,51.8,1993,10339
20251111,52.3,53.3,52,52.7,1885,9884
20251112,52.7,53.6,52.4,52.6,1744,9227
20251113,53.5,56.2,52.8,54.9,5957,32546
20251114,53.6,57.3,53.5,55.3,6232,34751
20251117,56,57.4,54.8,55.3,6302,35316
20251118,55.3,57.7,53.8,55.7,7536,42453
20251119,56.2,56.5,52.9,53.2,4890,26672
20251120,54.5,58.5,54.5,58.3,10774,61585
20251121,56.5,60,56.4,57.6,15655,91223
20251124,58.1,60,57.2,60,11913,70158
20251125,60.8,62.9,59.2,59.9,14303,87314
20251126,60.5,61.7,59,59,8532,51544
20251127,59.5,59.8,57.9,58.7,6386,37435
20251128,58.2,59.1,56.2,58.7,7006,40320
20251201,58.7,59.7,58.1,58.2,3399,19958
20251202,58,59.1,56.8,56.9,3429,19779
20251203,57.2,58.1,57,57,1956,11232
20251204,57.5,59.1,57.3,57.4,2881,16740
20251205,57.3,58.7,56.9,57.3,2756,15879
20251208,57.4,58.1,56.5,57.5,1910,10919
20251209,57.6,58.8,57,57.9,2566,14834
20251210,58.2,59,56.7,56.7,3818,22109
20251211,57.4,57.4,55.8,56.1,1979,11133
20251212,57,57,55.1,55.1,1983,11029
20251215,54,54.4,53.5,54.2,1676,9051
20251216,53.9,54.2,52.4,53.1,1734,9246
20251217,53.3,53.8,52,52.3,2165,11412
20251218,52,53.5,51.6,52.4,1674,8800
20251219,53,53.3,51.6,51.9,1715,8961
20251222,52.5,53.3,52.3,53.3,1158,6134
20251223,53.6,53.6,52.2,52.3,1157,6086
20251224,52.4,52.8,51.7,51.8,1046,5444
20251226,51.8,52.5,51.8,52.2,951,4957
20251229,52.4,53,51.8,52.1,1089,5691
20251230,52.1,52.1,51.5,51.8,837,4329
20251231,51.9,52.5,51.6,51.6,986,5110
20260102,51.7,52.3,51.6,51.7,966,5007
20260105,52.2,52.2,50.2,50.8,2117,10746
20260106,50.8,52,50.8,51.8,1448,7469
20260107,52,54.4,52,53.5,3158,16904
20260108,53.3,54.5,52.3,54,3416,18306
20260109,53.4,55.8,52.1,54.5,4309,23180
20260112,59.9,59.9,59.9,59.9,4075,24409
20260113,61.1,65.8,59,65.8,38424,244984
20260114,67.9,70.8,64.6,65.6,48177,324333
20260115,65.4,66.3,63.8,64.8,11324,73512
20260116,64.8,66.4,63,65.7,13430,87373
20260119,66.9,69.5,66.5,68.2,19507,133119
20260120,67,70,66.2,69.6,14679,100628
20260121,69,70.4,66.5,67,14251,97034
20260122,69.2,73.7,68.2,73,26889,194491
20260123,73,73.3,65.7,66.1,22577,154486
20260126,66.1,67.5,64,66.9,7637,50336
20260127,67.1,67.9,65.8,67.3,5830,38999
20260128,67.3,70.5,67.1,67.6,9098,62443
20260129,68.1,68.6,66.1,67.5,6655,44804
20260130,67.6,67.6,63.4,63.6,5887,38031
20260202,62,62.9,59.7,60.8,5420,33151
20260203,62.2,62.6,60.2,61.8,2367,14573
20260204,61,62.9,61,62.7,1670,10363
20260205,61.5,63.3,60.6,61.7,2249,13946
20260206,61.1,61.6,59,60.7,3182,19168
20260209,62,62.4,60.2,60.2,1953,11916
20260210,60.6,61.6,59.7,60.4,1451,8771
20260211,60.4,60.6,58.5,58.8,2755,16248
20260223,59.1,61.4,58.6,60.1,3140,18922
20260224,60.1,62.6,60.1,62.4,3247,19942
20260225,62.6,62.6,61,61.5,1889,11619
20260226,62.5,63.2,61.1,62,2065,12859
20260302,60.5,62.6,59.7,61.5,2301,14077
20260303,61.5,63,59,59,2819,16971
20260304,58,58,54.2,54.5,2750,15260
20260305,56.5,57.9,55.3,57.6,1861,10545
20260306,57,60.6,56.6,60.1,2500,14656
20260309,56.1,56.3,54.2,55.2,2438,13392
20260310,56.8,57.8,55.3,56.1,2176,12284
20260311,56.3,60.1,56.3,59,4267,25244
20260312,59.1,61,58.3,60.4,5425,32489
20260313,58.9,60.2,57.3,60,4949,29103
20260316,61.6,61.6,58.4,60.2,9668,58106
20260317,61,61.9,59.7,61,4784,29096
20260318,61.8,62,60.1,60.7,3553,21593
20260319,60,61,59.4,59.4,2559,15364
20260320,60.5,60.8,57.7,58.1,2497,14645
20260323,56.3,57.1,55.2,55.9,1916,10753
20260324,57.9,60.5,56.9,59,5885,34790
20260325,60.9,62.8,59.5,62.6,8898,54729
20260326,62.8,64.4,60.1,60.2,8068,50196
20260327,59,59.7,56.5,57.7,4092,23613
20260330,56,56,54.2,54.7,3648,20022
20260331,54.4,54.7,51.8,52.2,3583,19028
20260401,54,54.3,53.1,53.3,1386,7425
20260402,54,55.7,53.3,53.3,2640,14341
20260407,53.8,58.6,53.4,58.6,7898,45184
20260408,60,60.5,57.6,57.7,9474,55379
20260409,58,58.2,56.6,56.8,2427,13869
20260410,57.8,58.5,56.4,56.4,2534,14490
20260413,57,58,56.4,57.5,2114,12140
20260414,58.4,58.4,57.5,58.1,2414,14022
20260415,58.4,59.6,57.7,58,2563,14962
20260416,59.5,61.3,59.1,59.8,10967,66161
20260417,59.9,65.7,59.9,65.7,16009,102810
20260420,66.2,66.2,61.2,62.2,18481,116107
20260421,62.4,63.5,61.1,62.6,6223,38643
20260422,62.8,63.2,61.6,62,4638,28886
20260423,63,63.3,57.9,59.1,6646,39994
20260424,60,60.2,56.3,58.2,4187,24181
20260427,62.3,62.7,58.2,59.6,10351,62159
20260428,59.8,59.9,58.6,58.8,2563,15131
20260429,58.9,64.6,58.8,64.6,17375,110636
20260430,65.7,66.3,62.6,62.8,16000,102230
20260504,63,63.8,61.8,62.3,5633,35242
20260505,62.6,65.5,62.4,64.6,8811,56789
20260506,68.9,70.9,67.2,68.5,21252,146691
20260507,69.8,73,68,71.5,20712,147150
20260508,70.8,74.9,68.9,73,23417,169794
20260511,77.4,80.3,72.3,80.3,37121,286704
20260512,81,84.8,78.8,81.1,43746,356572
20260513,79.2,80.5,74.3,76.2,21804,168041
20260514,78.5,80.3,72.3,72.7,26188,197178
20260515,73,77,71.9,72,14383,106707
20260518,71,78.5,69.5,77.9,20500,155166
20260519,82,85.6,79.3,85.6,25974,219184
20260520,85.6,89.3,78.7,86.9,66487,561835
20260521,90.6,93.5,86.6,90.4,57173,515728
20260522,89.5,92,87.1,87.1,30478,271630
20260525,91,94.8,89.7,91.6,30611,283320
20260526,95,100.5,94.7,100.5,37045,364111
20260527,108.5,110.5,98.4,104.5,67764,708614
20260528,104.5,114.5,102.5,114.5,66938,747801
20260529,125.5,125.5,113,116.5,66373,784540
20260601,115.5,115.5,105,106.5,42986,466435
20260602,105.5,107.5,100,103.5,29497,304640
20260603,110,112.5,104.5,105,30930,334697
20260604,103,111,101.5,101.5,29076,307233
20260605,100,104,97.4,101,24676,248798
20260608,90.9,90.9,90.9,90.9,3890,35360
20260609,91.4,93.8,85,92.7,27708,249950
20260610,91.7,96.3,86.8,87.3,20699,188542
20260611,89.4,92.5,86.7,91.9,19159,171469
20260612,96.2,101,95,101,24670,244384
20260615,105,106.5,98.9,101,39907,409703
20260616,102,102.5,97.5,98.3,18512,184827
20260617,97,108,97,108,42558,445209
20260618,118.5,118.5,118.5,118.5,14630,173366
20260622,130,130,130,130,4637,60281
20260623,135,143,129.5,134,116546,1601332
20260624,127,135.5,123.5,132.5,43736,567194
20260625,133,133,124.5,127,34586,442441
20260626,122.5,125,114.5,114.5,12848,151492
20260629,111,113.5,108,110,5433,59891
20260630,113,120.5,113,120.5,4771,56417
20260701,125,127,121,121.5,6646,82949
20260702,118,133.5,117.5,133.5,10934,141471
20260703,131,132.5,128,131,5970,77798
20260706,144,144,137,144,20489,292818
20260707,136.5,140,130.5,131,11067,148907
20260708,134.5,137,125.5,136,6910,91485
20260709,135.5,138,130,130.5,5344,71290
20260713,129,130.5,117.5,117.5,14600,176880
20260714,113,113,106,107,24207,261378
20260715,110,110,104,107.5,13482,144035
20260716,105.5,107,101,102,11548,119119
20260717,96.2,99.5,91.8,92.5,14187,134706
20260720,92,92,83.7,86,12154,104822
20260721,88,89.7,86.1,89.5,8974,79055
20260722,92.5,97,91.6,92.8,13691,128176
20260723,93.4,94,88,88.8,6353,57171
20260724,86.9,89.2,85,85,5015,43324
20260727,82.5,83.8,80.1,82.8,4212,34476
20260728,78.6,79.4,75,75.3,6568,50277
20260729,76.7,77.5,67.8,70.1,11461,80273
20260730,70.2,72.2,66.2,67.2,7181,49761
20260731,73.3,73.8,70.5,73.1,6278,45555
20260803,72,80.4,71.6,80.4,6205,48170
20260804,79,82.9,76.6,81.6,14646,117178
20260805,85,87.3,83.2,83.5,11789,100204
20260806,83.4,85.1,80.1,84.9,6442,53692
20260807,84.3,86,81.7,82.5,4613,38405
20260810,82.7,86,82.7,84.3,4723,39907
20260811,84.3,88.8,83.6,86,9682,83028
20260812,86.1,87.3,85.1,86.7,5999,51875
20260813,89.2,93.2,88.4,88.8,14599,132206
20260814,89.7,89.7,84.8,85.5,6579,56921
20260817,85.5,91.5,83.3,89.9,9550,84515
20260818,91.2,97.9,88.9,91.5,35435,331609
20260819,90.2,98.5,89.4,91.8,43941,412350
20260820,92.8,95.7,88.1,90.3,27915,255062
20260821,90.3,93.3,88,88.2,19146,172150
20260824,87.8,89.3,86.1,86.1,11105,97184
20260825,85.7,88.1,83.8,87.9,6428,55151
20260826,87.9,96.6,87.2,96.6,26209,247184
20260827,97,98.3,95,95.2,41549,401609
20260828,97.2,104.5,96,96.3,49158,492034
20260831,94.9,96.3,93.2,94.8,10039,94941
20260901,94.4,97.6,94.1,95.2,13265,126643
20260902,93.5,94.7,92.5,92.5,6004,56011
20260903,92.8,96.1,90.7,91.2,21301,200201
20260904,92.7,93.5,89,92.9,10310,94445
20260907,93.5,95.3,91.8,92.4,10655,99817
20260908,92.6,93,89.6,89.6,5507,50047
20260909,89.7,91.6,89.6,90,3554,32078
20260910,90,91.3,89,89.3,5352,48132
20260911,87.4,88.3,86.1,86.1,5502,47808
20260914,84.6,92,84.4,90.1,13189,118224
20260915,88.8,93.6,88.8,89.4,14639,133795
20260916,89.4,95.5,89.4,94.8,25123,235972
20260917,95.6,95.7,91.6,92.6,14436,134710
20260918,93.2,94.1,92.5,92.6,7140,66441
