# date,open,high,low,close,lot,wan
20250814,25.2,25.3,25.1,25.2,35,88
20250815,25.2,25.35,25,25.35,29,73
20250818,24.9,27,24.85,26.95,76,197
20250819,27,27,26.15,26.45,87,230
20250820,25.6,25.7,25.2,25.7,73,186
20250821,25.15,25.75,25.1,25.75,30,76
20250822,25.65,26.2,25.4,26.2,16,41
20250825,26,26.25,25.5,26.25,52,134
20250826,26.15,26.3,25.9,26.3,34,89
20250827,26.3,26.3,25.8,25.8,74,193
20250828,24.65,26,24.65,25.35,51,129
20250829,25.1,25.5,25.1,25.5,35,89
20250901,25.8,25.8,25.35,25.5,17,43
20250902,26.05,26.05,25,25.1,49,124
20250903,25.1,25.4,24.9,24.95,66,165
20250904,24.65,25.05,24.65,25.05,55,137
20250905,25,25,24.8,24.8,20,50
20250908,24.85,24.95,24.75,24.95,48,119
20250909,25.2,25.2,24.5,25.1,21,52
20250910,25.05,25.05,24.8,24.95,18,45
20250911,24.6,24.9,24.5,24.8,59,145
20250912,24.6,24.7,24.35,24.7,11,27
20250915,24.3,24.3,23.6,23.8,63,150
20250916,23.7,24.15,23.3,23.35,81,191
20250917,23.35,23.35,22.9,22.95,97,223
20250918,22.95,23.1,22.8,23.05,63,145
20250919,23.05,23.2,23,23.2,19,44
20250922,23.45,23.5,23.35,23.35,15,35
20250923,23.9,23.9,22.8,23.3,40,93
20250924,23.05,23.2,23,23.2,18,41
20250925,23.05,23.05,23,23,49,113
20250926,23,23,22.55,22.85,39,89
20250930,22.7,23.15,22.6,23.15,7,16
20251001,22.45,23.15,22.45,23.15,17,39
20251002,23.2,23.2,22.85,23.1,11,25
20251003,23.1,23.1,22.5,23,26,59
20251007,23.1,23.1,22.5,22.6,37,84
20251008,22.8,23.15,22.65,23.15,17,39
20251009,23.1,23.3,22.8,23.3,38,88
20251013,23.3,23.85,23.3,23.85,40,95
20251014,24.05,25.7,24,24.95,122,304
20251015,24.95,25.3,24.95,25.3,63,158
20251016,25.3,25.3,25,25.1,55,138
20251017,24.65,25.2,24.5,25.1,57,142
20251020,24.8,25.05,24.65,25.05,22,55
20251021,24.65,25.05,24.6,25.05,36,90
20251022,25.2,25.85,25.2,25.75,134,342
20251023,25.85,25.95,25.7,25.9,179,462
20251027,26,26.35,25.85,25.85,133,346
20251028,25.95,26,25.5,25.9,47,122
20251029,25.9,26,25.5,26,73,188
20251030,26,26,25.9,26,22,57
20251031,25.9,26.25,25.8,26.25,17,44
20251103,26.2,26.4,25.95,26.35,31,81
20251104,26.1,26.7,26,26.7,116,306
20251105,26.7,27.4,26,27.15,214,569
20251106,27.15,27.5,26.65,27.45,136,369
20251107,27.45,27.5,27,27.5,249,675
20251110,27.5,27.5,27.15,27.35,97,265
20251111,27.3,27.35,26.6,27.3,47,127
20251112,26.6,26.65,25.8,25.9,146,381
20251113,25.5,26.3,25.5,26.3,21,55
20251114,25.95,26.2,25.6,26.2,23,60
20251117,26.2,26.5,25.9,26.5,48,126
20251118,26.15,26.4,26.1,26.4,17,45
20251119,26.05,26.05,25,26,126,319
20251120,25.95,27.2,25.5,27.2,24,63
20251121,26.25,26.7,25.8,26.7,50,131
20251124,26.1,26.7,26.05,26.7,51,135
20251125,26.65,26.7,26.65,26.7,22,59
20251126,26.45,26.85,26,26.85,40,106
20251127,26.45,26.95,26.4,26.95,24,64
20251128,26.8,26.95,26.6,26.95,33,88
20251201,26.95,26.95,26.25,26.25,24,63
20251202,25.9,26.6,25.7,26.55,31,81
20251203,26.2,26.5,26.05,26.4,21,55
20251204,26.4,26.45,26.05,26.45,7,18
20251205,26.4,26.5,26.05,26.45,13,34
20251208,26.05,26.3,25.65,26.3,31,81
20251209,26.25,26.4,26.25,26.4,10,26
20251210,26,26.5,26,26.45,18,47
20251211,26.1,26.1,25.15,25.8,54,138
20251212,25.25,25.95,25.25,25.95,17,44
20251215,25.3,25.95,25.2,25.95,31,79
20251216,25.4,25.8,25.35,25.45,43,110
20251217,25.4,25.8,25.4,25.8,2,5
20251218,25.7,25.8,25.25,25.3,12,31
20251219,25.25,25.4,25.25,25.4,27,68
20251222,25.4,25.4,25.35,25.35,6,15
20251223,25.3,25.3,24.3,24.9,35,87
20251224,24.9,24.9,24.5,24.8,33,81
20251226,24.65,24.85,24.15,24.25,104,256
20251229,24.35,24.5,24.1,24.3,28,68
20251230,24.2,24.45,24.05,24.45,30,72
20251231,24.5,24.95,24.3,24.3,26,64
20260102,24.3,24.65,24.3,24.65,16,39
20260105,24.4,24.95,24.35,24.8,57,140
20260106,24.6,25.35,24.2,25.35,123,304
20260107,25.35,25.95,25.3,25.95,70,181
20260108,25.95,26.2,25.65,25.95,46,119
20260109,26,26.2,25.85,26.2,25,65
20260112,26.1,26.5,26,26.3,16,42
20260113,26.6,26.6,25.5,26.35,41,107
20260114,26.5,26.5,26,26.35,46,120
20260115,26,26.4,25.95,26.4,32,83
20260116,26.1,26.25,26,26.25,36,94
20260119,26.4,26.4,25.65,25.7,67,174
20260120,25.75,25.8,25.05,25.8,38,97
20260121,25.8,25.8,25.3,25.7,10,26
20260122,25.5,25.75,25.3,25.75,12,31
20260123,25.7,26.95,25.7,25.95,56,147
20260126,26.55,26.55,25.7,26.05,40,104
20260127,26,26.05,25.65,25.9,38,98
20260128,26,26,25.3,25.3,78,199
20260129,25.35,25.8,25.25,25.45,101,257
20260130,25,25.6,25,25.6,36,91
20260202,25.25,25.4,25,25.1,44,111
20260203,25.1,25.15,24.65,25.15,140,351
20260204,25.2,25.35,25,25.1,32,81
20260205,25.9,26.65,25.25,25.95,228,590
20260206,25.6,26.25,25.35,26.05,42,108
20260209,26.25,26.7,26.05,26.2,217,570
20260210,26.25,26.55,26,26.1,39,102
20260211,26.1,26.2,26.05,26.15,183,478
20260223,26.4,27.75,26.2,27.05,293,788
20260224,27.5,27.5,26.65,27.4,81,220
20260225,28.3,28.3,27.1,27.5,67,184
20260226,27.95,27.95,26.9,27.65,108,296
20260302,27.3,27.7,26.8,27.7,74,204
20260303,27.7,27.95,27.55,27.65,105,291
20260304,27.05,27.5,26.7,27.5,115,310
20260305,27.5,27.65,26.8,27,144,390
20260306,26.65,27.15,26.65,27.15,42,113
20260309,26.5,26.5,25.95,26.5,55,144
20260310,26.45,26.7,26.3,26.7,59,157
20260311,26.7,28.2,26.55,27.4,185,501
20260312,27.4,27.4,26.75,27.4,73,197
20260313,27.4,27.4,27.05,27.35,42,114
20260316,27.3,27.65,26.8,27.65,123,336
20260317,27.85,28.5,27.65,28.15,253,710
20260318,28.15,28.2,27.75,28.05,81,226
20260319,27.75,28.5,27.25,28.25,199,560
20260320,28.25,28.35,28,28.3,63,177
20260323,28.1,28.1,27.4,27.85,100,278
20260324,28.2,28.2,26.9,27.6,72,197
20260325,27.6,27.95,27.3,27.95,133,368
20260326,28,28,27.7,27.9,59,164
20260327,27.7,27.95,27.45,27.85,155,432
20260330,27.45,27.9,27.2,27.9,176,483
20260331,27.85,28.2,27.8,28.15,188,526
20260401,28.3,28.65,28,28.25,343,971
20260402,28.1,28.3,28.1,28.1,133,375
20260407,28.3,28.4,28,28.25,120,338
20260408,28.8,29.55,28.25,28.45,424,1224
20260409,28.45,28.6,27.85,28.6,110,310
20260410,28.8,29.1,28.55,28.8,153,440
20260413,28.9,30.7,28.75,30,419,1243
20260414,30.3,30.3,29.2,29.5,249,737
20260415,29.7,30.35,29.45,29.8,336,1000
20260416,30.3,30.75,29.8,29.8,332,1003
20260417,29.75,30.5,29.65,30,198,593
20260420,30.65,31.8,29.85,31.7,754,2331
20260421,32,32.65,31.75,32.55,790,2544
20260422,32.55,32.95,32.15,32.65,299,976
20260423,32.8,32.9,30.5,31.6,544,1721
20260424,31.4,31.9,29.95,30.95,488,1511
20260427,31.4,31.6,30.5,31,400,1243
20260428,30.75,32,30.75,31.8,295,930
20260429,31.35,31.95,31.2,31.8,301,953
20260430,31.85,33.2,31.5,33,863,2817
20260504,33.7,36.3,33.65,35.9,3684,13079
20260505,37,39.45,37,39.45,5772,22636
20260506,43.35,43.35,43.35,43.35,1410,6112
20260507,47.65,47.65,47.65,47.65,1583,7543
20260508,52.4,52.4,50.4,52.4,7811,40844
20260511,52.6,57.6,50.5,57.6,2645,14479
20260512,62.9,63.3,62.9,63.3,1018,6431
20260513,68.7,68.7,62,62,2514,16367
20260514,61.5,64,59,59.5,1355,8305
20260515,60.2,60.2,53.6,57.1,1402,7902
20260518,53.8,61.1,53.8,57.3,968,5578
20260519,57.4,62.9,55.8,62.5,834,4961
20260520,68,68,62.7,67.5,901,5936
20260521,68,72,68,71.5,718,5067
20260522,71.5,72,70,71,530,3781
20260525,71.5,75,71.5,73,632,4594
20260526,73,73,69.8,72.2,645,4611
20260527,73.1,73.1,71.1,71.1,417,3001
20260528,70,78.2,69,75.5,4470,34423
20260529,77,83,75.6,83,2301,18833
20260601,88,91,74.9,80.5,5923,48819
20260602,78.9,80,72.5,76.3,3941,29228
20260603,76.3,78.7,69.1,69.9,1998,14363
20260604,69,69,63,65.8,3621,23458
20260605,66.8,69.1,63.3,67.6,1403,9232
20260608,61.5,65.5,61.3,63.8,890,5622
20260609,65.4,70.1,64.1,70.1,897,6049
20260610,70.1,75,67.2,67.5,1506,10694
20260611,64.2,73.8,64.2,69.9,1301,9135
20260612,73,74.9,66.8,71.8,1939,13814
20260615,71.8,73.8,69.1,71.5,1810,12861
20260616,70.2,72.7,69.6,70,817,5791
20260617,69,75.4,68,73.4,1489,10836
20260618,74.4,75.1,73,73.7,871,6418
20260622,73,81,73,81,2723,21381
20260623,84.5,89.1,81.6,89.1,1803,15683
20260624,98,98,94.9,98,2766,27071
20260625,107.5,107.5,105.5,107.5,1464,15735
20260626,107.5,109,98,100,5840,60519
20260629,103.5,103.5,93,93.8,785,7742
20260630,95,99.2,95,99,563,5474
20260701,107,108,100,102,549,5716
20260702,102,103,99.2,103,339,3432
20260703,104.5,104.5,100.5,102.5,315,3223
20260706,104.5,104.5,100.5,103.5,277,2836
20260707,103.5,107.5,99,101,566,5819
20260708,99.2,99.9,95.9,95.9,625,6074
20260709,99.5,99.5,94.5,94.5,382,3668
20260713,91.3,94.5,87,87,716,6462
20260714,85,88.9,78.3,86.1,3743,30617
20260715,86,93.4,83.4,89.8,1467,12937
20260716,89.3,90.4,85.4,85.4,556,4896
20260717,85.4,85.4,77,78.1,764,6126
20260720,78.3,80.5,71.1,77.5,866,6544
20260721,79.7,81.3,77.5,78.9,500,3943
20260722,81.7,84.6,79.9,81.8,484,3989
20260723,81.8,83,80.2,81,218,1784
20260724,80.7,83.4,79.7,79.7,214,1734
20260727,79.7,81.9,77,79.8,281,2220
20260728,73.1,77.8,71.9,71.9,852,6273
20260729,71.9,71.9,64.8,64.8,456,2976
20260730,60.2,64.8,58.6,59.5,1680,10272
20260731,64.9,65.4,63.3,65.4,745,4833
20260803,65.6,66.4,63.9,64.2,503,3268
20260804,64.2,66.4,62.5,63.8,490,3131
20260805,65.2,67.1,62.6,62.6,427,2773
20260806,64.5,68.8,60.7,67.6,1181,7916
20260807,66.1,66.5,61.1,62.6,1226,7745
20260810,61.6,63.8,61.1,61.7,459,2846
20260811,61.7,61.8,59.1,61.4,466,2830
20260812,62.8,67.5,61.2,67.5,1145,7407
20260813,74.2,74.2,74.2,74.2,323,2397
20260814,80.9,81,74.3,75.4,1377,10586
20260817,75.8,77.5,73.6,75.5,479,3619
20260818,75.5,76.6,71.6,72.6,467,3460
20260819,71.2,73.1,70.3,70.7,301,2150
20260820,71.5,71.5,68,70.6,325,2279
20260821,70,70,66.9,68.7,392,2671
20260824,68,69.9,66.3,68.6,546,3708
20260825,69.9,69.9,67,69.2,236,1619
20260826,69.9,75.3,68.8,74,524,3825
20260827,69.7,72,68.3,71,1006,7015
20260828,71.2,76,71.1,73.1,338,2492
20260831,72.9,72.9,70,70.8,237,1681
20260901,74.3,74.3,69,69,319,2306
20260902,68.8,70,68,69.3,169,1163
20260903,69.7,71.9,68,69,375,2613
20260904,69.3,70.2,68.3,69.5,211,1455
20260907,74,76.4,74,76.4,756,5752
20260908,76.8,81.5,75.3,75.3,2246,17410
20260909,74.5,82.8,74.5,82.8,1659,13309
20260910,82.8,91,82.7,89.6,4380,38103
20260911,88,89.8,86.7,89.1,1127,9970
20260914,87.4,91.2,85.6,89.1,966,8541
20260915,89.4,89.4,85,85.2,724,6266
20260916,85.2,93.7,84.1,93.7,1171,10726
20260917,99,99.8,89.6,90.1,2268,21617
20260918,91,95.9,90.1,92.7,1024,9544
20260921,92.7,93.5,90.5,90.6,515,4739
20260922,91,92.4,90.1,91.3,387,3542
20260923,90.2,92.5,89.5,91.4,531,4816
20260924,91.8,92.3,88.5,88.9,369,3303
