# date,open,high,low,close,lot,wan
20250814,16.9,16.9,15.75,16.85,87,140
20250815,16,16.7,16,16.65,44,72
20250818,16.6,16.85,16.2,16.8,39,65
20250819,16.6,16.8,16.55,16.8,6,10
20250820,16.65,16.75,16.4,16.4,9,15
20250821,16.4,16.85,16.3,16.85,45,74
20250822,16.55,16.85,16.5,16.85,21,35
20250825,16.6,16.9,16.5,16.6,25,42
20250826,16.7,16.95,16.65,16.9,21,35
20250827,17,17.65,17,17.65,96,167
20250828,17.3,17.3,16.7,16.85,54,91
20250829,16.8,16.8,16.45,16.45,39,65
20250901,16.45,16.5,16.45,16.5,3,5
20250902,16.3,16.3,15.8,16.25,44,70
20250903,16.2,16.4,16.15,16.4,15,24
20250904,16.4,16.4,16.4,16.4,1,2
20250905,16.15,16.15,15.85,15.85,16,26
20250908,15.7,15.7,15.7,15.7,1,2
20250909,15.7,16.15,15.7,16.1,17,27
20250910,15.7,16.05,15.5,15.85,41,64
20250911,15.75,15.85,15.45,15.45,16,25
20250912,15.05,15.5,14.9,15.5,62,94
20250915,15.3,15.55,14.95,15.5,47,72
20250916,15.2,15.35,14.95,15.25,61,92
20250917,15.2,15.2,15,15,21,32
20250918,15,15.4,15,15.3,26,40
20250919,15.45,15.45,15.15,15.4,46,70
20250922,15.15,15.4,15.1,15.2,35,53
20250923,15.25,15.3,15,15.3,25,38
20250924,15.2,15.3,14.95,15.25,34,51
20250925,15.3,15.3,14.8,15.2,40,60
20250926,15.2,15.4,14.7,15.2,50,75
20250930,14.7,15.15,14.7,14.7,96,142
20251001,14.65,15.15,14.6,15,65,96
20251002,15,15,14.75,15,23,34
20251003,15,15.15,14.85,15.1,49,74
20251007,15.25,15.8,15.2,15.5,54,84
20251008,15.8,15.8,15,15.4,36,55
20251009,16.9,16.9,16.9,16.9,222,375
20251013,16.9,18.55,16.9,18.55,394,710
20251014,20.4,20.4,20.4,20.4,284,579
20251015,22.4,22.4,20.7,22.4,1231,2723
20251016,22.4,23,21.8,21.8,592,1318
20251017,21.6,22,20.65,22,226,480
20251020,21.6,22,21,21.05,208,443
20251021,18.95,18.95,18.95,18.95,315,597
20251022,17.1,17.1,17.1,17.1,569,973
20251023,17.2,17.45,16.7,16.8,712,1206
20251027,17,17.15,16.1,16.3,432,716
20251028,16.45,17.3,16.45,17.3,491,837
20251029,17.3,19,17.3,19,661,1223
20251030,19.5,20.5,18.75,18.75,627,1234
20251031,18,18.75,17.85,18.5,269,491
20251103,18,18.5,17.2,17.2,420,742
20251104,17.5,17.6,16.9,17.3,214,368
20251105,16.95,17.1,16.45,17,192,321
20251106,17.6,17.6,16.6,16.85,242,410
20251107,16.65,17.15,16.65,17.05,167,282
20251110,18.75,18.75,18.75,18.75,306,574
20251111,20.6,20.6,20.6,20.6,328,676
20251112,21,22.4,18.9,22,1196,2428
20251113,21.05,21.6,20.65,20.85,596,1255
20251114,20.5,20.55,19.65,19.95,299,604
20251117,19.8,20.4,19.05,19.2,215,419
20251118,18.8,19.15,18.3,18.65,145,272
20251119,18.55,20.4,18.55,19.7,259,513
20251120,19.7,20.25,19.3,19.4,154,302
20251121,19.4,19.4,18.3,18.35,180,339
20251124,18.35,18.8,18.1,18.1,73,135
20251125,18.5,18.9,18.2,18.3,93,172
20251126,18.35,20.1,18.35,19.15,236,458
20251127,19.3,19.75,19,19.5,190,370
20251128,19.6,20,19.5,20,164,325
20251201,20.1,20.1,19.35,19.35,112,219
20251202,19.95,21.25,19.55,21.25,653,1354
20251203,21.5,22.3,20.55,22.1,788,1680
20251204,22.6,22.6,21.3,21.7,307,669
20251205,21.7,22.05,21.15,21.6,369,797
20251208,22.25,23.4,21.75,23.4,700,1579
20251209,21.1,21.1,21.1,21.1,396,836
20251210,19.6,19.95,19.3,19.7,656,1282
20251211,19.4,20,18.8,19.5,555,1082
20251212,19.8,20.05,19.3,19.35,235,461
20251215,19.3,19.4,18.55,19.25,189,362
20251216,19.5,19.5,18.6,18.8,192,362
20251217,19.3,20.05,19.25,19.25,153,299
20251218,19.25,19.25,18.85,18.9,87,165
20251219,18.85,19.2,18.75,18.95,96,182
20251222,18.95,19.25,18.95,19.15,150,286
20251223,19.5,19.95,18.85,19.1,186,354
20251224,19.15,19.15,18.8,18.8,125,237
20251226,18.8,19.1,18.75,19,68,129
20251229,19,19.15,18.8,18.8,72,136
20251230,18.6,18.65,18.35,18.35,84,155
20251231,18.55,19.7,18.4,18.65,96,181
20260102,18.65,19.05,18.6,19,164,309
20260105,19.65,19.65,18.5,18.95,197,372
20260106,19.1,19.1,18.55,18.95,127,238
20260107,18.55,19.5,18.55,19.4,268,513
20260108,19.1,19.3,18.85,19,131,249
20260109,19.4,20.6,18.75,19.35,365,714
20260112,19.2,19.35,18.5,19,310,584
20260113,19,19,18.35,18.35,174,323
20260114,18.6,18.75,18.35,18.55,107,198
20260115,18.55,19.5,18.5,19.35,310,591
20260116,19.55,19.75,18.85,19.5,273,531
20260119,19.5,21.15,19.5,20.65,479,983
20260120,20.5,20.5,20,20,164,331
20260121,20,20,19.2,19.5,121,237
20260122,19.65,19.8,19.3,19.3,76,148
20260123,19.3,19.3,19.1,19.25,58,111
20260126,19.2,19.35,19,19.3,64,123
20260127,19.15,19.15,18.7,18.7,85,161
20260128,18.85,19.15,18.85,18.9,60,114
20260129,18.9,19.15,18.55,19.15,90,168
20260130,19.15,19.15,18.45,18.5,96,179
20260202,18.45,18.45,17.85,18.05,85,153
20260203,18.05,18.8,17.8,18.35,146,267
20260204,18.35,18.4,18.05,18.2,65,119
20260205,18.35,18.5,18.2,18.3,48,88
20260206,18.05,18.35,17.75,17.75,91,163
20260209,18,18,17.6,17.6,111,197
20260210,17.6,17.6,17.3,17.35,68,118
20260211,17.25,17.35,16.85,17,221,375
20260223,17,17.25,16.9,17.05,40,68
20260224,17.15,17.75,17.15,17.6,90,158
20260225,18.1,18.1,17.5,17.5,29,51
20260226,17.45,17.9,17.35,17.5,71,124
20260302,16.55,17.5,16.55,16.7,152,254
20260303,16.7,17.2,16.7,16.8,106,180
20260304,16.6,16.6,16,16,66,108
20260305,16.35,16.8,16.3,16.4,46,76
20260306,16.4,16.5,16,16.2,33,54
20260309,15.9,15.9,15.3,15.55,69,109
20260310,15.7,16.25,15.7,15.85,31,49
20260311,15.95,16.1,15.85,15.95,71,113
20260312,16.05,16.1,15.8,16.1,55,88
20260313,15.8,15.8,15.4,15.7,47,73
20260316,15.7,15.75,15.35,15.5,90,140
20260317,15.35,17.05,15.35,17.05,105,170
20260318,17.9,18.75,17.65,18.75,509,946
20260319,20.1,20.55,19.4,19.8,1062,2125
20260320,20,20,19,19.3,347,675
20260323,19.1,19.1,18.3,18.5,127,235
20260324,18.5,18.8,17.8,17.85,101,184
20260325,18.25,19.6,18.25,19.6,396,776
20260326,19.65,20.25,18.5,18.5,362,703
20260327,18.1,19,18.1,18.5,79,146
20260330,18.5,18.5,18.1,18.15,52,95
20260331,18.7,18.7,17.35,17.75,74,131
20260401,18.4,18.4,17.75,18.15,37,67
20260402,18.35,18.35,17.5,17.65,46,82
20260407,17.7,17.9,17.45,17.5,47,82
20260408,17.85,18.8,17.85,18.65,161,294
20260409,18.65,19.3,17.95,18.7,199,369
20260410,20.45,20.45,18.5,18.5,184,353
20260413,18.6,18.9,18.2,18.4,108,200
20260414,18.6,18.6,18.4,18.55,35,65
20260415,18.55,18.8,18.35,18.35,117,217
20260416,18.35,18.6,18.15,18.35,39,71
20260417,18.5,18.5,18.15,18.15,84,153
20260420,18.2,18.2,17.85,18,102,184
20260421,18.2,18.2,17.8,18.2,82,148
20260422,18.45,18.5,18.25,18.4,62,114
20260423,18.4,18.4,17.5,18,125,222
20260424,19,19,18,18.15,52,96
20260427,18.15,18.15,17.5,18.1,66,117
20260428,18.45,18.45,17.75,18,22,40
20260429,18.6,18.8,18.3,18.35,43,79
20260430,18.05,18.3,18,18,39,71
20260504,18.6,18.65,18,18.2,32,58
20260505,18.2,18.2,17.55,17.95,61,109
20260506,18.25,18.25,17.85,18,103,186
20260507,18.25,18.3,18,18,37,67
20260508,18,18,17.7,17.8,52,93
20260511,17.8,18.6,17.8,18.15,61,112
20260512,18.55,18.55,17.8,18.15,90,162
20260513,18,18.1,17.35,17.8,26,46
20260514,17.6,18.15,17.6,17.95,26,47
20260515,17.95,17.95,17.65,17.65,67,119
20260518,17.2,17.5,17.15,17.5,56,97
20260519,17.5,17.55,16.85,17,163,282
20260520,17,17.1,17,17,27,46
20260521,17.75,17.85,17.35,17.7,55,98
20260522,17.7,17.95,17.4,17.9,69,122
20260525,17.9,17.9,17.45,17.8,72,127
20260526,17.8,17.8,17.65,17.7,31,55
20260527,17.95,17.95,17.15,17.3,115,200
20260528,17.3,17.4,17.2,17.3,36,62
20260529,17.3,17.45,16.95,17.25,103,178
20260601,17.5,18.5,17.2,18.25,170,308
20260602,18.25,18.35,18,18.3,157,286
20260603,18.3,18.3,18.05,18.05,120,218
20260604,18.05,18.35,17.95,17.95,218,396
20260605,18.1,18.1,17.6,17.8,64,115
20260608,16.35,17.5,16.35,17.45,27,46
20260609,17.45,17.45,17.1,17.2,34,59
20260610,17.25,18.85,17,18,183,327
20260611,19.8,19.8,19.8,19.8,466,923
20260612,21.75,21.75,21.75,21.75,295,642
20260615,23.9,23.9,23.9,23.9,1466,3504
20260616,26.25,26.25,25.5,26.25,4568,11989
20260617,27.05,27.85,26,27.3,3686,9858
20260618,27.9,30,27.9,30,1309,3868
20260622,33,33,32.6,33,1696,5594
20260623,36.3,36.3,36.15,36.3,2082,7551
20260624,33,33,32.7,32.7,715,2340
20260625,31.75,31.75,30,30,1199,3626
20260626,30,30,28.6,29.8,507,1491
20260629,30.5,31.4,30,30.15,364,1108
20260630,31.3,31.3,30.55,30.6,209,643
20260701,31.3,31.3,30,31,334,1028
20260702,30.9,34.05,30.9,33.6,657,2208
20260703,32.8,33.6,31.2,33.6,265,866
20260706,36.5,36.5,33.65,34.05,217,755
20260707,34.45,34.55,30.65,30.65,396,1256
20260708,31,33.6,29.5,30.9,1039,3312
20260709,30.55,30.55,28,28.7,890,2589
20260713,28.1,28.95,26.5,27,878,2436
20260714,26.25,26.8,24.35,25.55,751,1905
20260715,25.95,27.05,25.75,26.6,455,1191
20260716,26.55,26.55,25.5,25.75,217,559
20260717,25.1,25.1,23.3,23.6,312,748
20260720,23.6,23.6,22.2,22.85,297,673
20260721,22.85,25.1,22.85,25.1,283,686
20260722,25.5,27.5,25.5,25.8,574,1513
20260723,25.9,25.9,24.5,24.8,215,537
20260724,24.3,25.1,24.3,24.3,106,260
20260727,24.5,25.55,24.15,25.4,232,580
20260728,24.5,24.55,23.6,23.6,157,374
20260729,23.65,23.65,22.3,22.8,336,765
20260730,22.65,23.5,22.6,22.8,140,322
20260731,24,24.5,23.65,24,100,241
20260803,24,24.65,23.3,24,155,368
20260804,24,25.2,23.55,25,184,449
20260805,26.5,26.5,24.95,25.45,227,572
20260806,24.75,26.15,24.4,25.55,124,310
20260807,25.55,26.6,25,25.3,179,463
20260810,26.8,27.8,25.95,27.8,420,1155
20260811,30.55,30.55,30.55,30.55,821,2508
20260812,32.25,33.2,29.5,31.7,1666,5315
20260813,32.1,32.1,30.4,30.4,906,2830
20260814,30.8,31.6,29.8,30.35,780,2398
20260817,30.85,30.9,28.8,29,380,1108
20260818,29,30.15,28.4,29.95,492,1442
20260819,29.2,29.2,27.5,27.9,418,1171
20260820,28.5,28.5,27.2,27.7,251,698
20260821,27.7,28.35,27.2,27.95,120,331
20260824,28.2,28.2,26.2,26.3,258,691
20260825,26.3,26.3,24.8,25.9,248,628
20260826,25.95,26.2,25.35,25.8,201,518
20260827,25.8,25.95,25.35,25.55,184,469
20260828,26,26,25,25.35,203,515
20260831,25,25,24,24.5,291,708
20260901,25.2,25.6,24.3,25.2,234,585
20260902,25.2,25.2,24.3,24.6,145,355
20260903,24.85,24.85,24.25,24.45,150,367
20260904,24.55,24.75,24.4,24.7,77,189
20260907,24.7,24.95,24.4,24.65,110,271
20260908,24.3,24.5,24.05,24.3,126,305
20260909,26.2,26.7,26.2,26.7,333,887
20260910,27,28.5,26.6,27.9,1100,3050
20260911,26.85,26.9,25.8,26.3,258,679
20260914,25.55,26,25,25,229,578
20260915,24.55,24.8,24.2,24.2,138,338
20260916,24.4,25.05,24.35,24.7,120,297
20260917,25.2,25.2,24.6,24.6,113,281
20260918,24.6,25.1,24.6,24.8,143,356
20260921,25.1,25.15,24.8,24.9,221,551
20260922,24.9,25.35,24.4,24.45,204,503
