# date,open,high,low,close,lot,wan
20250919,27.85,27.85,22.85,22.85,393,938
20250922,20.6,21.1,20.6,20.6,1241,2562
20250923,18.55,20.6,18.55,20.4,789,1505
20250924,20.1,20.9,19.5,20.4,390,783
20250925,19.55,20.45,19.4,20.4,138,275
20250926,20.3,20.7,20,20.55,98,200
20250930,20.85,21.8,20.55,20.7,108,225
20251001,20.7,20.8,19.55,20.35,308,616
20251002,20.9,20.9,19.55,20.25,279,558
20251003,20.05,20.4,20.05,20.4,129,262
20251007,19.75,20.4,19.7,20.4,93,187
20251008,20.4,21.3,19.8,21.2,134,274
20251009,21.6,21.6,20.8,20.9,99,208
20251013,20,20.5,19.9,20.4,53,106
20251014,20.3,20.3,20,20,40,80
20251015,20.65,21.1,20.35,20.4,106,220
20251016,21.25,22.3,20.25,22,825,1735
20251017,22.5,22.5,20.95,21.05,729,1578
20251020,21.15,21.15,20.1,20.4,664,1356
20251021,20.45,20.5,20.15,20.35,123,250
20251022,20.45,20.5,20.2,20.35,95,193
20251023,20.05,20.7,19.9,20.4,113,229
20251027,20.3,20.6,20.1,20.3,119,240
20251028,20.5,20.6,20.05,20.35,113,231
20251029,20.35,20.6,20,20.15,440,890
20251030,20.55,20.55,19.75,20.1,288,577
20251031,20,20.1,19.65,20,182,362
20251103,19.7,19.95,19.6,19.95,129,254
20251104,19.9,19.95,19.55,19.95,130,256
20251105,19.9,19.95,19.4,19.95,323,634
20251106,19.7,19.9,19.55,19.7,150,295
20251107,20,20.3,19.8,20.1,298,598
20251110,20.6,20.6,19.55,19.95,317,631
20251111,20.15,20.15,19.6,19.85,268,533
20251112,19.8,20.05,19.65,19.8,390,775
20251113,19.9,19.95,19.45,19.8,722,1427
20251114,19.8,19.95,19.55,19.75,783,1548
20251117,19.75,19.8,18.05,19.7,1714,3308
20251118,19.35,19.5,17.75,17.75,3561,6728
20251119,16.7,19,16.15,17.95,3683,6411
20251120,17.85,18.45,17.4,17.5,2618,4652
20251121,17,17.3,16.55,16.85,1113,1880
20251124,16.9,17.75,16.2,16.3,586,996
20251125,16.5,17.9,16.35,17.9,1822,3164
20251126,19.05,19.65,19.05,19.65,982,1917
20251127,20.65,21.45,19.8,20.5,2538,5211
20251128,20.35,20.9,20.35,20.5,609,1256
20251201,20.6,21.25,20.55,20.9,640,1340
20251202,21,22.95,20.9,22.95,1762,3956
20251203,22.8,23.3,22.05,23,1483,3375
20251204,23,23.2,22.5,22.95,2039,4652
20251205,23.05,23.5,22.3,22.4,1263,2868
20251208,22.95,22.95,21.4,22.4,1729,3803
20251209,22.5,24,21.9,24,823,1861
20251210,24.2,24.55,23.2,23.2,2259,5402
20251211,23.6,24,22.9,22.9,766,1781
20251212,23.1,23.6,22.95,23,1156,2695
20251215,22.55,23.65,22.55,22.65,590,1343
20251216,22.65,22.95,22,22.9,599,1344
20251217,22.9,23.3,22.65,23.3,533,1224
20251218,23,23.15,22.7,23.15,257,588
20251219,23.15,23.15,22.55,23,408,931
20251222,22.75,23.15,22.5,23.15,422,961
20251223,23.05,23.3,22.9,22.95,314,721
20251224,22.9,22.95,22.6,22.6,340,770
20251226,22.65,23.25,22.6,22.8,274,625
20251229,23,23,22.7,22.75,343,781
20251230,22.75,23.1,22.65,22.8,389,886
20251231,22.95,23.1,22.65,22.7,470,1074
20260102,22.8,22.9,22.45,22.9,579,1312
20260105,22.9,23.25,22.45,23,429,980
20260106,23,23.3,22.75,23,394,907
20260107,23,23.2,22.9,22.95,415,954
20260108,23.1,24.3,22.85,24.3,699,1649
20260109,24.1,24.1,22.7,22.9,1321,3038
20260112,23.35,23.35,22.6,22.8,749,1711
20260113,22.8,23.2,22.7,23.1,351,806
20260114,23.8,23.8,22.85,22.95,255,587
20260115,22.85,23,22.75,22.85,234,536
20260116,22.9,23,22.7,22.95,417,952
20260119,22.95,23.45,22.8,23.3,264,609
20260120,23.35,23.45,23,23.3,221,515
20260121,23.25,23.25,22.55,22.9,390,892
20260122,22.9,22.95,22.5,22.8,347,789
20260123,22.85,23,22.6,23,263,600
20260126,23.4,23.4,22.65,22.9,206,471
20260127,22.8,22.9,22.7,22.7,70,160
20260128,23,23,22.6,22.75,191,433
20260129,22.5,22.7,22.45,22.7,95,214
20260130,22.9,22.9,22.35,22.55,193,434
20260202,22.45,22.6,22,22.15,159,355
20260203,22.25,22.55,21.2,22.5,345,752
20260204,22.95,22.95,21.85,22.4,1074,2413
20260205,22.55,22.55,21.8,22.4,77,172
20260206,22,22.4,21.75,22.4,261,574
20260209,22.4,22.45,21.8,21.85,471,1039
20260210,21.85,22.05,21.5,22.05,374,812
20260211,21.7,22.95,21.7,22.95,196,436
20260223,22.6,22.6,22,22.2,89,197
20260224,22,22.2,21.65,22.05,204,447
20260225,22.15,22.15,21.6,21.6,222,484
20260226,21.35,22,20.9,22,215,462
20260302,21.75,22.7,21.75,22.45,261,582
20260303,22.45,23.2,22.45,22.8,486,1107
20260304,22.1,22.1,21.5,22.05,104,227
20260305,22.4,22.45,21.3,22.45,223,495
20260306,21.65,22.35,21.65,22.05,86,189
20260309,20.35,21.9,20.35,21.8,153,326
20260310,21.8,22,20.65,20.8,290,610
20260311,21.35,21.4,20.95,21.35,157,331
20260312,21.25,21.45,21,21.2,147,310
20260313,21.5,22.5,21.35,21.95,170,373
20260316,22,23,21.7,21.7,153,336
20260317,21.9,21.9,21.5,21.5,91,198
20260318,22.25,22.25,21.25,21.35,32,69
20260319,21.9,21.9,21,21.2,77,163
20260320,21.2,22.5,21,22.5,75,160
20260323,22.4,22.4,21,21,219,470
20260324,21.7,22,21,21.9,215,462
20260325,22.2,23,21.85,23,255,569
20260326,23,23.2,22.1,22.95,313,712
20260327,22.7,22.95,22.5,22.7,108,246
20260330,22.9,22.9,21.95,22.2,203,452
20260331,22.4,22.4,21.95,22.1,92,204
20260401,22.1,22.35,21.95,22,195,432
20260402,22.2,22.2,21.85,22,37,81
20260407,22.2,23.1,22.2,22.35,364,827
20260408,22.4,22.4,21.9,21.95,216,478
20260409,22.2,22.2,21.7,22,106,232
20260410,21.8,22.2,21.75,22,107,234
20260413,22.2,22.2,21.6,21.65,120,261
20260414,21.95,21.95,21.6,21.8,126,274
20260415,22.15,22.15,21.5,21.5,103,224
20260416,21.7,22.9,21.5,22.8,490,1088
20260417,23,23.35,22.5,22.6,574,1308
20260420,23,23,21.5,22,264,589
20260421,22.4,22.4,21.65,22,131,286
20260422,22,22,21.55,21.95,169,368
20260423,21.8,21.85,21.6,21.75,76,165
20260424,22.7,22.7,21.4,21.5,70,152
20260427,22.4,22.4,21,21,188,400
20260428,21,21,20.55,20.95,211,439
20260429,21.2,21.2,20.55,20.75,133,277
20260430,20.7,21.15,20.65,20.75,50,104
20260504,21.4,21.4,20.7,21,111,233
20260505,20.8,21.9,20.7,21.9,185,394
20260506,21.95,21.95,20.6,20.6,204,435
20260507,20.6,20.85,20.6,20.7,44,91
20260508,20.8,20.9,20.45,20.6,131,270
20260511,20.7,21.3,20.5,20.6,78,161
20260512,20.4,20.45,20,20.1,105,213
20260513,20.2,20.3,20,20.1,171,344
20260514,20.4,20.4,20,20.1,90,181
20260515,19.3,20.1,19.3,19.95,39,77
20260518,19.95,20,19.6,19.75,69,137
20260519,19.9,19.9,19,19.75,136,265
20260520,19.8,20,19.5,19.8,74,146
20260521,19.3,19.8,19.3,19.8,154,302
20260522,19.8,19.8,19.35,19.7,187,367
20260525,19.5,19.6,18.95,19.6,103,199
20260526,19.85,19.85,19,19.4,93,179
20260527,19.3,19.8,18.95,19.15,110,210
20260528,19.1,19.15,18,18.3,153,284
20260529,18.3,18.45,18,18,148,267
20260601,18,18.15,17.7,17.75,121,216
20260602,17.8,18.7,17.7,18.7,216,392
20260603,18.65,18.9,18.2,18.8,1259,2320
20260604,19,19.1,18.7,18.8,126,238
20260605,18.8,18.9,18.6,18.7,125,234
20260608,18.7,19.4,18.15,19.2,400,758
20260609,21,21,19.25,19.35,183,362
20260610,19.35,19.85,19.1,19.45,288,560
20260611,19.6,19.75,19.2,19.5,177,342
20260612,19.5,20,19.4,19.9,582,1156
20260615,21.5,21.5,19.9,21,393,800
20260616,21,21.9,20.95,21.9,172,372
20260617,21.7,22.8,21.4,22.8,261,576
20260618,23.7,23.7,22.4,22.75,477,1084
20260622,22.8,23,22.4,22.75,619,1405
20260623,22.45,22.45,21.65,21.65,214,473
20260624,21.4,21.9,21.35,21.9,142,307
20260625,21.7,21.75,21.35,21.7,60,129
20260626,21.5,21.75,20.1,20.2,69,144
20260629,21.5,21.5,20.1,20.55,50,102
20260630,20.6,21.15,20.55,21.1,142,296
20260701,21,21.9,21,21.9,400,846
20260702,21.45,21.65,21.3,21.5,103,220
20260703,21.55,21.55,20.55,20.55,349,729
20260706,20.55,20.95,20.35,20.6,245,502
20260707,20.6,20.8,20.5,20.6,145,299
20260708,20.8,21,20.8,20.8,82,171
20260709,20.85,21.6,20.8,21,505,1061
20260713,21,21,20.5,20.65,77,160
20260714,20.5,21,20.4,21,106,218
20260715,21.2,21.2,20.7,21,53,111
20260716,21,21.05,20.85,20.85,127,266
20260717,20.9,20.9,20.5,20.9,162,336
20260720,21.05,21.05,20.5,20.85,67,139
20260721,20.85,21.2,20.75,20.95,397,833
20260722,22.95,22.95,21.3,21.45,229,501
20260723,21.4,21.5,21.05,21.5,69,146
20260724,21.6,21.6,21.1,21.15,115,245
20260727,21,21.2,20.75,20.85,109,229
20260728,20.85,20.9,20.1,20.9,107,218
20260729,21.05,21.05,19.7,20.3,169,340
20260730,20.3,20.85,19.85,20.25,142,287
20260731,20.1,20.1,19.6,20,156,309
20260803,20,20.3,19.9,20,13,26
20260804,20,20,19.7,19.9,46,91
20260805,20.4,20.4,19.65,19.95,59,119
20260806,20.15,20.15,19.75,19.8,15,30
20260807,19.95,19.95,19.3,19.65,65,127
20260810,19.85,19.9,19.45,19.65,48,94
20260811,19.8,19.8,19.45,19.55,27,53
20260812,19.55,19.95,19.55,19.8,16,32
20260813,19.7,19.85,19.5,19.75,62,122
20260814,19.75,19.75,19,19.5,130,251
20260817,19.9,19.9,18.95,19.15,92,178
20260818,19,19.3,18.3,18.5,182,339
20260819,18.95,19.85,18.5,19.35,370,706
20260820,19.5,20.55,19.5,20.25,485,969
20260821,20.6,20.6,19.95,20.5,379,767
20260824,20.8,21.5,20.5,21,284,601
20260825,21.3,21.7,21.1,21.5,706,1511
20260826,21,21.6,20.55,21.55,402,845
20260827,21.65,21.8,21.05,21.2,474,1017
20260828,21.2,21.6,20.4,20.8,315,662
20260831,20.65,20.85,20.5,20.8,159,327
20260901,20.85,21.1,20.4,20.8,258,530
20260902,20.45,20.6,20.05,20.6,261,530
20260903,20.35,20.6,20.2,20.2,348,708
20260904,20.2,20.3,20.05,20.2,139,279
20260907,20.5,20.5,20.05,20.05,215,432
20260908,20.05,20.2,19.85,20.2,255,509
20260909,20.15,20.8,20.05,20.8,55,111
20260910,20.8,21.1,20.65,21,51,106
20260911,20.7,21,20.6,21,163,340
20260914,20.75,21.4,20.6,21.2,102,215
20260915,21.25,21.25,20.6,21.2,178,371
20260916,21,22.2,20.85,21.8,607,1301
20260917,22.25,22.3,21.65,21.85,589,1289
20260918,21.85,22.2,21.85,22.15,128,283
20260921,22.3,22.3,21.8,21.9,223,488
20260922,21.8,22.15,21.8,22.05,120,264
