# date,open,high,low,close,lot,wan
20250814,38.8,39.5,38.45,38.5,333,1295
20250815,38.5,39.95,37.65,39.65,450,1771
20250818,39.5,40,38.85,39.2,244,962
20250819,39.2,39.2,37.65,37.85,262,1000
20250820,38.15,38.15,36.3,36.3,397,1462
20250821,36.5,38,36.5,37.5,221,827
20250822,37.6,37.8,36.85,37,160,594
20250825,37.95,40.7,37.85,40.7,748,3016
20250826,43.5,44.75,42.8,44.75,1557,6894
20250827,46.45,49.2,46.45,49.2,2118,10206
20250828,52.9,54.1,50.5,53.9,5610,29569
20250829,52.8,52.8,48.55,48.55,3157,15750
20250901,45,49.55,45,46.6,1741,8247
20250902,45.7,46.85,43.7,44.2,1238,5561
20250903,44.3,45.85,44,45.2,581,2631
20250904,46,46,42.7,43.7,707,3151
20250905,44.1,44.55,43.7,44.2,385,1695
20250908,43.6,44.35,42.9,43.75,516,2240
20250909,43.9,46,43.75,44.35,627,2812
20250910,44.35,44.7,43.3,44.25,521,2293
20250911,44.5,44.5,42.1,42.4,513,2213
20250912,41.55,43.15,41.55,42.4,269,1140
20250915,42.1,42.35,41.2,41.5,265,1105
20250916,42,43.15,41.05,42.2,321,1351
20250917,42.2,43,41.8,41.9,267,1128
20250918,41.9,42.9,41.85,42,251,1058
20250919,43.05,43.05,41.05,42.25,202,854
20250922,42.25,42.5,41.5,41.9,211,885
20250923,42.15,42.5,41,42.4,343,1432
20250924,42.5,43.2,41.5,41.8,169,713
20250925,41.8,43.1,41.8,41.9,289,1226
20250926,41.95,41.95,39.45,40.45,443,1784
20250930,39.5,40.9,39.5,40.15,182,733
20251001,40.1,40.8,40.1,40.25,171,692
20251002,40.3,41.45,40.25,40.55,195,793
20251003,40.15,41.2,40.1,41,208,848
20251007,41,41.5,40.45,41,186,761
20251008,41,41.4,40.3,40.85,164,671
20251009,41.1,41.45,40.45,40.5,190,774
20251013,40,40.3,38.45,39.95,216,856
20251014,40.05,40.9,39.65,39.8,270,1088
20251015,39.8,40.3,39.5,40,128,509
20251016,40,43.8,40,42.85,578,2417
20251017,42.6,43.7,41,42.55,494,2100
20251020,42.7,42.7,41.35,42.4,213,890
20251021,42.4,43,41.6,42.05,327,1384
20251022,41.9,42.6,41.4,41.4,226,941
20251023,41.75,41.75,40.1,40.6,194,789
20251027,41.95,41.95,39.75,40,291,1169
20251028,40,40.1,39.55,39.85,163,648
20251029,39.9,40.5,39.5,39.7,222,886
20251030,39.7,39.7,38.8,39,265,1040
20251031,39,39.9,38.6,38.9,195,763
20251103,38.65,39.4,38.4,38.8,124,480
20251104,38.8,38.95,37.65,38.15,233,887
20251105,38,38.25,37.25,37.55,144,544
20251106,39,39.9,38.3,38.4,199,776
20251107,38.65,38.95,37.8,37.8,104,396
20251110,37.8,37.85,37.05,37.05,154,576
20251111,37.5,39.1,37.4,38.35,227,870
20251112,39.1,39.1,38.05,38.2,151,579
20251113,38.4,38.4,37.05,37.2,245,915
20251114,36.5,37.45,36.5,36.8,199,735
20251117,37.5,38.1,36.1,36.15,157,570
20251118,35.7,36.05,34.9,35,300,1060
20251119,35,35,33,34,206,699
20251120,34.1,35.55,34.1,34.8,136,476
20251121,34.5,34.5,33.6,33.6,121,409
20251124,34,34.2,33.55,33.55,83,283
20251125,33.6,35.6,33.55,35.3,155,543
20251126,35.05,36.2,34.65,35.45,197,702
20251127,36.35,36.35,34.85,35.4,104,367
20251128,35.5,36.5,35.4,36.1,132,475
20251201,36.1,36.1,35.2,35.2,76,268
20251202,36,36,35.05,35.2,37,130
20251203,35,35.9,35,35.5,84,297
20251204,36.2,39.05,35.9,39.05,658,2520
20251205,42.95,42.95,41.5,42.95,1525,6533
20251208,41.8,41.8,39.5,39.8,1586,6392
20251209,39.8,40.35,39,40.3,542,2154
20251210,40.3,40.35,39,39.1,371,1456
20251211,39.1,39.6,38.65,39.05,203,793
20251212,39.5,39.5,39,39,155,608
20251215,37.9,39.1,37.9,38.55,105,405
20251216,38.6,38.6,37.5,38,143,543
20251217,38.2,38.55,38,38,110,422
20251218,37.9,38,37.3,37.3,110,414
20251219,37.4,38.8,36.7,38,70,263
20251222,38,38.45,37.8,38,137,518
20251223,38.65,39.35,38.2,38.6,153,589
20251224,38.55,38.55,38.05,38.05,78,297
20251226,38.05,39,37.4,39,182,700
20251229,39.9,39.9,38.5,38.8,150,586
20251230,38.6,38.6,37.7,38.25,130,493
20251231,38.3,38.4,37.75,37.8,146,552
20260102,37.8,38.4,37,37.95,155,587
20260105,37.95,38,37.4,37.65,207,778
20260106,37.65,41.4,37.5,41.4,771,3069
20260107,43,43,39.9,40.5,1101,4548
20260108,40.4,40.4,38.7,38.75,383,1503
20260109,40.8,42,39.5,40.2,510,2068
20260112,41,41,39.5,39.8,252,1001
20260113,41,41,38.8,38.85,287,1126
20260114,38.7,40.3,38.6,40.15,367,1451
20260115,40.15,40.5,39.2,40.45,324,1296
20260116,40.45,40.9,39.95,40.05,420,1695
20260119,40.7,41,39.75,40.55,441,1783
20260120,40.5,40.5,40,40.15,349,1405
20260121,40.15,41,39.7,40.5,313,1260
20260122,40.9,41.45,40.35,41.2,544,2224
20260123,41.95,45.3,41.95,45.3,3478,15534
20260126,45.05,47.5,43.1,46,2366,10561
20260127,46.3,46.3,43,43.25,1188,5211
20260128,40.55,44.9,40.5,44.5,785,3360
20260129,44.5,45.3,42.25,42.75,586,2522
20260130,42.75,42.75,40.4,41,557,2287
20260202,40.85,40.85,38.65,38.95,448,1755
20260203,40.75,40.75,38.95,39,285,1116
20260204,39.4,40,39.3,39.55,132,521
20260205,40.1,40.5,39.1,39.1,184,726
20260206,39.4,39.4,37.3,38.1,248,938
20260209,38.5,39.4,38.15,38.15,132,510
20260210,38.45,38.95,38.1,38.3,140,534
20260211,37.35,38.7,37.35,37.8,168,636
20260223,38.2,38.9,38,38.8,143,553
20260224,39.5,39.5,38.5,38.9,306,1186
20260225,39,39.35,38.45,38.6,322,1250
20260226,38.9,39.6,38.6,39.3,214,837
20260302,38.75,39.2,38.1,39,311,1206
20260303,39.5,39.5,37.5,37.5,413,1569
20260304,36.8,36.8,35.25,35.25,346,1237
20260305,36.5,36.6,35.25,35.5,276,991
20260306,36.2,36.2,35.1,35.6,116,411
20260309,32.75,33.9,32.75,33.3,308,1022
20260310,36.6,36.6,36.6,36.6,168,614
20260311,40.25,40.25,40.15,40.25,579,2332
20260312,41.8,43,40.4,40.9,1499,6202
20260313,37.6,41.25,37.6,40.75,586,2339
20260316,40.7,41.6,40.05,40.4,511,2086
20260317,41,41.75,39.75,39.9,530,2163
20260318,41.85,42.85,40.3,42.15,948,3949
20260319,41.6,41.9,40.8,41.1,404,1663
20260320,41.65,41.65,40,40.25,501,2034
20260323,39.4,40.25,38,39.25,432,1688
20260324,40.45,40.45,38.2,38.7,221,864
20260325,39.15,41.3,38.9,41.25,383,1547
20260326,41.9,41.9,39.8,40.1,232,941
20260327,40.1,40.65,39.15,40,205,816
20260330,40,44,38.8,43.25,1302,5557
20260331,43.3,45,40.1,40.65,923,3906
20260401,41.7,44.7,41.65,44.7,1514,6706
20260402,44.75,46,42,43.35,1895,8291
20260407,43.5,44.95,41.85,41.85,674,2876
20260408,42.9,44.05,42.25,42.5,561,2411
20260409,42.5,44.2,41.8,43.55,805,3488
20260410,40.55,40.6,39.2,40.35,1924,7648
20260413,39.3,39.6,38.85,38.9,630,2464
20260414,39.25,40,38.85,39.5,432,1699
20260415,39.8,40.55,39,39.2,290,1148
20260416,39.3,39.6,38.8,38.8,423,1652
20260417,39.2,39.2,38.8,38.8,330,1287
20260420,39,39.9,39,39.05,380,1493
20260421,39.95,39.95,39.05,39.2,393,1549
20260422,39.2,40.05,39.2,39.2,417,1646
20260423,39.45,39.5,36.7,37.75,848,3202
20260424,38.1,38.15,36.8,37.15,297,1112
20260427,37.6,37.6,36.5,36.85,316,1167
20260428,36.85,38.1,36.55,37.6,263,984
20260429,37.75,38.6,37.5,37.75,279,1060
20260430,38.3,39.7,38.05,39,368,1432
20260504,39,40.35,38.5,38.9,425,1669
20260505,39.15,39.95,38.7,39.5,441,1732
20260506,39.8,39.8,38.05,38.6,457,1770
20260507,39.65,39.7,38.15,38.5,362,1390
20260508,38.9,38.9,37.6,37.95,258,982
20260511,38.1,38.5,37.7,38.2,322,1223
20260512,39,40.3,38.55,39,560,2198
20260513,39.1,40.45,38.3,38.4,279,1081
20260514,38.4,38.5,37.7,37.7,276,1048
20260515,37.75,41.45,37.75,40.6,2239,9077
20260518,39.9,43.65,38,41.4,2299,9392
20260519,40.3,41.95,39.75,40.1,874,3550
20260520,40.6,40.6,39.25,39.45,399,1585
20260521,39.9,42.8,39.9,41.95,1316,5493
20260522,43,45.3,42.35,44.7,2154,9557
20260525,45,49.15,45,49.15,2222,10610
20260526,52.9,53,48.5,51.3,5028,25754
20260527,51,51,48.3,48.9,2478,12300
20260528,49.7,51,46.5,46.85,1713,8303
20260529,48,50.5,47.8,48.75,1526,7508
20260601,48.7,53.6,47.8,53.6,2309,12051
20260602,58.5,58.9,54.2,57.4,5971,34255
20260603,57.4,57.7,54.5,54.5,3011,16682
20260604,54.5,56,52.6,54.1,1298,7060
20260605,54.1,58.6,52.2,57.9,2629,14598
20260608,52.2,54.1,52.2,53,1917,10122
20260609,54.2,57.5,53.7,54.7,1428,7874
20260610,54,55.5,49.9,49.95,1954,10208
20260611,49.1,50.5,48,49.7,784,3843
20260612,50.5,51,49.45,49.5,697,3478
20260615,51,51,48.05,48.65,696,3440
20260616,49.3,49.45,46.55,46.8,1046,4975
20260617,46,47.55,46,47.4,436,2044
20260618,47.4,48.25,46.75,47,598,2827
20260622,48,48,46.9,47.1,731,3458
20260623,47.2,47.2,45.1,45.5,735,3366
20260624,45,47.65,45,47.2,652,3027
20260625,47,47,45.2,45.25,569,2600
20260626,45.25,46,43.9,43.9,510,2280
20260629,45.1,46.9,43.8,45.6,526,2400
20260630,46.4,46.4,45.15,45.7,296,1345
20260701,46.9,46.9,44.8,44.95,246,1116
20260702,44.95,49.4,44.2,49.4,1064,5162
20260703,48.05,49.3,47.55,47.55,892,4296
20260706,47.65,48.8,47,47.75,434,2084
20260707,47.85,48.25,45.05,45.5,480,2219
20260708,46.35,46.35,44.4,44.85,214,962
20260709,49.3,49.3,49.3,49.3,645,3180
20260713,53.9,53.9,47.7,49.15,1500,7569
20260714,47.5,48.3,46,47.85,546,2575
20260715,49.2,49.2,47.15,47.8,381,1823
20260716,47.95,48,46.5,46.55,231,1082
20260717,46.9,46.9,42.5,42.5,454,1997
20260720,42.5,43,40.3,41.15,379,1569
20260721,42,42.35,41.05,41.7,237,990
20260722,43.4,43.4,41.8,42.05,320,1359
20260723,42.8,42.8,40.8,41.3,268,1107
20260724,41.55,42.3,40.65,40.65,284,1176
20260727,41,41,39.4,40.15,238,956
20260728,40.45,40.45,38.25,38.6,270,1050
20260729,40.05,40.05,36.8,37.55,304,1141
20260730,38.35,38.5,36.3,36.5,260,975
20260731,38.4,38.55,37.3,37.7,248,939
20260803,37.7,40.4,37.3,40.4,325,1276
20260804,40,41.3,38.8,39.8,216,864
20260805,40.5,41.75,39.8,41.3,313,1272
20260806,41.05,41.4,40.2,40.95,218,894
20260807,41.85,45,41.3,44.8,985,4337
20260810,42.8,46.9,42.8,45.35,790,3531
20260811,43.1,44.8,41.3,41.7,670,2838
20260812,42,42.45,41.5,41.8,246,1031
20260813,42.55,43.2,40.85,41.15,441,1833
20260814,41.75,41.75,40.3,40.6,284,1153
20260817,40.8,41.9,40,40.15,231,936
20260818,40.8,40.8,38.7,39.35,324,1275
20260819,40.35,41.3,39.5,40,349,1405
20260820,41.15,41.5,40.3,40.7,317,1295
20260821,40.7,40.7,39.7,40,206,826
20260824,41.1,41.25,40.55,40.8,204,834
20260825,41,41,39.7,40.35,124,499
20260826,40.7,40.7,39.65,40.4,181,728
20260827,40.75,41.2,40.4,40.55,174,710
20260828,40.95,40.95,40.05,40.2,177,712
20260831,40.5,40.5,39.65,39.8,188,747
20260901,40.5,40.5,39.9,40,117,468
20260902,40.3,40.4,39.65,40.2,190,762
20260903,40.3,40.4,39,39.1,224,887
20260904,39.6,39.6,39,39.5,127,498
20260907,39.8,39.8,39.35,39.4,102,402
20260908,39.6,43.3,38.85,43.3,833,3513
20260909,43.5,43.5,41.6,41.65,1067,4541
20260910,40.8,40.95,39.9,40,394,1588
20260911,40.25,40.25,39.7,39.85,111,441
20260914,40.2,40.2,39.45,39.45,107,425
20260915,39.45,39.5,39,39,128,500
20260916,38.5,40,38.2,39.7,127,496
20260917,39.8,39.95,39.3,39.4,119,472
20260918,39.8,39.9,39.35,39.35,105,417
20260921,39.65,40.2,39.3,40.2,111,442
20260922,40.4,40.4,39.4,39.4,175,694
20260923,40,40,39.45,39.5,64,256
