# date,open,high,low,close,lot,wan
20250814,25,26.45,24.9,25.75,63855,162878
20250815,26,27,24.7,25.3,48628,125787
20250818,25.4,27.8,25.1,27.8,36737,98342
20250819,29,30,27.15,27.8,56947,161217
20250820,27.8,28.75,25.1,25.65,31441,82246
20250821,27,28.2,26.9,28.2,35184,97801
20250822,27,27.6,25.4,25.4,35167,92180
20250825,26.15,26.25,23.55,24.85,19275,48257
20250826,24.15,24.5,22.65,23.4,14698,34463
20250827,24,25.7,24,25.7,17505,44087
20250828,25.9,26.6,25.1,25.35,12616,32374
20250829,25.35,25.5,24,24.6,8805,21614
20250901,24,24.45,22.65,22.95,8177,19054
20250902,22.85,23.3,21.15,21.75,9313,20481
20250903,21.6,21.95,20.85,20.95,7426,15866
20250904,20.4,20.75,18.9,19.1,13996,26975
20250905,19.65,19.85,19,19.25,6016,11675
20250908,19.5,19.7,19,19.3,3850,7423
20250909,19.7,21.2,19.55,21.2,11630,23933
20250910,21.15,21.15,19.9,20.1,8490,17275
20250911,21.35,21.4,19.3,19.45,6584,13265
20250912,19.6,19.75,19.05,19.35,3075,5954
20250915,19.35,19.35,17.6,18.4,5159,9494
20250916,18.85,19.3,18.3,19.15,3729,7066
20250917,19.05,19.35,18.65,18.8,2451,4623
20250918,18.8,19.1,18.55,18.65,1962,3677
20250919,19,20.3,18.65,19.95,6336,12441
20250922,20,20.2,19,19.25,4159,8087
20250923,19.45,20.1,19.1,19.1,4096,7973
20250924,19,19.05,18.15,18.4,3141,5806
20250925,18.5,19.35,18.5,18.75,2549,4825
20250926,18.8,18.8,17.9,18.05,2520,4567
20250930,18.3,18.55,17.8,18.25,1522,2778
20251001,18.4,20.05,18.4,20.05,9199,18149
20251002,21.2,21.95,21.15,21.5,23928,51429
20251003,21.5,21.7,20.3,20.7,10724,22418
20251007,20.95,22.15,20.3,21.85,15044,32466
20251008,21.85,22.05,21,21.3,6595,14104
20251009,21.3,21.6,20.4,20.75,6524,13565
20251013,18.95,20.55,18.9,20.55,3877,7687
20251014,20.85,20.95,19.05,19.15,6973,13720
20251015,19.45,19.85,19.1,19.2,2383,4617
20251016,19.3,19.45,18.85,19.2,2931,5606
20251017,19.1,19.1,18.7,18.75,2471,4653
20251020,19.1,19.9,19.1,19.6,4660,9138
20251021,19.95,20,19.45,19.7,2554,5023
20251022,20.45,21.65,20.45,21.65,9983,21392
20251023,22.8,23.8,22.5,23.65,50670,117901
20251027,24.8,25.4,23.7,24.3,35266,86009
20251028,23.95,24.1,23.05,24.05,10570,24799
20251029,24.2,25.9,23.65,25.15,38102,95464
20251030,24.9,25.4,23.5,24,16595,40367
20251031,23.6,25.2,23.35,23.8,15699,38327
20251103,24.15,25.25,24,24.75,17284,42540
20251104,24.75,25.2,23.6,24.3,12703,31037
20251105,24,26.45,23.8,25.9,46687,119621
20251106,25.9,27.85,25.2,25.6,44878,116916
20251107,25.3,26.45,24.85,25.5,20820,53272
20251110,25.15,25.65,24.05,24.8,12799,31398
20251111,24.1,25.5,24.1,24.35,13986,34530
20251112,24.4,26.6,24.35,25.9,31371,81157
20251113,26,27.5,25.6,26.8,37329,99802
20251114,26.25,26.8,25.65,25.95,11393,29678
20251117,26.1,28.45,26.1,27,32201,88181
20251118,26.95,29,26.3,27.3,33709,92715
20251119,27.1,28.3,26.2,26.25,24889,67453
20251120,27.2,28.4,26.6,26.7,23633,64848
20251121,26.2,26.6,24.1,24.25,14816,37144
20251124,24.35,26.5,24,26.1,17220,43822
20251125,27.2,28.7,27.15,28.7,45262,128507
20251126,30.3,31.25,26.45,26.6,79429,229422
20251127,26.8,27.25,25.95,27,21193,56230
20251128,26.9,27.6,26.7,27.45,15534,42318
20251201,27.25,27.65,26.4,26.95,9174,24751
20251202,26.95,27.75,26.75,27,11264,30529
20251203,26.85,27.25,26.4,26.65,7833,20951
20251204,26.5,27.3,26.05,26.1,8006,21257
20251205,26,26.1,25.25,25.7,6937,17744
20251208,25.7,26.6,25.4,26.35,7465,19570
20251209,26.25,26.7,26,26.35,5823,15325
20251210,26.8,28.2,26.45,27.2,28815,79521
20251211,27.95,29.9,27.95,28.7,56043,162328
20251212,28.75,29.6,28.15,29.4,36252,104723
20251215,29,32.3,28.9,32.3,45237,141678
20251216,33.45,35.5,33,33.8,106523,366890
20251217,33.85,35.2,33.25,33.7,58343,198370
20251218,33.7,34.5,31.5,33.55,31351,103538
20251219,33.8,36.9,33.7,36.9,36912,133452
20251222,38.3,40.55,38.2,40.55,82873,326585
20251223,43.5,44.35,41.4,42.4,104838,448003
20251224,42.05,44.95,42.05,42.3,59469,256836
20251226,42.8,46.5,42.65,46.5,56319,257454
20251229,49.55,51.1,48.55,51.1,46552,232894
20251230,52.5,54.5,51.4,54.1,115074,611252
20251231,53,53,49.8,50.4,10246,51906
20260102,51.5,53,50.4,53,6145,31838
20260105,54.6,54.6,51.5,52.4,4840,25433
20260106,52,52,50.2,50.4,5544,28145
20260107,50,52,47,51.5,8062,39476
20260108,50,52.5,50,50.2,4199,21494
20260109,50,52,49.2,51.2,4758,24288
20260112,52.8,53.8,52.2,53.8,5646,29935
20260113,55,55,52.5,55,6911,37528
20260114,57.6,60.5,57.2,60.5,6786,40293
20260115,60.7,66.5,60.7,66.5,6238,40041
20260116,68.9,72.9,63.9,70,10353,71013
20260119,71.5,76,70.4,72,26794,196386
20260120,69.4,73.9,67.6,69.1,24459,172123
20260121,68.8,70.9,66.6,67.5,15885,108409
20260122,70.7,71.4,66,66.3,18503,126780
20260123,66.3,66.8,61.8,62.2,18206,115471
20260126,62,63.1,59.1,61.2,15339,93624
20260127,61.9,67.3,61.9,67.3,16189,106612
20260128,68.7,69.6,64.7,65.1,33538,222644
20260129,65,66.5,62,62.8,12065,76964
20260130,62.8,63,58.2,59.8,10643,63802
20260202,59,59,55.5,56.5,9218,52462
20260203,60.3,62.1,58.9,62.1,6812,41565
20260204,64.7,64.7,60.1,62.9,24560,153119
20260205,62.5,66,59.6,60.2,19104,120340
20260206,60.2,60.2,55.2,55.7,7363,41743
20260209,57.6,58.9,53.6,54.2,8282,45962
20260210,54.6,56.2,52,52.9,8214,43724
20260211,52.9,57.5,52.8,54,14778,81389
20260223,55.5,59.4,54.7,59,11367,65473
20260224,59.6,64.9,59.4,64.1,18208,115307
20260225,64.8,66.9,62,64,15620,99561
20260226,63.9,65.5,62.3,64,10419,66279
20260302,60.2,65.3,60.1,64.9,12788,81813
20260303,65.5,69.4,61.5,64.5,24111,157904
20260304,61,63.1,58.1,58.4,9560,57220
20260305,62.3,63,58.3,59.5,7654,46513
20260306,58.8,63,58.1,61.2,7998,49090
20260309,55.8,56.4,55.1,55.1,3278,18125
20260310,57.7,59.1,56,56.9,6567,37656
20260311,58.1,61.7,58.1,61.3,4806,29159
20260312,61.3,65,60.3,61,11257,70358
20260313,59.9,63,59,62.4,8302,51282
20260316,62.4,63.5,60.6,62,6257,38480
20260317,62.7,64.2,61.1,61.1,10870,68073
20260318,62.1,67.2,60.5,67.2,27293,177934
20260319,67.2,67.9,62.8,62.8,31214,204016
20260320,63.5,65.2,61.1,61.8,14526,91816
20260323,58.2,59.5,56.5,57.7,6045,35045
20260324,58.8,59.4,54.1,54.5,7041,39679
20260325,57,58.4,56.1,57.5,4739,27196
20260326,57.2,60,56.2,56.9,6287,36555
20260327,55.8,58,54.7,56.2,5578,31494
20260330,54.5,56.5,54,56,3256,17949
20260331,55,57.6,51.9,52.1,5182,27988
20260401,55.5,57.1,53.1,55.3,6198,34266
20260402,57,57.7,53.5,53.5,5820,32402
20260407,54.8,56.3,54,54.5,4518,24909
20260408,56.5,59.5,56.5,59.2,8413,48981
20260409,61.2,63,59.3,62.9,16633,101850
20260410,64,69.1,63.9,65.6,44415,298685
20260413,68.7,69.5,65.9,65.9,25494,172668
20260414,67.7,68.5,63.7,63.7,13968,90973
20260415,65.7,65.7,61.6,63,9530,60701
20260416,64.2,69.3,62.8,69.3,25885,176519
20260417,70.3,73.5,67.6,68.8,51532,362494
20260420,70,75.6,68.3,75.6,24692,181512
20260421,77.6,83.1,76.8,83.1,50033,407671
20260422,86.7,87.2,79,80.3,59644,487939
20260423,80.8,86,73.6,77.2,54857,434507
20260424,76.9,78,69.5,71.5,7147,51997
20260427,70.4,70.4,65.2,66.1,4638,30794
20260428,68.5,69.5,66.5,68.9,2383,16234
20260429,70.7,72.9,69.5,72.5,2912,20831
20260430,74.5,74.5,72.3,73.9,2528,18578
20260504,75.4,75.4,73.9,74,2759,20582
20260505,75,79,75,79,3247,25112
20260506,82.1,82.1,72,74.9,3796,28838
20260507,75.6,75.6,73.6,74.6,2025,15083
20260508,74,74,71,72,2255,16404
20260511,72,74.8,68.4,69.1,10983,76920
20260512,70.5,74.3,69.2,72.4,16014,115404
20260513,71,76.5,70.4,72.8,20455,151787
20260514,73.8,78.3,72.4,74.5,21934,164899
20260515,75.5,75.9,68.2,70.5,16871,119367
20260518,71.4,71.4,66.5,68.7,5930,40500
20260519,67.9,69.4,65,65.4,5713,38028
20260520,64.5,65.9,61,61.3,7048,44432
20260521,62.8,64.6,62.5,62.7,4353,27642
20260522,63.2,68.3,63.2,66.8,6263,41822
20260525,68.6,70.9,68.1,68.4,7525,52129
20260526,70.4,72.8,69.1,70.3,11544,81618
20260527,72,72.2,67.1,68.8,7654,52964
20260528,69.2,69.2,65.6,65.7,5831,39234
20260529,66.8,67.8,65.4,65.8,4288,28337
20260601,65.6,68,64.8,66,4724,31433
20260602,66.5,66.9,62.3,63.4,5027,32222
20260603,63.9,64,61.6,62.4,4275,26742
20260604,62.4,63.2,60.2,61.1,3263,19997
20260605,60.5,61.8,57.2,61.8,3704,22078
20260608,55.7,58.3,55.7,57.6,2910,16428
20260609,59.2,63.3,58.2,63.3,3772,23185
20260610,63,67.9,60.7,60.7,12663,82938
20260611,64.5,66.7,61.2,66.7,11634,75311
20260612,68,70.8,67.3,69.4,29183,201703
20260615,72.1,72.3,67.7,67.8,13543,94068
20260616,68.4,69,66.2,66.2,5884,39745
20260617,65.2,68.3,64.6,66.4,4476,29668
20260618,66.4,68.4,66.1,67.1,4330,29068
20260622,68.5,70.2,66.7,68.9,10670,73824
20260623,69,69,64.7,65,4855,32220
20260624,63,64.9,62.5,63.8,2979,18958
20260625,65,65.1,62.1,62.1,3092,19480
20260626,61.6,63.2,57.7,58,4723,28394
20260629,58.3,59.8,57.1,58.2,1566,9173
20260630,59,61.2,58.7,60.8,1867,11228
20260701,62,62.5,59,59.1,2070,12510
20260702,58.1,61.4,57.1,61.3,1358,8089
20260703,60.4,61.9,60,61,1387,8496
20260706,62.6,63.8,60.6,61.2,2245,13968
20260707,61.7,62.8,59.5,61,3667,22446
20260708,62.1,62.4,59.8,61.1,2044,12469
20260709,61.1,61.8,59.5,59.7,1439,8716
20260713,61,62.8,58,58.1,3070,18503
20260714,57,57.9,52.3,54.7,3194,17443
20260715,55.5,56.4,54.8,56.4,1266,7055
20260716,55.3,55.6,53.8,54,1429,7770
20260717,52,52,48.7,49.05,3666,18272
20260720,49.25,49.75,44.2,47.1,2496,11693
20260721,48,48.8,46.4,47.5,1483,7019
20260722,48.7,50.5,48,49.65,1951,9636
20260723,50,51.1,48,48.7,1700,8401
20260724,47.3,48.7,45.35,45.75,1593,7439
20260727,46.4,47.9,45.4,47.25,1758,8194
20260728,46,46,43.4,43.4,1990,8865
20260729,43.95,44.3,39.1,41,3282,13286
20260730,40.6,41.85,37.6,38.15,2556,10097
20260731,41.4,41.95,41.1,41.95,1001,4170
20260803,41.95,45.15,41.95,44.5,2379,10515
20260804,44.1,47.2,44.1,46.9,1722,7986
20260805,48.55,49.45,47.45,47.65,1462,7035
20260806,47.9,50.9,46.1,50.1,2275,11124
20260807,50,50.5,48.1,48.5,1372,6700
20260810,49.5,51.2,48.65,50.6,1667,8393
20260811,50.6,53.2,50.5,51.1,2773,14300
20260812,50.9,56,50.9,55.2,4016,21732
20260813,55.9,56.2,53,53.3,3942,21412
20260814,53.7,53.7,51.8,51.8,1590,8312
20260817,51.9,52.4,50.6,51.2,1122,5753
20260818,51.5,52.2,49.8,49.8,1290,6534
20260819,48.4,50.3,48.2,49.2,1174,5732
20260820,49.85,52.2,49.05,50.7,1617,8149
20260821,53,54.8,50.3,50.4,4222,21814
20260824,50.5,52.5,50.1,51.1,1880,9678
20260825,50.5,52.2,48.9,52.1,1357,6838
20260826,52.5,55.4,52.2,54.6,4485,24391
20260827,54.6,54.6,53,53.3,2227,11954
20260828,54.4,58.5,53.6,58.1,6537,37021
20260831,56.4,61.3,55.5,56.2,7707,44625
20260901,56.1,59.2,55.8,56.4,3837,21973
20260902,56.4,56.9,55.6,55.8,1948,10933
20260903,55.9,56.9,52.9,52.9,2471,13458
20260904,54,54.7,52.5,53.4,1189,6358
20260907,54,56.8,54,54.6,3074,17120
20260908,55.3,55.6,53.4,53.6,1138,6151
20260909,53.6,54.5,53.1,53.4,1004,5378
20260910,53.4,53.4,52.3,52.6,861,4530
20260911,51.6,52,50.3,50.6,1221,6228
20260914,50,51.6,49.9,50.3,709,3590
20260915,50.4,51,49.05,49.05,667,3322
20260916,50.8,51,49.6,50.8,811,4094
20260917,51.2,53.1,50.4,50.4,1377,7096
20260918,50.9,52,50.8,51.8,814,4176
20260921,52.6,53.2,52.2,52.4,1442,7595
20260922,52.8,53.2,51.2,51.2,1242,6481
20260923,51.7,52,50.2,50.2,966,4896
