# date,open,high,low,close,lot,wan
20250814,8.7,8.83,8.7,8.8,753,661
20250815,8.81,8.86,8.77,8.85,908,801
20250818,8.85,8.91,8.83,8.86,664,589
20250819,8.86,8.88,8.8,8.82,488,431
20250820,8.81,8.88,8.71,8.8,1566,1377
20250821,8.8,8.93,8.8,8.9,1093,971
20250822,8.93,8.93,8.81,8.84,370,328
20250825,8.9,8.92,8.75,8.8,1090,962
20250826,8.78,8.8,8.64,8.64,1793,1558
20250827,8.64,8.73,8.64,8.69,869,755
20250828,8.69,8.7,8.65,8.68,511,444
20250829,8.66,8.7,8.64,8.65,621,538
20250901,8.65,8.71,8.55,8.55,957,822
20250902,8.65,8.65,8.49,8.54,755,644
20250903,8.56,8.56,8.49,8.49,837,712
20250904,8.51,9.25,8.51,9.08,5140,4609
20250905,9.2,9.22,8.85,8.88,2630,2348
20250908,8.9,9.03,8.76,8.85,1926,1705
20250909,8.9,8.93,8.72,8.74,1382,1214
20250910,8.74,8.79,8.71,8.74,596,521
20250911,8.74,8.74,8.65,8.66,1344,1167
20250912,8.61,8.68,8.61,8.66,963,832
20250915,8.67,8.7,8.64,8.67,813,705
20250916,8.67,8.85,8.67,8.8,989,869
20250917,8.8,8.87,8.8,8.85,771,681
20250918,8.88,8.9,8.81,8.87,974,863
20250919,8.75,8.75,8.61,8.68,811,704
20250922,8.68,8.68,8.6,8.65,872,753
20250923,8.65,8.68,8.57,8.58,903,777
20250924,8.59,8.62,8.47,8.47,1864,1589
20250925,8.52,8.53,8.45,8.46,1230,1043
20250926,8.46,8.46,8.26,8.27,1649,1372
20250930,8.29,8.29,8.24,8.27,469,388
20251001,8.3,8.32,8.25,8.27,532,440
20251002,8.29,8.29,8.2,8.21,916,754
20251003,8.19,8.22,8.16,8.17,761,623
20251007,8.18,8.22,8.16,8.17,824,674
20251008,8.18,8.19,8.09,8.18,1657,1349
20251009,8.18,8.23,8.18,8.22,625,513
20251013,8.19,8.64,8.19,8.56,2924,2478
20251014,8.55,8.61,8.4,8.47,942,802
20251015,8.48,8.72,8.45,8.67,1708,1472
20251016,8.67,8.82,8.62,8.7,1022,891
20251017,8.7,8.74,8.65,8.7,1104,961
20251020,8.71,8.86,8.71,8.72,1166,1023
20251021,8.72,8.79,8.67,8.68,578,504
20251022,8.68,8.7,8.62,8.67,573,497
20251023,8.77,8.84,8.68,8.82,1207,1059
20251027,8.82,8.89,8.76,8.81,839,738
20251028,8.81,8.81,8.7,8.75,1024,896
20251029,8.74,8.79,8.53,8.57,1171,1007
20251030,8.62,8.84,8.53,8.6,1075,930
20251031,8.6,8.61,8.48,8.48,732,623
20251103,8.49,8.51,8.36,8.36,849,713
20251104,8.36,8.4,8.31,8.31,548,457
20251105,8.36,8.36,8.19,8.24,1052,866
20251106,8.27,8.39,8.26,8.34,752,625
20251107,8.33,8.36,8.29,8.31,361,300
20251110,8.31,8.33,8.25,8.28,541,448
20251111,8.3,8.37,8.25,8.28,758,629
20251112,8.34,8.45,8.3,8.4,1038,871
20251113,8.44,8.44,8.33,8.39,473,396
20251114,8.3,8.33,8.21,8.22,1537,1271
20251117,8.21,8.23,8.02,8.08,2145,1733
20251118,8.08,8.08,7.91,7.95,1713,1366
20251119,7.91,8.08,7.88,7.88,977,774
20251120,7.92,8,7.89,7.9,541,429
20251121,7.85,7.94,7.79,7.79,904,708
20251124,7.83,7.89,7.82,7.85,412,323
20251125,7.85,7.95,7.85,7.93,273,216
20251126,7.95,8.07,7.95,7.98,621,497
20251127,8,8.01,7.94,7.96,226,180
20251128,7.99,8.07,7.95,8,436,349
20251201,8.02,8.05,7.96,7.98,418,334
20251202,7.98,8.03,7.96,7.98,290,232
20251203,7.98,8.06,7.97,8,376,301
20251204,8,8.1,8,8.05,639,515
20251205,8.05,8.06,7.93,8.05,572,457
20251208,8.03,8.05,7.99,8.03,371,297
20251209,8.03,8.03,7.99,8.01,342,274
20251210,8.01,8.08,8,8.01,498,400
20251211,8.01,8.08,7.95,7.98,463,370
20251212,8,8.05,8,8.03,457,367
20251215,8.02,8.08,7.97,8.05,859,690
20251216,8.06,8.07,7.96,8,528,423
20251217,8.03,8.09,8,8.02,597,480
20251218,8,8.11,8,8.08,509,410
20251219,8.09,8.1,8.02,8.05,495,399
20251222,8.06,8.11,8.03,8.04,357,287
20251223,8.04,8.06,7.97,8,679,543
20251224,8,8.06,7.98,7.98,507,406
20251226,8,8,7.92,7.98,735,585
20251229,7.95,8.01,7.95,7.97,489,390
20251230,7.95,7.97,7.9,7.93,948,751
20251231,7.93,7.95,7.88,7.9,1015,803
20260102,7.93,7.93,7.85,7.86,1012,797
20260105,7.86,7.86,7.74,7.79,2088,1624
20260106,7.78,7.84,7.78,7.82,1091,851
20260107,7.82,7.95,7.8,7.88,1102,866
20260108,7.88,7.96,7.88,7.92,563,446
20260109,7.94,8.05,7.87,7.9,753,596
20260112,8,8,7.93,7.99,557,444
20260113,7.95,7.98,7.87,7.96,582,461
20260114,8.02,8.08,7.91,8.04,1383,1112
20260115,8.04,8.06,7.95,8.02,784,627
20260116,8.01,8.07,7.96,7.99,992,795
20260119,7.99,8.05,7.96,8,1009,807
20260120,8.01,8.03,7.93,7.94,703,559
20260121,7.94,7.96,7.88,7.89,1082,855
20260122,7.9,7.94,7.86,7.88,891,702
20260123,7.87,7.94,7.84,7.88,913,718
20260126,7.9,8.05,7.88,8.02,1630,1302
20260127,8.06,8.26,7.98,8,1610,1297
20260128,8.07,8.07,7.97,8,953,763
20260129,8.01,8.01,7.95,7.97,667,532
20260130,7.94,7.97,7.87,7.92,875,691
20260202,7.88,7.88,7.75,7.75,1500,1166
20260203,7.75,7.84,7.75,7.79,898,699
20260204,7.8,7.96,7.76,7.94,909,717
20260205,7.93,8.11,7.93,8.01,1795,1445
20260206,8,8.01,7.84,7.94,929,735
20260209,7.94,7.94,7.81,7.88,744,585
20260210,7.92,7.92,7.82,7.85,492,385
20260211,7.92,7.92,7.79,7.82,734,573
20260223,7.85,7.89,7.82,7.88,695,546
20260224,7.88,7.96,7.88,7.94,695,551
20260225,7.94,8.01,7.93,7.99,949,757
20260226,8.02,8.06,8,8.04,1401,1125
20260302,8,8.04,7.94,8.01,645,516
20260303,8.04,8.08,7.98,8.06,2189,1759
20260304,8.03,8.03,7.85,7.92,1289,1021
20260305,7.98,8.05,7.98,8.04,1153,925
20260306,8,8.08,8,8.07,693,558
20260309,7.95,7.95,7.87,7.9,965,763
20260310,8,8.01,7.91,7.97,378,301
20260311,8,8.1,8,8.09,1201,968
20260312,8.1,8.3,8.1,8.26,2976,2451
20260313,8.2,8.35,8.16,8.17,1235,1019
20260316,8.17,8.17,7.99,8.01,871,701
20260317,8.07,8.1,8,8.02,802,644
20260318,8.04,8.08,8.02,8.03,749,602
20260319,8.03,8.03,7.95,7.98,744,594
20260320,8.03,8.09,7.93,7.97,1221,976
20260323,7.97,8.04,7.88,7.95,730,581
20260324,7.94,7.94,7.85,7.93,872,688
20260325,7.95,8.04,7.93,8.02,572,457
20260326,8.05,8.07,7.99,7.99,528,424
20260327,7.97,7.97,7.84,7.91,814,642
20260330,7.84,7.94,7.84,7.93,388,306
20260331,7.9,7.97,7.88,7.89,1095,866
20260401,7.99,7.99,7.9,7.93,321,255
20260402,7.94,7.94,7.87,7.88,345,272
20260407,7.88,7.88,7.82,7.83,708,555
20260408,7.83,7.86,7.82,7.86,633,496
20260409,7.83,7.84,7.82,7.82,613,480
20260410,7.82,7.85,7.8,7.82,522,408
20260413,7.81,7.87,7.81,7.86,585,459
20260414,7.88,7.88,7.82,7.84,831,652
20260415,7.91,7.91,7.84,7.85,808,634
20260416,7.85,7.87,7.83,7.86,860,675
20260417,7.86,7.86,7.83,7.84,641,503
20260420,7.84,7.84,7.75,7.78,1457,1134
20260421,7.77,7.83,7.75,7.81,631,491
20260422,7.79,7.81,7.76,7.78,816,635
20260423,7.78,7.82,7.67,7.77,1246,963
20260424,7.77,7.77,7.68,7.7,1107,852
20260427,7.65,7.65,7.5,7.51,3320,2506
20260428,7.51,7.55,7.47,7.54,693,521
20260429,7.48,7.5,7.39,7.41,2176,1616
20260430,7.4,7.4,7.34,7.35,960,707
20260504,7.34,7.34,7.02,7.03,3822,2726
20260505,7,7.08,6.94,7.03,1052,738
20260506,7.05,7.1,6.95,7.04,1711,1196
20260507,7.08,7.15,7,7.07,996,702
20260508,6.99,7.03,6.95,6.97,1557,1087
20260511,6.96,6.96,6.89,6.92,1494,1033
20260512,6.92,6.93,6.87,6.91,831,573
20260513,6.91,6.91,6.85,6.87,1053,723
20260514,6.91,6.91,6.79,6.83,1202,823
20260515,6.83,6.83,6.72,6.75,1672,1131
20260518,6.75,6.84,6.68,6.82,1034,701
20260519,6.85,6.91,6.81,6.82,653,448
20260520,6.82,6.88,6.78,6.86,599,408
20260521,6.88,6.94,6.87,6.91,1035,715
20260522,6.91,7,6.84,6.92,1658,1142
20260525,6.92,6.98,6.75,6.85,1905,1303
20260526,6.84,7.05,6.82,7.02,1737,1209
20260527,7.02,7.14,6.93,6.96,1571,1097
20260528,6.91,7.1,6.91,6.98,2194,1540
20260529,6.98,7.08,6.93,7.01,2379,1667
20260601,7.05,7.39,6.98,7.38,3222,2341
20260602,7.38,7.46,7.25,7.38,2390,1754
20260603,7.39,7.71,7.33,7.69,3704,2791
20260604,7.73,7.96,7.65,7.82,3538,2759
20260605,7.95,8.22,7.95,8.03,4615,3719
20260608,7.72,7.86,7.66,7.84,1799,1396
20260609,7.88,7.99,7.74,7.79,1430,1115
20260610,7.8,8.3,7.67,7.99,3628,2925
20260611,8.03,8.04,7.79,7.85,1728,1359
20260612,7.86,8.02,7.85,7.92,1167,923
20260615,7.99,7.99,7.89,7.95,618,490
20260616,7.99,7.99,7.86,7.87,845,666
20260617,7.95,8,7.9,7.95,1501,1193
20260618,7.98,8.17,7.95,7.95,1642,1320
20260622,8,8.05,7.9,8,1306,1041
20260623,8,8.03,7.88,7.92,957,757
20260624,7.99,7.99,7.88,7.94,697,552
20260625,7.97,8.02,7.88,7.94,951,756
20260626,7.94,7.99,7.9,7.9,954,757
20260629,7.89,8.1,7.89,8.05,1737,1393
20260630,8.18,8.29,8.07,8.14,2350,1915
20260701,8.14,8.24,7.96,7.98,2227,1795
20260702,7.98,8.09,7.91,8.09,1053,845
20260703,8.08,8.3,8.08,8.26,2563,2112
20260706,8.33,8.35,8.09,8.18,3976,3261
20260707,8.21,8.22,8.01,8.07,1441,1167
20260708,8.1,8.16,8,8.02,817,657
20260709,8.02,8.04,7.8,7.93,1147,909
20260713,7.93,7.96,7.82,7.84,700,550
20260714,7.86,7.86,7.64,7.71,1179,909
20260715,7.77,8.07,7.77,8.06,1313,1047
20260716,8.05,8.13,8.01,8.01,706,570
20260717,8.01,8.01,7.85,7.85,908,716
20260720,7.88,7.88,7.8,7.81,754,590
20260721,7.86,8,7.86,7.92,361,286
20260722,7.97,8.06,7.92,8.02,813,650
20260723,8.04,8.04,7.86,7.88,888,701
20260724,7.86,7.89,7.85,7.88,622,490
20260727,7.89,8.06,7.78,7.83,980,769
20260728,7.87,7.87,7.74,7.78,1090,847
20260729,7.81,7.83,7.57,7.68,1490,1145
20260730,7.67,7.73,7.63,7.64,635,486
20260731,7.73,7.75,7.7,7.7,666,514
20260803,7.7,7.7,7.63,7.66,492,377
20260804,7.66,7.68,7.62,7.68,412,315
20260805,7.68,7.75,7.63,7.66,540,414
20260806,7.67,7.72,7.63,7.72,302,232
20260807,7.72,7.82,7.72,7.72,453,351
20260810,7.82,7.83,7.74,7.81,531,414
20260811,7.81,7.83,7.7,7.78,556,430
20260812,7.89,7.91,7.85,7.91,824,649
20260813,7.92,7.92,7.7,7.71,935,724
20260814,7.78,7.78,7.68,7.71,297,229
20260817,7.73,7.76,7.7,7.73,288,223
20260818,7.7,7.83,7.7,7.8,438,340
20260819,7.84,7.84,7.77,7.79,193,150
20260820,7.8,7.88,7.8,7.84,370,290
20260821,7.86,7.92,7.83,7.85,937,737
20260824,7.82,7.85,7.77,7.77,469,365
20260825,7.77,7.8,7.69,7.73,916,707
20260826,7.75,7.79,7.72,7.77,792,613
20260827,7.78,7.81,7.75,7.77,426,331
20260828,7.73,7.76,7.71,7.74,374,289
20260831,7.74,7.76,7.71,7.73,475,367
20260901,7.72,7.75,7.71,7.73,521,403
20260902,7.72,7.77,7.72,7.74,436,337
20260903,7.78,7.79,7.73,7.79,918,712
20260904,7.8,7.8,7.74,7.77,441,342
20260907,7.84,7.84,7.72,7.72,295,228
20260908,7.72,7.76,7.69,7.74,936,723
20260909,7.74,7.8,7.71,7.76,565,439
20260910,7.76,7.77,7.73,7.73,302,234
20260911,7.73,7.77,7.7,7.74,290,224
20260914,7.73,7.74,7.68,7.72,441,340
20260915,7.73,7.74,7.64,7.67,632,484
20260916,7.7,7.72,7.65,7.68,256,196
20260917,7.68,7.74,7.67,7.71,283,218
20260918,7.8,7.83,7.49,7.49,994,758
