# date,open,high,low,close,lot,wan
20250814,37.55,37.6,37.5,37.55,16,60
20250815,37.4,37.4,37.4,37.4,10,37
20250818,37.5,37.5,37.45,37.5,12,45
20250819,37.5,37.5,37.25,37.4,13,49
20250820,37.5,37.5,37.5,37.5,1,4
20250821,37.7,37.7,37.7,37.7,1,4
20250822,37.8,37.8,37.35,37.35,5,19
20250825,37.25,37.3,37.25,37.3,2,7
20250826,37.3,37.3,37.3,37.3,10,37
20250828,37.4,37.4,37.35,37.35,6,22
20250829,38.15,38.15,37.75,37.8,10,38
20250901,37.9,37.9,37.85,37.85,2,8
20250903,37.65,37.65,37.65,37.65,1,4
20250904,37.5,37.55,37.5,37.55,4,15
20250905,37.8,37.8,37.55,37.55,4,15
20250908,37.5,37.5,37.45,37.45,3,11
20250909,37.45,37.45,37.35,37.35,19,71
20250910,37.5,37.5,37.1,37.35,29,108
20250911,37.35,37.35,37.3,37.3,4,15
20250912,37.25,37.25,37,37.1,7,26
20250915,37.1,37.1,37.1,37.1,1,4
20250916,37.15,37.15,37.15,37.15,3,11
20250917,37.25,37.5,37.25,37.45,9,34
20250918,37.5,37.7,37.5,37.7,9,34
20250919,37.8,37.8,37.5,37.7,5,19
20250922,37.45,37.7,37.1,37.15,23,86
20250923,37.25,37.5,37.2,37.5,18,67
20250924,37.5,37.5,37.25,37.25,2,7
20250925,37.5,37.5,37.5,37.5,4,15
20250926,37.2,37.5,37.1,37.5,7,26
20250930,37.45,37.45,37.45,37.45,1,4
20251001,37.45,37.45,37.4,37.4,4,15
20251002,37.4,37.4,37.4,37.4,2,7
20251003,37.4,37.4,37.25,37.25,12,45
20251007,37.25,37.25,37.25,37.25,18,67
20251008,37.25,37.25,37.25,37.25,3,11
20251009,37.25,37.25,37.2,37.2,76,283
20251013,37.1,37.1,37,37.05,30,111
20251014,37.05,37.05,36.9,36.9,67,248
20251015,36.9,36.9,36.85,36.9,63,232
20251016,36.9,36.9,36.8,36.8,21,77
20251017,36.85,36.85,36.85,36.85,16,59
20251020,36.8,37.2,36.8,37,179,661
20251021,37,37,36.9,36.9,20,74
20251022,36.9,37.1,36,37.1,29,107
20251023,37.1,37.5,37.05,37.5,23,86
20251027,37.5,37.6,37,37,10,37
20251028,37.5,37.75,37.2,37.5,14,52
20251029,37.85,37.85,37.2,37.2,4,15
20251030,37.25,37.4,37.2,37.2,12,45
20251031,37.5,37.85,37.2,37.2,8,30
20251103,37,37.4,36.95,37,12,45
20251104,37,37.35,36.5,36.7,8,30
20251105,36.9,37.15,36.9,37.15,11,41
20251106,37.2,37.25,36.8,36.85,8,30
20251107,36.85,37,36.85,37,3,11
20251110,37,37.3,36.5,37.2,18,67
20251111,38,38,37.75,37.75,4,15
20251112,37.9,37.9,37.5,37.7,11,42
20251113,37.8,38,37.7,38,45,170
20251114,37.95,38.5,37.95,38.5,36,137
20251117,38.5,38.5,37.6,37.95,7,27
20251118,37.65,38.05,37.5,37.75,26,98
20251119,37.5,37.75,37.5,37.75,5,19
20251120,38,38.05,37.85,37.95,18,68
20251121,37.6,37.6,37.5,37.55,6,23
20251124,37.75,38,37.75,37.9,15,57
20251126,37.8,38,37.8,38,9,34
20251127,37.75,37.75,37.7,37.75,4,15
20251128,37.85,37.85,37.8,37.8,2,8
20251201,37.65,38,37.5,37.85,7,26
20251202,37.85,38,37.8,38,7,27
20251203,38,38,37.7,38,9,34
20251204,38.2,38.2,38.2,38.2,2,8
20251205,38.4,38.4,38.3,38.4,9,35
20251208,38.5,38.5,38.4,38.4,3,12
20251209,37.65,38,37.6,38,4,15
20251210,37.75,38.4,37.7,37.95,9,34
20251212,37.75,37.75,37.25,37.75,13,49
20251215,37.25,37.5,37.25,37.3,8,30
20251216,37.4,37.4,37.3,37.3,5,19
20251217,37.3,37.3,37.1,37.2,8,30
20251218,37.2,37.2,37.2,37.2,10,37
20251219,37.15,37.2,36.95,37.05,13,48
20251222,37.05,37.1,37.05,37.1,7,26
20251223,37.1,37.1,37.05,37.05,3,11
20251224,37,37,36.95,37,3,11
20251226,37.1,37.1,37.1,37.1,3,11
20251229,37.25,37.25,37.25,37.25,1,4
20251231,37.3,37.3,37.05,37.1,8,30
20260102,37.1,37.15,36.6,36.8,29,107
20260105,36.8,36.95,36.8,36.9,9,33
20260106,37,37.3,37,37.2,31,115
20260107,37.2,37.2,37,37.05,26,96
20260108,37.5,37.5,37.05,37.1,18,67
20260112,37.1,37.25,37.1,37.2,9,33
20260113,37.2,37.6,37.2,37.35,37,138
20260114,37.6,38,37.5,37.8,30,113
20260115,37.8,37.8,37.3,37.35,21,79
20260116,37.65,37.7,37.45,37.55,41,154
20260119,37.55,37.55,37.25,37.55,17,64
20260120,37.55,37.6,37.3,37.6,29,109
20260121,37.5,37.5,37.25,37.5,17,64
20260122,37.35,37.5,37.2,37.35,42,157
20260123,37.35,37.55,37.25,37.45,50,187
20260126,37.65,37.7,37.65,37.65,19,72
20260127,37.65,37.7,37.5,37.65,19,71
20260128,38,38,37.6,37.65,21,79
20260129,37.8,37.9,37.8,37.9,8,30
20260130,38,39,38,38.4,111,428
20260202,38.95,38.95,38.45,38.65,78,302
20260203,39,39,38.75,38.85,86,334
20260204,38.9,40.2,38.9,39.45,82,324
20260205,39.6,40,39.2,39.85,76,301
20260206,39.95,40,39,39.95,139,554
20260209,40,40.2,39.5,39.55,170,679
20260210,39.95,39.95,39.65,39.7,96,382
20260211,39.7,39.7,39,39.15,207,812
20260223,37.15,37.15,35.1,36.15,281,1013
20260224,36.15,36.9,36.05,36.1,82,297
20260225,36.1,36.15,36.05,36.1,56,202
20260226,36.05,36.1,36.05,36.05,22,79
20260302,36,36,35.75,35.95,36,129
20260303,36,36,35.6,35.6,33,118
20260304,35.55,35.55,35.1,35.1,43,151
20260305,35.15,35.3,35.15,35.15,41,144
20260306,34.5,35.35,34.45,35.35,41,142
20260309,35,35,34.6,34.7,41,143
20260310,34.7,35,34.55,34.55,14,49
20260311,34.6,35.9,34.6,35.45,31,109
20260312,35.1,35.9,35.1,35.2,21,74
20260313,35.2,35.2,35.1,35.1,5,18
20260316,35.15,35.2,35,35.1,23,81
20260317,35.8,35.8,35.45,35.5,13,46
20260318,35.2,35.2,34.8,35.15,26,91
20260319,35.15,35.15,34.65,34.8,17,59
20260320,34.6,34.6,34.5,34.5,27,93
20260323,34.5,34.5,34.4,34.5,24,83
20260324,34.5,34.5,34.45,34.45,10,34
20260325,34.5,34.6,34.5,34.6,18,62
20260326,34.6,34.7,34,34.7,12,41
20260327,34.7,34.8,34.7,34.8,3,10
20260330,35.4,35.4,34.7,34.7,16,56
20260331,35,35,34.75,34.8,31,108
20260401,34.8,34.8,34.75,34.75,8,28
20260402,34.7,34.8,34.7,34.8,4,14
20260407,34.8,34.8,34.6,34.6,3,10
20260408,34.3,34.7,34.3,34.6,15,52
20260409,34.6,35.75,34.6,35,13,46
20260410,35,35,34.95,35,9,31
20260413,35,35,34.1,34.65,20,69
20260414,34.6,34.6,34.4,34.4,16,55
20260415,34.5,34.5,34.3,34.4,32,110
20260416,34.2,34.4,34.2,34.4,26,89
20260417,34.15,34.5,34.15,34.5,16,55
20260420,34.5,34.5,34.1,34.4,37,126
20260421,34.4,34.4,34.35,34.35,3,10
20260422,34.5,34.5,34.2,34.2,22,76
20260423,34.15,34.2,33.95,34.05,39,133
20260424,33.95,33.95,33.6,33.6,32,108
20260427,33.55,33.55,32.7,32.8,55,182
20260428,32.5,32.8,32.5,32.75,26,85
20260429,32.65,32.75,32.45,32.45,22,72
20260430,32.7,32.7,32.65,32.65,6,20
20260504,32.75,32.75,32.6,32.6,5,16
20260505,33,33,31.7,31.7,132,421
20260506,31.75,32,31.3,31.6,25,79
20260507,31.4,31.5,31,31.1,87,271
20260508,31.2,31.65,31.1,31.5,34,106
20260511,31.15,31.5,31.15,31.4,30,94
20260512,31.4,31.9,31.4,31.9,13,41
20260513,31.5,31.95,31.5,31.95,13,41
20260514,32.5,32.5,32,32,15,48
20260515,31.6,32,31.6,31.65,12,38
20260518,31.65,31.65,31.3,31.3,11,34
20260519,31.15,31.3,31.15,31.3,20,62
20260520,31.45,31.65,31.45,31.65,16,50
20260521,31.1,31.65,31.1,31.5,10,31
20260522,31.5,31.5,31,31.3,40,124
20260525,31.2,31.5,31.05,31.35,33,103
20260526,31.25,31.5,31.2,31.2,30,94
20260527,31.2,31.5,31.1,31.4,24,75
20260528,31.4,31.9,31,31,31,97
20260529,31.1,31.1,30.8,31,30,93
20260601,31,31,30.6,30.8,66,203
20260602,30.8,30.8,30.6,30.75,44,135
20260603,30.7,30.9,30.6,30.7,39,120
20260604,30.8,31.35,30.8,31.35,39,121
20260605,31,31.6,30.8,31.45,12,37
20260608,31.4,31.4,30.6,30.75,30,92
20260609,30.55,31.7,30.55,31,42,131
20260610,31,31,30.9,30.9,10,31
20260611,30.8,31.3,30.8,30.8,18,56
20260612,30.8,31,30.8,31,19,59
20260615,30.85,31.1,30.85,31,28,87
20260616,31.4,31.4,31,31,4,12
20260617,31.1,31.2,30.95,31.2,12,37
20260618,30.85,31.3,30.85,31.1,11,34
20260622,31.1,31.2,31.1,31.15,21,66
20260623,31.35,31.35,31.05,31.05,43,134
20260624,31.05,31.15,31,31.15,35,109
20260625,31.15,31.15,30.9,31.05,27,84
20260626,30.8,31.2,30.75,30.75,15,46
20260629,30.75,30.85,30.7,30.85,4,12
20260630,30.85,30.85,30.85,30.85,1,3
20260701,31,31,30.9,30.9,9,28
20260702,30.8,30.8,30.75,30.8,18,55
20260703,31,31,31,31,8,25
20260706,31,31,31,31,8,25
20260707,31,31,30.6,30.75,26,80
20260708,30.75,30.95,30.7,30.8,9,28
20260713,30.75,30.75,30.7,30.7,6,18
20260714,30.7,30.8,30.6,30.6,26,80
20260715,30.6,30.9,30.6,30.9,7,21
20260716,30.9,30.9,30.7,30.7,4,12
20260717,30.7,30.7,30.6,30.65,28,86
20260720,30.7,30.7,30.4,30.4,21,64
20260721,30.45,30.55,30.4,30.4,12,37
20260722,30.4,30.6,30.2,30.25,37,112
20260723,30.25,30.4,30.25,30.3,30,91
20260724,30.3,30.4,30.3,30.4,18,55
20260727,30.35,30.4,30.35,30.4,3,9
20260728,30.3,30.4,30.1,30.15,39,118
20260729,30.4,30.4,29.9,29.9,54,162
20260730,30.15,30.15,30.15,30.15,1,3
20260731,30.2,30.35,30.2,30.25,87,263
20260803,30.1,30.1,30.1,30.1,5,15
20260804,30.1,30.45,30.1,30.45,7,21
20260805,30.15,30.15,30,30.05,11,33
20260806,30.3,30.4,30.3,30.4,6,18
20260807,30.8,30.8,30.5,30.5,5,15
20260810,30.5,30.55,30.4,30.4,16,49
20260811,30.65,30.65,30.6,30.6,8,25
20260812,30.6,30.75,30.55,30.55,8,24
20260813,30.55,30.55,30.45,30.55,29,89
20260814,30.8,30.8,30.8,30.8,3,9
20260817,30.5,30.8,30.5,30.8,7,21
20260818,31,31,30.9,30.9,11,34
20260819,30.8,30.8,30.6,30.6,6,18
20260820,30.6,30.6,30.55,30.55,4,12
20260821,30.7,30.95,30.55,30.8,20,62
20260824,30.8,30.8,30.65,30.65,4,12
20260825,30.7,30.7,30.7,30.7,4,12
20260826,30.65,30.7,30.65,30.7,2,6
20260827,30.75,30.8,30.65,30.75,13,40
20260828,30.8,30.8,30.75,30.75,9,28
20260831,30.75,30.95,30.75,30.85,32,99
20260901,30.85,31,30.85,30.85,19,59
20260902,30.95,31,30.9,30.9,18,56
20260903,30.9,31.05,30.9,30.95,7,22
20260904,30.9,31.9,30.9,31.35,6,19
20260907,31.7,31.7,30.8,31.3,59,185
20260908,31.3,31.55,31.25,31.55,7,22
20260909,31.75,31.75,31.6,31.65,7,22
20260910,31.45,31.45,31.25,31.25,5,16
20260911,31.2,31.2,31,31.05,6,19
20260914,30.8,31.2,30.8,31.2,13,40
20260915,30.85,30.85,30.85,30.85,9,28
20260916,30.85,30.85,30.85,30.85,1,3
20260917,30.9,31.1,30.9,31.1,6,19
20260918,31.1,31.1,30.9,31.05,15,47
20260921,31.6,31.6,31,31.1,17,53
20260922,31,31,31,31,9,28
20260923,31,31.3,30.95,31,15,47
