# date,open,high,low,close,lot,wan
20250814,119,122.5,118,120.5,8702,105225
20250815,121,121,118,118,3659,43405
20250818,118,119.5,118,118.5,3473,41219
20250819,118.5,119.5,118,118.5,2747,32639
20250820,119,119.5,115,115,4445,51765
20250821,116.5,118,116.5,116.5,2217,25959
20250822,116.5,116.5,115,115,2228,25760
20250825,116.5,117.5,116.5,117.5,1848,21635
20250826,117,117,116,116,3917,45548
20250827,118,119,115.5,116,6214,72618
20250828,116,117,115,115.5,5649,65422
20250829,117,118.5,116.5,116.5,6682,78281
20250901,116.5,118,115,115,6768,78492
20250902,115.5,117,115.5,115.5,2987,34663
20250903,116.5,118,116,116,4368,50975
20250904,116.5,118,116.5,117,4060,47643
20250905,118,118,116,116.5,2878,33573
20250908,117.5,117.5,116.5,116.5,2520,29463
20250909,117,117.5,116.5,117,3065,35864
20250910,117,117,115.5,115.5,4591,53234
20250911,116,116,115,115.5,3849,44449
20250912,116,116,114,114.5,5271,60457
20250915,114.5,115.5,114.5,114.5,2586,29707
20250916,115,115,113,114.5,5962,67878
20250917,114,117,114,115.5,5478,63416
20250918,116.5,117.5,115.5,117,4716,55129
20250919,117,119.5,117,119.5,7842,93086
20250922,119.5,120,118,119,3145,37351
20250923,119,119.5,117.5,118,3892,45954
20250924,117.5,118.5,117,118,3781,44524
20250925,118,118.5,116,117,3783,44310
20250926,117,117,114.5,115,5081,58556
20250930,113.5,114,111,111.5,15209,170482
20251001,110.5,112.5,109.5,109.5,9668,106964
20251002,109.5,109.5,105,106,13897,148272
20251003,106,110.5,105.5,108,9219,100344
20251007,109,109,105,107.5,9636,103233
20251008,108,109.5,106.5,108.5,6669,72175
20251009,108.5,109,106.5,107,6504,69827
20251013,105.5,107,105,105.5,5714,60557
20251014,106.5,110.5,105.5,106.5,7061,76241
20251015,107,109.5,107,107.5,6170,66836
20251016,108,108.5,106,106,4662,49845
20251017,106.5,108,106,106,5342,56904
20251020,106.5,106.5,105,105,4374,46150
20251021,106,106,103,103,10723,111663
20251022,104,104.5,103,104,5075,52750
20251023,103.5,105,103,104.5,4183,43601
20251027,105.5,107,105,106,6099,64655
20251028,106,107,105.5,105.5,4644,49236
20251029,106,107,104,104.5,4446,46872
20251030,104,105,103,104.5,5370,55803
20251031,104,104,102.5,103,6490,66882
20251103,103,103,100.5,102,8937,90835
20251104,102,103,101.5,101.5,3439,35063
20251105,101,102,100,101.5,5648,57087
20251106,103,105,102.5,103.5,6221,64561
20251107,103.5,105,103,104,3885,40462
20251110,104,104,102.5,103,2794,28807
20251111,104.5,105.5,103.5,103.5,5427,56667
20251112,103,104.5,102.5,103.5,4264,44167
20251113,103.5,103.5,102.5,102.5,6221,63998
20251114,102,102.5,101,101.5,5155,52380
20251117,101.5,101.5,100,100.5,7435,74748
20251118,100,100.5,98.5,100,10776,107364
20251119,100,102,99.3,100,7070,70804
20251120,100.5,101.5,99.7,101.5,5665,57232
20251121,100.5,103,100,103,7831,79754
20251124,103.5,106,103,105,14507,151753
20251125,104,105,103.5,104.5,5951,61935
20251126,104.5,104.5,102.5,103.5,8429,86958
20251127,103,104,102,104,7687,79105
20251128,103,103.5,102,103,5089,52261
20251201,103,103.5,101,101.5,6025,61490
20251202,102.5,103,101.5,101.5,3757,38304
20251203,101.5,102,100.5,100.5,5836,58846
20251204,100,101,100,101,5030,50572
20251205,101.5,101.5,100.5,100.5,2350,23653
20251208,100.5,102,100,101,7347,74303
20251209,100.5,101,100,100.5,5208,52349
20251210,100.5,101.5,99.5,101.5,7379,74044
20251211,101.5,103,100.5,101.5,7267,73701
20251212,102,103.5,101.5,102,7853,80675
20251215,102,102.5,101,101.5,5541,56365
20251216,101,104.5,101,104.5,9853,101276
20251217,104,107.5,103.5,103.5,17469,183510
20251218,103.5,107,103.5,106.5,10837,114400
20251219,106,110,106,110,49514,541143
20251222,109.5,109.5,107,108.5,17150,185974
20251223,108.5,111,108.5,110.5,15807,173885
20251224,111,112.5,110.5,112,14166,158177
20251226,112,112,109.5,111.5,12376,137587
20251229,111.5,111.5,108,108.5,6848,74617
20251230,108,108.5,105.5,107.5,10579,112932
20251231,107.5,108,105.5,105.5,15896,168248
20260102,106.5,107.5,104,104,17836,187487
20260105,104,105.5,102.5,103,13064,135319
20260106,103,106.5,103,105.5,9203,97100
20260107,105.5,106.5,104.5,105,7281,76678
20260108,105,107,105,106,7194,76386
20260109,106,107,104,105,8426,88527
20260112,105,105.5,103.5,104,5891,61359
20260113,106,108.5,105,105.5,8713,92374
20260114,106,106,104.5,105,4069,42818
20260115,105.5,106.5,104,104.5,6203,64956
20260116,105,105.5,103.5,104,6333,66007
20260119,104,106,103.5,103.5,8517,88765
20260120,104.5,106,104,104.5,5882,61744
20260121,104,105.5,103.5,103.5,5603,58423
20260122,104.5,105.5,104.5,105,4201,44159
20260123,105,106,105,106,3444,36369
20260126,106,107,105,107,4803,51098
20260127,107,108,106,106,4908,52349
20260128,106.5,106.5,104,105,8171,85728
20260129,105,105.5,104,104,5539,57911
20260130,104.5,105.5,104,104,9192,95925
20260202,104.5,104.5,102,103,6123,62987
20260203,103,105,103,104.5,4714,49106
20260204,104,106,104,105,5480,57572
20260205,105,106,104.5,106,3308,34900
20260206,105.5,105.5,103.5,105,4630,48465
20260209,105.5,106,105,105.5,2313,24374
20260210,106,106,105,105.5,4756,50185
20260211,106,107.5,106,107,7240,77283
20260223,108,110,107.5,109,9979,108781
20260224,109.5,109.5,106,106.5,5895,63110
20260225,106,106.5,103.5,105.5,10565,110836
20260226,105.5,106,104,104,8595,89860
20260302,104,105,102.5,102.5,8202,84554
20260303,103,103.5,101.5,102.5,6027,61670
20260304,101,101.5,99.6,100,10414,104470
20260305,101,101.5,100,100,6206,62466
20260306,100,102.5,99.8,101,5787,58729
20260309,98.1,99.5,97.1,99.5,10375,102422
20260310,101.5,104.5,101,104,8292,85617
20260311,104.5,105,103,103.5,4281,44415
20260312,102.5,102.5,101.5,101.5,5451,55455
20260313,100.5,103,100.5,102,7182,73362
20260316,103,107,103,105.5,12355,130440
20260317,105.5,106.5,105,105.5,2953,31209
20260318,106.5,108,106.5,107.5,6588,70588
20260319,106.5,107,105.5,106,4175,44299
20260320,105.5,106.5,105,106.5,5377,57080
20260323,105,105,103.5,104.5,4372,45648
20260324,105.5,106,103.5,104.5,4935,51670
20260325,106,107,105,107,4908,52186
20260326,108.5,109.5,107.5,109,8909,97038
20260327,108.5,113.5,108.5,113,16038,178411
20260330,110.5,112,110,111,9990,110769
20260331,112,113,109,109.5,10271,113981
20260401,111,111,108.5,109,5546,60630
20260402,109.5,109.5,106.5,107.5,4783,51403
20260407,107.5,108.5,106.5,108.5,7613,81975
20260408,109,110,108.5,109.5,3776,41222
20260409,109,109.5,108,108.5,4924,53553
20260410,108.5,109.5,107,107,4644,50091
20260413,108,110.5,108,110,8186,89546
20260414,111,114,110.5,113,13313,150341
20260415,113.5,117.5,113.5,116.5,12198,141858
20260416,118,118.5,115,116.5,9335,108561
20260417,117,118,116,118,6783,79660
20260420,118.5,121,116.5,120,13299,158418
20260421,121,121,117.5,117.5,9628,114037
20260422,118,121,117.5,121,12928,155089
20260423,120,121,118,121,10738,128687
20260424,122,123,120.5,121.5,12125,147595
20260427,120.5,121,116,116,7683,90405
20260428,116,118,115,118,4107,48052
20260429,116.5,119,116,118.5,6860,80602
20260430,117.5,118.5,115,115.5,4947,57411
20260504,116.5,116.5,113.5,115,6193,70989
20260505,115.5,115.5,114,115,4125,47384
20260506,115.5,117,115,116,4647,53897
20260507,116,117,114.5,114.5,5844,67241
20260508,115.5,115.5,110.5,112.5,11386,127141
20260511,112,113,111,112,6063,67814
20260512,111.5,112,109,109.5,10669,117179
20260513,111,111,107,107.5,8685,93903
20260514,107.5,109.5,107.5,108,5813,62876
20260515,108.5,109.5,106,106,8390,90206
20260518,106.5,112,106,110,15439,169739
20260519,110,111.5,109.5,110,6141,67862
20260520,111.5,112.5,111,111,9406,104782
20260521,111.5,113,110,112,8456,94828
20260522,112,113.5,111,111,10269,114960
20260525,111.5,111.5,109,109,9985,109545
20260526,108.5,110,107,107,10386,112448
20260527,108,109.5,107,107,10110,108908
20260528,108.5,110.5,107,107,13676,148113
20260529,108,109.5,107,107.5,15423,166612
20260601,108.5,110,107.5,108.5,10457,113678
20260602,108.5,115,108,114.5,24973,282594
20260603,116,119,114,117.5,26064,305792
20260604,118,120.5,117,119,24881,295975
20260605,119,119.5,116,118,21924,258128
20260608,113.5,118,112,115.5,19019,219313
20260609,115.5,121,114.5,119.5,17570,208926
20260610,118.5,121,116.5,119.5,18918,225679
20260611,118,123,117.5,123,20794,249677
20260612,122,122,119.5,121.5,10461,126324
20260615,122.5,122.5,117,118.5,10846,128828
20260616,118.5,118.5,114,116.5,14095,162712
20260617,117,117,114,115,6192,71200
20260618,115,116.5,114,114,16135,184483
20260622,116,119,116,118,13014,153024
20260623,117.5,118,115,115,5555,64479
20260624,115,116,113.5,113.5,7682,87782
20260625,114.5,116.5,114,115.5,7010,81165
20260626,114.5,114.5,113,113.5,9919,112871
20260629,115,116,114.5,115,6604,76164
20260630,115.5,117.5,115,117.5,13240,154737
20260701,116.5,116.5,114,114.5,8931,102655
20260702,114,116.5,113.5,115.5,7806,90059
20260703,114.5,117,114.5,116.5,5774,67117
20260706,117,118,115.5,115.5,5271,61293
20260707,115.5,116,114,114,5706,65352
20260708,115,116,114,115.5,4271,49083
20260709,115.5,116.5,114.5,114.5,5600,64542
20260713,116,117.5,115.5,116.5,9489,110806
20260714,117,118.5,115.5,118,7945,92887
20260715,118,119.5,116.5,119,8470,100143
20260716,118.5,121,118.5,120.5,9307,111939
20260717,120,121.5,119,119.5,10605,127339
20260720,120.5,122.5,118,122.5,16697,201945
20260721,121.5,123.5,120,123.5,13602,166396
20260722,123,124.5,121,123,12461,152577
20260723,123,123,118,120.5,13558,162581
20260724,119,120.5,119,120,4996,59748
20260727,120,120,119,120,5661,67808
20260728,120,121.5,119,120,15082,181435
20260729,112,114.5,110.5,112.5,14801,165898
20260730,112.5,112.5,109.5,110.5,11056,122354
20260731,113.5,114,111.5,111.5,7130,79982
20260803,111,113.5,110.5,113,5992,67191
20260804,112,112.5,111,111.5,5027,56165
20260805,112.5,113,111,112,5408,60549
20260806,111,111.5,109,109,7375,80911
20260807,109.5,110,109,109,2479,27112
20260810,110,110,108,109,5712,62122
20260811,110,116,110,115.5,12261,138983
20260812,115,115.5,113,113.5,4338,49419
20260813,114,114.5,112.5,114,3916,44530
20260814,114.5,114.5,111,111.5,6886,76992
20260817,111.5,112,108.5,108.5,8024,87929
20260818,109,109.5,108.5,109.5,3353,36568
20260819,108.5,110,108.5,109.5,2897,31699
20260820,110,112,109.5,111.5,4701,52305
20260821,111.5,115.5,111.5,115.5,9433,107719
20260824,115,117,114,115.5,5095,58540
20260825,115,115,112.5,115,5412,61757
20260826,115,117.5,113.5,117,6833,79395
20260827,117,117,114,114.5,4458,51181
20260828,117,117,113,113,5488,62518
20260831,113,117,111.5,117,14495,167248
20260901,115,115,112,114,13952,157933
20260902,113.5,114,112,113,5020,56614
20260903,112.5,113,111.5,111.5,7218,80922
20260904,112.5,112.5,111,111.5,4553,50787
20260907,112.5,113.5,111.5,112.5,4854,54599
20260908,113,115,113,115,9699,110862
20260909,114,114,112,112,7831,88046
20260910,112,113,112,112.5,3590,40353
20260911,111.5,112,111,111.5,3659,40745
20260914,111,114,111,113.5,5931,66916
20260915,113,114,111.5,111.5,4767,53453
20260916,112,113,111.5,112.5,4688,52671
20260917,112.5,112.5,111.5,112,3409,38185
20260918,113,113,111,112,8034,89854
20260921,112,112,110.5,110.5,8499,94198
20260922,111,111,108,108,14871,162181
20260923,108,108.5,107,108,10558,113704
