# date,open,high,low,close,lot,wan
20250814,21.5,22,21.5,21.85,8691,18975
20250815,21.9,22.15,21.75,22.15,5452,11994
20250818,22.15,22.25,22.05,22.2,3372,7469
20250819,22.1,22.2,22,22.15,2997,6627
20250820,22,22.2,21.6,21.65,7598,16540
20250821,21.7,21.95,21.7,21.85,2738,5987
20250822,21.8,21.85,21.6,21.6,3410,7390
20250825,21.85,21.95,21.7,21.9,2707,5921
20250826,21.9,21.95,21.6,21.6,3469,7534
20250827,21.7,22,21.65,21.8,4917,10750
20250828,21.8,22.1,21.7,21.8,4145,9084
20250829,22,22,21.75,21.8,6979,15258
20250901,21.7,21.9,21.5,21.6,5687,12323
20250902,21.65,21.95,21.65,21.85,4730,10323
20250903,21.85,22.1,21.85,22.05,4350,9576
20250904,22.05,22.45,22.05,22.4,5727,12779
20250905,22.55,22.65,22.35,22.55,5162,11627
20250908,22.55,22.7,22.5,22.5,3936,8881
20250909,22.7,23.1,22.65,23.05,8901,20480
20250910,23.25,23.8,23.2,23.7,10775,25392
20250911,23.85,24.1,23.5,23.8,12833,30558
20250912,23.95,24.65,23.85,24.55,10761,26227
20250915,24.55,24.6,24.35,24.45,5459,13372
20250916,24.45,24.45,23.9,23.9,9047,21769
20250917,23.85,23.9,23.25,23.35,9631,22652
20250918,23.55,23.85,23.5,23.8,4741,11235
20250919,23.8,23.85,23.55,23.6,5268,12463
20250922,23.65,24,23.6,23.95,3992,9524
20250923,24,24.2,23.9,24,4137,9945
20250924,24.2,24.5,24.15,24.3,6606,16070
20250925,24.35,24.45,24.1,24.4,5879,14301
20250926,24.3,24.35,23.85,24.35,7267,17520
20250930,24.45,24.85,24.4,24.65,5097,12552
20251001,24.8,24.8,24.35,24.5,5677,13907
20251002,24.65,24.8,24.5,24.65,6664,16435
20251003,24.75,25.5,24.65,25.25,10506,26446
20251007,25.5,26,25.45,25.55,11069,28514
20251008,25.15,25.65,25.1,25.35,5689,14443
20251009,25.5,25.6,25.05,25.1,6327,15972
20251013,24.55,25.05,24.4,24.9,7513,18626
20251014,25,25.25,24.45,24.5,7483,18546
20251015,24.55,24.6,24.15,24.55,6496,15845
20251016,24.65,24.9,24.6,24.75,4298,10651
20251017,24.6,24.9,24.6,24.85,4463,11073
20251020,24.85,25.15,24.45,25.1,8607,21417
20251021,25,25.35,25,25.15,5753,14486
20251022,25.1,25.35,25.05,25.25,4723,11901
20251023,25.1,25.1,24.8,25.05,5350,13376
20251027,25.3,25.35,24.95,25.3,5604,14128
20251028,25.3,25.4,25.15,25.15,2633,6640
20251029,25.2,25.4,25.1,25.1,3173,7986
20251030,25.05,25.15,24.4,24.65,8557,21088
20251031,24.65,24.75,24.25,24.45,4834,11837
20251103,24.55,24.65,24.4,24.5,2553,6262
20251104,24.6,24.9,24.35,24.4,3079,7560
20251105,24.3,24.3,24,24.1,5441,13125
20251106,24.3,24.5,24.2,24.3,3312,8064
20251107,24.4,24.75,24.35,24.4,4428,10864
20251110,24.35,24.75,24.1,24.65,6569,16078
20251111,24.75,24.75,24.3,24.3,3892,9544
20251112,24.45,24.8,24.45,24.65,5331,13149
20251113,24.75,24.8,24.65,24.7,2154,5324
20251114,24.6,25.3,24.45,24.8,13066,32676
20251117,24.95,24.95,24.5,24.6,4905,12094
20251118,24.5,24.6,24,24.1,6538,15801
20251119,24.25,24.45,24.1,24.35,3256,7916
20251120,24.5,25.2,24.4,25.1,9168,22858
20251121,24.8,25.05,24.6,24.7,6086,15088
20251124,24.75,25.05,24.55,25.05,4795,11936
20251125,25.15,25.2,24.9,25.2,4878,12251
20251126,25.2,25.4,25.05,25.3,4235,10706
20251127,25.25,25.4,24.95,25.25,4730,11887
20251128,25.3,25.45,25.25,25.4,3456,8762
20251201,25.4,25.65,24.85,25.1,5558,13957
20251202,25.05,25.25,24.9,25.25,3511,8819
20251203,25.4,25.4,24.95,25.15,2985,7486
20251204,25.05,25.4,25.05,25.4,3028,7659
20251205,25.4,25.4,24.8,24.9,5511,13728
20251208,24.9,25.05,24.75,24.9,2240,5577
20251209,25.05,25.45,25.05,25.25,6846,17303
20251210,25.3,25.35,24.9,24.95,3452,8643
20251211,25.1,25.1,24.75,24.85,4076,10121
20251212,24.95,25.05,24.8,24.8,2142,5337
20251215,24.75,25.1,24.6,25.1,5541,13796
20251216,25.05,25.15,24.8,24.8,9288,23150
20251217,24.95,25.1,24.05,24.15,23452,57593
20251218,24.3,24.8,24.25,24.75,14394,35472
20251219,24.9,25.15,24.7,24.85,12660,31603
20251222,24.95,25.05,24.5,24.5,15021,36985
20251223,24.5,24.6,24.3,24.35,10900,26642
20251224,24.5,24.5,24.2,24.2,12686,30799
20251226,24.2,24.25,24.05,24.05,13263,31961
20251229,24.1,24.2,23.95,24,7510,18048
20251230,24,24.1,23.85,23.9,4371,10463
20251231,24,24.15,23.9,23.95,6240,14956
20260102,24.1,24.1,23.85,23.85,4837,11565
20260105,24,24.3,23.95,24.1,10579,25539
20260106,24.25,24.9,24.25,24.75,16985,41922
20260107,24.9,25.25,24.85,25.25,13144,32983
20260108,25.35,27.4,25.35,27.1,44291,118550
20260109,27.15,27.2,26.05,26.8,16409,43667
20260112,27,27.05,26.55,26.65,7326,19568
20260113,26.8,27.4,26.4,27,12796,34468
20260114,27,27.35,26.85,27.35,9585,26076
20260115,27.35,27.6,27.1,27.35,12080,33144
20260116,27.45,28.4,27.3,28,15939,44511
20260119,28,29,27.85,28.45,13372,37986
20260120,28.4,28.4,27.85,27.9,8232,23107
20260121,27.7,27.85,27.35,27.6,8757,24161
20260122,28,28.75,27.9,28.4,11060,31463
20260123,28.55,29.05,28.5,28.55,8277,23748
20260126,28.55,29,28.55,29,5834,16840
20260127,29.1,29.2,28.85,29,5732,16632
20260128,29.1,30,28.85,29.7,9569,28150
20260129,29.85,32,29.6,30.45,17580,53792
20260130,30.55,30.75,29.55,29.7,11315,33842
20260202,29.65,29.65,28.8,28.95,6892,19988
20260203,29.4,29.6,28.5,28.7,7625,22074
20260204,28.55,29.15,28.55,28.95,5401,15602
20260205,29.95,30.3,28.5,28.7,13536,39220
20260206,28.5,28.5,27.75,27.85,9088,25448
20260209,28.95,29.3,28.5,28.8,6791,19595
20260210,29,29.1,28.65,28.8,3733,10773
20260211,29,29.5,28.8,29.3,8457,24725
20260223,29.65,31.35,29.6,30.55,19366,59020
20260224,30.55,30.95,29.9,30.9,12375,37712
20260225,31.05,31.6,30.75,31.25,10456,32618
20260226,31.55,32.2,31.55,32.1,9713,31050
20260302,31,31.65,30.65,30.7,14422,44766
20260303,30.5,30.95,30.2,30.75,6284,19199
20260304,30.2,30.35,29.15,29.3,12875,37998
20260305,30.15,30.5,29.9,30.3,6886,20832
20260306,30,30.3,29.85,30,3670,11003
20260309,28.15,28.5,27.55,28.1,14249,39886
20260310,28.9,29.05,27.6,27.75,12703,35694
20260311,28.05,28.65,27.75,28.35,9991,28307
20260312,28.2,28.35,27.7,27.8,8585,23956
20260313,27.35,27.95,27.3,27.8,4948,13694
20260316,27.85,28.15,27.5,27.65,7356,20376
20260317,27.9,28.45,27.85,28.45,9382,26502
20260318,28.85,29.6,28.7,29.2,10178,29703
20260319,28.9,28.9,27.8,27.95,15931,44769
20260320,28.1,28.25,27.85,27.85,6426,17994
20260323,27.35,27.65,27.1,27.2,9418,25714
20260324,27.55,27.65,27.1,27.55,5197,14243
20260325,28.05,28.3,27.8,28.2,7217,20295
20260326,28.3,28.45,27.95,28.15,3487,9829
20260327,27.75,28.6,27.75,28.5,4656,13139
20260330,28,28.15,27.65,27.7,6401,17836
20260331,27.6,27.9,27.3,27.4,5850,16082
20260401,27.9,28.15,27.75,28.15,4161,11651
20260402,28.2,28.25,27.65,27.75,3418,9514
20260407,27.85,28.4,27.8,28.15,3883,10928
20260408,28.45,29.3,28.3,29.15,12751,36875
20260409,29.15,29.15,28.25,28.3,7762,22079
20260410,28.4,28.65,28.35,28.6,7682,21895
20260413,28.65,28.9,28,28.25,15622,44208
20260414,28.45,28.45,27.9,27.95,17568,49286
20260415,28,28.3,27.65,28.1,15615,43650
20260416,28,28.25,27.9,28,11475,32106
20260417,27.95,27.95,27.5,27.6,18184,50208
20260420,27.65,28.2,27.4,28.2,15003,41887
20260421,28.3,28.4,27.8,28.1,17053,47918
20260422,28.1,28.35,27.85,28.2,14381,40489
20260423,28.25,28.8,27.8,28.05,28820,81235
20260424,28.2,28.45,28.1,28.25,22315,63101
20260427,28.4,28.55,27.95,27.95,17049,48202
20260428,28.05,28.4,27.95,28,10134,28507
20260429,28.1,28.2,27.95,28.1,9667,27128
20260430,28.15,28.35,28,28.05,13406,37709
20260504,28.2,29.25,28.2,29,29461,85147
20260505,29.1,30.25,29.05,29.7,24088,71638
20260506,30.5,30.75,29.8,30,32590,98392
20260507,30.45,31.8,30.25,31.15,31461,97722
20260508,31.5,31.6,30.3,30.55,26522,81532
20260511,30.6,32.6,30.6,32.25,25925,83145
20260512,32.4,32.9,31.3,31.7,19681,62795
20260513,31.7,32,31.2,32,11690,37149
20260514,32.1,32.75,31.45,31.6,13161,41982
20260515,31.75,32.35,31.15,31.25,12913,41024
20260518,31.1,31.15,30.2,30.55,12777,39002
20260519,30.5,31.05,30.35,30.65,8543,26203
20260520,30.6,30.95,30.4,30.6,5232,16006
20260521,30.95,31.75,30.9,31.6,10443,32776
20260522,31.5,32,31.3,31.9,8227,26027
20260525,32.25,32.75,32.1,32.7,11901,38691
20260526,32.85,33.4,32.5,33.05,11584,38170
20260527,33.35,35.25,33.25,35,21540,74781
20260528,35.85,37.2,35.05,36,25049,90378
20260529,36.8,38.5,36.5,38.5,17154,64616
20260601,39.5,40.3,38.35,39.6,20436,80838
20260602,39.55,41.25,39,41.25,21818,87752
20260603,41.7,45.35,41.4,44.7,46972,208824
20260604,44.55,44.55,41.45,42.45,48237,205492
20260605,42.1,45.55,41.8,45.05,35592,156734
20260608,41.05,42,40.55,40.55,32310,131869
20260609,40.35,41.25,38,40.65,36902,147258
20260610,40.4,40.4,38,38.25,32126,124633
20260611,37.35,38.55,36.85,38.3,24467,92503
20260612,39.7,39.9,38.9,39,14134,55579
20260615,40.45,41,40,40.05,15345,62111
20260616,41,41.1,39.7,39.75,18182,73191
20260617,39.25,40.35,39.15,39.45,15937,63081
20260618,39.45,40.2,39.35,39.65,20146,80147
20260622,40.2,40.35,39.65,39.8,16940,67563
20260623,39.9,40.3,39.55,39.75,15260,60798
20260624,39.4,39.4,38,38.55,21763,83934
20260625,38.65,39.2,38.5,38.8,10155,39328
20260626,38.5,39,37.65,37.8,14233,54229
20260629,38.3,38.35,37.5,37.55,10066,38007
20260630,37.95,38.35,37.75,38.25,7506,28566
20260701,38.8,39,37.65,37.65,11283,42885
20260702,37.65,37.8,37.05,37.35,8384,31265
20260703,37.3,38.3,37.2,38.15,8477,32250
20260706,38.5,39.45,38.4,38.45,10096,39214
20260707,38.8,39.65,37.85,38.05,14488,56104
20260708,38.05,38.1,36.15,36.25,20952,77105
20260709,36.4,36.5,35.85,36.4,7499,27122
20260713,36.15,36.8,35.05,35.35,11541,41191
20260714,35.5,35.5,33.55,34.1,13011,44471
20260715,34.5,34.75,34.35,34.4,4953,17112
20260716,34.25,34.8,34.1,34.65,3993,13808
20260717,34,34.1,33,33,14506,48451
20260720,33.4,33.6,32.35,32.8,12635,41507
20260721,33.2,33.95,33.1,33.6,10040,33776
20260722,34,34.85,34,34.15,9998,34405
20260723,34.5,34.8,34.25,34.45,10131,34938
20260724,34.35,35.05,34.25,34.8,6713,23323
20260727,35,35.65,34.8,35.6,8534,30032
20260728,35,35,33.6,33.7,13591,46175
20260729,33.9,34,32.1,32.85,12981,42611
20260730,32.75,33.35,32.15,32.75,6889,22558
20260731,34.15,34.6,33.75,34.2,9723,33323
20260803,33.95,34.95,33.45,34.55,7725,26627
20260804,34.05,35.2,34.05,34.85,7340,25494
20260805,35.5,35.9,34.85,34.85,9430,33245
20260806,34.7,34.9,34.1,34.55,6944,23884
20260807,34.45,34.65,33.7,33.85,12262,41816
20260810,34,34.1,33.3,33.8,16285,55010
20260811,29.85,30.2,29.6,30,13138,39360
20260812,30.1,30.8,30.05,30.6,9097,27660
20260813,30.85,31.3,30.6,30.6,7636,23530
20260814,30.8,31.35,30.6,30.9,5593,17296
20260817,30.9,30.9,30.35,30.55,5747,17536
20260818,30.45,30.7,30.4,30.5,4758,14531
20260819,30.3,30.4,30.05,30.2,4854,14668
20260820,30.45,30.6,30.05,30.35,4451,13487
20260821,30.35,30.9,30.2,30.65,3693,11329
20260824,30.65,30.85,30.25,30.25,3708,11266
20260825,30.15,30.45,29.95,30.35,3198,9674
20260826,30.4,31.05,30.4,30.7,3934,12115
20260827,30.75,31.35,30.75,31.1,5158,16063
20260828,31.2,31.7,31.2,31.45,4727,14876
20260831,31.4,31.45,31,31,8117,25236
20260901,31.15,32.1,31.15,32.05,9193,29245
20260902,31.6,32.15,31.6,32,4901,15633
20260903,32,32.95,32,32.35,8491,27597
20260904,32.6,32.8,32.35,32.75,4227,13782
20260907,33.1,33.2,32.4,32.7,5263,17186
20260908,32.9,32.95,32.45,32.65,4009,13095
20260909,32.6,32.6,32.1,32.2,5093,16461
20260910,32,32.15,31.6,31.6,5068,16128
20260911,31,31.75,30.9,31.5,4322,13539
20260914,31.4,32.15,31.05,32.1,3957,12533
20260915,31.85,31.85,31.1,31.1,9480,29621
20260916,31.1,31.45,30.85,30.85,9756,30291
20260917,31.05,31.55,30.95,31.3,6322,19819
20260918,31.5,31.6,31.2,31.5,10228,32142
20260921,31.65,32.5,31.6,32.25,10749,34505
20260922,32.6,33.1,32.25,32.4,10840,35457
20260923,32.6,33,32.4,32.55,6495,21256
20260924,32.3,32.45,31.9,32,6339,20325
