# date,open,high,low,close,lot,wan
20250814,398,400,393,396,387,15348
20250815,394,396.5,392.5,396.5,374,14775
20250818,396.5,399,395.5,398.5,303,12030
20250819,399.5,399.5,392,392,310,12200
20250820,392,392,383,384.5,360,13878
20250821,385,391.5,385,389,283,10980
20250822,389,391.5,385.5,385.5,255,9870
20250825,388,392.5,386.5,389.5,331,12876
20250826,390,391,387,388,434,16862
20250827,392,395.5,392,393.5,255,10047
20250828,394,396.5,391.5,391.5,209,8234
20250829,396,401,391,394.5,542,21386
20250901,397,397,385.5,391.5,401,15606
20250902,395.5,395.5,382.5,384,401,15479
20250903,387,387,381,381,250,9550
20250904,383,385,380.5,381,194,7412
20250905,384,390,382,388,268,10382
20250908,387,391.5,384,387,349,13470
20250909,385.5,386,381,381,415,15861
20250910,385,389,380,380,643,24610
20250911,381,383,373,373,689,26005
20250912,378,378,374.5,375,399,14992
20250915,377.5,378,370,370,329,12247
20250916,371,372,365.5,370,566,20846
20250917,370.5,372,368,368,379,13997
20250918,371,373,369.5,371.5,201,7468
20250919,371.5,374,370,370,366,13574
20250922,370,373,370,370,181,6716
20250923,371,373.5,370,370,291,10810
20250924,372,377,370.5,370.5,486,18139
20250925,372,372.5,366.5,366.5,592,21822
20250926,367.5,368,362,365,453,16497
20250930,366.5,371,366.5,370,253,9346
20251001,371,373,369.5,369.5,227,8411
20251002,370.5,373,369.5,370,346,12854
20251003,370,374,369,371,304,11311
20251007,372,378,372,373,621,23301
20251008,376,377,373,373,295,11057
20251009,374,379,374,376,306,11528
20251013,365.5,372,365.5,370,311,11510
20251014,374.5,375,363.5,363.5,352,12975
20251015,367,368,365,367.5,204,7484
20251016,368,371,368,368,239,8820
20251017,368,371,364.5,364.5,308,11291
20251020,367.5,370,366.5,366.5,243,8945
20251021,368,371.5,365,365,338,12410
20251022,364.5,370,364,365,444,16313
20251023,368,368.5,364,365,294,10738
20251027,368,368,361,361,379,13762
20251028,362,362,357,357,574,20569
20251029,359,362,357,357.5,380,13610
20251030,358,359,353.5,353.5,515,18280
20251031,354,357,350.5,350.5,833,29386
20251103,355,356.5,349,353.5,726,25641
20251104,357.5,358.5,352.5,352.5,349,12388
20251105,350.5,357.5,348,354,405,14293
20251106,357.5,365,357.5,363,540,19567
20251107,360,360.5,353.5,354.5,458,16305
20251110,355.5,357.5,353.5,357.5,256,9106
20251111,361.5,365.5,360,363.5,830,30105
20251112,365,365,352.5,352.5,977,34762
20251113,352,352,346,349,820,28597
20251114,349,351,343,346,658,22833
20251117,346.5,348.5,343.5,345.5,409,14122
20251118,345.5,349,342,343,510,17588
20251119,343,343.5,338,339.5,935,31824
20251120,342.5,347.5,342.5,344.5,369,12738
20251121,343,353.5,342,353,959,33506
20251124,354,354,339,339,1061,36324
20251125,340.5,342.5,338,338.5,445,15102
20251126,341,342.5,339.5,339.5,430,14640
20251127,342,344.5,341,344.5,409,14021
20251128,345,347.5,343,343,664,22917
20251201,345.5,349.5,343.5,347,568,19641
20251202,348,351.5,345,345,536,18630
20251203,348.5,349,345,346,372,12895
20251204,346,348,344.5,345,421,14560
20251205,345,350.5,345,350.5,345,12029
20251208,352,356.5,348.5,354,904,31976
20251209,354,362.5,353.5,362.5,598,21527
20251210,363,367,363,366,493,17994
20251211,366.5,368.5,365,367.5,567,20823
20251212,369,369,363,363.5,445,16224
20251215,360.5,365.5,358,360,759,27438
20251216,361,361.5,357,361.5,736,26464
20251217,352,359.5,350.5,357,1053,37418
20251218,357,365,357,365,1038,37581
20251219,368,368,361,364,881,32004
20251222,365.5,368.5,364,368.5,678,24882
20251223,367,369.5,361,365.5,379,13805
20251224,364.5,366,361.5,366,408,14824
20251226,367.5,367.5,362.5,365.5,893,32494
20251229,365.5,368,363,363,983,35902
20251230,363.5,364.5,358,364,861,31054
20251231,361.5,364.5,359,359,1404,50709
20260102,362.5,362.5,351.5,352,1166,41177
20260105,352.5,359.5,350,357.5,1282,45514
20260106,358.5,358.5,353,354,1215,43075
20260107,352.5,361.5,350.5,361,1270,45318
20260108,361,367,358,365,761,27734
20260109,364,367.5,361.5,365,704,25745
20260112,365.5,367,360.5,361,652,23613
20260113,362,362.5,354,361,900,32317
20260114,361.5,371,361.5,367.5,1268,46612
20260115,367,367.5,358,358.5,696,25147
20260116,364,364,356,356,461,16471
20260119,357,360.5,353,353,568,20243
20260120,355.5,357.5,353.5,357,435,15485
20260121,357,357,352.5,352.5,517,18310
20260122,356,356,351.5,354,454,16055
20260123,357,358.5,351.5,354,609,21520
20260126,355.5,355.5,346.5,346.5,883,30814
20260127,347.5,348.5,344,345,856,29561
20260128,345.5,350.5,345.5,346,682,23652
20260129,346.5,347.5,343,343,846,29205
20260130,343,347.5,339.5,345.5,1191,40861
20260202,346,350,343,345,594,20559
20260203,348,349.5,344.5,346.5,393,13608
20260204,348,351,347,349,486,16970
20260205,348,350.5,342.5,342.5,426,14722
20260206,340,340,334.5,339.5,569,19175
20260209,344,344,332,332.5,801,26806
20260210,333,335,328.5,329,582,19214
20260211,330,332,328,329.5,534,17601
20260223,330,342,329.5,338.5,875,29572
20260224,337,345,337,342.5,540,18531
20260225,346,346.5,339,339,369,12577
20260226,342.5,343,333,333,1028,34529
20260302,330,335.5,329.5,332,509,16937
20260303,330,331.5,323,323.5,671,21869
20260304,322,322.5,311,312,835,26289
20260305,319,323,319,320,530,17028
20260306,321,324,318.5,320.5,415,13351
20260309,310,315,303,312,668,20868
20260310,327,337.5,325,330.5,897,29770
20260311,332.5,344,329,344,1094,37153
20260312,340,352,340,352,1345,46872
20260313,346,352,346,352,481,16829
20260316,352,352,347,347.5,352,12260
20260317,350,356,347.5,355,835,29486
20260318,355,355.5,352.5,354,326,11536
20260319,350.5,354.5,348.5,350.5,651,22848
20260320,350.5,353.5,349,352,1645,57890
20260323,344,349.5,341,343,511,17586
20260324,347.5,354,345.5,347,429,14960
20260325,349,350.5,344.5,347,360,12525
20260326,349,349.5,344,348,182,6316
20260327,348,348,342,342,261,8961
20260330,339,344,339,340,205,6995
20260331,341,341,333,333,515,17312
20260401,341.5,348,341,347.5,359,12415
20260402,347.5,347.5,340.5,340.5,162,5540
20260407,344,345.5,339.5,342,291,9966
20260408,345.5,348.5,344.5,348,310,10756
20260409,345.5,348.5,345.5,346.5,266,9231
20260410,347,352.5,347,352.5,347,12168
20260413,353,353,346,351,276,9654
20260414,353,354.5,350.5,351,475,16701
20260415,353,354.5,350,350,545,19202
20260416,352.5,354,348,348.5,495,17310
20260417,352,352.5,348,348.5,465,16274
20260420,352,356.5,348.5,356,641,22672
20260421,358,360,354.5,360,719,25765
20260422,361,376.5,360.5,373.5,1182,43908
20260423,377,379.5,359,364,1141,41952
20260424,364,371.5,362,370.5,792,29093
20260427,372,373.5,366.5,367.5,403,14871
20260428,367.5,370,359.5,359.5,629,22845
20260429,359.5,364,359,364,303,10987
20260430,365,365,357.5,357.5,594,21354
20260504,361,362,353.5,357.5,547,19591
20260505,357.5,363.5,355.5,362.5,395,14229
20260506,367,367,356.5,363,750,27089
20260507,364.5,374.5,362,371,923,34192
20260508,371.5,393,371.5,390,2612,101473
20260511,390,398.5,387,394,1503,59138
20260512,391.5,391.5,378,382,1630,62552
20260513,381,385.5,380,380,588,22490
20260514,381,384.5,370.5,372.5,932,34876
20260515,372.5,377,363.5,368,876,32352
20260518,362.5,368,360.5,365,426,15548
20260519,366,378.5,365,374.5,767,28728
20260520,375,378,372.5,376,405,15221
20260521,377,382.5,376.5,381.5,458,17430
20260522,379,381,377,380,400,15159
20260525,381.5,388,381.5,385,702,27091
20260526,386,397.5,385.5,394.5,860,33725
20260527,398.5,398.5,390.5,396.5,925,36545
20260528,398,400,387,387.5,942,36937
20260529,390,399,385,393,1089,42564
20260601,393,397.5,388.5,396,803,31658
20260602,397,403.5,394,402.5,1667,66561
20260603,403.5,413,401.5,408,1716,70151
20260604,406,414,406,410,1316,54067
20260605,412,423.5,410,422.5,2163,90643
20260608,399,410.5,395.5,406,1458,58790
20260609,416,436,412.5,415,1577,66477
20260610,416,429.5,403,403,1491,61548
20260611,400,413,400,411,1062,43354
20260612,419,419.5,411,411.5,1025,42498
20260615,421.5,422,413,413,1195,49656
20260616,421,426,417,421,918,38737
20260617,419,419,405,407.5,874,35702
20260618,411,417.5,407.5,417.5,1188,49314
20260622,425,425,417,424,620,26118
20260623,424,424,416.5,417,538,22556
20260624,412.5,421.5,411,416.5,441,18365
20260625,416.5,424,415.5,422.5,917,38593
20260626,419,423.5,414,415.5,1170,48938
20260629,419,428,412,418,1645,69377
20260630,426,429.5,417.5,417.5,2036,85940
20260701,420,425,406,407.5,4025,165774
20260702,410,425,405,417.5,1613,67569
20260703,417,433,417,425,1094,46827
20260706,427,467.5,427,467.5,1611,74167
20260707,487,487.5,445.5,447,3582,164704
20260708,443,468,443,444.5,1715,78038
20260709,441.5,445.5,420.5,420.5,1283,55210
20260713,425.5,425.5,398.5,399.5,1674,67491
20260714,397.5,399,374,384.5,1989,75749
20260715,391,391,381,384.5,737,28267
20260716,387,391.5,383.5,386.5,762,29531
20260717,382,386,370.5,370.5,979,36724
20260720,368,375.5,359,362.5,1351,49136
20260721,363.5,375,363.5,370.5,1006,37142
20260722,378.5,390,376.5,381.5,1583,60636
20260723,382,383,375,379,1089,41254
20260724,379,384,378,382.5,493,18844
20260727,382.5,387,372,377,467,17583
20260728,372.5,372.5,358,358,751,27123
20260729,358.5,361.5,340,348,773,26935
20260730,348,352,341.5,346.5,681,23677
20260731,364,364,349.5,352.5,2299,81424
20260803,351,364,349.5,362.5,767,27606
20260804,362,371,358,370,577,21120
20260805,373.5,379,370.5,372.5,748,27949
20260806,371,381,370,380.5,1034,38988
20260807,381,381.5,370.5,373,579,21663
20260810,379.5,397.5,375.5,395,1122,43366
20260811,403.5,434.5,403.5,434.5,2547,109232
20260812,427,440,425,431.5,1385,59758
20260813,435,440,424.5,431.5,794,34196
20260814,431.5,432,410,412,1213,50783
20260817,419,420,405,409,600,24536
20260818,411,411,394.5,397.5,841,33570
20260819,397,402,390.5,401.5,681,27056
20260820,399,405,390,395,737,29069
20260821,395.5,395.5,387,388,564,21918
20260824,392,399.5,388,391,487,19206
20260825,393,398,388.5,398,357,14021
20260826,393,401,389,399.5,533,21085
20260827,405,413.5,400.5,409,499,20404
20260828,410.5,412.5,403.5,405.5,358,14604
20260831,404.5,408,401.5,404,389,15724
20260901,403.5,411,403.5,408.5,358,14584
20260902,407.5,407.5,401,404,353,14232
20260903,407,407,392.5,394.5,477,18928
20260904,398.5,398.5,391,397,267,10527
20260907,394,394,383,386.5,789,30470
20260908,386,386,376.5,378.5,665,25229
20260909,381,383.5,377.5,383,367,14001
20260910,383,383,375.5,378.5,375,14170
20260911,377,381.5,371.5,380.5,617,23290
20260914,376.5,381.5,374.5,379,250,9467
20260915,378.5,378.5,372.5,373,310,11608
20260916,373,376.5,370,376.5,498,18595
20260917,379,379,372,374,604,22639
20260918,376,376,371.5,371.5,1747,65011
