# date,open,high,low,close,lot,wan
20250814,13.3,14.3,13.15,14.3,5777,8100
20250815,15,15.4,14.5,14.8,12067,18051
20250818,14.9,15.15,14.45,14.6,4028,5930
20250819,14.6,14.7,13.85,13.95,2553,3602
20250820,14,14,13.3,13.4,1343,1815
20250821,13.6,13.9,13.45,13.5,929,1268
20250822,13.3,13.35,13.05,13.1,922,1212
20250825,13.2,13.3,12.85,12.9,1159,1503
20250826,12.75,13,12.75,12.85,491,635
20250827,13,13.15,12.9,13.1,787,1025
20250828,13.1,13.25,13.05,13.15,636,836
20250829,13.2,13.85,13.2,13.55,893,1208
20250901,13.6,13.6,12.9,13.1,847,1113
20250902,13.1,13.15,12.8,12.85,446,576
20250903,12.85,12.9,12.75,12.85,368,473
20250904,12.9,12.9,12.65,12.65,385,489
20250905,12.65,12.65,12.5,12.55,371,465
20250908,12.55,12.75,12.4,12.75,411,516
20250909,12.75,12.75,12.4,12.6,282,354
20250910,12.6,12.9,12.45,12.85,495,629
20250911,12.85,12.85,12.4,12.4,448,562
20250912,12.4,12.55,12.4,12.45,286,356
20250915,12.4,12.4,12.2,12.25,243,299
20250916,12.2,12.7,12.1,12.6,291,363
20250917,12.45,12.85,12.45,12.5,182,230
20250918,12.5,12.75,12.5,12.7,288,365
20250919,12.75,12.8,12.5,12.55,214,271
20250922,12.55,12.55,12.35,12.4,253,314
20250923,12.45,12.45,12.1,12.15,363,442
20250924,12.15,12.15,12,12,285,344
20250925,12.05,12.35,12.05,12.2,232,284
20250926,12.15,12.2,11.8,12.2,312,372
20250930,12.25,12.25,11.85,12,104,125
20251001,12,12.1,11.9,11.95,183,220
20251002,11.85,11.95,11.75,11.9,230,272
20251003,11.9,11.95,11.45,11.9,284,334
20251007,11.95,12.2,11.85,12.1,270,326
20251008,12,12.2,12,12.15,149,180
20251009,12.15,12.35,12.05,12.15,181,221
20251013,11.5,12.05,11.5,12,137,163
20251014,12.05,12.1,11.65,11.65,305,360
20251015,11.75,11.75,11.15,11.3,364,412
20251016,11.3,11.6,11.25,11.55,257,294
20251017,11.65,11.65,11.4,11.4,129,148
20251020,11.4,11.4,11.1,11.25,179,201
20251021,11.4,12.25,11.35,12.2,509,611
20251022,12.1,12.2,11.75,12.1,430,513
20251023,12,12,11.9,11.9,115,137
20251027,11.85,11.85,11.5,11.65,179,209
20251028,11.65,11.65,11.45,11.45,118,136
20251029,11.45,11.7,11.3,11.6,226,261
20251030,11.6,11.7,11.35,11.4,209,239
20251031,11.5,12.4,11.45,12,339,399
20251103,11.9,11.95,11.65,11.7,139,163
20251104,11.7,11.75,11.35,11.35,139,159
20251105,11.3,11.45,11.1,11.4,155,174
20251106,11.45,11.45,11.25,11.4,62,70
20251107,11.3,11.3,11.1,11.2,143,160
20251110,11.15,11.5,11,11.25,98,110
20251111,11.15,11.35,11.1,11.15,79,88
20251112,11.15,11.55,11.15,11.5,159,182
20251113,11.95,11.95,11.5,11.7,198,231
20251114,11.5,11.85,11.5,11.55,131,152
20251117,11.6,11.6,11.2,11.55,121,139
20251118,11.5,11.5,11,11.05,224,249
20251119,11.05,11.05,10.4,10.4,332,352
20251120,10.65,10.65,10.35,10.4,160,167
20251121,10.15,10.5,10.15,10.45,91,94
20251124,10.5,10.55,10.25,10.25,53,55
20251125,10.35,10.8,10.35,10.6,147,156
20251126,10.6,11,10.6,10.75,110,118
20251127,10.75,11.4,10.65,11.25,212,231
20251128,11.3,11.3,11.1,11.25,142,159
20251201,11.3,11.3,10.8,10.95,109,120
20251202,11,11,10.75,10.95,98,107
20251203,11,11.2,10.9,10.95,136,150
20251204,11,11.35,11,11.3,268,300
20251205,11.15,11.2,10.95,11.05,190,209
20251208,10.95,10.95,10.75,10.85,98,106
20251209,10.85,10.9,10.7,10.85,131,142
20251210,10.85,11.05,10.8,10.8,105,114
20251211,10.85,11,10.75,10.8,182,198
20251212,10.75,11.1,10.75,10.9,124,136
20251215,10.8,11.6,10.4,11.6,470,527
20251216,11.6,11.6,11.1,11.2,286,322
20251217,11.2,11.25,11,11.1,116,129
20251218,11.1,11.1,11,11.05,31,34
20251219,11,11.3,11,11.25,215,242
20251222,11.2,11.5,11.2,11.25,189,213
20251223,11.2,11.2,11.05,11.15,89,99
20251224,11.15,11.15,11,11,126,139
20251226,10.95,11,10.85,10.85,247,269
20251229,10.9,11.05,10.75,10.95,233,255
20251230,10.95,10.95,10.6,10.85,70,75
20251231,10.75,10.8,10.5,10.6,261,278
20260102,10.5,10.5,10.35,10.5,320,334
20260105,10.3,10.5,10.2,10.35,196,201
20260106,10.2,10.5,10.2,10.45,154,159
20260107,10.45,10.7,10.45,10.7,182,192
20260108,10.9,11.75,10.75,11.75,1119,1298
20260109,11.75,12.25,11.5,12.1,1755,2085
20260112,12.2,12.35,11.95,12.1,501,606
20260113,11.95,12,11.5,11.7,294,344
20260114,11.7,11.7,11.5,11.55,373,432
20260115,11.55,11.9,11.5,11.7,232,271
20260116,11.9,11.95,11.55,11.65,284,332
20260119,11.75,11.95,11.7,11.85,368,435
20260120,11.95,11.95,11.55,11.6,289,337
20260121,11.5,11.65,11.35,11.65,217,250
20260122,11.8,12.1,11.75,12,662,793
20260123,12,12,11.55,11.7,290,340
20260126,11.8,12,11.7,11.9,402,478
20260127,11.9,11.95,11.7,11.7,227,268
20260128,11.7,11.95,11.6,11.85,262,309
20260129,12,12,11.45,11.45,241,278
20260130,11.45,11.45,11.15,11.2,277,312
20260202,11.2,11.2,10.9,10.9,238,262
20260203,10.95,11.05,10.8,10.95,176,192
20260204,10.85,11.2,10.85,11.15,255,280
20260205,11.1,11.3,10.95,11.1,79,88
20260206,10.9,10.9,10.7,10.7,227,244
20260209,11,11,10.6,10.6,196,209
20260210,10.6,10.75,10.55,10.65,84,89
20260211,10.9,10.9,10.5,10.7,213,228
20260223,10.7,11.25,10.7,11.15,294,327
20260224,11.15,11.3,11.1,11.25,308,345
20260225,11.35,11.35,11.15,11.3,388,436
20260226,11.2,12.4,11.2,12.4,1520,1847
20260302,13,13.6,13,13.6,2351,3163
20260303,14.95,14.95,14.95,14.95,1793,2681
20260304,16.4,16.4,16.4,16.4,4073,6680
20260305,18,18,18,18,2340,4213
20260306,18.5,18.5,16.6,17.95,12121,21750
20260309,16.9,16.9,16.7,16.8,2736,4590
20260310,17.55,18.15,17.45,17.8,2071,3702
20260311,17.5,18.3,17.5,18.1,1809,3259
20260312,18,18.2,17.7,18.2,1859,3332
20260313,18.05,20,18,20,4067,7912
20260316,21.9,22,21.9,22,2681,5891
20260317,24.2,24.2,24.2,24.2,1322,3200
20260318,26.6,26.6,24.2,26,7928,20445
20260319,25.25,28.55,25,28.3,4185,11451
20260320,27,27,25.5,25.95,1988,5223
20260323,23.4,23.4,23.4,23.4,1156,2705
20260324,23,23,21.1,21.1,1226,2625
20260325,21.1,23,19.8,23,2877,5985
20260326,21.75,22.4,21.25,21.4,1444,3168
20260327,20,22.3,20,22.1,762,1579
20260330,20.9,22.1,20.9,21.8,629,1359
20260331,21.2,21.2,19.65,19.8,935,1892
20260401,20.5,21.25,20.2,20.9,826,1714
20260402,21.3,21.3,20.5,20.95,568,1184
20260407,19.5,21.7,19.5,19.95,2389,4918
20260408,19.75,21.9,19.1,21.9,2224,4602
20260409,23.35,24.05,22.5,24.05,3434,8114
20260410,25.3,25.45,23.1,24.1,3784,9132
20260413,24.1,25.35,23.45,23.55,2817,6774
20260414,23.55,24.5,23.4,23.5,2025,4805
20260415,23.5,25.85,23.25,25.85,2747,6914
20260416,28.4,28.4,28.4,28.4,1890,5367
20260417,31.2,31.2,31.2,31.2,6709,20932
20260420,34.3,34.3,31.4,34.3,10721,36172
20260421,36.35,37.4,34.5,34.95,6882,24670
20260422,32.3,33.9,31.9,33.05,1501,4909
20260423,32.9,32.9,29.75,30.35,1873,5673
20260424,32.95,32.95,30.35,30.9,663,2083
20260427,30.85,30.85,29.8,30.75,622,1882
20260428,29.35,31.6,29.35,31.55,458,1437
20260429,33.25,33.25,30.4,32,338,1076
20260430,33.2,33.2,32.35,32.5,543,1776
20260504,33.5,35,33.5,35,1110,3777
20260505,36.8,37,35.8,36.7,1174,4290
20260506,37,38,34,35.7,930,3369
20260507,36.5,39,36.1,36.5,3719,13812
20260508,33.3,36,32.85,33.1,2782,9373
20260511,33.1,34.5,31.45,33.25,1399,4604
20260512,34,34.2,31.6,31.7,1743,5614
20260513,28.55,28.55,28.55,28.55,1607,4589
20260514,25.7,25.7,25.7,25.7,1011,2599
20260515,23.15,28.25,23.15,28.25,7334,18267
20260518,31.05,31.05,31.05,31.05,1463,4543
20260519,34.15,34.15,34.15,34.15,4124,14083
20260520,34.9,37.3,33.1,34.5,6660,23451
20260521,33,34.5,31.5,34,3412,11285
20260522,33.8,36.5,33.3,34,2552,8864
20260525,34,34,31.6,32.5,3452,11203
20260526,32.95,35.75,32.5,35.75,5124,17851
20260527,39.25,39.3,37.55,39.3,6924,27019
20260528,41.95,43.2,41.9,43.2,4189,17977
20260529,44.2,47.45,42.2,46,10248,46139
20260601,46.05,46.05,41.4,44.4,7282,30952
20260602,42.1,42.45,40.05,40.35,3752,15393
20260603,40.35,41.7,39.75,40,2592,10463
20260604,40,40.2,39.2,39.4,1470,5818
20260605,38.1,40.5,37.8,38.5,2200,8508
20260608,34.65,36.55,34.65,35.5,1518,5355
20260609,35.5,36.1,34.1,35.1,1280,4503
20260610,35,36,32,32.5,1682,5683
20260611,32.6,32.6,30,31.6,1881,5869
20260612,32.5,33,31.5,32.05,1271,4083
20260615,35.25,35.25,35.25,35.25,363,1280
20260616,38.75,38.75,35.5,35.6,2999,11379
20260617,34.25,36.4,33.55,35.1,1647,5706
20260618,35.1,35.5,34.2,34.85,1187,4110
20260622,36.2,37.15,35.35,35.6,1366,4939
20260623,37.3,37.3,34.7,35.25,1221,4342
20260624,35,38.75,35,38.75,2710,10371
20260625,41.45,42.6,39.3,42.3,7266,30301
20260626,42.95,42.95,39,39,1850,7466
20260629,38.35,40,38,38.25,778,3004
20260630,38,38.6,38,38.6,522,1996
20260701,39.6,39.6,38.5,39.3,594,2329
20260702,39.8,39.8,38.55,38.85,313,1213
20260703,37.7,38.2,37.7,37.75,427,1616
20260706,37.95,38.65,37.3,37.5,393,1479
20260707,37.5,38.6,35,35,665,2424
20260708,34.9,35.65,34.4,35.5,424,1486
20260709,35.6,39.05,35.6,39.05,1699,6606
20260713,39.2,40.5,37,38.05,1802,6934
20260714,38.2,38.55,34.25,36.2,1800,6387
20260715,36.5,39.8,36.15,39.8,1577,6078
20260716,39.6,43.75,38.5,43.75,7322,31496
20260717,42,44,40.6,40.7,4393,18610
20260720,40,40.5,37.05,37.7,1725,6658
20260721,38.5,38.95,37.35,38.55,819,3119
20260722,39.85,42.4,37.5,42,1758,7029
20260723,43.85,46.2,39.3,42.9,8549,37739
20260724,41,41,38.65,38.65,2520,9820
20260727,36.05,37.6,34.8,34.95,4699,16563
20260728,32.7,33.65,31.8,32.5,1670,5437
20260729,32.45,32.7,29.25,30.7,2225,6816
20260730,27.7,31.05,27.7,29.25,1397,4077
20260731,31,31,29.05,30.1,2040,6070
20260803,30.1,31.3,29.05,30.4,855,2603
20260804,30.4,33.4,30.15,33.4,1188,3900
20260805,34.8,36.7,34.45,35.45,1975,7057
20260806,34,35.1,34,34.4,932,3206
20260807,34.4,35.55,33.65,34.1,861,2954
20260810,34.1,35.4,34.1,34.7,630,2197
20260811,35.3,35.3,33.9,34.65,533,1844
20260812,35.35,37.1,35,36.9,1271,4595
20260813,36,37.6,34.9,36.6,1157,4144
20260814,36.15,36.9,34.55,35,961,3394
20260817,35.3,38.5,34.9,38.5,2064,7779
20260818,39.2,42.35,39.2,41.25,7787,32618
20260819,39,45.35,39,44.5,7784,34040
20260820,44.05,45.8,41.9,43.95,5512,24106
20260821,43.25,46.8,42.3,45.4,5207,23283
20260824,45.8,47.25,43.05,46.05,4853,22060
20260825,44.85,46.25,42.6,45.85,3842,17004
20260826,46,50.4,45.2,50.4,7152,35129
20260827,53.5,55.4,50,54.9,7830,41193
20260828,54,59.5,53.7,58.2,7488,42404
20260831,58.1,59.5,55.1,58.9,5241,30100
20260901,58.9,59.9,57.2,58,3591,21003
20260902,57.8,58.7,54.1,54.8,4646,26049
20260903,55,56.2,51.5,51.7,4475,23732
20260904,54,54,50.6,52.5,2390,12569
20260907,51.5,52.9,51.3,51.9,2293,11926
20260908,51.5,51.6,48.8,49.4,3064,15179
20260909,49.05,52.9,49.05,50.5,2253,11561
20260910,50.4,55.5,50.4,55.4,5149,27874
20260911,53.4,54.3,51,51,4242,22041
20260914,48.7,49.9,47.8,48.8,2219,10794
20260915,48.8,50,48.2,48.35,1517,7431
20260916,48.25,50.8,48.2,49.9,1246,6178
20260917,50.6,51.4,48.5,49.5,1487,7394
20260918,50,50.8,49.05,49.85,1517,7555
20260921,49.85,49.85,48.4,49,1344,6583
