# date,open,high,low,close,lot,wan
20250814,173.5,175,172,174,146,2539
20250815,174,174,172,172.5,112,1932
20250818,173.5,177.5,173.5,176.5,255,4500
20250819,176.5,176.5,173.5,173.5,124,2160
20250820,172,172.5,169,170,180,3059
20250821,170.5,172.5,170.5,171.5,101,1732
20250822,171,172,170,170.5,72,1231
20250825,172.5,173,171.5,172,87,1496
20250826,171,177,171,177,211,3702
20250827,178,178,174.5,176,193,3407
20250828,177,178.5,176,177.5,198,3514
20250829,178,180,176.5,176.5,282,5013
20250901,175.5,176.5,172.5,173.5,115,2005
20250902,173.5,175.5,173,173.5,140,2439
20250903,174.5,178,174.5,177,178,3148
20250904,178.5,178.5,176,176.5,112,1986
20250905,177,179,177,178,202,3592
20250908,179,179,177,177.5,158,2810
20250909,179.5,179.5,176.5,176.5,114,2022
20250910,179.5,191.5,179.5,190,1246,23429
20250911,188.5,189,184.5,187,506,9457
20250912,188,188.5,186,186.5,180,3368
20250915,186.5,186.5,181,181.5,217,3960
20250916,182.5,182.5,181,182,101,1837
20250917,183,184.5,181,184.5,198,3612
20250918,185.5,185.5,183.5,184,132,2431
20250919,185,185,181,184,266,4861
20250922,182.5,182.5,178,180,567,10178
20250923,179.5,181,177,178,246,4384
20250924,179,180,177.5,179,116,2076
20250925,179.5,181,178.5,180,110,1979
20250926,180,180.5,175,177.5,208,3670
20250930,177.5,179.5,177.5,179,175,3121
20251001,180.5,181,176.5,176.5,119,2119
20251002,179,181.5,178.5,179,188,3381
20251003,179.5,179.5,177.5,179,83,1481
20251007,180.5,180.5,176.5,179.5,164,2911
20251008,179.5,179.5,177,178,86,1531
20251009,178,179,178,178,57,1017
20251013,173,176.5,172,176.5,124,2160
20251014,178.5,178.5,173.5,174,121,2122
20251015,177,177,174,175,26,454
20251016,175.5,176,173,174.5,121,2108
20251017,176,180,176,176.5,137,2434
20251020,176.5,177.5,175,177.5,72,1270
20251021,177,181,177,180,141,2535
20251022,179.5,181,178.5,181,90,1619
20251023,180.5,181.5,177,179.5,250,4461
20251027,180,180.5,178,180,74,1328
20251028,180,180,177.5,179,67,1197
20251029,179.5,180,178,178.5,116,2079
20251030,179.5,179.5,177.5,178.5,68,1213
20251031,178.5,180.5,178.5,179,193,3465
20251103,179,181,178.5,180,290,5204
20251104,179.5,183,179.5,181.5,323,5877
20251105,180,182,179.5,182,102,1841
20251106,179.5,179.5,172.5,176,505,8825
20251107,175.5,175.5,169,170,341,5823
20251110,170,170,166.5,167,229,3835
20251111,167.5,169,167,167.5,175,2936
20251112,167,168,166,167,233,3891
20251113,167.5,168,166,166.5,87,1451
20251114,166.5,166.5,163,165,95,1570
20251117,166,166,160.5,161.5,165,2680
20251118,160,160.5,158,159,223,3549
20251119,158.5,160,158,158.5,72,1145
20251120,159.5,160,158.5,160,81,1294
20251121,158,159,156.5,158,149,2353
20251124,160,161,157.5,157.5,170,2694
20251125,159.5,160,158.5,159,91,1448
20251126,159,161,159,160,182,2915
20251127,160,160.5,159,160.5,177,2832
20251128,160.5,160.5,158.5,159,151,2402
20251201,159,160.5,159,160,82,1312
20251202,160,160.5,158.5,159,81,1289
20251203,160,162.5,158.5,161.5,142,2278
20251204,162,167,162,165,178,2933
20251205,166,166,162,163,83,1354
20251208,163.5,164,161.5,163,108,1757
20251209,163,163.5,161.5,161.5,67,1086
20251210,162,162,159,159.5,130,2079
20251211,160.5,162,160,161.5,156,2514
20251212,162,164.5,161.5,162.5,77,1253
20251215,160,162.5,160,161.5,62,1002
20251216,160,162,158,160,176,2807
20251217,160,161,159,160,81,1298
20251218,160,160.5,158.5,158.5,231,3686
20251219,160,161,158.5,159,190,3023
20251222,159,160,158.5,159.5,163,2597
20251223,159,161,159,160,221,3529
20251224,160,160,158.5,159,107,1706
20251226,159,159,156,157.5,280,4400
20251229,157,159,156,157.5,170,2680
20251230,159,160,158,160,143,2278
20251231,158,160,157.5,160,275,4367
20260102,159.5,160,158.5,158.5,138,2196
20260105,160,160,155,156.5,354,5533
20260106,157,157,153.5,155,354,5470
20260107,155.5,158,154.5,157.5,312,4876
20260108,157.5,159.5,156.5,159,297,4696
20260109,159.5,165.5,157.5,164.5,1302,21156
20260112,168.5,169.5,165,168.5,540,9041
20260113,168.5,168.5,166.5,167.5,244,4084
20260114,168.5,171.5,168.5,171,296,5033
20260115,170.5,171,167.5,168.5,212,3575
20260116,170.5,170.5,167,170,202,3410
20260119,170,172.5,168,172,269,4594
20260120,170,172,170,172,131,2248
20260121,172,172,167.5,169.5,278,4699
20260122,170,171.5,169,170.5,166,2822
20260123,170,172.5,169.5,172.5,230,3943
20260126,176.5,181.5,176.5,178.5,466,8302
20260127,178,178,175.5,176.5,247,4358
20260128,178.5,184.5,178.5,182,663,12110
20260129,181.5,183,179.5,179.5,343,6192
20260130,179,179,175,175,259,4561
20260202,175,175,172.5,173.5,213,3694
20260203,175,176.5,173,174.5,159,2773
20260204,177,182.5,175,181,490,8815
20260205,181,183,178.5,178.5,457,8248
20260206,178,178,174.5,177.5,229,4041
20260209,179,180.5,177.5,178,205,3664
20260210,179.5,182,178.5,179.5,286,5153
20260211,181,181,177,178.5,228,4074
20260223,186,196,186,195,1577,30308
20260224,194,196,191.5,192,662,12813
20260225,193.5,194.5,190,194,367,7082
20260226,194,196.5,193,193.5,466,9047
20260302,189.5,193,188,190,563,10722
20260303,190,193,189.5,191,484,9242
20260304,188,192.5,182,191,562,10603
20260305,190,202.5,189.5,199,1153,22915
20260306,195.5,199,194.5,197,463,9105
20260309,188.5,193.5,187,193.5,570,10819
20260310,199.5,201.5,196,199.5,883,17561
20260311,200,202.5,197,201.5,975,19464
20260312,206.5,207.5,200.5,201.5,579,11760
20260313,200,202,197.5,201,586,11698
20260316,203,203,197.5,198,423,8451
20260317,200.5,205,199.5,202,535,10852
20260318,202.5,204.5,202.5,203,351,7148
20260319,203,203,199,199.5,293,5866
20260320,201,202,198,202,386,7733
20260323,199.5,199.5,192,192,394,7685
20260324,195,198,192,198,500,9788
20260325,200,200,197,199,236,4675
20260326,200,200,194.5,196,333,6553
20260327,194,196,192.5,195,143,2776
20260330,192,195.5,190,195,480,9316
20260331,194,195.5,189,189,227,4349
20260401,193,194.5,192,194,192,3714
20260402,193.5,193.5,188,190,281,5343
20260407,190,192.5,189.5,192.5,105,2004
20260408,196,198.5,192,196,404,7862
20260409,195.5,199,193,198.5,287,5634
20260410,200,206.5,200,201.5,499,10125
20260413,200,209,199.5,201.5,1016,20739
20260414,206,209,203,205,518,10621
20260415,206,214.5,205.5,212.5,1248,26254
20260416,214,216,210.5,216,529,11288
20260417,215,221,213.5,221,738,16056
20260420,221,226,220.5,223.5,591,13226
20260421,224,228.5,219.5,219.5,1345,30128
20260422,220,225.5,220,223,508,11344
20260423,224,227.5,213.5,219.5,761,16623
20260424,224.5,225,216.5,225,558,12382
20260427,227.5,227.5,217,221.5,536,11763
20260428,221.5,221.5,218,220.5,236,5192
20260429,220.5,220.5,216.5,217,178,3875
20260430,218,221,215.5,221,345,7571
20260504,225,239.5,222,238.5,1403,32300
20260505,232.5,235,224,225.5,1124,25551
20260506,230,230,218,221,758,16830
20260507,225,226,218.5,226,798,17769
20260508,223.5,224,216.5,217.5,643,14111
20260511,218,218,213,213.5,480,10297
20260512,215,217,213,215,231,4962
20260513,213,215,208,215,600,12693
20260514,215.5,222,215,220,660,14437
20260515,223.5,223.5,212,214.5,650,13994
20260518,212,217,211,212.5,272,5815
20260519,213.5,216,211.5,213,217,4634
20260520,213,217.5,212,216.5,379,8161
20260521,219.5,220.5,216,220.5,452,9883
20260522,220.5,221,216.5,218.5,411,8973
20260525,221.5,221.5,217.5,221,489,10758
20260526,222,227,219.5,221,455,10122
20260527,225,230.5,222,223,1033,23307
20260528,226,235,224,227.5,2044,46902
20260529,220,234.5,220,233,1769,40539
20260601,233,233,225.5,227.5,746,16981
20260602,227.5,227.5,220.5,221.5,741,16502
20260603,223,223.5,218.5,220,883,19467
20260604,220.5,224.5,219,223,530,11761
20260605,223,223,218,220.5,404,8891
20260608,207,217.5,207,214,660,14108
20260609,220,220.5,216,219,589,12854
20260610,217,220.5,212.5,214,677,14619
20260611,203,203.5,192.5,195.5,1221,23932
20260612,198.5,199,194.5,196.5,380,7445
20260615,198.5,198.5,193.5,194,382,7450
20260616,196,198,191,194,1149,22160
20260617,195,195,192,193.5,265,5125
20260618,195.5,196.5,193.5,194.5,347,6763
20260622,196,198,192,193.5,431,8373
20260623,194.5,194.5,189,191.5,372,7090
20260624,189,192.5,189,190.5,263,5000
20260625,191.5,196.5,191,195.5,300,5831
20260626,194,195,190,190,252,4838
20260629,190.5,193,189,191.5,225,4300
20260630,192,193.5,190,191,307,5897
20260701,193,193,190.5,191,305,5837
20260702,191,194.5,188.5,192,1089,20744
20260703,192,197,192,195,464,9048
20260706,196.5,199,193.5,195.5,498,9807
20260707,199,199.5,195.5,197.5,401,7909
20260708,204,216,203,213,1662,35140
20260709,214,214,205.5,206,634,13244
20260713,206.5,206.5,197,198,392,7850
20260714,195,196.5,187,190.5,662,12577
20260715,191.5,191.5,190,190.5,209,3989
20260716,189.5,191,188.5,190.5,163,3092
20260717,188,190,185.5,185.5,417,7777
20260720,187.5,193,185,189,329,6210
20260721,189.5,195,189.5,193,238,4583
20260722,195.5,195.5,192.5,192.5,140,2712
20260723,193,193.5,189.5,191,179,3428
20260724,190,192.5,190,190.5,141,2698
20260727,190.5,193.5,190.5,193,146,2808
20260728,191.5,192.5,189,189,271,5181
20260729,191,191.5,183.5,185,394,7340
20260730,184,189,184,186,184,3437
20260731,190,196,190,192.5,1069,20601
20260803,192.5,193.5,191,191,245,4710
20260804,189.5,191.5,189.5,191,184,3505
20260805,192.5,194.5,192,194,195,3767
20260806,190,191.5,187,190,370,7001
20260807,188,190.5,187.5,188,326,6157
20260810,188.5,192,188,192,224,4269
20260811,192,194,190.5,192,264,5077
20260812,192,193,190.5,192.5,159,3053
20260813,193,195,192,192.5,312,6023
20260814,192,195,191.5,194,357,6909
20260817,194.5,194.5,191.5,192,219,4214
20260818,194,196.5,190.5,196,403,7834
20260819,194,196.5,193,195.5,275,5375
20260820,195,195.5,192,192.5,255,4937
20260821,192.5,194,191,191.5,233,4477
20260824,191,195.5,191,194,262,5089
20260825,192,195,189.5,195,431,8275
20260826,193.5,194,192,192.5,193,3719
20260827,192.5,194.5,192.5,193,197,3805
20260828,193,194.5,192,192.5,156,3010
20260831,192,193,191,192.5,138,2651
20260901,192,195,192,194,163,3158
20260902,194,194,191.5,192.5,286,5509
20260903,189,189.5,185,185,388,7263
20260904,187.5,187.5,179.5,182.5,575,10458
20260907,182.5,182.5,180,181,207,3755
20260908,180.5,183.5,180,180,169,3066
20260909,180,182.5,180,181,187,3388
20260910,181,182,179.5,181,232,4185
20260911,181,181,179,179,195,3502
20260914,179,181,178.5,179,169,3036
20260915,179,181,178,178,211,3771
20260916,179,179,174.5,175.5,697,12245
20260917,175.5,177.5,175.5,176,360,6364
20260918,178,178.5,176,178.5,263,4670
