# date,open,high,low,close,lot,wan
20250814,29.25,31.65,29.25,31.65,1272,3984
20250815,32.9,33.9,31.45,32.85,4673,15352
20250818,32.85,35.45,32.85,35,2766,9526
20250819,35.4,35.95,34.25,34.7,1236,4322
20250820,34.9,34.9,32.7,32.75,819,2740
20250821,33.2,33.35,32.5,32.8,339,1115
20250822,32.8,33.15,32.35,32.85,350,1147
20250825,33.35,34,32.55,32.55,511,1703
20250826,32.55,32.55,31.9,32.3,296,954
20250827,32.75,33.15,31.95,33.05,486,1584
20250828,33.25,33.7,32.65,32.65,363,1204
20250829,33.05,33.55,33,33.2,434,1445
20250901,33.3,33.3,31.7,32.15,476,1534
20250902,32.15,32.3,31.7,31.85,246,786
20250903,31.85,32.25,31.15,31.25,501,1584
20250904,31.85,31.85,30.9,31.5,432,1358
20250905,32.15,32.6,31.55,32.1,250,803
20250908,32.6,33.4,31.9,32,491,1605
20250909,32.65,32.65,31.05,31.3,298,937
20250910,31.7,31.7,30.9,31,292,908
20250911,31.05,31.05,29.85,29.85,346,1048
20250912,30.05,30.5,29.85,29.95,138,415
20250915,29.95,29.95,29.25,29.4,226,665
20250916,29.55,30.65,29.35,30.65,281,846
20250917,30.45,30.65,30.05,30.25,120,364
20250918,30.45,30.9,30.3,30.75,205,628
20250919,30.95,31.2,30.45,30.55,161,496
20250922,30.55,31.1,30.5,30.6,195,601
20250923,30.55,30.6,30,30,186,561
20250924,30.1,30.25,29.9,30.05,99,297
20250925,29.9,30.55,29.9,29.95,141,424
20250926,29.9,29.9,28.9,29.15,207,605
20250930,29.25,29.55,29.15,29.55,165,484
20251001,29.5,29.65,29.4,29.55,85,251
20251002,29.4,29.55,28.85,29,181,526
20251003,29,29.15,28.8,29,96,278
20251007,29,29,28.5,28.7,314,899
20251008,28.55,28.8,28.4,28.75,96,275
20251009,28.9,29.25,28.9,28.9,166,482
20251013,28.4,28.8,27.5,28.7,112,316
20251014,28.75,28.8,27.8,28.15,176,499
20251015,28.5,28.5,28,28.1,52,146
20251016,28.1,28.45,28.1,28.2,126,356
20251017,28.2,28.2,27.9,28.2,73,205
20251020,28.1,28.15,27.65,27.65,261,726
20251021,27.7,28.25,27.7,28.2,98,275
20251022,28.35,28.35,28.15,28.2,55,155
20251023,28.15,28.2,27.9,28.15,98,275
20251027,28.05,28.1,27.8,27.9,134,374
20251028,28.1,28.1,27.75,27.75,156,434
20251029,27.8,28,27.75,27.9,81,226
20251030,27.9,28.5,27.9,28.3,168,474
20251031,28.5,28.5,27.35,27.5,336,931
20251103,27.5,27.6,27.35,27.6,63,173
20251104,27.55,27.7,27.25,27.25,167,457
20251105,27.2,28.55,27,27.85,214,598
20251106,27.9,28,27.8,27.85,77,215
20251107,27.75,27.9,27.65,27.8,54,150
20251110,27.5,27.6,27.4,27.45,63,173
20251111,27.5,28,27.5,27.7,141,391
20251112,27.7,28.35,27.6,28.25,128,360
20251113,28.75,29.4,28.4,28.75,347,999
20251114,28.7,29.3,28.4,29.15,181,525
20251117,29.3,29.3,28.3,28.3,219,627
20251118,28.05,28.05,27.2,27.4,216,594
20251119,27.3,27.5,27.25,27.45,76,208
20251120,27.8,28,27.7,27.75,74,206
20251121,27.4,27.8,27.3,27.45,104,285
20251124,27.5,27.5,27.25,27.3,61,167
20251125,27.45,27.6,27.35,27.5,73,201
20251126,27.65,27.95,27.55,27.6,105,292
20251127,27.8,27.9,27.65,27.75,39,108
20251128,27.75,28.5,27.75,28.1,125,351
20251201,28.45,28.5,28.05,28.1,56,158
20251202,28.2,28.2,27.95,28.05,47,132
20251203,27.9,28.05,27.75,27.85,99,276
20251204,27.85,27.95,27.8,27.85,100,278
20251205,27.9,28,27.6,27.7,90,250
20251208,27.5,27.8,27.5,27.6,64,177
20251209,28.2,28.7,27.85,28.5,187,529
20251210,28.6,28.7,28.2,28.2,117,332
20251211,28.5,29.15,28.45,28.7,244,704
20251212,28.75,28.8,28.45,28.75,117,335
20251215,28.3,29.45,28,29.2,195,565
20251216,29.2,29.3,28.55,28.8,122,352
20251217,28.85,29.2,28.85,28.85,59,171
20251218,28.9,29,28.45,28.7,68,194
20251219,28.75,28.75,28.5,28.5,77,221
20251222,28.6,28.85,28.5,28.55,70,200
20251223,28.55,28.8,28.25,28.75,120,342
20251224,29.15,29.15,28.6,28.8,76,219
20251226,28.9,28.9,28.6,28.75,88,252
20251229,29.5,31,29.3,30.1,1019,3090
20251230,30.8,31.95,29.6,31.6,1116,3450
20251231,31.8,32.85,31.25,31.35,1072,3424
20260102,31.5,31.85,31.05,31.4,406,1276
20260105,31.5,31.6,30.15,30.35,420,1286
20260106,30.4,30.4,29.9,30,309,930
20260107,30,30.6,30,30.3,217,657
20260108,30.25,31.15,30.1,30.8,374,1150
20260109,30.8,30.8,30.25,30.45,184,563
20260112,30.7,31.7,30.7,31,298,932
20260113,30.35,31.1,30.15,30.45,289,884
20260114,30.75,31.45,30.6,31.25,391,1215
20260115,31.4,31.45,31.1,31.25,330,1029
20260116,31.4,31.4,30.95,31.15,314,977
20260119,31.2,32.9,31.2,31.8,736,2361
20260120,31.8,32.5,31.65,31.8,232,739
20260121,31.8,31.9,31.4,31.6,249,785
20260122,32,32,31,31.15,382,1196
20260123,31.15,31.3,30.8,31,159,495
20260126,30.9,30.95,30.2,30.3,339,1033
20260127,30.35,32.2,30.35,30.65,383,1187
20260128,30.8,30.8,30.2,30.3,187,568
20260129,30.3,30.3,29.7,30.15,242,725
20260130,30.2,30.3,29.6,30.05,325,971
20260202,29.65,29.95,29.4,29.5,133,393
20260203,29.6,30,29.4,29.6,79,234
20260204,29.65,30.15,29.45,30.05,83,249
20260205,29.8,30,29.5,29.7,120,356
20260206,29.5,29.5,28.6,28.85,224,646
20260209,29.55,29.6,29.1,29.2,93,272
20260210,29.35,29.5,29.2,29.45,56,164
20260211,30.25,32.2,30.2,30.65,952,2971
20260223,30.75,31.4,30.75,31.2,347,1078
20260224,30.95,31.5,30.95,31.25,144,451
20260225,31.3,31.35,30.8,31,132,409
20260226,31,31,30.6,30.7,119,366
20260302,30.5,31,30.3,30.9,249,762
20260303,31.1,31.2,30.4,30.6,126,387
20260304,30.5,30.5,29.1,29.45,225,667
20260305,29.75,30.05,29.5,29.75,73,217
20260306,29.9,29.9,29.5,29.75,62,184
20260309,28.9,29.2,28.2,28.3,236,673
20260310,28.35,28.95,28.35,28.8,63,180
20260311,29.3,29.8,29.3,29.35,106,313
20260312,29.5,29.65,29.35,29.5,94,277
20260313,29.4,29.7,29,29.15,307,898
20260316,29.65,29.75,29.15,29.65,152,449
20260317,29.65,30.3,29.65,30.2,167,501
20260318,30.3,30.4,30.15,30.3,109,330
20260319,29.35,31.05,29.35,30.8,334,1019
20260320,30.9,32.1,30.65,31.55,457,1443
20260323,31.5,31.5,30.65,30.65,194,603
20260324,30.9,31,30.5,30.85,134,413
20260325,30.95,31.4,30.95,31.15,175,545
20260326,29.95,30.6,29.65,30.15,384,1162
20260327,30,31.2,29.75,31,273,842
20260330,30.95,31.1,30.25,30.8,258,791
20260331,30.5,31.3,30.5,30.5,219,677
20260401,30.95,33.55,30.95,33.55,1206,3937
20260402,34.7,35.5,32.45,32.7,2150,7276
20260407,33,33.3,32.35,32.7,341,1114
20260408,32.85,33.2,32.5,32.55,516,1696
20260409,32.6,35.45,32.3,35.2,988,3389
20260410,34.95,35.1,33.3,33.45,773,2630
20260413,34.5,36.4,34.5,34.9,1100,3893
20260414,35.15,37.55,35.15,37.25,1243,4579
20260415,37.25,37.6,35.6,35.8,930,3362
20260416,36.1,36.6,35.5,35.5,345,1240
20260417,35.5,35.55,35.05,35.55,329,1160
20260420,35.75,37.25,35.65,36.6,781,2854
20260421,36.9,37.2,36.4,36.95,446,1640
20260422,37.1,37.1,35.95,36.1,416,1518
20260423,36.55,37.15,33.75,35.5,880,3090
20260424,35.45,35.8,34.9,35.3,306,1080
20260427,35.6,36.55,34.65,35.45,493,1743
20260428,35.45,35.55,35,35.3,174,613
20260429,34.95,36.8,34.5,36.4,483,1730
20260430,37,37,35.65,35.65,223,805
20260504,35.65,36.35,35.45,35.6,298,1068
20260505,35.45,36.35,35.3,35.65,274,981
20260506,35.7,35.8,34.65,35.65,489,1719
20260507,35.85,36.4,35.4,36.15,228,815
20260508,36.4,38.6,36.4,37.05,1012,3778
20260511,38.9,40.75,38.15,39,2617,10477
20260512,40.3,42.4,39.8,41.5,2079,8579
20260513,40.6,40.85,39.85,39.9,1138,4577
20260514,41.85,42.55,41.2,41.3,988,4120
20260515,41.95,42.4,40.85,41.45,1191,4979
20260518,41.7,45.1,41,45.1,1851,8076
20260519,44.6,44.7,42.75,43.3,1422,6191
20260520,43.3,43.8,41.6,42.35,1029,4369
20260521,43.15,46.55,42.75,46.55,2029,9345
20260522,48.5,50.5,47.4,49.8,5233,25669
20260525,51,51,48.7,48.8,2292,11334
20260526,49,49.15,46.25,46.45,1525,7260
20260527,46.45,47.5,44.3,44.7,1707,7769
20260528,44.7,46.5,43,43.1,1999,8912
20260529,44.65,44.65,42.75,43.05,733,3177
20260601,44.2,45.7,43.55,45.6,1180,5276
20260602,45.7,45.7,43,44,853,3762
20260603,44.2,45.8,43.8,44.9,754,3381
20260604,44.9,46.4,44.5,45.2,846,3854
20260605,45.45,45.5,44.3,44.7,557,2492
20260608,40.5,43,40.5,42.8,798,3309
20260609,42.8,43.45,41.25,41.6,780,3271
20260610,41.25,42.2,39.2,39.4,715,2900
20260611,39.7,42,39.7,41.85,910,3742
20260612,43.3,44,42.2,42.25,597,2575
20260615,42.8,43.6,42.5,43.05,392,1691
20260616,43.05,43.1,40.5,40.65,814,3359
20260617,40.6,41.4,40.5,40.65,288,1178
20260618,41,41,39.9,40,470,1896
20260622,40.15,41.9,39.85,41.9,612,2509
20260623,42.05,42.05,40.05,40.6,337,1368
20260624,40.6,41,39.8,41,205,826
20260625,41.1,41.1,40.05,40.55,251,1019
20260626,40.1,40.2,38.6,38.6,395,1553
20260629,38.65,39.4,38.2,38.55,188,727
20260630,38.6,39.1,38.6,39.05,111,431
20260701,39.4,39.5,38.9,39.1,192,753
20260702,39,39.8,38.7,39.15,305,1200
20260703,39,40.3,39,40,183,730
20260706,40.2,41.9,40.2,40.35,302,1237
20260707,40.5,40.55,39.2,39.45,310,1232
20260708,39.65,39.65,38.9,39.1,137,537
20260709,38.9,39.2,38.8,39,247,962
20260713,39,39.1,38.25,38.5,226,871
20260714,38.9,38.9,36.9,38.4,488,1837
20260715,38.55,39.15,38.3,38.55,164,636
20260716,38.4,38.4,37.6,37.7,148,563
20260717,37.2,37.2,35.8,36.05,343,1250
20260720,36.4,36.4,34.7,35.6,262,923
20260721,35.95,36.5,35.75,36.35,111,402
20260722,36.9,36.9,35.7,35.7,121,437
20260723,37.2,37.2,35.9,35.9,258,939
20260724,35.75,36.1,35.5,35.7,76,271
20260727,35.4,35.8,35.35,35.8,90,319
20260728,35.6,35.6,34.05,34.5,273,944
20260729,34.3,34.3,32.25,32.9,310,1027
20260730,33.95,33.95,32.3,32.75,177,584
20260731,34.2,34.35,33.6,34.15,141,480
20260803,33.55,34.4,33.55,33.8,96,326
20260804,34.5,34.65,33.9,34.2,80,273
20260805,35,35,34.35,34.7,109,378
20260806,34.8,35,34.4,35,105,365
20260807,35.2,35.6,34.7,35,47,164
20260810,34.7,35.3,34.65,35.2,92,322
20260811,35.45,35.45,35,35.15,40,141
20260812,35.15,35.6,35.05,35.55,90,318
20260813,37.95,38.25,36.4,36.9,510,1905
20260814,37.2,38.25,36.4,37.8,254,948
20260817,37.75,38.3,37.2,38,220,833
20260818,38,38,36.85,36.95,149,554
20260819,36.95,37.05,35.8,36,154,558
20260820,36.1,36.15,35.6,36,140,501
20260821,36,36,35.7,36,71,255
20260824,36,36.05,35.7,35.95,57,204
20260825,35.6,36.2,35.5,35.9,65,232
20260826,36.25,36.6,36,36.5,80,291
20260827,36.5,36.7,36.3,36.4,76,277
20260828,36.45,36.7,36.1,36.3,96,348
20260831,36,36.3,35.7,35.7,94,337
20260901,36,36.3,35.6,35.9,132,473
20260902,35.65,35.65,35,35.55,129,455
20260903,35.55,35.65,35,35.25,152,536
20260904,35.05,35.4,34.95,35.3,65,228
20260907,35.3,35.3,34.9,35,93,326
20260908,34.9,34.95,34.35,34.4,149,516
20260909,34.75,35,34.4,34.85,88,305
20260910,34.85,34.85,34.5,34.55,60,208
20260911,34.35,34.75,34.25,34.4,77,265
20260914,34.15,34.4,33.75,34.3,89,304
20260915,34.5,34.5,34.2,34.25,66,227
20260916,34.85,34.85,33.95,34.2,170,581
20260917,34.2,34.45,34.2,34.35,65,223
20260918,34.45,35.6,34.45,35.45,131,462
20260921,35.7,35.7,35.1,35.2,41,145
20260922,35.2,35.7,35,35.2,123,434
20260923,35.1,35.2,34.9,35,60,210
20260924,34.5,35,34.45,35,78,271
