# date,open,high,low,close,lot,wan
20250814,22,22,21.55,21.65,42,90
20250815,21.65,21.95,21.6,21.9,114,248
20250818,21.8,22.45,21.6,22.15,163,361
20250819,22.15,23.4,22.05,23,474,1080
20250820,23.45,23.45,22.5,22.55,430,986
20250821,22.6,22.95,22.6,22.7,92,210
20250822,22.7,22.8,22.6,22.75,60,137
20250825,23,23.35,22.7,22.75,200,459
20250826,22.75,22.85,22.5,22.5,46,103
20250827,22.45,23,22.45,22.5,78,177
20250828,22.75,23,22.5,22.7,64,146
20250829,22.9,23,22.6,22.65,51,117
20250901,22.7,23,22.5,22.6,79,179
20250902,22.6,23,22.6,22.85,80,183
20250903,22.9,23,22.6,22.85,65,148
20250904,22.65,22.8,22.6,22.6,87,196
20250905,22.6,23.1,22.6,22.9,137,313
20250908,22.7,22.85,22.45,22.55,122,275
20250909,22.45,23,22.4,22.75,75,169
20250910,22.6,22.7,22.4,22.4,71,161
20250911,22.5,22.6,21.95,21.95,99,220
20250912,22.25,22.55,22.1,22.1,171,382
20250915,22.2,22.2,21.85,21.95,139,305
20250916,21.8,22.4,21.8,22.15,103,228
20250917,22.15,22.8,22.15,22.25,134,302
20250918,22.45,22.8,22.4,22.75,169,382
20250919,22.85,24.6,22.75,24.5,2365,5664
20250922,25.5,26.4,24.7,25.7,2600,6652
20250923,25.75,25.8,24.1,24.7,851,2101
20250924,24.45,26.45,24.05,25.9,1535,3934
20250925,25.65,26.45,24.65,24.8,1207,3089
20250926,24.4,26.15,24.2,24.55,1280,3243
20250930,25,25,24.25,24.95,477,1173
20251001,24.95,25.5,24.4,24.7,338,839
20251002,24.7,24.85,24.05,24.05,232,563
20251003,24.5,25,23.9,23.9,305,747
20251007,24.2,24.9,24.1,24.55,229,559
20251008,24.95,24.95,24.55,24.6,176,436
20251009,24.9,24.9,24.4,24.55,193,475
20251013,23.4,24.3,23.1,24,116,276
20251014,23.9,24,23.2,23.2,272,639
20251015,23.2,23.4,23.1,23.15,189,439
20251016,23.4,23.8,23.25,23.45,157,370
20251017,23.65,25.2,23.65,24.45,881,2173
20251020,26.85,26.85,26.85,26.85,805,2162
20251021,29.5,29.5,29.5,29.5,1027,3029
20251022,30.3,31.1,29,30.35,12508,37901
20251023,30.25,31.5,29.65,29.65,7729,23607
20251027,30.1,32,29.2,31.8,5728,17539
20251028,31.2,31.2,30.05,30.65,3570,10941
20251029,30.5,31.1,28.7,29,2442,7190
20251030,29.25,29.75,28.2,28.4,1378,3971
20251031,28.4,28.65,27.35,27.5,1044,2889
20251103,27.7,28.2,27.25,27.8,721,2002
20251104,27.95,27.95,26.4,26.45,1043,2797
20251105,26.05,26.4,25.3,25.3,880,2254
20251106,25.6,26.6,25.55,26.25,954,2493
20251107,25.9,25.9,25.15,25.45,399,1015
20251110,25.55,25.85,24.7,25.6,616,1564
20251111,25.85,28.15,25.85,28.15,1543,4237
20251112,29.5,30.95,29.1,30.95,5659,17150
20251113,31.5,34,31.45,34,9330,30914
20251114,35.35,37.4,35.35,37.4,12969,47694
20251117,39.45,40.35,35.9,35.9,22400,85449
20251118,35.9,39.45,35.5,36.9,23176,88777
20251119,35.8,36.75,34.1,34.75,2566,9082
20251120,35.8,36.5,34.9,35.7,1173,4187
20251121,34.65,36.45,34.65,35.4,773,2740
20251124,36.85,36.85,35.7,36,632,2279
20251125,36.6,36.6,33.1,33.8,1216,4203
20251126,34.25,34.25,33,33.35,671,2242
20251127,33.35,36.65,33.35,36.65,1243,4373
20251128,37,38.5,37,37.4,1394,5246
20251201,38,38.5,37.6,38,1277,4863
20251202,38.4,40.05,38.15,40.05,2708,10669
20251203,41.2,44.05,41,44.05,4445,19086
20251204,48,48.2,42.05,43.05,21112,95985
20251205,42.35,42.8,40.8,42.1,4960,20618
20251208,41.4,45.6,41.1,45.3,8846,38867
20251209,44.1,48.25,43.65,45.3,13175,61148
20251210,45.3,48,44.4,44.45,8648,39843
20251211,44.55,45.95,42.95,43,4094,18075
20251212,43,43.1,41,41.45,4187,17564
20251215,41,45,40.65,41.8,4953,21196
20251216,42.2,43.8,40.6,41.2,3621,15247
20251217,42.9,45.3,42.3,45.3,8224,36340
20251218,45.25,46.45,43.35,43.65,15221,68238
20251219,44.55,44.8,42.5,42.8,3594,15597
20251222,42.5,43.9,42,43.15,3646,15682
20251223,43.75,45.9,43.2,45.05,11170,49923
20251224,46.5,49,44.85,44.85,13648,63140
20251226,44.25,45,43.9,44.2,2974,13153
20251229,44.6,45.1,43,43.1,1987,8705
20251230,42.6,44.2,41.8,41.85,2908,12409
20251231,42.75,45.4,41.75,44.05,6170,27124
20260102,47.2,48.45,47,48.45,10917,52740
20260105,51.6,53.2,51.6,53.2,6188,32523
20260106,51,51.2,48.05,49.25,18201,90007
20260107,50,50.4,46.8,47.8,7658,36869
20260108,47.8,47.8,45.5,45.5,3668,16970
20260109,46.85,49.45,45.7,48,10504,50328
20260112,49,50.7,48.4,48.8,13400,66373
20260113,48.8,50.5,47.15,50.2,5768,28134
20260114,52.7,55.2,52,55.2,7855,42789
20260115,59,60.7,58.1,60.7,14591,87524
20260116,61,61.2,55,55.6,20787,119284
20260119,57.3,61.1,56.1,61.1,18508,109957
20260120,58.7,64.2,58.4,60.7,15295,93199
20260121,59.2,60.2,56.6,57.1,5590,32468
20260122,60.5,62.8,59.6,62.8,8296,51342
20260123,64,64.4,57.2,57.7,12751,76244
20260126,57.8,58.2,55.5,57.1,3909,22106
20260127,58.5,59.2,57.1,57.8,4881,28293
20260128,58.3,58.6,56.3,56.8,2296,13115
20260129,57.3,57.4,54.1,54.1,2282,12571
20260130,54.1,58.3,53.6,55.4,4763,26718
20260202,54.2,54.8,49.9,50.2,2390,12217
20260203,52.2,52.9,49.3,49.5,2401,12192
20260204,49.9,52.4,49.1,51.7,1903,9708
20260205,50.8,51.6,47.9,47.95,2000,9861
20260206,47.5,47.5,45.25,45.3,1381,6384
20260209,49.2,49.2,46,46.8,1824,8622
20260210,47.4,47.6,45.2,45.25,1292,5920
20260211,45.1,45.8,44.35,45.4,941,4241
20260223,47.85,49.9,47.85,49.9,1265,6256
20260224,50.5,53.1,49.3,50.9,6161,31818
20260225,52.8,54,50.2,50.5,2792,14357
20260226,51,55.5,49.35,53.3,4679,24870
20260302,50.3,53.4,49.65,52.1,1754,9110
20260303,52,54.5,49.45,49.6,2611,13531
20260304,48.15,48.9,45.05,45.6,1606,7443
20260305,47.95,48.55,46.3,46.85,998,4733
20260306,46,47.35,45.05,46.3,865,3996
20260309,41.7,43.1,41.7,43,1257,5275
20260310,44.5,44.95,43.25,44.15,808,3577
20260311,44.15,46,44.15,44.9,930,4208
20260312,44.7,45.15,43.25,43.3,581,2556
20260313,43.2,45.1,42.2,44.2,829,3653
20260316,44.35,45.9,43.25,44.75,955,4242
20260317,45.5,49.2,45.2,49.2,3042,14537
20260318,50.6,52.3,48.05,49.85,6307,31366
20260319,49,51.5,48.4,49.35,2400,12003
20260320,50,52.2,48.25,48.5,2153,10733
20260323,47,47,44.55,44.6,953,4331
20260324,46.15,46.2,43,43.25,661,2921
20260325,45,45.25,44.1,44.25,418,1866
20260326,44.95,45.75,42.9,42.9,610,2690
20260327,41.75,46,41.75,45.1,1049,4610
20260330,44.55,45.3,42.6,44.35,583,2569
20260331,45,47.2,43.9,44,4270,19477
20260401,46.4,46.4,44.1,44.5,1397,6336
20260402,45.3,45.75,42,42,1199,5166
20260407,42.8,42.9,41.2,41.3,725,3019
20260408,42.5,44.75,42.3,44.3,1196,5209
20260409,44.35,44.9,43.5,43.9,808,3568
20260410,45.9,46.9,44.45,45.75,2207,10117
20260413,47.25,50.3,46.35,50.3,4089,20023
20260414,52.3,52.3,48.6,49.55,5321,26585
20260415,50.5,52.9,48.9,48.95,6293,32012
20260416,49.2,53.6,47.75,52.6,7545,38852
20260417,52.8,53.6,50.6,50.6,5856,30485
20260420,51,52,49.5,49.8,1907,9620
20260421,49.95,51.3,48.8,49.4,1397,6936
20260422,49.6,50.4,48,48,1336,6528
20260423,48.3,48.8,43.2,43.8,2029,9151
20260424,44.4,44.6,42.4,43,944,4092
20260427,43.4,47.3,42.55,47.3,2712,12605
20260428,47.05,51.3,46.75,49.5,5095,25178
20260429,49,49.3,47.85,47.85,1230,5962
20260430,47.85,48.5,45.8,46.05,1463,6908
20260504,46.6,48.5,46.5,46.8,945,4478
20260505,46.9,49.3,46.9,48.3,1456,7044
20260506,49.15,50.3,45.6,46.35,2255,10746
20260507,48.3,50.9,47.75,50.9,3810,19092
20260508,51.4,55.9,50.5,53.2,20994,112637
20260511,53.5,53.5,49.65,51.2,5518,28393
20260512,51.5,53.4,50.6,51.8,4494,23507
20260513,50.2,53.2,49.65,52,2973,15314
20260514,54.5,56.4,51.1,51.2,7664,40877
20260515,51.6,55.2,48.85,49.3,6675,34692
20260518,49.3,53.4,49.1,52,4804,24904
20260519,51.3,52.3,49.2,50.9,2799,14144
20260520,51,55.9,50.8,55.9,8528,46666
20260521,56.5,61,55.4,59.4,28329,166653
20260522,59.2,65.3,57,61.2,23089,140345
20260525,62.3,64.7,61.1,61.2,11089,69159
20260526,61.4,61.5,56.8,59.4,6621,38769
20260527,59.4,61.1,57.7,58.7,6183,36639
20260528,58.5,64.5,58.5,64.5,12196,77339
20260529,70.6,70.8,61.9,62.8,17534,112827
20260601,63,69,63,69,20682,137514
20260602,69,75.9,64.5,75.9,29742,208044
20260603,75.5,78.1,71.3,71.4,13693,100553
20260604,71.3,75,68.9,72.1,8863,63456
20260605,70.7,79.3,69,79.3,16374,124244
20260608,72.3,86.7,72.3,77.3,63979,525502
20260609,78,85,76.8,80.7,40930,331548
20260610,79.2,88.5,76.4,76.5,34413,288589
20260611,79.6,84.1,76.3,84.1,27733,224712
20260612,88.6,89.5,80.7,82,35767,306395
20260615,83.6,90.2,83.6,90.2,18777,165654
20260616,92.5,95,87.5,87.6,35156,320006
20260617,88.2,91.5,87.4,89.6,19222,171889
20260618,90.2,98.5,90.1,98.5,22495,214744
20260622,99,103,96.1,96.7,20716,203600
20260623,97.3,97.7,87.3,88.5,11201,102455
20260624,87,91.8,84.8,87,10230,89605
20260625,89.2,94.2,87.8,90.5,12580,114667
20260626,88.8,92.6,85.4,86.1,9225,82193
20260629,85,87.1,81.8,84.2,4003,33759
20260630,85,92,84.2,91.9,8766,78506
20260701,93.6,98.5,88,88,16044,151866
20260702,87.4,91.8,85.5,85.5,4415,38875
20260703,85.6,91.5,83.6,87,5553,48878
20260706,88,89.2,82.7,82.7,3401,28900
20260707,83.4,85,74.5,75.5,3825,30002
20260708,76.9,77.1,72,76.3,3259,24362
20260709,76.7,77.5,73,73.2,3151,23745
20260713,74,74.2,69.4,70.2,2810,19987
20260714,68.8,71.3,63.5,66.6,2848,19105
20260715,68.6,68.6,65.2,67.5,2217,14851
20260716,66.1,70.2,66,66.8,2911,19878
20260717,64.4,64.9,60.2,60.2,2070,12788
20260720,59.8,59.8,55.2,58.6,1920,11038
20260721,59.7,60.8,58.3,59.5,1770,10523
20260722,64.1,64.8,60.1,60.2,2084,12830
20260723,60.3,60.8,57.2,58.1,1239,7270
20260724,56.8,58.2,55.4,55.7,806,4536
20260727,56,57.3,53.8,55,1357,7519
20260728,53,53.5,51.2,51.7,1266,6600
20260729,52,55.5,46.6,49.55,3406,16885
20260730,49.55,52.5,45,46.6,4225,20855
20260731,50.9,51.2,50.9,51.2,707,3616
20260803,51.7,56,51.7,53.5,3800,20644
20260804,53.1,55.3,52.3,54.7,1700,9169
20260805,56.2,57.2,54.4,54.9,2071,11481
20260806,54.9,55.5,52.5,55.5,1245,6746
20260807,55,55.9,53.1,53.3,1068,5784
20260810,53.7,55.2,53.1,53.2,1634,8800
20260811,53.9,56.4,53.4,55.2,2884,15920
20260812,54.8,60,54.7,58.4,3185,18347
20260813,60,64.2,59.7,63.5,6835,42499
20260814,63.8,69.8,62.6,63.7,14034,92155
20260817,62.6,62.8,59.9,60.4,2340,14283
20260818,59.6,61,57.2,57.4,1741,10223
20260819,56,60.6,56,58.1,3610,21317
20260820,59.1,59.5,56.1,56.7,1431,8239
20260821,56.8,58.4,56.5,56.7,820,4675
20260824,56.8,58,55.8,55.8,818,4653
20260825,56,56,53.7,55.3,920,5030
20260826,55.8,56.3,55,56,787,4383
20260827,56.5,59,55.6,57.8,1598,9204
20260828,59.5,62.5,59,59.2,3969,23952
20260831,58,60.5,57.1,57.1,1290,7522
20260901,57.2,59.6,57.2,57.6,905,5257
20260902,57,57.1,56,56,651,3666
20260903,56.4,56.9,53.8,53.8,806,4431
20260904,55.1,57,54.7,56.2,1343,7507
20260907,57.5,59.6,57,58.2,2954,17312
20260908,58.3,58.3,56.2,56.4,964,5495
20260909,56.7,58.7,56.6,57.7,1026,5936
20260910,57.6,58.5,55.9,57.1,1135,6467
20260911,56.1,57.9,55.3,55.3,1479,8363
20260914,54.5,56.4,53.8,55.7,624,3439
20260915,56,57.4,55.6,55.6,556,3123
20260916,56.8,56.8,55.7,56.4,417,2341
20260917,56.7,57.4,55.5,55.5,620,3491
20260918,56.6,57,55.8,56.8,650,3673
20260921,57.1,58,56.6,57,702,4020
