# date,open,high,low,close,lot,wan
20250814,10.45,10.5,10.4,10.45,231,241
20250815,10.5,10.6,10.4,10.5,175,183
20250818,10.55,10.6,10.35,10.5,150,157
20250819,10.55,10.55,10.4,10.45,208,218
20250820,10.4,10.4,10.15,10.25,166,171
20250821,10.25,10.55,10.25,10.45,220,229
20250822,10.5,10.5,10.35,10.4,101,105
20250825,10.4,10.4,10.3,10.35,115,119
20250826,10.3,10.3,10.15,10.2,133,135
20250827,10.2,10.3,10.1,10.15,145,148
20250828,10.15,10.2,10.15,10.15,97,99
20250829,10.2,10.85,10.2,10.5,461,486
20250901,10.6,10.65,10.15,10.15,226,233
20250902,10.25,10.25,10.1,10.15,103,105
20250903,10.4,10.6,10.3,10.3,129,134
20250904,10.4,10.45,10.25,10.3,100,104
20250905,10.35,10.4,10.3,10.3,155,160
20250908,10.35,10.45,10.2,10.25,165,169
20250909,10.35,10.4,10.25,10.25,224,230
20250910,10.25,10.45,10.15,10.15,269,275
20250911,10.25,10.25,9.96,9.96,420,422
20250912,10.05,10.15,10,10.05,103,104
20250915,10.05,10.1,9.97,9.98,153,153
20250916,9.98,10.25,9.98,10.15,210,213
20250917,10.15,10.25,10.15,10.15,133,136
20250918,10.25,10.45,10.25,10.25,431,445
20250919,10.35,10.35,10.25,10.3,177,182
20250922,10.45,10.45,10.3,10.35,138,143
20250923,10.35,10.35,10,10.15,200,203
20250924,10.25,10.25,10.1,10.15,80,81
20250925,10.25,10.35,10.2,10.25,134,138
20250926,10.25,10.25,9.98,10.15,231,232
20250930,10.15,10.15,10.05,10.05,122,123
20251001,10.1,10.1,10,10,79,79
20251002,10.1,10.1,10,10.05,142,142
20251003,10.05,10.05,9.97,9.97,203,203
20251007,10,10.1,9.95,10.05,158,158
20251008,10.1,10.2,10,10.15,191,193
20251009,10.2,10.2,10.1,10.1,98,100
20251013,10,10,9.9,9.95,181,180
20251014,10.05,10.05,9.92,9.92,119,119
20251015,9.98,9.99,9.94,9.94,28,28
20251016,10,10,9.92,9.98,84,84
20251017,9.99,10.4,9.95,10.15,384,391
20251020,10.1,10.15,10.05,10.1,147,148
20251021,10.15,10.15,10.1,10.1,155,157
20251022,10.15,10.3,10.15,10.25,208,213
20251023,10.25,10.3,10.15,10.2,111,113
20251027,10.25,10.25,10.15,10.15,84,85
20251028,10.2,10.2,10.05,10.05,61,62
20251029,10.1,10.1,9.99,9.99,103,103
20251030,9.99,10.05,9.93,9.93,221,221
20251031,10.05,10.05,9.88,9.92,145,144
20251103,9.92,9.92,9.86,9.88,83,82
20251104,9.88,9.88,9.7,9.73,206,201
20251105,9.68,9.7,9.39,9.45,264,251
20251106,9.56,9.58,9.4,9.46,177,168
20251107,9.45,9.45,9.3,9.35,183,171
20251110,9.35,9.35,9.15,9.17,213,196
20251111,9.1,9.5,9.1,9.34,182,171
20251112,9.35,10.25,9.33,10.25,1247,1258
20251113,10.4,10.55,10.15,10.2,1355,1396
20251114,10.2,10.2,9.98,10.15,200,201
20251117,10.15,10.2,9.95,10,224,224
20251118,9.98,9.98,9.7,9.71,168,165
20251119,9.76,9.99,9.6,9.67,148,144
20251120,9.9,9.9,9.72,9.75,110,108
20251121,9.63,9.7,9.43,9.5,146,139
20251124,9.54,9.74,9.54,9.54,37,36
20251125,9.6,9.6,9.53,9.55,106,101
20251126,9.6,9.7,9.6,9.68,163,157
20251127,9.8,9.82,9.69,9.72,81,79
20251128,9.73,9.75,9.72,9.75,61,59
20251201,9.75,9.75,9.68,9.72,27,26
20251202,9.72,9.83,9.71,9.71,83,81
20251203,9.72,10.2,9.72,9.93,205,205
20251204,9.97,10.1,9.95,10.1,237,237
20251205,10.1,10.1,9.97,10,117,118
20251208,10.1,10.25,10.05,10.05,258,262
20251209,10.2,10.25,9.99,10.05,114,115
20251210,10.05,10.05,10,10,121,121
20251211,10.2,10.2,10,10,145,146
20251212,10.1,10.15,10,10,165,166
20251215,10.05,11,10.05,11,2857,3110
20251216,11.85,12.1,11.65,12.1,6153,7403
20251217,12.65,13.3,12.6,13.3,4361,5687
20251218,13.9,14.2,12.1,12.45,14090,18558
20251219,12.5,13.2,12.35,12.55,3852,4901
20251222,12.4,12.85,12.2,12.85,2656,3305
20251223,12.75,13.2,12.6,12.65,2348,3010
20251224,12.75,12.75,12.4,12.4,964,1206
20251226,12.6,12.95,12.4,12.7,1602,2019
20251229,12.7,13.3,12.6,12.7,2570,3336
20251230,12.8,13.1,12.25,13,1753,2232
20251231,13,13,12.65,12.8,909,1162
20260102,12.55,12.9,12.55,12.55,974,1231
20260105,12.55,12.55,12,12.05,1161,1416
20260106,12,12.7,11.9,12.55,1017,1255
20260107,12.55,12.8,12.25,12.6,858,1082
20260108,12.8,12.8,12.15,12.2,531,653
20260109,12.2,12.55,11.65,11.85,822,977
20260112,11.95,12.4,11.95,12.35,473,576
20260113,12.35,12.45,12.05,12.05,402,489
20260114,12.1,12.45,12.1,12.35,612,754
20260115,12.4,12.5,12.2,12.4,578,713
20260116,12.8,12.95,12.4,12.45,1125,1425
20260119,12.45,12.9,12.25,12.7,1253,1585
20260120,12.75,12.9,12.6,12.75,917,1167
20260121,12.8,13.15,12.6,12.65,1332,1708
20260122,12.9,13.1,12.5,12.8,1113,1420
20260123,13.05,13.1,12.7,12.75,1133,1460
20260126,12.9,13,12.7,12.95,847,1093
20260127,12.95,12.95,12.55,12.75,756,961
20260128,12.8,12.8,12.5,12.55,613,772
20260129,12.65,12.75,12.45,12.65,448,564
20260130,12.5,12.6,12.15,12.55,592,735
20260202,12.6,12.6,12,12,511,621
20260203,12.25,12.35,11.95,12.1,415,500
20260204,12.25,13.15,12.25,12.75,1331,1704
20260205,12.75,13.2,12.5,12.5,722,921
20260206,12.65,12.65,11.9,12.25,637,778
20260209,12.65,12.65,12.05,12.1,316,384
20260210,12.1,12.15,12,12.1,171,207
20260211,12.2,12.2,11.95,12.05,270,325
20260223,12.2,12.55,12.1,12.35,450,559
20260224,12.5,12.7,12.3,12.35,344,429
20260225,12.4,12.8,12.35,12.35,672,841
20260226,12.5,12.5,12.25,12.4,529,652
20260302,12.4,12.4,12.15,12.3,326,400
20260303,12.3,12.35,11.9,12,509,616
20260304,11.9,11.9,11.15,11.15,703,799
20260305,11.55,11.75,11.4,11.75,379,441
20260306,11.6,11.8,11.55,11.8,271,316
20260309,11.65,11.65,11.1,11.25,394,442
20260310,11.4,11.4,11.15,11.2,181,204
20260311,11.35,11.7,11.35,11.6,322,373
20260312,11.5,12.15,11.5,11.9,558,665
20260313,11.9,13.05,11.85,12.55,5288,6782
20260316,13,13.5,12.8,13,4473,5844
20260317,13.3,13.65,12.95,13.3,3216,4272
20260318,13.5,13.5,12.9,13.15,1285,1691
20260319,13,13.4,12.9,13.05,1043,1378
20260320,13.2,13.75,13.05,13.05,2328,3106
20260323,12.8,12.8,12.3,12.35,806,1010
20260324,12.6,12.9,12.05,12.45,852,1070
20260325,12.65,13,12.6,12.65,905,1158
20260326,12.75,13,12.5,12.55,511,649
20260327,12.4,12.5,12.1,12.4,399,491
20260330,12.2,12.2,11.95,12,367,443
20260331,12.05,12.05,11.55,11.6,383,449
20260401,11.9,12.1,11.8,11.8,167,198
20260402,11.85,12,11.6,11.6,291,342
20260407,11.85,11.9,11.6,11.65,311,365
20260408,11.85,12.25,11.85,12.2,670,811
20260409,12.15,12.65,12.05,12.25,924,1146
20260410,12.4,12.55,12,12.2,608,741
20260413,12.2,12.25,12.05,12.2,457,555
20260414,12.3,12.5,12.2,12.3,308,380
20260415,12.35,13.1,12.35,12.85,1703,2187
20260416,13.05,13.25,12.7,12.9,1845,2392
20260417,12.95,13.2,12.8,13,917,1198
20260420,13.2,13.8,13.15,13.4,2101,2830
20260421,13.45,13.6,13.1,13.1,1291,1709
20260422,13.3,13.3,12.9,13,704,915
20260423,13.05,13.05,12,12.35,1118,1388
20260424,12.45,12.45,11.9,12.05,642,775
20260427,12.15,12.15,11.4,11.65,548,637
20260428,11.65,11.95,11.55,11.85,155,183
20260429,12.05,12.45,11.8,12.2,362,441
20260430,12.55,12.75,12.15,12.3,778,967
20260504,12.4,12.4,11.85,11.85,612,735
20260505,12.3,13,12.25,13,1198,1550
20260506,13.1,13.2,12.5,12.55,2285,2921
20260507,12.7,12.9,12.6,12.65,509,646
20260508,12.65,12.8,12.4,12.45,510,644
20260511,12.5,12.6,12.2,12.3,528,652
20260512,12.3,12.45,12.15,12.3,516,635
20260513,12.3,12.35,11.95,11.95,439,527
20260514,12.05,12.1,11.85,11.85,390,464
20260515,12,12.25,11.7,11.75,329,391
20260518,11.75,11.8,11.55,11.75,215,251
20260519,11.7,11.9,11.65,11.65,322,378
20260520,11.7,11.85,11.65,11.7,141,166
20260521,11.9,12.15,11.85,12.15,398,479
20260522,12.15,12.8,12.15,12.6,1156,1450
20260525,12.8,13,12.4,12.55,703,889
20260526,12.55,12.6,12.15,12.2,611,753
20260527,12.3,12.35,12,12.1,549,665
20260528,12.2,12.45,12.1,12.15,590,723
20260529,12.25,12.25,12,12.1,533,644
20260601,12.2,12.7,12,12.65,1445,1803
20260602,12.8,13.85,12.45,13.4,2594,3421
20260603,13.4,13.9,13.2,13.55,2459,3331
20260604,13.15,13.45,12.9,13,1494,1963
20260605,12.9,13.15,12.6,13.1,733,947
20260608,12.05,12.6,11.95,12.5,746,914
20260609,12.6,12.95,12.5,12.8,541,689
20260610,12.8,13.1,12.4,12.4,644,823
20260611,12.3,12.4,11.9,12.2,755,915
20260612,12.4,12.95,12.4,12.8,919,1170
20260615,13,13.2,12.85,13.15,794,1036
20260616,13.2,13.2,12.8,12.85,512,663
20260617,12.85,13.65,12.85,13.6,1588,2129
20260618,13.6,13.65,13.2,13.35,870,1167
20260622,13.5,13.8,13.4,13.7,1543,2101
20260623,13.7,14.6,13.3,13.55,3414,4787
20260624,13.3,14,13.25,13.55,1138,1540
20260625,13.7,13.8,13.15,13.3,1182,1586
20260626,13.2,13.25,12.6,12.65,824,1063
20260629,12.75,13,12.6,12.6,634,807
20260630,12.8,13.3,12.65,13.15,807,1054
20260701,13.6,14.45,13.6,14.45,3988,5730
20260702,15.85,15.85,15.6,15.85,2773,4395
20260703,17.4,17.4,17.4,17.4,3884,6757
20260706,17,17,15.7,15.7,13574,21577
20260707,15.4,16.2,14.3,14.8,6260,9564
20260708,14.9,15.7,14.65,15.15,3964,6020
20260709,15,15.45,14.6,14.95,2315,3444
20260713,15.05,15.4,14.15,14.35,2131,3091
20260714,14.35,14.55,12.95,13.7,2633,3571
20260715,14,14.4,13.6,13.9,1037,1445
20260716,13.7,14.45,13.5,13.65,1334,1843
20260717,13.75,13.75,12.6,12.75,1394,1817
20260720,12.95,12.95,12.2,12.4,807,1003
20260721,12.5,12.75,12.45,12.6,663,832
20260722,12.65,12.9,12.65,12.7,603,769
20260723,12.85,12.9,12.4,12.65,608,770
20260724,12.45,12.65,12.05,12.15,644,789
20260727,12.2,12.2,11.6,11.9,1090,1294
20260728,11.75,11.8,11.35,11.45,888,1026
20260729,11.5,11.55,10.55,11.05,1364,1498
20260730,11.1,11.2,10.7,10.9,662,722
20260731,11.3,11.4,11.15,11.35,520,587
20260803,11.25,11.6,11.2,11.5,367,422
20260804,11.55,11.75,11.35,11.7,386,447
20260805,11.9,12.05,11.9,12,526,629
20260806,12,12,11.7,11.85,604,715
20260807,11.9,11.95,11.75,11.75,386,457
20260810,11.85,11.95,11.75,11.8,233,276
20260811,11.9,11.9,11.6,11.75,448,525
20260812,11.85,12.05,11.75,11.9,514,611
20260813,12,12.05,11.85,11.9,438,523
20260814,12,12.25,11.85,12.1,411,495
20260817,12.1,12.1,11.75,12,363,433
20260818,12,12,11.8,11.8,201,238
20260819,11.75,11.85,11.6,11.65,338,397
20260820,11.85,11.9,11.75,11.9,290,342
20260821,11.9,12.05,11.8,12,334,400
20260824,12.05,12.15,12,12,302,364
20260825,11.85,12.05,11.65,12.05,218,258
20260826,12.1,12.5,12.05,12.2,864,1061
20260827,12.2,13,12.2,12.55,1026,1303
20260828,12.65,12.7,12.3,12.35,536,671
20260831,12.4,12.4,12.15,12.25,224,275
20260901,12.3,12.35,12.15,12.25,196,240
20260902,12.2,12.3,12.1,12.2,185,225
20260903,12.35,12.35,11.9,11.9,181,219
20260904,12.05,12.05,11.75,11.95,267,318
20260907,11.95,12,11.7,11.7,291,343
20260908,11.75,11.85,11.5,11.55,419,489
20260909,11.55,11.7,11.55,11.65,201,233
20260910,11.6,11.6,11.2,11.3,446,506
20260911,11.3,11.35,11.1,11.25,266,298
20260914,11.25,11.25,11.05,11.1,206,229
20260915,11.1,11.35,11.05,11.05,215,240
20260916,11.1,11.45,11.1,11.3,200,226
20260917,11.45,11.95,11.45,11.8,895,1055
20260918,12,12.45,11.8,12.25,1339,1621
