# date,open,high,low,close,lot,wan
20250814,19.65,20.2,19.65,19.9,38,75
20250815,19.7,19.9,19.5,19.75,42,83
20250818,19.75,19.85,19.5,19.65,53,104
20250819,19.9,19.9,19.5,19.75,106,208
20250820,19.7,19.85,19.3,19.6,93,182
20250821,19.55,20.4,19.55,19.75,84,167
20250822,20,20.1,19.6,19.6,28,56
20250825,19.7,20.1,19.55,19.8,24,47
20250826,20,20,19.6,19.75,37,73
20250827,19.75,20.15,19.55,19.75,46,91
20250828,19.65,20.1,19.6,20.1,59,117
20250829,19.95,19.95,19.7,19.75,42,83
20250901,20.2,20.2,19.8,19.85,14,28
20250902,20.15,20.15,19.5,19.8,48,94
20250903,19.8,19.8,19.55,19.7,24,47
20250904,19.95,19.95,19.6,19.85,18,36
20250905,19.85,19.95,19.8,19.9,31,62
20250908,19.9,19.95,19.8,19.8,63,125
20250909,18.8,19.5,18.8,19.35,101,194
20250910,19.25,19.9,19.25,19.9,52,102
20250911,19.65,19.85,19.5,19.8,55,108
20250912,19.7,19.7,19.5,19.5,28,55
20250915,19.5,19.95,19.5,19.5,60,118
20250916,20.25,20.25,19.9,20,50,101
20250917,19.65,20.05,19.15,19.8,46,91
20250918,19.75,19.9,19.75,19.85,28,56
20250919,19.7,20.2,19.7,20.1,25,50
20250922,19.95,20,19.6,19.85,52,103
20250923,19.85,19.95,19.7,19.9,17,34
20250924,19.6,19.9,19.5,19.8,37,73
20250925,19.95,20.3,19.85,20.15,55,110
20250926,19.85,19.85,19.65,19.85,26,51
20250930,20.1,20.1,19.6,19.9,24,48
20251001,21,21,19.8,20.1,22,44
20251002,19.8,19.85,19.8,19.8,11,22
20251003,19.8,19.95,19.8,19.85,10,20
20251007,19.85,19.95,19.75,19.8,23,46
20251008,19.65,19.9,19.65,19.9,16,32
20251009,20.4,20.4,19.9,19.9,28,56
20251013,20.3,20.3,19.3,19.6,22,43
20251014,19.7,19.7,19.5,19.5,26,51
20251015,19.7,19.7,19.5,19.5,30,59
20251016,19.6,19.6,19.55,19.6,12,23
20251017,19.6,19.6,19.6,19.6,10,20
20251020,19.55,19.6,19.5,19.55,21,41
20251021,19.55,19.85,19.5,19.6,41,80
20251022,19.6,19.85,19.5,19.55,19,37
20251023,19.5,19.5,19.45,19.5,12,23
20251027,19.4,19.55,19.4,19.5,28,55
20251028,19.5,19.55,19.5,19.5,6,12
20251029,19.5,19.5,19,19.15,60,116
20251030,19.15,19.5,19.15,19.3,23,44
20251031,19.35,19.45,19.3,19.4,15,29
20251103,19.4,19.5,19.4,19.5,9,17
20251104,19.4,19.9,19.3,19.7,12,24
20251105,19.5,19.5,19.45,19.5,3,6
20251106,19.8,19.8,19.5,19.75,13,25
20251107,19.5,19.5,19.4,19.4,21,41
20251110,19.5,19.55,19.05,19.45,38,73
20251111,19.65,19.7,19.1,19.6,67,130
20251112,19.6,19.6,19,19.45,26,50
20251113,19.3,19.45,19.2,19.3,20,39
20251114,19.3,20.1,19.3,19.65,51,101
20251117,19.65,19.7,19.05,19.1,37,71
20251118,19.8,19.8,19,19.1,54,103
20251119,19.1,19.1,19,19.1,13,25
20251120,19.2,19.5,19,19.5,18,35
20251121,19.4,19.4,19,19.05,16,31
20251124,19.05,19.15,19.05,19.15,3,6
20251125,19.15,19.15,19.05,19.05,4,8
20251126,19.05,19.45,19.05,19.3,6,11
20251127,19.35,19.35,19.2,19.35,11,21
20251128,19.45,21.25,19.35,20.1,271,555
20251201,20,20.25,19.6,19.9,50,99
20251202,20.1,20.3,19.9,19.9,46,92
20251203,19.8,20,19.5,19.7,26,51
20251204,20.05,20.05,19.55,19.65,14,28
20251205,19.65,19.65,19.35,19.45,70,136
20251208,19.5,19.75,19.45,19.65,11,22
20251209,19.65,19.8,19.45,19.7,21,41
20251210,19.9,19.95,19.55,19.7,40,79
20251211,19.5,19.7,19.4,19.7,26,51
20251212,19.7,19.7,19.55,19.55,4,8
20251215,19,19.45,19,19.35,11,21
20251216,19.35,19.35,19.25,19.25,7,14
20251217,19.25,19.6,19.15,19.5,15,29
20251218,19.7,19.7,19.3,19.35,15,29
20251219,19.3,19.3,19.3,19.3,4,8
20251222,19.1,19.3,19.1,19.15,16,31
20251223,19.4,19.7,19.35,19.35,16,31
20251224,19.25,19.5,19.25,19.35,13,25
20251226,19.35,19.35,19.2,19.25,10,19
20251229,19.3,19.55,19.25,19.55,18,35
20251230,19.2,19.25,19.2,19.25,5,10
20251231,19.2,19.3,19.2,19.2,13,25
20260102,19.2,19.5,19.2,19.3,13,25
20260105,19.3,19.3,19.2,19.25,13,25
20260106,19.15,19.3,19.15,19.3,12,23
20260107,19.2,19.3,19.1,19.2,15,29
20260108,19.8,19.8,19.1,19.2,16,31
20260109,19.35,19.35,19.25,19.25,5,10
20260112,19.35,19.35,19.1,19.25,17,33
20260113,19.25,19.25,19.25,19.25,4,8
20260114,19.1,19.4,19.1,19.35,31,60
20260115,19.35,19.35,19.2,19.25,18,35
20260116,19.2,19.3,19.15,19.2,35,67
20260119,19.1,19.2,19,19.1,83,158
20260120,19.1,19.2,19.05,19.1,60,115
20260121,19.1,19.25,19,19.15,61,116
20260122,19.15,19.3,19.15,19.15,31,60
20260123,19.15,19.35,19,19.05,42,80
20260126,19.35,19.9,19.25,19.25,55,107
20260127,19.5,19.5,19.15,19.2,35,67
20260128,19.15,19.25,19.1,19.2,22,42
20260129,19.3,19.3,19.05,19.1,30,57
20260130,19.1,19.1,18.9,18.95,91,173
20260202,18.85,18.85,18.5,18.55,34,63
20260203,18.6,18.7,18.5,18.65,38,71
20260204,18.5,18.8,18.5,18.75,14,26
20260205,18.6,18.6,18.2,18.2,98,180
20260206,18.1,18.2,18.1,18.1,17,31
20260209,18.15,18.3,17.9,18,26,47
20260210,17.95,18.15,17.9,17.9,23,41
20260211,17.9,17.9,17.7,17.75,104,185
20260223,17.3,17.4,17.25,17.3,74,128
20260224,17.4,17.7,17.1,17.15,106,183
20260225,17.3,17.3,17.05,17.1,35,60
20260226,17.05,17.45,17.05,17.4,33,57
20260302,17,17.7,17,17.1,29,50
20260303,17.1,17.45,17.05,17.15,15,26
20260304,17.5,17.5,16.8,16.8,40,68
20260305,17.5,17.5,17.1,17.4,13,23
20260306,16.85,17.05,16.85,17,23,39
20260309,16.35,16.8,16.35,16.5,11,18
20260310,16.7,16.9,16.55,16.7,16,27
20260311,17.4,17.5,16.95,17,14,24
20260312,17,17,16.6,16.7,14,23
20260313,17.25,17.25,16.8,16.8,13,22
20260316,18.1,18.1,16.8,16.9,24,41
20260317,16.95,17.35,16.9,17.2,8,14
20260318,17.2,17.2,16.85,17,8,14
20260319,16.7,17,16.7,17,9,15
20260320,16.95,17.05,16.95,17,38,65
20260323,17,17,16.95,16.95,14,24
20260324,17,17,16.8,16.8,14,24
20260325,16.8,16.8,16.5,16.7,61,101
20260326,16.65,17,16.65,16.8,28,47
20260327,17,17,16.85,16.85,6,10
20260330,16.7,16.7,16.7,16.7,9,15
20260331,16.5,16.5,16.4,16.45,41,68
20260401,16.4,17.25,16.35,16.5,22,37
20260402,16.4,16.4,16.15,16.35,38,62
20260407,16.35,16.4,16.35,16.4,13,21
20260408,16.25,16.3,16.2,16.3,32,52
20260409,16.2,16.35,16.15,16.3,42,68
20260410,16.25,16.25,16.25,16.25,1,2
20260413,16.25,17.25,16.25,17.25,47,79
20260414,17.2,17.7,16.9,17.25,41,71
20260415,17.3,17.3,16.9,17.2,8,14
20260416,17.5,17.5,16.9,16.9,17,29
20260417,17.3,17.3,16.8,16.95,17,29
20260420,17.2,17.2,16.65,16.65,26,43
20260421,16.8,16.8,16.7,16.75,6,10
20260422,16.75,17,16.55,16.85,52,87
20260423,16.8,16.8,16.3,16.4,18,30
20260424,16.4,16.5,16.4,16.5,3,5
20260427,16.5,16.7,16.15,16.7,23,38
20260428,17.2,17.2,16.75,17,19,32
20260429,17,17,16.5,16.9,17,29
20260430,16.75,16.75,16.7,16.7,2,3
20260504,16.5,16.6,16.5,16.6,2,3
20260505,16.5,16.6,16.5,16.6,8,13
20260506,16.6,16.75,16.55,16.55,6,10
20260507,17,17.1,16.7,16.95,82,139
20260508,17.1,17.1,16.5,16.6,18,30
20260511,16.6,16.65,16.3,16.3,116,191
20260512,16.35,16.7,15.8,15.9,119,192
20260514,15.85,15.85,15,15,55,83
20260515,14.75,14.75,14.35,14.5,60,87
20260518,14.35,15,14.35,14.9,24,36
20260519,14.7,14.9,14.35,14.35,74,108
20260520,14.2,14.65,14.2,14.45,33,48
20260521,14.05,14.5,14.05,14.4,11,16
20260522,14.9,15,14.5,14.75,31,45
20260525,14.75,14.75,14.2,14.3,16,23
20260526,14.3,14.3,13.8,14.15,44,61
20260527,14.35,14.35,13.6,13.7,52,72
20260528,14.15,14.2,13.75,13.85,26,36
20260529,14.3,14.3,13.65,14,24,33
20260601,13.65,14.05,13.6,13.75,29,40
20260602,13.75,14.05,13.75,14.05,22,31
20260603,14.25,15.45,14.25,15.45,343,528
20260604,14,15.45,14,15.1,243,350
20260605,14.55,15,14.1,14.4,61,88
20260608,13.8,14.35,13.55,14.05,31,43
20260609,14.4,14.4,14,14.1,31,44
20260610,14.35,15.5,14.35,15.5,170,258
20260611,15.45,17,15.1,16,277,450
20260612,15.5,16,15.3,15.4,87,135
20260615,14.75,15.4,14.7,15.4,25,37
20260616,14.45,16.5,14.45,15.5,104,156
20260617,15.1,15.2,14.6,15,34,51
20260618,14.95,15.35,14.7,15.2,32,48
20260622,14.85,15.2,14.75,14.8,72,107
20260623,14.8,15.25,14.65,15.25,79,118
20260624,15,15.35,15,15.1,20,30
20260625,15.1,15.1,14.7,14.9,31,46
20260626,14.75,15,14.45,14.55,20,29
20260629,14.55,14.8,14.55,14.8,19,28
20260630,14.8,14.95,14.8,14.95,10,15
20260701,14.5,14.9,14.5,14.7,16,24
20260702,15,15,14.65,14.75,6,9
20260703,14.55,14.9,14.5,14.6,16,23
20260706,14.6,14.75,14.6,14.75,24,35
20260707,14.6,14.6,14.55,14.55,16,23
20260708,14.5,14.75,14.4,14.75,24,35
20260709,14.75,14.75,14.5,14.5,28,41
20260713,15,15,14.4,14.9,8,12
20260714,14.9,14.9,14.45,14.45,20,29
20260715,14.4,14.4,14.4,14.4,6,9
20260716,14.5,14.55,14.4,14.55,19,27
20260717,14.55,14.55,13.95,14,52,73
20260720,14.5,14.5,13.75,14.1,28,39
20260721,13.9,14.3,13.6,14.3,44,61
20260722,14.35,14.35,14.2,14.2,4,6
20260723,14.35,14.35,13.8,13.9,8,11
20260724,13.9,14,13.9,14,7,10
20260727,13.7,13.75,13.7,13.75,5,7
20260728,13.6,13.6,13.4,13.4,15,20
20260729,13.4,13.4,12.85,13.2,14,19
20260730,13.6,13.6,12.7,13.45,21,28
20260731,13.95,13.95,13.55,13.55,3,4
20260803,13.9,13.9,13.35,13.4,4,5
20260804,13.75,13.75,13.55,13.55,3,4
20260805,13.7,13.75,13.2,13.25,16,22
20260806,13.6,13.6,13,13.3,36,47
20260807,12.9,13,12.8,12.8,13,17
20260810,13,13.3,12.95,12.95,29,38
20260811,12.95,13,12.55,12.7,20,26
20260812,12.7,13,12.65,13,12,15
20260813,12.8,12.8,12.8,12.8,2,3
20260814,13,13,12.6,12.9,12,15
20260817,12.6,12.9,12.6,12.9,4,5
20260818,12.9,12.9,12.55,12.6,15,19
20260819,12.6,12.6,12.5,12.6,5,6
20260820,12.6,12.6,12.5,12.5,8,10
20260821,12.5,12.6,12.4,12.5,5,6
20260824,12.3,12.5,12.25,12.5,6,7
20260825,12.3,12.3,12.3,12.3,2,2
20260826,12.75,12.75,12.5,12.5,6,8
20260827,12.7,12.7,12.5,12.7,8,10
20260828,12.35,12.65,12.35,12.65,3,4
20260831,12.4,12.65,12.4,12.4,10,13
20260901,12.4,12.5,12.3,12.35,13,16
20260902,12.3,12.5,12.3,12.45,6,7
20260903,12.3,12.4,12.3,12.35,10,12
20260904,12.2,12.2,12.1,12.15,18,22
20260907,12.1,12.2,12.1,12.2,6,7
20260908,12.25,12.3,12.2,12.3,14,17
20260910,12.6,12.6,12.15,12.15,6,7
20260911,12.15,12.15,12,12,17,21
20260914,12,12.15,12,12.15,9,11
20260915,12.15,12.15,12.15,12.15,2,2
20260916,11.95,12,11.95,11.95,9,11
20260917,11.9,12.3,11.9,12.3,4,5
20260918,11.95,12.1,11.85,12.05,21,25
20260921,11.85,11.85,11.85,11.85,6,7
20260922,12.05,12.05,11.8,12.05,18,21
20260923,11.85,12.1,11.85,12.05,5,6
