# date,open,high,low,close,lot,wan
20250814,35.7,38.75,35.35,38.55,5040,19177
20250815,38.95,41.75,38.2,41.5,10120,40835
20250818,40.65,41.8,40,41,3992,16229
20250819,41.2,41.2,39.8,39.85,2051,8244
20250820,39.25,39.45,37.85,38.3,1625,6260
20250821,38.65,39.3,38.65,38.75,820,3192
20250822,39.05,40.15,38.5,39.25,1363,5376
20250825,39.65,43.15,39.55,43.15,8919,37854
20250826,43.2,43.25,41.55,42.15,5121,21643
20250827,42,42.3,41.6,41.75,1773,7431
20250828,41.9,42.3,41.2,41.35,1404,5855
20250829,41.7,41.85,40.65,41.05,1244,5115
20250901,41.4,41.5,39.15,39.5,1346,5367
20250902,39.9,40.25,38.8,39.2,720,2838
20250903,39.3,40,39.25,39.55,380,1507
20250904,39.9,40.1,39.25,39.3,574,2277
20250905,39.7,39.95,39.3,39.8,672,2668
20250908,40.25,40.6,39.65,39.8,658,2633
20250909,38.95,38.95,37.4,37.5,1723,6524
20250910,37.5,37.8,37.15,37.2,910,3394
20250911,37.4,37.45,36.3,36.35,977,3592
20250912,36.45,38.3,36.45,37.75,1092,4122
20250915,37.95,38.25,37.05,37.2,468,1753
20250916,37.2,37.7,37.15,37.6,282,1056
20250917,37.3,38.9,37.3,38.6,1165,4488
20250918,38.95,40.9,38.3,40.15,1637,6480
20250919,40.6,41.7,39.6,40.5,5798,23656
20250922,40.85,42.3,40.25,40.4,2977,12283
20250923,40.45,40.5,39.1,39.3,986,3892
20250924,39.5,41.3,39,41.25,1913,7744
20250925,41.5,42.6,39.9,40.05,5648,23542
20250926,40.95,42.15,40.05,40.3,6639,27320
20250930,40.35,40.5,39.6,40.3,1408,5641
20251001,40.35,41.5,39.3,39.35,1448,5792
20251002,39.55,39.85,39,39.15,590,2316
20251003,39.45,40.75,39.45,39.7,1926,7744
20251007,40.5,41.3,40.2,40.45,1806,7354
20251008,41.05,41.55,40.8,41.1,2406,9918
20251009,41.4,41.4,40.3,40.3,1084,4405
20251013,39,39.3,38,39.05,1025,3973
20251014,39.4,39.45,37.9,38.1,901,3462
20251015,38.4,38.4,37.65,38.25,379,1445
20251016,38.5,39.9,38.5,39.25,1032,4062
20251017,39,41.95,38.9,40.7,2650,10856
20251020,41.8,44.75,41.5,44.75,10474,45632
20251021,45.65,46,43.5,43.7,18033,81051
20251022,44,45.55,43.2,44.9,8384,37372
20251023,44.4,49.35,44.1,49.35,23814,113077
20251027,52.6,54.2,51.5,54.2,33197,176086
20251028,55.6,56.3,52.3,54,32363,175380
20251029,54,54.5,50.6,52,9372,48730
20251030,51.6,52.5,48.05,48.5,8044,39818
20251031,48.55,49.45,47.15,47.75,4646,22333
20251103,47.75,48.8,46.5,47.45,4811,22888
20251104,47.5,48.25,45.95,46.7,4483,21021
20251105,46,47.3,45.5,46.25,2779,12869
20251106,46.35,47.35,45.7,47.3,2698,12594
20251107,46.7,47,45.2,45.85,1940,8902
20251110,44.9,45.15,42.6,43.3,2757,11931
20251111,43.6,46.9,43.6,45.55,5104,23215
20251112,45.7,49.85,45.7,48.8,11244,54236
20251113,48.2,51.7,48,50.2,13935,70268
20251114,48.8,52.2,48.8,49.2,11787,59653
20251117,49.25,49.4,45.75,45.85,5160,24344
20251118,46,47.6,45.3,45.5,3857,17906
20251119,45.6,47.7,45.1,45.8,3799,17732
20251120,47,48.5,46.25,46.6,3054,14431
20251121,46,48.45,45.2,46.75,5413,25574
20251124,47.35,47.65,45.85,46.65,3284,15311
20251125,46.65,47.45,45.2,45.2,2413,11099
20251126,45.65,46.1,45.2,45.55,1135,5165
20251127,46.55,47.25,45.6,46.7,1842,8576
20251128,47.5,51.3,47.5,50.6,13685,68428
20251201,50.9,50.9,48.3,48.95,5979,29482
20251202,49.05,50.9,48.3,50.4,7844,39222
20251203,50.7,53.4,50,52.4,19445,100775
20251204,51.8,52.3,48.8,49,8585,43156
20251205,48.65,49.9,48.2,49.6,2062,10103
20251208,49.45,51.6,48.9,51.4,5240,26585
20251209,51.5,53.7,51.4,53,16415,86781
20251210,52.4,53.5,52,52,6734,35377
20251211,52.1,53.6,51.4,52,6309,33236
20251212,52.4,53.5,51.6,53.4,9080,48202
20251215,51.6,52.3,50.6,51,3418,17631
20251216,50.7,51.5,48.05,49,3624,17854
20251217,49.2,50.9,48.65,49.8,2472,12346
20251218,49.8,53.9,49.8,52,9610,50699
20251219,52.3,53.2,51,53,5797,30389
20251222,53,54.2,52.6,54.2,11291,60810
20251223,53.9,54.2,53.1,53.1,4621,24676
20251224,53.6,55.4,52.5,52.7,6012,32298
20251226,53,53.1,51.7,51.7,2117,11032
20251229,52.1,52.5,51,51.6,1632,8410
20251230,51.2,52.2,51,51.3,1774,9128
20251231,51.4,52.3,50.7,51.5,2193,11305
20260102,52.2,55.1,51.9,54.9,8923,48296
20260105,58.6,59.9,54.9,55.1,15814,90247
20260106,54.8,55.4,53.3,54.4,4963,26847
20260107,54.4,55,53.6,53.6,2644,14256
20260108,53.6,53.6,51.7,51.8,2128,11134
20260109,52.4,53.6,51.7,53,2310,12205
20260112,53.6,54.7,53.2,53.4,2896,15611
20260113,53.4,54.9,52.2,54.8,3582,19283
20260114,55.6,58.3,54.7,55.9,13048,74195
20260115,56.2,57.8,55.2,55.6,5896,33172
20260116,55.9,56.3,54.2,54.7,3389,18689
20260119,54.8,56.1,54.2,55.5,3750,20810
20260120,55.1,55.1,53.8,54.7,2440,13281
20260121,54.1,55.3,52.7,53,2536,13585
20260122,54.5,55.9,53.9,53.9,3795,20818
20260123,54.8,54.8,51.8,52,3026,15905
20260126,52.2,52.3,51,52.2,1725,8899
20260127,52.4,52.7,51.5,51.8,1221,6332
20260128,51.9,52.3,50.8,50.9,1267,6484
20260129,51.3,51.4,49,49,1867,9232
20260130,48.7,49.6,47.5,47.8,1366,6582
20260202,47.1,47.2,45.35,45.65,1339,6174
20260203,46.7,46.75,45,46.3,1111,5115
20260204,46.3,47.6,45.8,47.25,700,3291
20260205,47.25,47.75,46.3,46.3,592,2772
20260206,46,46,44.2,44.7,783,3515
20260209,45.6,45.8,44.8,44.9,657,2962
20260210,45,45.4,44.5,44.85,467,2099
20260211,44.65,45,44.1,44.95,652,2901
20260223,45.7,47.6,45.6,47.1,1922,9044
20260224,47.1,48.6,46.8,48.1,1464,7031
20260225,48.75,48.75,47.15,47.75,960,4582
20260226,48,48.45,46.85,48.1,1039,4981
20260302,46.7,47.5,46.1,47.15,569,2676
20260303,47,48.1,45.5,45.55,818,3783
20260304,44.8,44.8,42,42.5,999,4306
20260305,43.95,45,43.9,44.5,633,2812
20260306,44,44.8,43.65,44,286,1263
20260309,41.75,42,40.45,41.65,786,3243
20260310,42.95,43.5,42.7,43.4,542,2337
20260311,43.45,44.2,43.4,43.85,597,2628
20260312,43.8,45.8,43.7,45.8,1097,4944
20260313,46.05,49.15,45.35,48.45,5020,24062
20260316,48.8,52.6,48.2,52.4,9513,48081
20260317,52,52.1,50.4,50.7,7380,37737
20260318,51.2,51.2,48.95,49.3,2758,13722
20260319,49.25,49.6,47.8,48.1,2073,10089
20260320,48.3,49.45,47.2,47.25,1343,6454
20260323,46,46.15,45,45.15,810,3688
20260324,46.1,46.65,44.5,45.2,607,2754
20260325,46.2,46.4,45.5,45.6,447,2047
20260326,45.9,46.25,44.65,44.65,610,2776
20260327,44.45,45.45,44.1,45.35,428,1915
20260330,48,49.85,47.3,49.85,5303,25783
20260331,51,53.1,46.85,47.75,17849,90452
20260401,48.6,49.35,48.05,48.05,2898,14074
20260402,48.1,48.3,46.25,46.35,1432,6746
20260407,47,47,45.8,45.8,640,2953
20260408,47.8,50.3,47.4,50.3,4745,23509
20260409,52.4,53,52,52.2,9445,49572
20260410,52.3,53.7,52.2,52.8,4194,22200
20260413,54.5,58,54.4,58,13186,75195
20260414,59.1,59.6,55.5,56.8,12936,73986
20260415,58.6,62.4,56.8,62.4,14211,85266
20260416,62,64.2,59.5,63.5,18054,112381
20260417,64,67.5,63,64.6,13464,87557
20260420,65.9,67,65.2,65.6,7059,46582
20260421,66,66.4,64.6,66.2,5505,36156
20260422,66.2,66.5,65.3,65.7,3567,23507
20260423,66.5,66.5,60,63,6422,40194
20260424,63.9,64.6,61.8,63.5,3536,22389
20260427,63.8,63.8,60.3,60.7,2737,16763
20260428,60.5,63.4,60.5,62.8,2977,18588
20260429,63.3,64.5,61.7,63.5,3069,19504
20260430,65.4,66.5,62,62.4,5005,32013
20260504,63,64,61.6,63.1,3820,24111
20260505,63.1,65.1,63,65,4027,25971
20260506,65.4,66.2,63,64.3,4043,26146
20260507,65.7,69.9,64.5,69,12831,87061
20260508,66.9,72.3,66.3,68.3,11768,81651
20260511,68.7,69.3,64.2,68.6,6563,44288
20260512,67.8,69.6,65.6,67.7,6745,45619
20260513,66.5,69.5,66,68.6,5013,34145
20260514,71.6,74,67.3,69,11196,78241
20260515,71,75.9,70.8,73.9,20687,154157
20260518,72.7,75.4,70.2,74.7,13101,95781
20260519,74.3,76.3,72.1,74.1,7889,58209
20260520,73.3,81.5,73.3,81.5,8607,68512
20260521,83,87,81.1,85.2,26231,220017
20260522,85,89.5,84.3,88.3,14572,126336
20260525,92.8,97.1,90.5,94.2,13137,124474
20260526,93.5,94,87.1,92.7,9199,83789
20260527,94.8,98.5,92.7,97.4,10736,102601
20260528,96.2,107,96.1,107,16822,176714
20260529,115,115.5,102,103,13647,145109
20260601,104.5,110,99.6,99.8,8754,91835
20260602,99.8,99.8,90.5,95,9230,87156
20260603,95.6,95.6,89,91.3,9354,85462
20260604,89.4,93,87.5,87.9,3934,35311
20260605,87.5,96.6,83.7,96.6,15356,144453
20260608,87,103.5,87,100.5,25594,248960
20260609,102.5,109,100,104,24002,252252
20260610,102.5,111.5,99.5,99.9,24853,265422
20260611,101.5,106,96.6,103,19824,202263
20260612,107,109,98.5,98.6,15167,156269
20260615,101.5,108,101.5,108,12425,132338
20260616,109,110.5,97.7,98.1,14636,150846
20260617,96.6,107.5,96.6,107.5,12673,131361
20260618,108,117,105.5,114,28378,316454
20260622,113.5,115,108,109,11266,124868
20260623,113,116,109,110.5,14486,162244
20260624,109.5,116,109,115.5,11916,133798
20260625,116,123,113,116.5,17939,211161
20260626,115,121,111,111,11500,132416
20260629,110,111,104.5,106,8016,85781
20260630,109.5,116,108.5,112.5,7432,83868
20260701,115,120,108,108.5,11912,136875
20260702,107.5,111.5,106.5,109.5,3862,42047
20260703,108,117.5,108,115,9215,104990
20260706,116.5,119.5,110.5,116.5,9620,111341
20260707,116.5,119.5,105.5,107,7592,84501
20260708,109,110,103,107,4792,50890
20260709,108,110.5,105,105,3561,38382
20260713,106.5,108.5,99.8,101.5,4345,44390
20260714,99.9,104.5,97,102.5,4764,47928
20260715,103.5,107,102.5,103,3714,38499
20260716,104.5,113,104,110,17367,194588
20260717,105.5,107,99,99,5924,59780
20260720,95,95,89.1,89.1,3647,32812
20260721,88.2,90.3,86.3,87.9,5369,47371
20260722,91.9,93.9,89.2,90.1,3769,34318
20260723,89.3,90.3,86.2,87.2,1860,16372
20260724,84.2,86.6,82.1,82.1,1478,12406
20260727,81.8,84.8,79.3,81.7,1763,14418
20260728,77.8,77.8,72.2,72.2,1842,13626
20260729,73.4,74.4,66.2,68.7,2439,16752
20260730,66.6,70.3,65.7,66.5,2323,15722
20260731,72.8,72.9,70,71,1659,11845
20260803,70.4,74.5,70.2,72.8,2285,16780
20260804,72.8,75.2,71.7,75.2,1417,10469
20260805,77.1,78,75.7,76.9,1500,11542
20260806,76.8,77.1,73.6,76.9,948,7168
20260807,76.9,77.7,74,74.9,1110,8334
20260810,74.9,76.9,74.9,75.6,1191,9041
20260811,75.6,79.6,75.5,77.5,2059,15966
20260812,76.9,79.3,76.7,78.5,1320,10315
20260813,79.8,84,79.8,80.5,2778,22754
20260814,81.1,81.1,76.6,77.4,1645,12865
20260817,77.4,78,75.5,77.3,581,4462
20260818,77.5,77.5,74.7,74.8,587,4441
20260819,74,77.9,73,75.7,958,7281
20260820,77,77,73.7,74.7,611,4572
20260821,74.6,75.2,73.1,74.1,471,3480
20260824,74,75.2,73.2,73.2,387,2876
20260825,73,73.2,70.3,71.8,811,5793
20260826,71.5,73.2,71.4,72.6,677,4907
20260827,73.7,74.9,71.6,74.2,1457,10760
20260828,75.9,79.9,75.3,76.8,2410,18611
20260831,75.2,77.2,72.4,73.5,1048,7777
20260901,74,76.5,73.5,73.7,999,7456
20260902,73.6,73.6,71.3,71.4,827,5936
20260903,72.3,72.3,69,69.3,744,5257
20260904,70,72.9,69.9,71.8,1248,8979
20260907,73.1,74.2,71.8,72.2,765,5567
20260908,72.8,72.8,70.3,70.4,542,3840
20260909,70.6,71.4,70,71,429,3033
20260910,70.9,71.8,69.5,71,718,5041
20260911,69.5,71.4,69.5,69.5,499,3498
20260914,68.5,69.9,67.4,69.3,379,2603
20260915,69.3,70.3,68.8,69,337,2344
20260916,69.6,69.8,68.6,69.3,440,3044
20260917,70,70.9,69.1,69.1,303,2116
20260918,70,70.4,69.6,69.7,418,2926
20260921,70.6,72.2,70.2,71.4,919,6549
20260922,72.4,72.5,70,70,747,5325
20260923,70.5,71.5,69.5,69.5,474,3314
20260924,69.5,70.3,69.2,69.7,321,2238
