# date,open,high,low,close,lot,wan
20250814,61.2,62.5,61.2,62,894,5538
20250815,62,62.8,61.7,61.8,757,4700
20250818,61.8,62.8,61.5,62.7,565,3531
20250819,62.7,63,62.4,62.5,385,2416
20250820,62.4,62.4,61.3,61.8,748,4628
20250821,61.9,62.7,61.9,62.3,364,2271
20250822,62.5,62.7,62.2,62.6,275,1717
20250825,62.6,62.8,62,62.1,459,2861
20250826,62.1,62.3,61.2,61.2,708,4357
20250827,61.9,62.1,61.3,61.6,502,3098
20250828,61.9,62.2,61.6,61.8,381,2357
20250829,61.6,61.9,60.1,60.1,1258,7607
20250901,59.8,59.9,58,58.6,1355,7943
20250902,58.6,59.4,58.6,59.2,337,1990
20250903,59.4,59.4,58.7,58.8,334,1972
20250904,59,59.9,59,59.7,308,1833
20250905,60,60.3,59.8,60.2,335,2012
20250908,60.3,60.4,60,60.2,227,1367
20250909,60.3,60.6,60.1,60.1,281,1694
20250910,59.9,59.9,58.6,59.4,577,3420
20250911,59.4,59.8,59,59.3,364,2160
20250912,59.2,60.4,59.2,60.2,379,2279
20250915,60.5,60.9,60,60.2,240,1446
20250916,60.2,60.2,59.7,59.9,254,1522
20250917,60,60.1,59.6,59.6,233,1393
20250918,59.9,60.9,59.9,60.8,565,3419
20250919,61.1,61.9,61,61.9,576,3540
20250922,62.4,62.6,61.4,61.6,691,4277
20250923,61.5,61.5,60.8,60.9,301,1838
20250924,60.9,61.6,60.9,61,170,1038
20250925,61.8,61.8,61,61.2,194,1187
20250926,61.5,61.9,60.4,60.6,359,2188
20250930,60.6,61.3,60,61.3,159,965
20251001,61.6,61.7,61.1,61.3,220,1351
20251002,61.3,61.3,59.8,60.1,463,2794
20251003,60.1,60.6,60,60.4,149,900
20251007,60.6,60.8,60,60.5,280,1692
20251008,60.2,61,60.2,60.7,198,1199
20251009,61,61.2,60.3,60.7,198,1203
20251013,60,60,59,59.5,378,2250
20251014,59.8,60.2,59.5,59.5,266,1592
20251015,59.6,60.7,59.6,60.7,294,1774
20251016,61.5,62,60.6,60.7,350,2146
20251017,60.2,61.1,60,60.9,237,1439
20251020,61,62,61,61.5,370,2278
20251021,61.5,64.2,61.5,63.7,1253,7906
20251022,63.7,64.2,62.9,63.4,666,4227
20251023,63,63.1,61.8,62,423,2633
20251027,61.4,61.9,61,61,437,2676
20251028,60.7,61,60.4,60.6,197,1193
20251029,60.6,61,60.6,60.6,265,1609
20251030,60.9,60.9,60,60.1,355,2135
20251031,60.1,60.2,59.2,59.4,616,3667
20251103,59.5,59.8,59,59.2,470,2787
20251104,59.4,59.6,58.7,58.7,438,2580
20251105,58.2,59.4,57.8,59.4,575,3367
20251106,59.4,59.4,58.6,58.7,371,2185
20251107,58,58.1,56.1,56.2,1250,7097
20251110,55.5,55.8,53.1,53.3,1265,6824
20251111,53,53.9,52.9,53.2,507,2704
20251112,53.2,55,53.2,55,422,2297
20251113,54.3,55,54.3,54.3,399,2173
20251114,53.6,54.2,53.3,53.5,347,1857
20251117,53.5,53.5,51.3,52,655,3406
20251118,51.8,52,51.2,51.3,397,2043
20251119,51.2,51.7,50.6,50.8,427,2179
20251120,51.7,53.2,51.3,52.3,437,2275
20251121,51,52.6,51,51.8,287,1493
20251124,51.7,52.2,51,51.8,345,1778
20251125,52.2,52.4,51.8,52.3,154,801
20251126,52.8,53.3,52.7,53.1,247,1308
20251127,53.1,53.9,53.1,53.7,183,978
20251128,53.8,53.9,53.2,53.4,171,914
20251201,53.5,54.1,53.1,53.3,236,1263
20251202,53.4,53.5,52.4,52.4,371,1959
20251203,52.4,53,52,52,398,2084
20251204,52.2,52.6,52.2,52.3,136,713
20251205,52.3,52.3,51.9,52.2,210,1093
20251208,52.1,53,52,52.6,232,1218
20251209,52.9,53,52.6,52.9,208,1098
20251210,53.2,53.2,52,52.4,263,1378
20251211,52.1,52.7,51.6,52.7,345,1801
20251212,52.6,53,52.5,52.9,230,1213
20251215,52.7,53.3,52.1,53.2,229,1213
20251216,53,53.2,52.1,52.5,332,1746
20251217,52.5,52.7,51.7,51.8,239,1248
20251218,51.8,51.8,51.2,51.5,221,1138
20251219,51.5,52.6,51.5,52.5,202,1056
20251222,52.5,52.7,52,52.7,149,778
20251223,52.7,52.8,52.2,52.2,142,745
20251224,52.3,52.8,51.8,51.8,296,1544
20251226,51.8,52.2,51.5,52.1,173,897
20251229,52.1,52.9,52.1,52.3,214,1122
20251230,52.3,52.6,51.9,52.6,143,747
20251231,52.5,52.9,52.2,52.3,373,1959
20260102,53,54.3,52.7,53.4,675,3600
20260105,53.4,53.7,51.8,52.1,549,2875
20260106,51.7,51.8,51,51.3,777,3984
20260107,51,51.3,50.4,50.8,906,4593
20260108,51,51.4,50.4,50.7,865,4387
20260109,50.6,50.6,49.8,49.9,1132,5677
20260112,50.2,52.4,50.2,52.4,945,4873
20260113,52.4,52.7,52,52.4,550,2879
20260114,52.4,53.5,52.4,53.3,673,3573
20260115,53.3,54,53,53,497,2652
20260116,53.5,53.5,52.8,53,268,1422
20260119,53,54.1,53,53.1,857,4568
20260120,53.1,53.4,53,53.1,440,2336
20260121,53,53,51.9,52.2,401,2097
20260122,52.1,52.5,52,52.5,256,1338
20260123,52.6,53.4,52.6,53,750,3986
20260126,53.8,54.4,53.5,54.1,765,4129
20260127,54.1,54.4,53,53.2,541,2895
20260128,53.3,53.5,52.5,52.7,409,2158
20260129,53,53.3,51.9,51.9,447,2338
20260130,51.5,51.6,50.5,50.5,741,3777
20260202,50.6,51.6,50.5,50.9,726,3702
20260203,51.6,51.6,50.4,50.4,524,2655
20260204,50.4,51.4,50.1,50.6,316,1607
20260205,50.7,52.1,50.7,51.8,471,2435
20260206,51.4,51.4,50.2,51.1,453,2298
20260209,51.9,51.9,50.9,51.3,358,1835
20260210,51.8,52.9,51.8,52.5,638,3346
20260211,52.5,52.5,51,51.6,488,2515
20260223,51.6,52.6,51.1,52,509,2643
20260224,52.1,53,52.1,52.5,540,2843
20260225,52.5,54,52.5,53.4,971,5199
20260226,53.4,53.4,52.3,52.9,412,2169
20260302,52.6,53.1,52.2,52.7,375,1972
20260303,52,52,50.6,50.9,970,4945
20260304,50.5,50.9,49.5,50.1,869,4364
20260305,50.8,50.8,50,50.4,299,1508
20260306,50.4,51,50.4,50.8,247,1251
20260309,50,50,49,49.2,592,2929
20260310,49.6,49.75,47.2,48.35,761,3697
20260311,48.4,48.4,46,46.75,1648,7690
20260312,46,46,43.4,44,2241,9939
20260313,43.55,43.55,42.2,42.45,1296,5544
20260316,42.35,44.5,42.35,44.4,924,4049
20260317,45,45.3,43.65,44.1,802,3547
20260318,44,45.15,43.55,44.6,746,3308
20260319,44.3,44.3,43.05,43.35,837,3643
20260320,43.35,44.2,43.1,43.6,609,2663
20260323,43,44.25,42.6,44.05,586,2574
20260324,44.05,44.2,43.4,43.95,258,1130
20260325,43.85,43.85,42.8,43.5,703,3035
20260326,43.15,43.8,43.05,43.6,292,1271
20260327,43.2,43.6,43.2,43.6,149,646
20260330,43.2,43.3,42.45,42.55,407,1742
20260331,42.25,42.9,42.1,42.45,238,1012
20260401,42.65,43.7,42.6,43.55,321,1390
20260402,43.7,43.95,43.1,43.3,136,590
20260407,43.35,43.75,43.1,43.75,236,1027
20260408,43.75,43.8,43.1,43.6,281,1222
20260409,43.6,43.65,42.5,42.85,416,1783
20260410,42.75,43.05,42.05,42.45,426,1802
20260413,42.45,42.45,41.4,41.55,432,1801
20260414,41.55,41.7,41.15,41.3,489,2023
20260415,41.6,41.9,41.05,41.2,521,2153
20260416,41.3,42.2,41.2,42.15,508,2123
20260417,42.2,42.25,41.75,41.9,318,1335
20260420,41.95,42.2,41.7,42.2,374,1569
20260421,42.45,42.45,41.6,41.8,384,1608
20260422,41.8,41.8,41.35,41.4,359,1489
20260423,41.45,41.55,40.5,40.6,619,2531
20260424,40.65,41.05,39.75,40.2,501,2008
20260427,40.2,40.2,38.85,39.15,706,2768
20260428,39.15,39.5,39,39.35,316,1240
20260429,39.35,40.5,39.35,40.45,310,1237
20260430,40.45,40.55,39.25,39.3,408,1615
20260504,39.25,39.25,38.15,38.6,605,2335
20260505,38.6,39,38.45,38.95,379,1466
20260506,39,39,37.95,38.1,818,3124
20260507,39,39.65,38.55,39.2,762,2970
20260508,39.1,39.4,38.65,39.25,514,2008
20260511,39.25,39.75,39,39.4,418,1643
20260512,39.4,39.6,39,39.6,353,1388
20260513,39.4,39.5,39,39.05,296,1158
20260514,39,39.05,38.45,38.9,487,1887
20260515,38.9,39.15,38.4,38.4,335,1300
20260518,38.15,38.25,37.55,38.05,438,1660
20260519,38.1,39.35,38,39,429,1667
20260520,39,39.25,38.9,39.25,288,1125
20260521,39.4,39.8,39.35,39.65,255,1010
20260522,39.7,39.7,39.1,39.45,518,2035
20260525,39.6,40.2,38.55,39.05,1098,4274
20260526,39.5,40.7,38.5,40.65,1007,3981
20260527,40.15,40.45,39.75,39.95,861,3444
20260528,39.9,39.9,39.1,39.35,637,2512
20260529,39.5,41.4,39.45,40.8,1085,4419
20260601,41.8,42.1,40.9,42,1019,4253
20260602,42.3,44.25,41.95,44,1660,7205
20260603,44,44,42.7,43.5,1112,4798
20260604,43.05,43.05,42.15,42.8,717,3047
20260605,42.8,44.95,42.4,43.7,1524,6709
20260608,41,44.75,40.7,43.9,955,4079
20260609,43,43.55,42.4,42.8,923,3951
20260610,42.55,47.05,42.25,47.05,2456,11341
20260611,49,51,45,45.25,4911,23337
20260612,45.25,46.35,44.05,44.6,1465,6579
20260615,44.6,44.6,43.8,43.95,966,4257
20260616,44.2,48.3,43.9,48.3,3337,15789
20260617,49.8,52,47.65,50.4,5070,25061
20260618,49.95,51,47.75,50.3,4550,22389
20260622,50.3,51.9,49,51.4,4738,23977
20260623,51.4,51.7,49.5,50.3,2054,10348
20260624,49.05,52.1,48.6,48.85,2695,13469
20260625,49.5,49.55,47.25,47.6,1538,7398
20260626,47.5,51,47.5,49,3793,18843
20260629,49.05,50.6,48.35,50.1,1712,8530
20260630,52.1,52.5,49.6,49.6,4193,21253
20260701,49.8,50.2,48.55,48.8,1554,7615
20260702,49.35,49.35,48,48.8,1197,5795
20260703,49,49.9,49,49.2,1126,5570
20260706,49.2,50.4,48.4,48.4,1068,5240
20260707,48.4,48.7,46.75,46.75,1194,5681
20260708,46.75,47.15,46.3,46.4,529,2474
20260709,47.45,47.8,46.85,47.1,422,1995
20260713,47.1,47.2,45.25,45.35,1088,4981
20260714,45.15,45.8,44.1,45.6,815,3662
20260715,45.6,46.1,45.25,45.9,281,1286
20260716,45.9,46.35,45.45,45.6,397,1822
20260717,44.8,45.2,43.5,43.5,616,2731
20260720,43.95,44.35,42.55,43.6,1021,4419
20260721,43.6,44.2,43.4,43.65,554,2421
20260722,43.8,44.15,42.85,43,830,3599
20260723,43.35,43.7,43.1,43.5,331,1438
20260724,43.3,43.95,42.6,43.25,418,1806
20260727,43.25,44.1,43,43.45,402,1749
20260728,43.45,44.15,43,43,608,2646
20260729,43.05,43.3,41.5,41.8,689,2908
20260730,40.45,42.3,40.45,41.05,447,1844
20260731,42.35,43.55,41.95,41.95,413,1766
20260803,41.15,41.65,40.55,40.75,625,2558
20260804,41.5,41.7,40.55,41,448,1833
20260805,41.7,41.7,40.75,40.9,431,1767
20260806,40.5,40.6,39.7,40.6,587,2360
20260807,40.65,41.4,40.6,41.35,262,1078
20260810,41.9,42.3,41.3,41.85,433,1810
20260811,41.5,42.25,41.35,42.25,307,1286
20260812,42,42.1,41.3,41.55,390,1620
20260813,41.95,41.95,41.5,41.8,278,1159
20260814,41.8,41.8,41.3,41.75,290,1204
20260817,41.65,41.65,40.8,41.15,335,1376
20260818,41.15,41.25,40.7,41.1,230,944
20260819,41.1,41.15,40.8,40.85,166,680
20260820,40.9,41.2,40.6,41.2,194,793
20260821,41.2,41.5,40.95,41.5,157,647
20260824,41.4,41.55,41,41.5,206,852
20260825,41.4,41.6,40.85,41.6,252,1039
20260826,41.9,42.6,41.9,42.6,446,1886
20260827,42.5,43.65,42.35,42.75,506,2173
20260828,43.05,43.25,42.05,42.3,382,1626
20260831,42.35,42.5,41.2,41.2,435,1816
20260901,41.2,41.5,40.8,40.8,480,1967
20260902,40.5,41.2,40.4,41.2,269,1099
20260903,41.3,41.3,40.65,40.75,201,822
20260904,40.8,41.8,40.75,41.8,563,2326
20260907,42.3,42.85,41.65,42.85,558,2364
20260908,42.1,42.2,41.2,41.5,327,1362
20260909,41.5,41.5,40.95,41,251,1031
20260910,41.55,41.75,41.25,41.5,214,887
20260911,41.5,41.55,40.85,41.15,153,630
20260914,40.8,41.15,40.75,41.15,111,454
20260915,41.15,41.4,40.7,40.7,130,534
20260916,41.05,41.05,40.6,40.6,154,627
20260917,40.65,40.85,40.6,40.8,132,538
20260918,41,41,40.7,40.7,178,726
20260921,40.6,40.9,40.5,40.8,262,1066
