# date,open,high,low,close,lot,wan
20250814,56.1,56.1,56.1,56.1,1205,6759
20250815,61.7,61.7,53.6,53.9,8714,51315
20250818,53.6,53.6,51.6,51.6,1886,9884
20250819,52.5,52.8,51.8,52,793,4143
20250820,52.4,52.4,51.1,51.1,731,3762
20250821,51.1,51.8,51.1,51.6,291,1500
20250822,51.6,52,51.5,51.6,147,758
20250825,51.7,52.2,51.3,51.4,287,1479
20250826,51.3,51.3,50.8,51,274,1399
20250827,51,51.3,51,51,159,811
20250828,51.4,51.4,51,51.1,131,670
20250829,51.1,51.4,51.1,51.2,97,497
20250901,51.4,51.4,50.9,51,191,975
20250902,51,51,50.7,50.9,325,1649
20250903,50.9,51,50.8,50.8,115,586
20250904,50.8,51,50.5,50.6,234,1187
20250905,50.8,50.8,50.4,50.7,147,746
20250908,50.7,50.8,50.5,50.5,121,615
20250909,50.5,50.8,50.5,50.6,139,703
20250910,50.5,50.6,50.4,50.6,188,948
20250911,50.5,50.7,50.5,50.5,195,985
20250912,50.5,50.8,50.4,50.6,86,435
20250915,50.5,50.6,50.4,50.5,117,593
20250916,50.5,51.5,50.4,50.5,151,764
20250917,50.5,50.7,50.4,50.5,71,360
20250918,50.5,50.7,50.5,50.6,74,374
20250919,50.6,50.7,50.4,50.5,159,802
20250922,50.6,50.6,50.5,50.5,81,410
20250923,50.5,50.7,50.4,50.6,134,677
20250924,50.6,50.6,50.2,50.3,205,1031
20250925,50.2,50.4,50.1,50.2,129,650
20250926,50.2,50.2,49.9,49.95,269,1346
20250930,49.95,49.95,49.75,49.85,176,878
20251001,49.8,49.8,49.3,49.5,264,1310
20251002,49.5,49.5,48.8,49.3,304,1492
20251003,49.05,49.8,49.05,49.25,155,765
20251007,49.5,49.5,49.1,49.25,188,926
20251008,49.2,49.4,49.05,49.25,119,588
20251009,49.6,49.6,49.2,49.25,100,494
20251013,49.05,49.25,48.65,48.85,251,1227
20251014,49,49,48.7,48.75,231,1128
20251015,48.75,48.95,48.5,48.7,195,947
20251016,48.7,48.75,48.5,48.6,138,671
20251017,48.6,48.6,48.45,48.5,121,585
20251020,48.5,48.5,48.15,48.35,206,995
20251021,48.4,48.75,48.4,48.5,119,577
20251022,48.85,49.45,48.7,49.25,128,629
20251023,49.1,49.3,49,49.05,86,422
20251027,49.2,49.2,48.7,48.8,110,537
20251028,48.8,49.15,48.8,49,86,419
20251029,49.05,49.15,48.9,49,39,191
20251030,49,49,48.9,49,69,336
20251031,49.05,49.15,48.95,49.05,55,271
20251103,49.15,49.75,49.15,49.65,161,797
20251104,49.8,50,49.55,49.6,97,481
20251105,49.6,49.6,48.9,49.05,127,624
20251106,49.05,49.05,48.55,48.65,112,545
20251107,48.65,48.9,48.4,48.65,53,257
20251110,48.65,48.9,48.15,48.9,160,772
20251111,48.6,48.6,47.9,48.1,245,1181
20251112,48.1,48.2,48,48.1,122,586
20251113,48.1,48.15,48.05,48.1,66,316
20251114,48.1,48.15,47.9,47.9,103,495
20251117,47.9,47.9,46.6,46.65,328,1538
20251118,46.75,47.45,45.3,46.4,263,1209
20251119,46.45,47.25,46.2,46.4,63,292
20251120,46.45,46.6,46.45,46.6,47,221
20251121,46.15,46.35,46.15,46.3,60,279
20251124,46.85,46.85,46.3,46.7,46,214
20251125,46.7,47.15,46.45,46.6,65,304
20251126,46.7,47.25,46.65,47.2,45,211
20251127,47.3,47.7,47.25,47.65,52,245
20251128,47.65,47.9,47.6,47.8,46,219
20251201,47.8,48.25,47.55,47.55,52,247
20251202,48,48.05,47.6,47.95,59,283
20251203,47.95,48.15,47.9,48.1,65,314
20251204,48,48.4,48,48.1,25,121
20251205,48.4,48.4,48.1,48.1,45,218
20251208,48.4,48.75,48.15,48.6,48,234
20251209,48.9,49.05,48.7,48.9,63,307
20251210,48.9,49.05,48.7,48.9,52,253
20251211,48.95,49,48.8,48.8,36,176
20251212,48.8,49.3,48.8,49.1,62,305
20251215,49.1,49.8,48.8,49.5,85,421
20251216,48.95,49.6,48.95,49.2,78,386
20251217,49.5,49.5,49.1,49.1,40,196
20251218,48.9,49.1,48.9,49,21,101
20251219,49,49,48.7,48.7,46,223
20251222,48.7,48.7,48.45,48.45,28,135
20251223,48.45,48.5,48.4,48.4,26,124
20251224,48.5,48.5,48,48.4,132,636
20251226,48.35,48.35,48.1,48.2,38,183
20251229,48.2,48.3,48.15,48.3,38,182
20251230,48.15,48.15,47.7,47.8,54,261
20251231,47.75,48.05,47.75,48.05,34,164
20260102,48.05,48.4,48.05,48.35,35,168
20260105,48,48.2,47.6,47.85,100,477
20260106,47.85,47.95,47.35,47.6,127,604
20260107,47.3,47.5,47,47.2,137,647
20260108,47,47.5,47,47.35,50,236
20260109,47,47.35,47,47.3,47,224
20260112,47.3,47.45,47,47.15,86,406
20260113,47.35,47.9,47.2,47.5,76,361
20260114,47.55,48.55,47.55,47.8,124,598
20260115,47.85,48.4,47.85,48,132,636
20260116,48.1,49.3,48.1,48.9,166,811
20260119,49.3,49.35,48.5,48.5,122,597
20260120,48.5,48.95,48.15,48.55,138,672
20260121,48.55,48.6,48.25,48.5,71,343
20260122,48.5,48.55,48.35,48.55,37,180
20260123,48.5,48.5,48.4,48.4,14,67
20260126,48.4,48.7,48.3,48.45,105,508
20260127,48.4,48.55,48.35,48.55,55,265
20260128,48.55,48.6,48,48.5,251,1214
20260129,48.5,48.5,47.95,48.15,85,409
20260130,48.15,48.25,47.7,48.25,79,380
20260202,47.75,47.8,47.65,47.8,37,179
20260203,47.8,47.9,47.65,47.75,53,255
20260204,47.75,48.05,47.75,48.05,17,80
20260205,48.05,48.1,48.05,48.1,18,88
20260206,48.1,48.1,47.5,47.75,49,234
20260209,47.95,47.95,47.75,47.9,19,92
20260210,47.75,47.9,47.7,47.9,24,113
20260211,47.6,48,47.55,47.8,71,338
20260223,47.8,48.1,47.75,48.1,118,564
20260224,48.15,48.3,48,48.15,37,180
20260225,48.15,48.15,48,48.15,65,313
20260226,48.25,48.25,48.05,48.2,52,252
20260302,48.15,48.15,48,48.15,55,263
20260303,48,48.35,48,48.25,61,293
20260304,47.9,47.9,47.2,47.8,109,519
20260305,48.2,48.2,47.85,48,37,176
20260306,47.9,47.9,47.45,47.8,57,271
20260309,47.6,47.6,46.95,47.3,156,735
20260310,47.9,48.2,47.5,47.75,82,392
20260311,47.75,48.15,47.75,48.05,77,371
20260312,47.85,48.05,47.8,47.95,59,285
20260313,47.8,48,47.6,47.9,64,308
20260316,47.7,48.1,47.7,47.7,62,294
20260317,47.85,47.95,47.7,47.95,68,324
20260318,48,48.15,47.8,48,46,220
20260319,47.25,47.9,47.25,47.55,44,209
20260320,47.55,47.8,47.55,47.75,100,479
20260323,46.85,48.2,46.85,47.75,96,456
20260324,47.4,47.8,47.4,47.8,83,395
20260325,48,48,47.7,47.95,13,64
20260326,48.1,48.1,47.8,47.85,39,187
20260327,47.85,47.95,47.75,47.8,31,148
20260330,47.6,47.8,47.45,47.55,38,179
20260331,47.55,47.7,47.35,47.35,33,155
20260401,47.4,47.95,47.35,47.5,30,141
20260402,47.85,47.85,47.6,47.7,33,155
20260407,47.5,47.7,47.45,47.7,12,55
20260408,47.55,47.85,47.4,47.75,83,393
20260409,47.7,47.7,47.5,47.55,27,128
20260410,47.55,47.8,47.55,47.6,45,215
20260413,47.6,47.6,47.45,47.55,32,152
20260414,47.6,47.75,47.6,47.65,44,210
20260415,47.65,47.8,47.6,47.7,65,310
20260416,47.7,47.7,47.2,47.65,69,328
20260417,47.55,47.6,47.35,47.55,70,330
20260420,47.55,47.55,47.3,47.45,56,268
20260421,48.1,48.1,47.35,47.45,43,206
20260422,47.75,47.75,47.3,47.5,76,362
20260423,47.3,47.3,46.9,47.2,178,838
20260424,47.2,47.5,46.85,47.3,77,364
20260427,46.9,47,46.8,46.95,52,242
20260428,46.85,46.85,46.65,46.7,92,431
20260429,46.7,47.8,46.65,46.7,62,294
20260430,46.8,46.9,46.75,46.8,38,180
20260504,46.85,46.9,46.75,46.8,39,182
20260505,46.7,46.8,46.7,46.75,39,183
20260506,46.8,47.2,46.8,46.95,51,238
20260507,46.95,47.15,46.85,46.9,53,247
20260508,47.5,47.5,46.5,46.7,102,477
20260511,46.65,46.8,46.55,46.7,92,427
20260512,46.9,46.9,46.5,46.55,39,181
20260513,46.5,46.55,46.2,46.55,64,298
20260514,46.4,46.45,46.1,46.15,99,457
20260515,46.1,46.15,46,46.05,68,314
20260518,45.75,46.1,45.6,46,99,453
20260519,45.7,46.55,45.7,46.55,30,138
20260520,46.1,46.1,46,46.05,26,118
20260521,46.1,46.1,46.1,46.1,13,60
20260522,46.1,46.25,46,46.15,60,275
20260525,46.05,46.1,45.8,46,105,481
20260526,45.9,46,45.85,46,53,244
20260527,45.8,46,45.7,45.8,82,374
20260528,45.95,46,45.6,45.9,72,332
20260529,45.9,46.3,45.85,46.05,72,333
20260601,46.05,46.05,45.8,45.95,114,523
20260602,45.95,46,45.85,46,58,266
20260603,46,46.4,46,46.3,75,344
20260604,46.3,48.35,46.3,47.05,37,174
20260605,47.05,47.05,46.9,47,50,233
20260608,46,47,46,46.2,51,235
20260609,46.05,46.45,46.05,46.25,75,345
20260610,46.05,46.75,46.05,46.25,60,276
20260611,46.15,46.6,46.1,46.6,43,198
20260612,46.2,47.05,46.15,46.95,38,176
20260615,47.7,47.7,46.8,47,78,367
20260616,47,47.3,46.9,47,64,301
20260617,46.95,47.1,46.85,47,34,160
20260618,47,47.15,46.8,46.95,82,384
20260622,47.1,47.2,46.75,46.8,88,411
20260623,46.8,47,46.8,46.95,273,1281
20260624,43.95,44.95,43.95,44.45,373,1659
20260625,44.6,44.8,44,44.05,139,613
20260626,44,44.15,43.85,43.85,118,521
20260629,43.75,44.05,43.55,43.6,124,543
20260630,43.6,43.6,43.05,43.5,109,472
20260701,43.5,43.65,43.1,43.1,63,271
20260702,43.35,43.35,42.85,43.05,66,283
20260703,43,43.2,42.95,43.2,57,245
20260706,43.25,43.35,43.15,43.25,26,114
20260707,43.15,43.15,42.8,43.05,50,214
20260708,43,43,42.85,42.85,42,179
20260709,42.85,43,42.8,42.95,34,146
20260713,42.85,42.85,42.6,42.8,63,271
20260714,43.6,43.6,42.55,42.75,55,233
20260715,43.5,43.5,42.65,43.1,80,343
20260716,43.1,43.1,42.7,42.95,33,141
20260717,42.7,43,42.6,42.6,54,233
20260720,43.1,43.15,42.6,42.75,53,226
20260721,42.65,42.95,42.5,42.85,38,161
20260722,42.85,42.85,42.7,42.7,47,199
20260723,42.8,42.85,42.6,42.65,33,139
20260724,42.7,42.7,42.5,42.6,22,92
20260727,42.6,43,42.5,42.75,58,246
20260728,42.75,42.75,42.35,42.45,82,348
20260729,42.75,43,42.3,42.8,95,408
20260730,42.6,42.9,42.05,42.3,49,206
20260731,42.35,42.8,42.3,42.6,65,277
20260803,42.6,42.6,42.1,42.5,51,214
20260804,42,42.85,42,42.4,55,232
20260805,42.45,42.55,42.1,42.35,51,213
20260806,42.05,42.3,42.05,42.3,48,203
20260807,42.1,42.45,42.1,42.1,50,213
20260810,42.1,42.55,42.1,42.2,29,121
20260811,42.5,42.5,42.05,42.15,31,132
20260812,42.15,42.25,42.15,42.2,37,157
20260813,42.2,42.2,42,42.2,49,207
20260814,42.2,42.2,42,42.05,33,137
20260817,42.05,42.15,41.9,42.1,66,279
20260818,42,42,41.9,41.9,36,151
20260819,41.85,41.9,41.6,41.85,62,258
20260820,41.85,41.85,41.5,41.65,82,342
20260821,41.5,41.85,41.5,41.6,116,484
20260824,41.65,41.65,41.5,41.6,62,258
20260825,41.55,41.6,41.55,41.55,37,152
20260826,41.6,41.6,41.5,41.6,112,464
20260827,41.5,41.6,41.4,41.45,100,417
20260828,41.4,41.4,41.05,41.15,124,511
20260831,41.25,41.25,40.85,40.95,90,370
20260901,40.65,40.7,40.4,40.65,160,648
20260902,40.45,40.45,40.1,40.2,92,371
20260903,40.1,40.55,40.1,40.3,52,210
20260904,40.6,40.6,40,40.3,175,700
20260907,40.25,40.25,39.95,40.1,162,648
20260908,40.1,40.1,39.6,39.9,144,574
20260909,39.65,39.75,39.35,39.75,415,1638
20260910,39.75,40.5,39.6,40.5,288,1147
20260911,40.45,40.45,40,40.05,94,378
20260914,40.05,40.05,39.5,39.8,162,645
20260915,39.7,39.75,39.4,39.55,201,794
20260916,39.55,39.55,39.35,39.45,103,406
20260917,39.5,39.55,39.35,39.55,174,686
20260918,39.6,42,39.6,40.8,792,3205
20260921,40.5,40.7,40.3,40.5,257,1040
20260922,40.45,40.5,40.05,40.4,133,537
20260923,40.4,40.5,40.15,40.4,84,340
20260924,40.3,40.35,40.15,40.3,43,174
