# date,open,high,low,close,lot,wan
20250814,235,238.5,229.5,238,3170,74443
20250815,236.5,242.5,231.5,232.5,2591,61123
20250818,232,240.5,228.5,238.5,2259,53313
20250819,238.5,244,233,239,1968,46866
20250820,237,238,228,229,1849,42751
20250821,230.5,242,229.5,242,2177,51659
20250822,242,242,232.5,235,1490,35159
20250825,240,246.5,237.5,238,2362,57160
20250826,238,249.5,237,247,2016,49507
20250827,256,270,256,262.5,3122,82089
20250828,264,268,260.5,264,1611,42673
20250829,269,270.5,263.5,264,1633,43533
20250901,260.5,288,259,268.5,5328,146370
20250902,272,276,260,265,3201,85314
20250903,265,274,264,268.5,1879,50653
20250904,271.5,274,263,263,1251,33460
20250905,264,268.5,263,265,993,26336
20250908,265,273.5,256.5,270,2353,62661
20250909,271,275,267.5,272.5,1191,32329
20250910,275,283.5,272.5,274,1920,53140
20250911,275.5,285,273,274,3452,96346
20250912,275.5,279.5,263,271.5,2716,72890
20250915,270.5,271,261.5,263,2662,70383
20250916,263,267.5,262,266,1172,31096
20250917,266,266,250.5,255,2620,66682
20250918,254.5,256,251,255.5,1206,30615
20250919,255,255.5,251,252,1257,31762
20250922,252,259,252,257,837,21415
20250923,260,260,253,255,821,21018
20250924,259,263,256.5,257,1392,36070
20250925,256,256,250.5,251,1021,25760
20250926,251,251,239.5,241.5,1857,45081
20250930,243,247.5,239,244.5,1329,32516
20251001,245.5,251.5,241,243.5,1210,29605
20251002,248,249,242,243.5,1661,40728
20251003,244,248,243,245.5,868,21268
20251007,246,249.5,244.5,247,1440,35493
20251008,246.5,248,242.5,245.5,917,22386
20251009,247,251.5,244.5,250.5,1182,29388
20251013,239,247.5,238.5,243.5,945,22979
20251014,248,257.5,240.5,240.5,2447,61277
20251015,244.5,255.5,242.5,253.5,1940,48821
20251016,256,256.5,249,253,1609,40651
20251017,244.5,248,235.5,239,3263,77856
20251020,239,239,233.5,235.5,1157,27266
20251021,238.5,239,234.5,236,910,21510
20251022,236.5,236.5,228,228,1584,36382
20251023,225,229.5,224,225.5,1512,34269
20251027,230,238,226,237,2251,52436
20251028,236,236,231,232.5,615,14285
20251029,233.5,239.5,233.5,236,727,17135
20251030,236.5,239.5,236.5,238,859,20440
20251031,240,252,238.5,246,2189,54124
20251103,248,252.5,248,252.5,1484,37169
20251104,252.5,254.5,244,248,1397,34672
20251105,244,248,237,248,1157,28032
20251106,254.5,259,242,243.5,2133,53006
20251107,242.5,245,240,242.5,740,17940
20251110,246,246,226.5,228,1818,42024
20251111,230,232.5,227,232.5,858,19748
20251112,232.5,238.5,232.5,237,781,18472
20251113,241,248,240.5,245,1396,34160
20251114,239.5,241.5,235.5,236,891,21196
20251117,238,239,231.5,234.5,614,14377
20251118,231.5,233,219.5,220.5,2300,51603
20251119,221.5,225,218.5,220.5,2446,54169
20251120,229,231,222,225,2508,56423
20251121,221,227.5,218.5,220.5,1548,34222
20251124,224,224,219,221.5,1197,26472
20251125,223,229,219.5,227,2549,57341
20251126,235,241,230.5,234.5,1503,35492
20251127,238,247.5,230,231.5,2462,58580
20251128,232,237,231,235,842,19738
20251201,234.5,238,229,232,768,17836
20251202,234.5,235,228,228.5,812,18742
20251203,232,232,228,230,1018,23390
20251204,230,231,227,227,574,13132
20251205,227.5,230,225,227,492,11168
20251208,227,233,226,231,854,19705
20251209,231,240.5,231,237,1882,44473
20251210,237,241.5,233.5,238.5,1193,28353
20251211,244,251,243.5,245,3589,88925
20251212,247,258,245.5,257,4306,109740
20251215,249,264,246.5,254,4121,105155
20251216,251,261,248,256,4570,116135
20251217,259.5,275.5,257.5,260.5,8629,229503
20251218,261,262,256,257.5,3227,83350
20251219,264,272,261.5,272,4757,127041
20251222,279,282.5,270,274.5,4903,135814
20251223,277.5,279,271,271.5,2957,80909
20251224,274,275,270,272.5,2310,62951
20251226,272.5,278.5,270.5,274.5,2303,63545
20251229,276.5,281.5,270,271.5,2672,73338
20251230,269.5,277,267,273.5,1674,45574
20251231,275,279.5,271,275,2337,64408
20260102,276,283.5,274.5,276,2127,59267
20260105,279,281.5,270.5,279.5,4290,118824
20260106,284.5,301.5,283.5,296,7059,207748
20260107,300,310,293,304.5,6119,184929
20260108,300,300,284.5,287,4099,119208
20260109,287,287,276,276,2204,61667
20260112,278.5,280,266,272.5,2758,75142
20260113,285,295,281,292.5,6669,193323
20260114,299,309,286.5,297,7281,217010
20260115,300.5,315,297,305.5,7260,222413
20260116,328,335,293.5,298,10578,326350
20260119,298,298,288.5,292.5,3263,95330
20260120,292.5,308.5,289,308,4361,132364
20260121,305.5,305.5,288,290,3898,114749
20260122,295.5,299.5,286,296,4153,121837
20260123,298,298,289.5,292,1578,46070
20260126,293.5,298,287.5,289,1673,48561
20260127,291.5,296.5,290,293,1505,44138
20260128,298,304,293.5,295.5,2639,78838
20260129,298,301.5,290.5,290.5,2362,69683
20260130,290.5,292.5,282.5,284,1838,52419
20260202,278.5,283,273.5,277.5,1471,40845
20260203,281,287,278.5,281,998,28088
20260204,281,281,275,276.5,1208,33344
20260205,274,276,265.5,265.5,1476,39688
20260206,265.5,265.5,251.5,258,2103,54094
20260209,265,266.5,261,262.5,700,18425
20260210,264,265,260,265,519,13650
20260211,265.5,265.5,253,263,1490,38559
20260223,269.5,283.5,265.5,279,2025,55970
20260224,280,292.5,276,287,2993,85228
20260225,290,297,289,292,3318,97047
20260226,294.5,310,292.5,305,5736,174078
20260302,289.5,302,285.5,298,2210,65506
20260303,297,302,285,289.5,2666,77961
20260304,278,283,263,263,3042,81603
20260305,273.5,285.5,271,284,2808,78126
20260306,283,284,276,280.5,1732,48556
20260309,261,266,253.5,266,1884,48763
20260310,276,281.5,269,271,1512,41408
20260311,275,286,274.5,286,1265,35648
20260312,282.5,287,278.5,283.5,1301,36693
20260313,277.5,283.5,275.5,276,1370,38190
20260316,277,281.5,274,280,843,23527
20260317,283,286,281,281.5,1179,33400
20260318,286,291.5,283.5,285.5,1768,50632
20260319,282.5,289,280,280.5,1074,30393
20260320,284.5,292,279,288,2635,75764
20260323,280.5,290.5,270.5,273.5,3575,100118
20260324,284.5,287,274.5,280.5,2198,61867
20260325,286,303.5,286,300,4871,144476
20260326,305,307.5,288,290,2822,83728
20260327,286,293,282,293,1450,41636
20260330,282,284,277.5,281.5,1378,38651
20260331,280,283.5,268.5,273,2042,55916
20260401,283.5,284,278,280,816,22918
20260402,281,286,279,282,1123,31661
20260407,285,294,278,292,2036,58689
20260408,297.5,302,295,302,3667,109640
20260409,305,323,302,318.5,6171,194224
20260410,325.5,331.5,320,325.5,4213,136902
20260413,330,332,314.5,320.5,2971,95677
20260414,330,335,326,331,2755,91297
20260415,338,360,334,353,4787,166356
20260416,349.5,351.5,325.5,340,5493,184058
20260417,335,359,334.5,359,4012,140178
20260420,379,394.5,376.5,394.5,2977,115860
20260421,409.5,415.5,392.5,397.5,6645,267155
20260422,393,402,388,390.5,2863,112817
20260423,397,399.5,363,376,4211,159535
20260424,385,396.5,379,386,2894,112321
20260427,391.5,392,362.5,380.5,3437,128536
20260428,389,389.5,378,381.5,1483,56567
20260429,381,381.5,371.5,376.5,932,35021
20260430,376.5,385,371.5,378,1570,59270
20260504,386,388,379,383,1900,72836
20260505,385,386,371,374,2002,75084
20260506,382.5,397,377,395.5,4628,180347
20260507,405.5,406,392,393,3052,121402
20260508,398,429,398,410,6223,257784
20260511,420,437.5,410,425,4394,186524
20260512,445,446.5,415,419.5,3790,161288
20260513,414,426.5,412.5,419.5,2183,91216
20260514,426,450,408,435.5,5661,241577
20260515,415.5,417.5,397.5,403.5,7285,294953
20260518,398,411.5,392.5,410.5,2313,93489
20260519,409.5,414.5,400,405,1807,73215
20260520,405.5,412,399,404,1554,63038
20260521,415,430,412,429.5,3030,127801
20260522,444,447.5,436,442,2961,131023
20260525,477,486,475,486,1791,86740
20260526,489,529,489,506,6296,320361
20260527,523,523,491,500,3486,176274
20260528,510,527,492,496,3672,187057
20260529,517,522,506,511,2184,112244
20260601,518,518,505,513,1688,86310
20260602,515,517,498,517,1972,100338
20260603,529,529,508,510,1845,95138
20260604,508,525,504,504,1865,96030
20260605,505,511,486,504,2148,107542
20260608,457,489,457,487.5,1618,76512
20260609,498,520,497,520,1845,94143
20260610,520,545,500,500,3582,187272
20260611,508,521,485.5,504,2485,125290
20260612,523,554,523,548,4103,222891
20260615,580,597,563,573,4068,236835
20260616,575,580,538,541,3680,203573
20260617,533,544,523,541,1690,90460
20260618,545,567,539,567,2072,115197
20260622,575,580,561,562,1497,84794
20260623,563,566,540,541,1463,80075
20260624,537,543,526,540,1112,59522
20260625,545,562,538,559,1634,90281
20260626,558,566,529,531,1967,107459
20260629,538,555,528,532,2144,115930
20260630,547,565,544,554,2136,118997
20260701,573,598,564,571,3067,177163
20260702,563,595,555,588,1796,104029
20260703,585,596,579,588,1671,98311
20260706,595,596,568,570,1699,97985
20260707,591,591,552,562,2259,129563
20260708,564,565,532,546,1894,103172
20260709,546,580,546,549,1923,107369
20260713,565,565,542,551,1839,101606
20260714,554,557,510,539,1753,93238
20260715,544,590,540,585,2259,128518
20260716,580,607,569,590,2661,156404
20260717,557,580,535,542,2482,138142
20260720,542,542,497,518,1998,104032
20260721,528,540,524,540,1283,68336
20260722,554,561,545,548,1322,72797
20260723,549,553,528,543,1213,65199
20260724,537,550,520,526,948,50391
20260727,524,532,494.5,510,1564,79640
20260728,490,491,472,474.5,1326,63608
20260729,474,479,428,447,2410,106904
20260730,445,464,427,436,1267,56455
20260731,471.5,479,462,468,2966,139400
20260803,461,513,460,494,1742,85950
20260804,485,507,485,492,1522,75294
20260805,541,541,503,509,2615,136606
20260806,501,509,483.5,508,1807,89953
20260807,506,520,491,493.5,1712,85838
20260810,495,511,495,507,1013,51024
20260811,502,513,498,510,883,44599
20260812,511,516,498,499,1189,59751
20260813,502,523,502,511,1628,83917
20260814,524,525,506,510,983,50415
20260817,511,518,506,511,1075,55252
20260818,513,520,501,503,1091,55689
20260819,493.5,512,493,500,839,42293
20260820,504,509,491,496,798,39606
20260821,498.5,498.5,483.5,490.5,1176,57598
20260824,491.5,506,488,493,436,21627
20260825,488,488,462.5,477,1010,47970
20260826,489,504,486,500,1567,78053
20260827,508,508,492.5,497.5,963,48049
20260828,501,502,491,492.5,901,44653
20260831,492.5,492.5,476.5,485,758,36484
20260901,485,511,485,507,1607,80926
20260902,502,503,492,492,935,46440
20260903,500,523,498.5,500,2948,150799
20260904,516,528,501,516,2366,122048
20260907,516,518,506,514,1299,66585
20260908,514,522,499,503,1322,67104
20260909,512,538,512,534,3685,194826
20260910,537,538,519,535,1449,76831
20260911,520,529,506,511,2107,108405
20260914,505,527,505,520,1603,83154
20260915,521,530,516,518,1109,58085
20260916,521,528,516,521,795,41460
20260917,524,535,516,516,973,50825
20260918,526,541,521,540,2100,112080
20260921,549,549,532,535,1270,68280
20260922,542,549,534,535,1221,66057
20260923,538,558,534,549,1774,96993
