# date,open,high,low,close,lot,wan
20250814,70,71.2,70,70.8,144,1021
20250815,70.6,70.8,69.1,69.1,343,2400
20250818,68.4,68.4,66,66,574,3853
20250819,66,68,66,66.3,182,1219
20250820,66.3,66.3,65.1,65.4,104,681
20250821,66.6,67.8,66.5,67.2,117,786
20250822,67.2,67.8,67,67.1,88,593
20250825,67.7,68.3,67.4,67.4,102,690
20250826,67,67.6,66.8,67.3,52,349
20250827,67.7,68.9,67.4,68.4,156,1069
20250828,68.6,71.2,68.5,70,314,2202
20250829,71,71.3,70,70.1,155,1092
20250901,70.2,70.3,68.9,69,121,840
20250902,69.7,69.7,68.1,68.4,122,836
20250903,68.5,69.7,68.5,69.2,125,862
20250904,69.6,70.5,69.4,69.5,160,1117
20250905,70.2,70.2,68.7,69.1,213,1477
20250908,69.1,71.3,69.1,69.5,537,3755
20250909,67,67.5,64.6,64.6,617,4062
20250910,65,67.6,64.6,66.4,434,2896
20250911,66.6,67.2,64.2,64.2,330,2149
20250912,64.5,65.5,64.1,64.2,162,1048
20250915,64.1,64.1,62.8,63.6,141,895
20250916,63.2,64,62.9,64,92,585
20250917,64.5,64.5,63.3,63.5,59,377
20250918,64.1,65,63.6,64.8,84,542
20250919,65.2,66.4,65,65.1,104,683
20250922,65.8,65.8,64.5,65.1,74,482
20250923,65.8,65.8,64.3,64.3,76,493
20250924,64.3,64.6,63.7,64.3,85,545
20250925,64.6,65,64.1,64.1,50,323
20250926,64.1,64.1,62.6,62.6,154,969
20250930,62.6,63.5,62.1,63.5,37,233
20251001,63.5,63.8,63.4,63.5,30,191
20251002,63.1,63.1,62.2,62.4,109,683
20251003,62.6,63,62.3,62.3,70,439
20251007,62.7,63,61.6,62.5,82,513
20251008,62,62.5,61.5,62,103,639
20251009,64.5,67.4,64.1,65.9,454,2980
20251013,63.9,64.9,63.2,64.6,187,1200
20251014,64.6,65.4,63.4,63.4,154,991
20251015,63.4,63.5,61.9,62.8,124,777
20251016,63.5,64.3,63.1,64.2,148,945
20251017,65,65,63.8,63.8,77,494
20251020,64.5,64.6,64,64.3,57,366
20251021,64.7,65.6,64.6,65.1,154,1005
20251022,65,65.9,65,65.6,74,485
20251023,65.8,68.6,65.8,65.8,391,2626
20251027,66.1,67.9,65.6,66.7,134,890
20251028,66.5,66.6,65.4,65.8,102,673
20251029,66.4,69,66.3,68.3,461,3142
20251030,68.2,69.1,67.8,68.9,229,1565
20251031,69.2,69.4,68.3,69,193,1331
20251103,69.2,69.4,68.6,69,147,1015
20251104,68.8,69,67.7,67.9,147,1002
20251105,67.7,68.1,66.6,68.1,73,492
20251106,68.5,69,67.6,68.4,112,766
20251107,69.9,73.8,69.9,71.7,747,5373
20251110,76.4,78.8,75.4,78.3,2588,20211
20251111,78.3,82.7,77.1,80.2,1950,15634
20251112,81.1,81.1,75.7,78.6,1425,11037
20251113,80,80.4,78.1,78.6,751,5942
20251114,78.4,84,78.4,83.4,1918,15661
20251117,83.8,83.9,80.8,81.2,1469,12072
20251118,81.8,84.8,80.3,81.8,987,8139
20251119,82.8,83.4,80.3,82.5,655,5371
20251120,83.4,84.1,82,82,582,4826
20251121,80.8,85.9,80.7,82.4,1588,13301
20251124,83.6,85.8,82.9,83.1,934,7865
20251125,84.1,85,81.6,84.5,821,6869
20251126,85.5,87,84.5,86.9,1448,12462
20251127,87.6,87.7,84.5,85.3,1062,9098
20251128,85.5,85.5,82.2,82.6,687,5731
20251201,82.9,82.9,80.7,81.4,511,4174
20251202,81.7,82.5,80.9,82.3,387,3169
20251203,83.3,87.5,82,85.8,1068,9114
20251204,86,86,83.4,83.8,526,4433
20251205,83.9,85.3,83.2,83.3,452,3797
20251208,82.9,83.8,79.7,83.7,700,5702
20251209,76.4,77,75.4,75.4,1853,14004
20251210,73.5,73.6,71.5,72.8,1172,8494
20251211,72.8,73,70.7,71.4,615,4405
20251212,71.6,71.8,69.9,70,537,3796
20251215,69,70.2,69,69.1,261,1813
20251216,68.8,69.6,68.3,68.9,232,1599
20251217,69.7,70.6,69.2,69.6,306,2138
20251218,69.4,71.4,69.4,71,356,2517
20251219,71.5,71.6,70,70,285,2008
20251222,70,70.8,69.4,69.4,283,1975
20251223,69.4,69.8,68.4,68.6,238,1639
20251224,68.8,69.2,68.1,68.1,138,945
20251226,67.6,68.3,67.5,67.5,197,1335
20251229,67.9,67.9,67.1,67.7,158,1065
20251230,67.3,69,67,68.9,212,1439
20251231,69,69.9,68,68,156,1075
20260102,68,69.5,68,68.5,226,1558
20260105,68.7,69.3,66.5,66.8,419,2815
20260106,67,67.7,67,67.2,73,491
20260107,67.2,68.5,67.2,67.9,192,1303
20260108,67.7,69,67.6,67.6,141,959
20260109,67.9,69.3,67.8,69.3,266,1830
20260112,69.3,69.3,67.3,68.6,402,2741
20260113,68.6,68.9,66.1,66.3,578,3870
20260114,67.2,68.3,66.8,67.8,210,1421
20260115,67.8,68.2,67.5,67.6,88,597
20260116,67.6,68.9,67.6,67.7,129,879
20260119,67.7,69.4,67,68.3,333,2274
20260120,67.9,68.9,67.9,68.9,139,952
20260121,68.8,68.9,66.8,67.2,420,2832
20260122,67.9,68,67.2,67.5,214,1444
20260123,67.9,68.9,67.9,68.2,200,1365
20260126,68.8,69.9,68.5,69,244,1688
20260127,69,69.5,67.6,67.8,233,1593
20260128,67.8,68.1,66.9,67.1,326,2189
20260129,67.2,67.2,66.4,66.4,225,1499
20260130,66.5,66.7,64.7,64.8,302,1966
20260202,64.9,64.9,64,64.4,162,1045
20260203,65.6,65.6,64.2,65,48,311
20260204,64.7,65.7,64.5,65.2,95,620
20260205,65,66.7,64.7,65,127,832
20260206,65.3,65.3,62.6,63.8,149,943
20260209,65,65,63.8,63.8,71,455
20260210,64.4,64.4,62.5,64,73,465
20260211,68.9,69.9,67.1,68.9,908,6228
20260223,69,69.9,68.5,68.6,277,1912
20260224,68.4,68.5,67.5,67.9,172,1169
20260225,68.5,69.3,67.6,69.3,200,1372
20260226,70.2,70.5,68.2,68.7,276,1907
20260302,67.2,68.5,67.2,68,176,1197
20260303,68.4,68.4,66.3,66.6,258,1726
20260304,65.9,65.9,63.7,64.2,179,1155
20260305,65,67.5,65,66.5,125,831
20260306,65.9,67.3,65.5,67.1,91,606
20260309,61.1,62.1,60.4,61.6,416,2547
20260310,62.1,63.5,62.1,62.9,114,717
20260311,62.9,64.3,62.9,63.1,88,559
20260312,65.3,66.3,64.5,65.7,238,1561
20260313,64.9,66.3,64.9,66,79,521
20260316,65.9,65.9,65,65.5,94,616
20260317,66.1,66.3,65.7,66.2,113,745
20260318,66.4,67,66.2,66.9,129,859
20260319,65.6,66.8,65.6,65.9,154,1018
20260320,65.6,67.3,65.6,66.7,109,726
20260323,65.2,66.2,65,65,126,822
20260324,65.5,66.1,64.5,65.1,81,528
20260325,65.1,66.7,65.1,66.5,75,494
20260326,66.5,67.1,66,66,103,684
20260327,64.9,67.3,64.9,66.9,126,840
20260330,66.3,66.5,65.7,66.4,97,641
20260331,66.3,66.4,64.5,64.6,141,921
20260401,65.5,66.7,65.5,66.6,128,849
20260402,66.6,66.6,65.9,66.3,95,629
20260407,67.2,67.2,66.3,66.7,85,568
20260408,66.9,67.7,66.9,67.7,141,952
20260409,67.8,67.9,67.3,67.6,88,595
20260410,63,65.2,63,64.8,453,2922
20260413,64.8,65.7,63.8,64.2,263,1691
20260414,64.2,64.8,64,64.1,157,1009
20260415,65.3,65.6,63.9,63.9,200,1286
20260416,65,65.2,64.5,64.9,121,785
20260417,64.7,65.7,64.7,65.6,139,908
20260420,65.8,66.2,65,65.6,100,655
20260421,65.7,66.3,65.3,66.3,135,890
20260422,66.5,67.6,66.2,67,327,2188
20260423,67.7,67.7,64.5,65.8,332,2177
20260424,65.4,65.8,64.8,64.9,127,827
20260427,64.2,64.6,63.6,63.8,137,875
20260428,63.7,63.9,63.4,63.6,135,859
20260429,63.6,64.4,63.2,64,89,568
20260430,64.3,64.8,63.9,64.5,125,803
20260504,65.1,69.3,65.1,69.3,580,3944
20260505,71.9,76.2,71.2,76.2,1982,14819
20260506,76.6,78.1,72.1,75.3,3331,25364
20260507,75.1,77,70.2,71.1,2061,15143
20260508,71,71,68.6,68.9,533,3719
20260511,68.9,75.7,68.7,74.7,1830,13517
20260512,73.2,74.7,71.1,71.8,782,5642
20260513,70.6,71.4,69.6,69.8,372,2608
20260514,70.2,71.1,69.4,69.4,393,2761
20260515,70,70.1,67.9,68.1,296,2040
20260518,67.3,69,67,68.6,177,1202
20260519,68.1,69.3,68,68.3,178,1220
20260520,68.2,69.5,67.7,69,195,1339
20260521,69.5,71.1,69.4,70.7,333,2343
20260522,71.1,72.3,70.4,72.3,423,3017
20260525,72.5,73.5,72.1,72.6,579,4203
20260526,73,73.2,71.7,72,323,2331
20260527,72.2,72.2,70.5,70.8,246,1749
20260528,71.2,72.1,70.1,70.4,354,2514
20260529,71.5,71.5,70.6,70.7,158,1122
20260601,71.3,72.3,70.9,72,373,2670
20260602,72.3,72.8,71.5,72.1,309,2226
20260603,72.6,73.3,72,72.5,339,2457
20260604,72.5,72.8,71.7,72,293,2116
20260605,72,72,70.6,71.1,167,1188
20260608,65.6,69.2,65.5,69.2,207,1398
20260609,69.3,70.3,69.3,70,128,896
20260610,68.8,69.3,67.3,67.5,354,2420
20260611,66.6,67.8,66,67.1,253,1685
20260612,67.6,67.8,66.8,66.9,170,1143
20260615,67.5,67.9,67.1,67.5,131,886
20260616,68,68.3,67,67,137,926
20260617,67.4,67.5,67,67.3,74,498
20260618,67.9,68,67.3,67.3,148,999
20260622,67.6,68.2,67.5,68.1,160,1087
20260623,68.5,69.3,67.2,68,213,1445
20260624,67,67.8,67,67.3,163,1097
20260625,68.3,68.3,67,67.1,86,579
20260626,66.9,66.9,65.5,65.5,261,1726
20260629,65.3,66,65,65.7,115,753
20260630,65.5,66.7,65.2,66.5,144,948
20260701,66.5,66.7,65.7,66.5,81,536
20260702,66.5,67.5,66.5,67.5,125,838
20260703,67.5,68.4,67.5,67.8,137,931
20260706,68,70.6,68,68.8,313,2173
20260707,68.7,68.8,67.2,67.4,110,745
20260708,67.4,67.4,66.6,67,99,664
20260709,67.5,67.6,67,67.2,68,457
20260713,67.2,67.2,65.3,65.8,249,1639
20260714,65.6,65.8,64.6,65.6,246,1606
20260715,65.2,66.2,65.2,65.7,71,467
20260716,65.6,65.6,65,65,114,742
20260717,65,65,64.2,64.2,175,1128
20260720,64.1,65.1,63.1,64.8,119,764
20260721,65.7,66.1,65.3,65.6,126,827
20260722,65.6,66.8,65.6,66.4,95,630
20260723,66.6,67.2,66.5,66.8,54,360
20260724,66.7,66.8,66.1,66.1,88,584
20260727,66,67,66,66.7,65,433
20260728,66.5,66.5,65.1,65.6,205,1346
20260729,65.7,65.7,63.8,64.5,256,1650
20260730,64,65,63.7,63.8,114,730
20260731,65.8,65.8,64.4,64.7,70,454
20260803,64.7,66.4,64.3,64.3,213,1388
20260804,60.7,61.1,60.4,61,115,698
20260805,61.6,62.1,61,61,80,491
20260806,61,61,60.4,60.6,62,377
20260807,61.4,61.5,60.6,61,89,542
20260810,61.8,62.1,60.7,61,101,616
20260811,61,61,60.5,60.7,70,425
20260812,61.3,61.5,60.7,61.1,50,305
20260813,61.1,61.1,60.3,60.3,165,1000
20260814,60.4,60.5,59.8,60.1,166,996
20260817,60.2,60.4,60.1,60.3,61,367
20260818,60.4,60.4,59.7,59.8,80,480
20260819,59.8,60.4,59.8,60.3,56,336
20260820,60.6,60.8,60.3,60.3,50,302
20260821,60.3,60.5,59.9,60.2,53,319
20260824,60.1,60.9,59.8,59.9,73,438
20260825,59.6,59.9,59.6,59.9,44,263
20260826,60,60.1,59.7,59.7,40,239
20260827,60,60.1,59.6,59.7,95,569
20260828,60,60,59.5,59.6,42,251
20260831,59.6,59.8,59.5,59.8,60,358
20260901,60,60.3,59.8,60.3,53,318
20260902,60.3,61,60.3,60.9,116,703
20260903,61,61,60,60.3,43,260
20260904,60.3,60.8,60.2,60.7,22,133
20260907,60.5,60.6,60.1,60.2,32,193
20260908,60.2,60.6,60,60.4,31,187
20260909,60.2,60.4,60,60,72,433
20260910,60.2,60.2,60,60.1,44,264
20260911,60,60,59.5,59.9,65,389
20260914,60.8,60.8,59.7,59.7,53,319
20260915,60,60.4,59.3,59.3,39,233
20260916,60.8,61,59.4,59.5,45,269
20260917,60.1,60.3,59.4,59.6,46,274
20260918,60,60,59.6,59.6,64,382
20260921,60,60,59.4,60,34,203
