# date,open,high,low,close,lot,wan
20250814,60,60.1,59.2,59.4,53,316
20250815,59.6,61.6,59,59,60,358
20250818,58.2,58.6,56.1,58.1,34,196
20250819,57.2,59.5,57.1,57.7,29,167
20250820,57,57.9,57,57,40,229
20250821,57,59.4,57,58.5,52,303
20250822,58.1,60.1,58,58.4,45,267
20250825,58.5,60,58.5,58.8,32,189
20250826,58.8,60.2,58.5,59.5,34,202
20250827,59.8,59.8,58.9,59.3,26,154
20250828,59,59.6,59,59.2,34,201
20250829,59.2,59.9,58,58,61,357
20250901,57.1,61,55.5,60.6,236,1397
20250902,61.5,65.8,61.3,63.8,703,4472
20250903,63.7,64.7,62,62.1,197,1239
20250904,62.1,65.6,61.6,63,277,1759
20250905,62.6,65.8,62.1,65.8,270,1744
20250908,65.9,67.4,64.5,65.9,209,1378
20250909,66.8,67.8,64.8,65.2,423,2804
20250910,64.6,64.7,63.8,63.9,106,679
20250911,63.9,63.9,62,62,87,547
20250912,61.9,63.5,61.9,61.9,92,575
20250915,61.5,61.5,60.5,60.6,57,347
20250916,61.2,62.9,60.8,61.3,24,148
20250917,61.3,62.7,59.5,61.2,81,495
20250918,61.2,63.1,61.2,61.8,66,410
20250919,62.8,66,62.3,65.8,360,2340
20250922,66.3,72.3,66.3,72.3,943,6716
20250923,74.5,75.5,67.4,68.8,989,6943
20250924,68.5,72,67,68.9,362,2521
20250925,68.9,73.9,67.2,68.8,490,3429
20250926,67.7,70.9,67.5,68,252,1730
20250930,68.7,68.7,66.3,67.3,79,533
20251001,67.3,67.9,65.8,66,87,580
20251002,66.3,69.5,65.1,68.9,308,2107
20251003,68.5,71,68.1,68.1,346,2405
20251007,67.8,71.7,67,70.9,373,2616
20251008,70.7,71.5,70,70.6,241,1706
20251009,70.8,73,70.4,72.9,585,4213
20251013,71.9,72.5,70.2,72.3,312,2235
20251014,72.3,73.9,69,69.1,402,2856
20251015,69.8,71.4,69.2,69.4,190,1338
20251016,71.5,72.3,69,70.1,332,2355
20251017,70.9,73,70.2,72.9,715,5179
20251020,76.6,80.1,74,80.1,1715,13468
20251021,82,82.7,76.2,76.6,1797,14289
20251022,76.5,78,73.7,74.5,614,4616
20251023,73,77,72.3,72.3,616,4589
20251027,73.3,79,72.6,78,733,5577
20251028,77.3,79.3,74.6,79.2,639,4943
20251029,87.1,87.1,80.8,81.4,2813,24094
20251030,81,83,77.8,83,798,6451
20251031,83.2,84.1,81.1,81.2,552,4532
20251103,81.2,81.8,78.6,78.6,273,2174
20251104,79,80.8,75.5,75.7,273,2109
20251105,74.8,76.4,74.1,75.4,161,1213
20251106,76,79.6,76,76.4,299,2323
20251107,76.5,79.1,74.5,78.5,283,2199
20251110,78.5,78.8,75.4,76,230,1769
20251111,75,78.4,75,75.5,212,1623
20251112,75.8,77.4,74.7,74.8,133,1008
20251113,76,76.7,73.8,73.8,187,1401
20251114,71,75.7,71,75.4,281,2080
20251117,75.9,79,75,75.1,484,3733
20251118,74.6,77.5,74.5,76.9,339,2590
20251119,76.8,78,75.1,75.6,457,3504
20251120,76.8,78,76.3,77.9,323,2493
20251121,76.5,80,76.5,78.4,573,4500
20251124,78.7,79.3,77.5,77.5,192,1503
20251125,78.2,78.2,75.6,75.6,224,1719
20251126,75.9,76.5,73.6,73.6,140,1049
20251127,73.9,78,73.6,77.7,320,2455
20251128,77.7,79.5,77,77.5,200,1561
20251201,76.7,77.1,75.6,76.2,143,1090
20251202,76.4,80.6,75.5,79.4,462,3634
20251203,79.8,84.4,79.5,81.9,628,5139
20251204,82.5,82.5,78,78,316,2527
20251205,78.4,78.4,77.1,77.1,108,837
20251208,77.5,77.6,75.5,76.3,157,1196
20251209,76.4,80,76.4,77.8,227,1777
20251210,77.9,78.5,76.5,76.5,131,1012
20251211,76.5,77.4,75.6,75.6,126,958
20251212,77.6,77.6,75.6,75.8,96,730
20251215,75,76.4,74.9,75.3,72,543
20251216,75.3,78.4,74,78,334,2574
20251217,78.3,79.2,77.3,77.3,334,2619
20251218,77,79.8,76.2,76.2,175,1356
20251219,76.5,77.1,76,76.2,90,688
20251222,76,77.7,76,76.5,74,566
20251223,76.5,79.2,75.9,78.5,335,2618
20251224,79.2,80.7,78.2,80.4,501,3997
20251226,82,84.1,81.5,81.5,541,4463
20251229,81,83.9,80.9,81,255,2102
20251230,80.1,81.4,79.1,79.4,136,1087
20251231,79.5,81.2,78.7,79,198,1583
20260102,79.3,85,79.3,85,627,5214
20260105,85.6,86.6,82.5,83.2,633,5348
20260106,83,84.1,82,82.3,169,1405
20260107,82.3,83,81,81.2,152,1237
20260108,81.1,81.1,77.8,77.8,246,1950
20260109,77.8,80.6,77.8,79.5,237,1877
20260112,80,83.4,80,83.1,405,3339
20260113,82.8,83.6,81.4,83.6,238,1963
20260114,83.6,86.8,83,86,629,5378
20260115,86.7,90.6,86,89.1,853,7522
20260116,89.9,90,86.7,88,359,3177
20260119,89.5,91.7,87,91,434,3907
20260120,91.8,94.9,91.8,91.8,607,5645
20260121,90.9,90.9,87,87.1,402,3555
20260122,88,90.9,87.1,87.3,226,1990
20260123,87.7,87.7,84.5,84.5,302,2575
20260126,87.4,87.4,82,82.1,199,1650
20260127,82.1,82.1,80.3,80.6,238,1929
20260128,80.3,81.2,79.5,79.8,138,1105
20260129,80.2,80.2,75.9,75.9,279,2147
20260130,75.8,75.8,72.9,73,198,1456
20260202,71.2,71.9,68,68.4,289,2012
20260203,69,70.2,67.1,68.5,137,940
20260204,68,70.1,68,70.1,64,446
20260205,68.6,71.4,68.3,69.3,94,650
20260206,68,68,64.6,66,90,595
20260209,67,68.2,66.7,67.2,80,538
20260210,67.5,70.8,66.2,70.8,201,1385
20260211,72.2,74.7,71.2,71.9,588,4251
20260223,73.5,75,72.2,73.4,196,1446
20260224,72.8,74.8,72.6,72.6,143,1050
20260225,72.6,73.1,70.7,71.2,126,903
20260226,71.3,71.3,68.2,70.1,110,776
20260302,68.5,71.3,68.1,69,137,959
20260303,69.2,70.1,68,68.1,90,620
20260304,66.8,66.9,63.8,63.8,156,1013
20260305,64.3,66.4,64.3,64.8,88,574
20260306,64.8,66.9,64.8,66.9,60,394
20260309,65.8,65.8,60.4,61.5,88,542
20260310,62.1,63.5,61.8,61.8,48,299
20260311,61.9,64.7,61.9,64.7,82,526
20260312,62.7,64.4,62,62.5,80,503
20260313,63,63.4,62.3,62.6,32,201
20260316,62.6,63.4,62.5,63,22,138
20260317,63,64.7,63,63.9,55,353
20260318,63.9,65.9,63.9,63.9,55,354
20260319,62,65.4,62,63.5,79,503
20260320,63,63.8,61.9,62,62,388
20260323,61.2,61.5,59,61,53,321
20260324,61.1,61.1,59,60.5,63,381
20260325,62.9,62.9,60.6,61.1,58,356
20260326,61.5,61.7,60.3,60.5,38,231
20260327,59.7,61,59.7,60.9,33,199
20260330,61.9,61.9,60,60.6,13,79
20260331,61.8,61.8,58,58,77,453
20260401,59,61,58.5,58.9,73,434
20260402,58.8,59.5,58.2,59.5,30,176
20260407,60,61,59.7,60.5,25,151
20260408,62.2,62.2,59.7,60,57,345
20260409,59.1,59.7,58.1,58.1,37,216
20260410,59,60.5,59,59.4,53,316
20260413,59.5,62,59.5,60.5,50,304
20260414,61.7,66.5,60.5,66.5,367,2399
20260415,67.8,69.9,64.9,64.9,630,4245
20260416,65.3,67.9,64.6,64.8,122,804
20260417,65.2,69,64.9,68.5,374,2512
20260420,68.5,70.9,67.8,68.6,442,3070
20260421,68.6,68.6,66.6,67,105,706
20260422,66.2,67.5,66.2,67,74,496
20260423,67.6,67.6,63,65.5,111,721
20260424,65.5,65.5,63.1,63.2,90,573
20260427,63.5,63.5,60,63.3,56,348
20260428,64.9,69.5,64.5,69.5,278,1891
20260429,69,71,67.5,69.5,282,1958
20260430,70.6,71.8,69.6,71.5,310,2200
20260504,72.1,74.5,70.3,71.8,504,3638
20260505,72.6,76.5,71.3,76.1,472,3528
20260506,76.7,77.5,72.5,72.8,516,3856
20260507,73.6,76.5,72.8,73.9,240,1791
20260508,72.3,74.6,71.1,73.4,153,1118
20260511,75.9,75.9,72,73,185,1361
20260512,73,77.8,71,77,618,4677
20260513,77.2,82.1,77.1,79.9,972,7681
20260514,79,84.8,79,83.8,923,7609
20260515,85,88.6,82.6,82.7,1379,11883
20260518,82,86.9,79.9,86.7,545,4615
20260519,86.7,88.6,83.4,83.6,781,6725
20260520,83.2,87,83,83.5,331,2817
20260521,83.7,88.3,83.7,84.7,562,4820
20260522,84.7,91,84.6,90,845,7504
20260525,92.8,93.8,90,90.1,1026,9428
20260526,90,90.1,84,84.5,502,4343
20260527,85.1,91,85,90.1,859,7625
20260528,92,96.1,88.5,91.5,1280,11880
20260529,91.5,94.8,88.8,93,864,7968
20260601,101.5,102,99.9,102,1246,12683
20260602,101.5,105,97.5,104.5,1289,13155
20260603,109.5,114,103,103.5,1185,12909
20260604,101,106,99,106,655,6777
20260605,109,113.5,103.5,110.5,1203,13194
20260608,99.5,103,99.5,101.5,600,6029
20260609,102.5,111.5,102,111.5,1122,12079
20260610,112.5,122.5,111.5,112.5,2522,30059
20260611,113,114.5,105,105,1160,12650
20260612,110,113,105.5,109.5,987,10859
20260615,113.5,116,110.5,110.5,1191,13509
20260616,110.5,110.5,101,102,1082,11399
20260617,100,110.5,100,106.5,741,7898
20260618,106.5,116,106.5,115,1041,11777
20260622,120,121.5,114.5,115.5,1231,14476
20260623,114.5,121.5,109.5,118.5,1024,11931
20260624,118.5,125.5,115.5,122,1503,18077
20260625,123,125.5,120,125,1054,12966
20260626,125,129,114,115,1200,14647
20260629,116.5,120,112.5,116.5,577,6719
20260630,118,125,118,124.5,857,10474
20260701,126.5,130,119,120,1279,16012
20260702,122,125.5,119,125,749,9254
20260703,123,127,122,122,847,10503
20260706,123.5,123.5,116,117,441,5239
20260707,117,119.5,106,108.5,476,5276
20260708,108.5,109,103,103.5,354,3725
20260709,103,105,98.2,98.5,441,4455
20260713,99,100.5,91,93.5,449,4250
20260714,93.1,93.7,84.2,89,391,3454
20260715,91,91.3,85.6,86.2,287,2527
20260716,86.2,87.3,83.5,84.1,202,1724
20260717,83.3,83.3,76,76,288,2255
20260720,76.7,77.4,72,75.3,208,1545
20260721,73.2,79.5,73.2,75.4,291,2219
20260722,78.8,79,75.6,75.6,241,1860
20260723,75.6,76,73.1,73.6,135,1004
20260724,72,73.6,70.2,70.6,132,944
20260727,69.8,73.2,68.9,71.4,134,942
20260728,71.1,71.1,66,66.4,133,895
20260729,66.5,67.2,61,63.2,272,1718
20260730,63.2,64.6,60.7,61.5,188,1179
20260731,65.5,67,64.4,65.8,122,799
20260803,67,69,65.8,67,124,841
20260804,66.5,73.7,66.1,73.7,244,1712
20260805,75.8,79.1,73.4,74.7,359,2732
20260806,75.1,77.9,71.1,76.8,244,1853
20260807,76.7,79.3,75.8,78.9,269,2101
20260810,79.2,82.1,78,80.9,519,4138
20260811,80.7,82.9,80.2,80.5,285,2315
20260812,80.5,85.5,80,85.5,295,2469
20260813,85.9,89.9,85.6,86,349,3045
20260814,87.5,87.5,80.9,82.7,232,1927
20260817,82.1,82.2,80.5,80.5,67,543
20260818,80.1,80.1,78.4,78.6,75,592
20260819,76.8,84.8,76.8,83.5,334,2755
20260820,84.5,84.5,81.8,83.3,322,2691
20260821,83.8,88.1,82.8,87.6,255,2169
20260824,87.6,90,84.8,84.9,261,2285
20260825,85,85,80.6,81.8,110,905
20260826,83.2,84,81.8,82,100,828
20260827,83,89,82,89,393,3431
20260828,90,95,88.4,88.4,871,7959
20260831,88.4,88.4,84,84,224,1913
20260901,84.5,90.3,84.3,90,383,3382
20260902,89.8,91,88.5,90,284,2552
20260903,90.2,91,87.3,88.5,318,2830
20260904,89.9,92,87.8,91.6,328,2978
20260907,93.3,93.8,91,91.1,391,3605
20260908,90.1,90.8,87.4,87.8,121,1072
20260909,88.5,89.7,87,87,77,677
20260910,85.8,90.3,84.3,88.6,144,1253
20260911,87.2,89.8,87.2,88.8,157,1396
20260914,88.2,91.4,87.7,90.8,214,1930
20260915,91,91.8,89.5,89.5,209,1891
20260916,90.7,91.7,90,91.2,186,1688
20260917,94.6,100,92.9,100,638,6300
20260918,107,110,101.5,110,967,10481
20260921,113.5,120,107,108,1699,19376
20260922,110,111,102,103,767,8142
20260923,104,104.5,98,98,361,3618
20260924,98,107.5,97.8,107.5,535,5543
