# date,open,high,low,close,lot,wan
20250814,158,164,149,152,41330,648470
20250815,152.5,153,147,150.5,2965,44362
20250818,153,155,152,154.5,2584,39651
20250819,156,156,148,148,2476,37043
20250820,145,145,133.5,134,3887,52934
20250821,136,137,134,134.5,2287,30936
20250822,136.5,139.5,135.5,135.5,1957,26836
20250825,140,144.5,140,143,2375,33791
20250826,140.5,144.5,138,142,1324,18725
20250827,142.5,144,142,143.5,1534,21962
20250828,142.5,148.5,142,147,2014,29371
20250829,151,151,148,150,1746,26072
20250901,149,149,137,144,2154,30722
20250902,146,148,130,130,13609,183708
20250903,128,130,125.5,126,5759,73313
20250904,128.5,129,124,125,3549,44870
20250905,127,130,124.5,128.5,3440,43938
20250908,129.5,129.5,124.5,126.5,2924,36861
20250909,127,135.5,126.5,131,7769,102309
20250910,132,132.5,129,129.5,3168,41304
20250911,125.5,126,120,120.5,6220,76246
20250912,126,127,122,123,4018,49922
20250915,123,123,120,120.5,1647,19943
20250916,121.5,123,120.5,123,1231,14970
20250917,122,123.5,120,120,1557,18835
20250918,123,123.5,120,121,2283,27770
20250919,122.5,124,121.5,123,2356,28996
20250922,123.5,126,122,124.5,2130,26501
20250923,124,124.5,121,122.5,2078,25396
20250924,123.5,124,120.5,121,1547,18849
20250925,122,133,121.5,131.5,11224,145184
20250926,130,133,122,122.5,10136,127318
20250930,122.5,124.5,120,124.5,2696,32985
20251001,123.5,125.5,122,122.5,1902,23486
20251002,124,124,120.5,120.5,1743,21152
20251003,121,121,117,118,2643,31279
20251007,119,120,117,118.5,1282,15218
20251008,118,118.5,116,116.5,1220,14262
20251009,118,118,115,115,1325,15380
20251013,106.5,117.5,106.5,117.5,2348,26845
20251014,119,121.5,115,115,2816,33365
20251015,117,117.5,114.5,116,834,9658
20251016,116,117.5,116,117.5,1014,11865
20251017,116.5,116.5,114.5,115,1007,11615
20251020,116,116.5,114,114.5,853,9796
20251021,116.5,124.5,116,121,6450,78608
20251022,121,128.5,121,123.5,8254,102972
20251023,123,123,120,122.5,1595,19362
20251027,124.5,124.5,120.5,123,1990,24292
20251028,123,124.5,120.5,122.5,1874,22864
20251029,121.5,123,119,119,1775,21332
20251030,120,120.5,115.5,115.5,1395,16330
20251031,116,119.5,115.5,118,1199,14138
20251103,118,121.5,117,118.5,1254,14966
20251104,121,121,115,115,1313,15377
20251105,113.5,116.5,112,114.5,890,10180
20251106,115,116,113,113.5,805,9179
20251107,113,113.5,110,110,1415,15721
20251110,112,117.5,111.5,115,2748,31692
20251111,116,119.5,115,116,2219,26038
20251112,118,119,113,113.5,1682,19372
20251113,114,114.5,110,110.5,1579,17585
20251114,109,110,107.5,107.5,1044,11317
20251117,107.5,108,102,102,1751,18164
20251118,101,103,98.6,98.6,1452,14503
20251119,99.4,99.7,97.2,97.3,1080,10634
20251120,99.6,102,99.6,101.5,989,9965
20251121,99,100.5,97,97.1,995,9785
20251124,98,99,97.6,98.8,566,5576
20251125,100,102,100,101,609,6163
20251126,102,107,102,106,1500,15794
20251127,107.5,108,105,107,1635,17432
20251128,106,107,104.5,106,647,6837
20251201,107,107,103,103,475,4972
20251202,104.5,105,102,102,488,5017
20251203,103,104.5,102.5,102.5,423,4356
20251204,109.5,112.5,109.5,112.5,2477,27751
20251205,117,120.5,113,113.5,13826,162118
20251208,112.5,112.5,109,110.5,1838,20329
20251209,110,110,108,108.5,837,9094
20251210,110.5,112,108.5,110,1537,16893
20251211,107.5,108.5,105,106.5,1507,16048
20251212,106,107.5,105,105.5,620,6575
20251215,104,106,103.5,106,455,4768
20251216,107,107,101,103.5,866,8974
20251217,103.5,105.5,103,103,442,4608
20251218,104,104,101.5,102,353,3616
20251219,103,104,101.5,102,434,4453
20251222,103,106,103,104,709,7397
20251223,104,108,103.5,105.5,1155,12206
20251224,105.5,106,103,103,682,7094
20251226,104,104.5,102,103,477,4905
20251229,103,105.5,103,104,675,7048
20251230,104.5,104.5,102,102.5,524,5374
20251231,103,103,101,101.5,740,7529
20260102,102.5,105,102,103.5,861,8923
20260105,105,107,102,106.5,1556,16287
20260106,107.5,116,106.5,110,6456,72260
20260107,111,113,106.5,106.5,2448,26630
20260108,107.5,107.5,103.5,104,959,10043
20260109,104.5,106,103.5,104,649,6791
20260112,108.5,110,106.5,108,1525,16476
20260113,111,111,106,107,987,10660
20260114,108,116.5,106.5,114.5,4832,54931
20260115,113.5,116,113.5,114,2856,32770
20260116,117,122.5,115.5,119,9087,108503
20260119,119,120.5,117,117,3577,42478
20260120,116.5,120,115,117,2050,24168
20260121,115.5,122.5,115,118.5,4841,57972
20260122,120,125,118.5,120.5,6680,81511
20260123,122.5,130,121,121.5,10961,137683
20260126,122.5,124.5,120.5,122,4596,56474
20260127,122.5,123,120,121,2145,25967
20260128,121.5,125,118,124.5,4208,51110
20260129,125.5,129,118,123,7548,92980
20260130,120.5,122,115.5,116.5,2288,26962
20260202,113.5,114,107,108,2292,25225
20260203,110.5,116,110,111,1786,20085
20260204,111,115,110,113,1216,13776
20260205,112.5,113.5,108.5,108.5,961,10623
20260206,105.5,108,103.5,106,1391,14696
20260209,110,112,109,112,1360,15040
20260210,113,113.5,111,111.5,1129,12632
20260211,111.5,113,109,112.5,843,9360
20260223,114,114.5,111,112,1087,12275
20260224,114,114.5,112.5,113.5,902,10242
20260225,115.5,115.5,113,113.5,867,9869
20260226,115,119,114,116,2479,29055
20260302,111,120,110.5,118.5,2437,28664
20260303,117.5,119,112,112,1936,22177
20260304,109,111,103.5,103.5,1797,19126
20260305,107,109,105,106,919,9816
20260306,105.5,106,103.5,104.5,605,6320
20260309,97.5,99,94.5,98.2,1337,12932
20260310,102,108,101.5,107.5,1822,19318
20260311,107,113.5,107,109.5,1978,21842
20260312,109.5,110.5,107,107.5,952,10315
20260313,106.5,113,105.5,111.5,1465,16215
20260316,113,115,111,113,1270,14341
20260317,115,115,111.5,111.5,1067,12048
20260318,112.5,113.5,111,112.5,1081,12122
20260319,111,112,107.5,108,1011,11055
20260320,109,109.5,103.5,103.5,1230,12966
20260323,100,105.5,99,101.5,819,8398
20260324,103.5,105,100,100.5,557,5674
20260325,103,105.5,102,104.5,685,7132
20260326,105.5,105.5,101.5,101.5,692,7149
20260327,100.5,102.5,100,101,794,8010
20260330,99.6,100.5,98.4,99.3,695,6885
20260331,99.5,102,95,95,1053,10287
20260401,98.6,99.5,97.6,98,583,5742
20260402,98.6,98.9,94.1,94.1,816,7793
20260407,95.1,96.1,93.1,93.5,659,6194
20260408,94.5,97.5,94.5,96.5,797,7667
20260409,97.7,99.5,97,97.5,1027,10055
20260410,102,104.5,100,101,2108,21527
20260413,101,102.5,100.5,101,986,9996
20260414,104,110.5,103,106.5,4123,44134
20260415,109.5,110.5,104.5,105,2518,26849
20260416,105.5,107,104,104.5,1035,10853
20260417,106.5,108.5,106,106,1433,15321
20260420,106.5,111,106,108.5,2170,23649
20260421,110,111,107,107,1495,16197
20260422,108,113.5,107,110.5,3760,41906
20260423,111.5,112,101,103,2395,25233
20260424,103.5,106.5,101.5,102,1096,11326
20260427,103,103,98.9,100.5,1215,12176
20260428,101,107.5,99.7,107.5,2388,25079
20260429,107.5,112.5,106.5,107,3564,39017
20260430,108,116.5,107.5,111,6478,73113
20260504,111.5,116.5,109,115,4749,53985
20260505,114.5,118.5,114,116,4541,52667
20260506,117,117.5,110.5,112,3090,35205
20260507,113,114,111,112.5,1273,14299
20260508,112.5,116,109,112,2253,25329
20260511,115.5,122,114.5,119.5,7214,85722
20260512,125,128,120.5,126,9136,113380
20260513,123.5,124.5,115,120.5,4564,54852
20260514,121,122,117,119,3424,40836
20260515,119,130.5,118,130.5,14049,179252
20260518,132,132,124,127,20774,266059
20260519,126.5,128.5,121,123.5,6213,77063
20260520,123.5,124,119,122,3096,37707
20260521,123,126,122.5,126,3397,42315
20260522,127,137.5,125.5,134.5,12354,163429
20260525,136,138,132.5,135,8502,114866
20260526,134.5,137.5,130,132.5,4565,60746
20260527,136,136,129,130.5,3940,51668
20260528,130.5,133,123,124.5,3489,44450
20260529,126.5,131,125,127.5,3792,48636
20260601,129,133,127.5,129,3972,51522
20260602,130,130,116.5,118.5,5258,63409
20260603,120,120,116,117.5,2323,27350
20260604,116.5,119.5,114,117,2119,24629
20260605,119,123,117.5,118,3334,39872
20260608,107,112.5,107,112,1937,21244
20260609,113,119,112,117,1962,22865
20260610,114,119,108.5,108.5,2561,29009
20260611,107.5,110,105,107,1367,14610
20260612,111,111,107,107,1172,12699
20260615,109.5,110.5,108,108,1100,11993
20260616,109,109.5,106,106.5,784,8387
20260617,106.5,107.5,105,106,806,8548
20260618,107.5,109.5,106.5,108.5,1171,12674
20260622,110,111,108.5,109.5,957,10499
20260623,110,110,105.5,106,1000,10701
20260624,105,107.5,104,106.5,864,9128
20260625,107.5,108,104.5,105.5,801,8495
20260626,104,104.5,99,99,1649,16678
20260629,99.9,103,99.6,100.5,671,6786
20260630,103,104,102,103.5,490,5039
20260701,104.5,111,104,108,1539,16514
20260702,110,118.5,110,118,9411,109762
20260703,115.5,117.5,112.5,112.5,4002,45820
20260706,114,116.5,113,115.5,1889,21708
20260707,115,116,112,113.5,1394,15787
20260708,115.5,118,113,116,2685,31043
20260709,115,117,113,113.5,1673,19189
20260713,113.5,119.5,111,111,2027,23295
20260714,111,112,102,105,1396,14785
20260715,106,106,104,105,550,5770
20260716,105,107,102,106,479,5026
20260717,103,105.5,99.4,99.9,1104,11147
20260720,99.9,99.9,91.4,94.8,1435,13611
20260721,95.4,96.6,94.6,96.3,635,6075
20260722,96.7,100.5,96.7,98.7,842,8336
20260723,99.1,99.7,97.1,98.2,551,5428
20260724,99,101,95.8,96,778,7623
20260727,96.8,96.8,93.5,95.9,359,3398
20260728,93.2,93.2,89.1,89.2,787,7160
20260729,89.5,91,80.3,84.4,1706,14279
20260730,82.4,84.8,79.5,80.2,1058,8661
20260731,84.4,86.7,84.3,86.5,564,4843
20260803,86.5,92.4,85,91.6,769,6934
20260804,91.2,92.9,90,92.6,450,4137
20260805,95.7,97.5,94.7,96,929,8962
20260806,97.1,99.5,95.6,97.1,1584,15484
20260807,99.5,105,98.8,99,3192,32421
20260810,101,104,99.8,102.5,1688,17277
20260811,102.5,103.5,100.5,102.5,873,8909
20260812,103.5,108,102.5,104.5,1671,17565
20260813,106.5,111,106.5,107,3028,33031
20260814,108,109,103.5,104,1309,13827
20260817,104,110,103,104,2087,22162
20260818,104,106,100.5,101.5,1282,13101
20260819,100,104,99.3,99.3,1145,11562
20260820,101.5,104.5,99.2,99.2,1500,15203
20260821,99.3,99.3,97.2,97.3,729,7149
20260824,97.3,98.5,96.1,96.1,417,4045
20260825,95.8,96.7,93.5,96.7,574,5416
20260826,96.7,99.2,96.6,98.2,398,3910
20260827,99.8,101.5,98.2,98.2,978,9773
20260828,99.9,99.9,96.6,98.4,564,5516
20260831,96.7,99.3,96.7,98,381,3741
20260901,98,100.5,98,99.1,649,6454
20260902,98.9,103,98.8,100,1074,10883
20260903,102.5,105.5,97.8,97.8,1316,13281
20260904,98.8,100.5,96.4,99,546,5363
20260907,101,101,97.7,97.8,396,3900
20260908,98,98.8,95,95.6,528,5082
20260909,96.7,98.2,96,97.4,357,3459
20260910,103,104.5,100,100.5,2083,21201
20260911,98.5,99.6,98,98.2,583,5754
20260914,97.5,97.5,95,96.2,482,4639
20260915,96.3,97.6,95.7,95.7,346,3349
20260916,97.1,97.4,95.6,97.3,225,2173
20260917,97.3,99.1,97.3,98,417,4101
20260918,99.6,99.7,97.5,98.7,298,2935
20260921,98.7,99.3,98.1,98.2,284,2808
