# date,open,high,low,close,lot,wan
20250814,20.55,20.8,20.4,20.4,92,189
20250815,20.65,20.65,20.4,20.65,85,174
20250818,20.75,21.75,20.65,21.05,315,665
20250819,21.55,21.55,20.95,21.05,153,324
20250820,21.1,21.55,20.2,20.2,189,391
20250821,20.25,20.65,20,20.25,156,317
20250822,20.25,20.5,20.2,20.2,99,201
20250825,20.55,20.6,20.3,20.35,118,241
20250826,20.55,20.65,20.35,20.45,122,250
20250827,20.6,21,20.5,20.8,125,260
20250828,21.1,21.1,20.6,20.7,75,156
20250829,20.8,21,20.45,20.5,160,332
20250901,20.3,20.95,20.3,20.35,69,142
20250902,20.85,20.85,20.05,20.1,85,172
20250903,20.15,20.4,20.1,20.25,24,49
20250904,20.55,20.55,20.2,20.3,54,110
20250905,20.55,21.2,20.45,20.75,178,370
20250908,21,21.25,20.75,20.8,202,424
20250909,21.1,21.1,20.15,20.45,196,401
20250910,20.4,20.4,20.15,20.2,78,158
20250911,20.35,20.4,19.9,19.9,107,215
20250912,20.2,20.2,19.7,19.8,120,238
20250915,19.9,19.9,19.45,19.5,97,190
20250916,19.8,19.8,19.5,19.6,72,141
20250917,19.55,19.85,19.5,19.75,39,77
20250918,19.85,20.5,19.85,20,129,260
20250919,20.15,20.2,19.95,19.95,91,182
20250922,19.95,20.15,19.6,19.85,141,280
20250923,20.05,20.15,19.75,19.85,201,402
20250924,19.85,19.95,19.65,19.75,95,188
20250925,19.85,20.05,19.75,19.75,48,95
20250926,19.85,19.85,19.3,19.4,105,206
20250930,19.45,19.7,19.45,19.7,28,55
20251001,19.7,19.95,19.65,19.95,49,97
20251002,20.15,20.3,19.8,20,123,246
20251003,20.05,20.1,19.8,19.95,125,250
20251007,20.1,20.3,19.95,20,59,119
20251008,20.3,20.3,19.9,19.95,53,106
20251009,20,20.25,19.95,20.05,93,187
20251013,19.9,19.9,19.45,19.65,125,246
20251014,19.75,19.95,19.45,19.45,77,152
20251015,19.5,19.65,19.5,19.6,42,82
20251016,19.85,19.9,19.6,19.6,71,140
20251017,19.5,19.6,19.05,19.45,72,140
20251020,19.55,19.6,19.45,19.45,90,176
20251021,19.5,19.75,19.45,19.5,96,188
20251022,19.5,19.6,19.5,19.55,15,29
20251023,19.7,19.75,19.55,19.6,43,84
20251027,19.6,19.6,19.4,19.5,43,84
20251028,19.55,19.55,19.35,19.35,60,116
20251029,19.3,19.4,19.2,19.2,79,152
20251030,19.2,19.25,19.2,19.25,56,108
20251031,19.3,19.45,19.2,19.2,65,125
20251103,19.35,19.35,19.2,19.25,33,64
20251104,19.3,19.3,18.05,18.6,169,316
20251105,18.5,18.7,18.4,18.7,40,74
20251106,18.85,19.2,18.85,18.95,49,93
20251107,19.3,19.4,19.05,19.05,82,158
20251110,18.9,19.05,18.5,18.85,143,269
20251111,18.75,18.9,18.6,18.7,68,127
20251112,18.9,19,18.7,18.75,42,79
20251113,18.8,18.85,18.45,18.5,91,169
20251114,18.5,18.6,18.45,18.55,46,85
20251117,18.55,18.55,18.15,18.2,112,205
20251118,18.5,18.5,17.9,18.15,125,226
20251119,18.15,18.2,17.7,18.15,93,167
20251120,18.4,18.4,18.15,18.2,51,93
20251121,18.05,18.1,17.75,17.85,51,91
20251124,18,18,17.85,17.95,24,43
20251125,18.05,18.15,17.85,18,49,88
20251126,18.4,18.4,17.95,18.05,66,119
20251127,18.25,18.25,17.9,18,50,90
20251128,18,18.15,18,18.05,62,112
20251201,18.2,18.2,18,18.05,25,45
20251202,18.15,18.15,18,18.1,24,43
20251203,18.2,18.35,18.1,18.1,33,60
20251204,18.1,18.25,18.1,18.15,63,114
20251205,18.15,18.3,18.15,18.25,38,69
20251208,18.25,18.55,18.15,18.35,60,110
20251209,19.4,20.15,19.4,20.15,494,993
20251210,20.2,20.85,19.7,20.1,1088,2208
20251211,20.15,20.6,19.85,19.85,161,322
20251212,20.3,20.3,20.05,20.1,117,236
20251215,20,20.85,19.35,20.35,197,397
20251216,20.8,21.5,20.5,20.95,481,1008
20251217,20.95,20.95,20.65,20.75,147,306
20251218,20.75,21.8,20.65,21.05,278,585
20251219,21.95,22.55,21.4,21.75,551,1207
20251222,22.45,23.9,22.2,23.9,2558,6043
20251223,24.05,26.25,24.05,26.25,4439,11428
20251224,26.1,26.8,25.2,25.65,2048,5298
20251226,25.9,28.2,25.9,27.1,2111,5823
20251229,26.9,28.15,26.05,26.9,1395,3756
20251230,26.5,27.75,26.1,27.75,833,2224
20251231,27.75,27.8,26.5,27.45,998,2727
20260102,27.3,28,26.95,27.65,709,1958
20260105,28,28,26,26,567,1513
20260106,26.05,27.05,26.05,26.45,281,748
20260107,26.95,27.15,26,26.4,252,668
20260108,26.4,26.6,25.5,25.5,252,653
20260109,25.45,25.45,24.5,24.7,377,940
20260112,24.75,25.8,24.15,25.15,481,1192
20260113,25.25,25.7,24.3,24.45,304,752
20260114,24.6,26.2,24.6,25.5,378,961
20260115,25.75,25.75,24.7,25.05,236,591
20260116,25.3,25.3,24.6,24.6,209,517
20260119,24.9,26.5,24.7,25.65,486,1255
20260120,25.65,25.75,25.2,25.4,143,363
20260121,25.1,25.2,24.3,24.5,278,685
20260122,24.6,24.7,24.1,24.2,183,445
20260123,24.8,24.8,24.25,24.3,108,263
20260126,24.35,24.9,24,24.5,127,310
20260127,24.8,24.8,23.95,24.2,112,271
20260128,24.2,25.15,24.05,24.35,248,610
20260129,24.4,24.55,23.55,23.95,167,398
20260130,23.95,23.95,22.8,22.8,190,438
20260202,22.2,22.4,21.85,21.9,134,295
20260203,21.9,22.35,21.9,22.05,94,207
20260204,23.75,23.75,22.3,22.4,79,180
20260205,22.4,22.55,22,22.05,62,138
20260206,22.4,22.4,21.1,21.55,81,174
20260209,22.1,23.7,21.55,23.7,525,1216
20260210,26.05,26.05,24.05,24.2,1751,4407
20260211,24.15,24.25,23.2,23.5,335,792
20260223,23.75,25.5,23.75,25,300,734
20260224,25,25.3,24.6,24.7,263,655
20260225,25,25,24.35,24.5,151,371
20260226,24.75,25.3,24.5,25.1,289,721
20260302,24.35,24.9,24.35,24.4,123,303
20260303,24.45,24.65,23.6,23.6,135,325
20260304,23.1,23.55,22.65,22.8,135,312
20260305,22.9,25.05,22.9,24.8,611,1500
20260306,24.5,24.5,23.9,23.95,255,616
20260309,23,23.5,22.3,23.5,143,324
20260310,24,24.35,22.8,22.95,142,332
20260311,22.7,23.5,22.7,23.3,110,256
20260312,23.3,23.6,23.05,23.15,103,240
20260313,23.4,23.8,23.05,23.1,132,309
20260316,22.8,23.3,22.7,23.1,108,247
20260317,23.15,24.5,23.05,23.7,395,940
20260318,24,24.3,23.65,23.9,191,455
20260319,23.8,26.25,23.8,24.65,1859,4804
20260320,24.9,25.8,24.5,24.55,744,1867
20260323,23.5,24.25,23.45,23.65,229,545
20260324,23.9,26,22.75,25.35,1840,4704
20260325,26,27.5,25,26.7,2694,7156
20260326,27,27.4,25.7,25.8,795,2092
20260327,25.4,26.5,25.05,26.1,371,951
20260330,25.5,26.35,25.2,25.55,305,785
20260331,25.7,25.85,24,24.35,312,775
20260401,24.9,25.15,24.8,24.8,119,296
20260402,25,27.1,24.6,26.75,1057,2791
20260407,28,28.95,26.5,28.6,2449,6861
20260408,29.5,31.45,28.5,31.45,3922,11991
20260409,32.9,34.55,32.65,34.55,6352,21717
20260410,36.95,37.7,34.8,35.5,7370,26903
20260413,35.75,39,35.55,38.4,8845,33570
20260414,38,38,35.9,36.8,2051,7553
20260415,36.75,36.75,34.6,34.8,1639,5837
20260416,35.5,38.2,35.4,38.2,1427,5253
20260417,38,38,36.8,37.6,1027,3837
20260420,38,38.15,35.4,35.45,1828,6601
20260421,35.45,36,34.6,35.4,803,2827
20260422,35.4,35.4,34.45,34.5,755,2627
20260423,35.3,35.8,32.3,32.95,704,2350
20260424,33.85,34.5,31.95,33.15,586,1940
20260427,33.3,34.1,32.5,32.5,738,2446
20260428,31,35.75,30.25,35.75,3107,10248
20260429,37.85,39.3,37.5,39.3,7922,30608
20260430,39.3,42.8,38.3,41.15,16145,65997
20260504,40.55,42.65,39.55,40.3,5713,23477
20260505,40.4,41.2,38.4,38.45,3471,13562
20260506,39.15,39.3,37,38.25,2551,9727
20260507,38.3,38.65,37.05,37.1,1988,7490
20260508,36.75,39.6,34.6,39,5160,19624
20260511,39.05,39.2,37,37.3,2119,7963
20260512,37.95,41,37.65,41,4143,16892
20260513,44,45.1,43.95,45.1,3929,17564
20260514,45,46.6,41.45,41.55,13349,58726
20260515,41.5,43.25,40.25,40.8,3397,14022
20260518,41,41.15,39.3,40.9,1933,7795
20260519,40.95,40.95,38.25,39.35,1844,7256
20260520,39.6,40.1,38.5,38.55,972,3815
20260521,38.1,40.5,38.1,39.55,1230,4871
20260522,39.55,41.1,39.55,40,1304,5270
20260525,40.5,42,39.9,40.3,1756,7118
20260526,40.65,40.7,39,39.3,945,3737
20260527,39.6,43.2,38.3,43.2,4841,20165
20260528,42.5,43.9,39.5,39.5,6793,28198
20260529,39.8,40,38.8,39,1657,6499
20260601,39.05,39.5,38.3,38.35,1320,5106
20260602,38.4,38.85,37.2,37.7,905,3428
20260603,38.1,38.7,37.25,38.2,910,3464
20260604,38.4,38.5,36.85,36.9,570,2131
20260605,37.15,37.25,36,36.8,460,1683
20260608,33.15,34.05,33.15,33.4,1016,3381
20260609,33.8,34.05,33,33.05,790,2637
20260610,33.05,35.4,32.3,32.75,870,2931
20260611,32.5,32.9,30.75,31.6,603,1909
20260612,32.75,32.75,31.65,31.8,371,1190
20260615,32.3,34.95,32.2,34.95,677,2312
20260616,37,37,35.05,35.3,1726,6258
20260617,35.3,36.2,34.45,34.7,752,2653
20260618,35.3,36.25,34.7,35.15,645,2282
20260622,35.85,38.1,35.15,37.1,2238,8284
20260623,36.6,40.7,35.85,40.1,5095,20130
20260624,39.45,40.95,38.35,40,2812,11279
20260625,40.05,40.9,38.6,40.15,1628,6470
20260626,40.35,41.75,37.25,37.6,3604,14359
20260629,37.7,38.1,36.5,37,687,2552
20260630,37.05,38,36.6,36.8,434,1621
20260701,37.6,37.75,36,36,476,1746
20260702,36,37.3,35.45,36.35,409,1493
20260703,36.05,36.9,35.75,36.2,279,1012
20260706,36.3,37.65,36.2,36.55,484,1781
20260707,36.55,36.9,34.45,34.45,424,1508
20260708,34.5,34.9,33.8,34.25,258,881
20260709,36.05,37.65,35.8,37.65,955,3555
20260713,38.2,39.7,36.2,36.6,2755,10466
20260714,36.15,36.45,33.9,35.35,556,1946
20260715,35.35,37.9,35.35,36.45,1461,5418
20260716,35.9,37.9,35.25,37.25,918,3387
20260717,36.75,38.15,36,36,1212,4473
20260720,36.7,36.7,33.8,34.85,537,1896
20260721,35.2,36.3,34,34.85,385,1357
20260722,35.7,35.95,34,34.35,466,1625
20260723,34.75,34.9,33.1,33.1,367,1242
20260724,33.65,34.85,33.1,34.5,449,1536
20260727,34.3,34.75,32.5,33.8,321,1074
20260728,32.05,33.8,31,31.6,348,1124
20260729,31.8,31.9,28.5,30.2,712,2122
20260730,29.35,30.9,29.15,29.15,360,1074
20260731,30.9,31.95,30.3,31.25,277,862
20260803,31.3,32.75,31.1,31.65,232,743
20260804,32.45,33.7,32,33.05,227,749
20260805,33.5,34.9,33.5,33.8,340,1158
20260806,34,34.75,33.75,34.5,246,844
20260807,34,34.95,34,34.3,248,856
20260810,34.35,36.1,34.35,36.1,372,1322
20260811,36.1,37.2,35.6,35.75,474,1728
20260812,36.4,37.8,35.45,36.15,1095,4005
20260813,36.25,36.9,35.65,35.7,495,1790
20260814,35.75,36.15,35.4,35.6,384,1373
20260817,36.2,38.5,35.55,37.95,2176,8187
20260818,38.15,38.25,36.9,37.75,1062,4000
20260819,37.1,39.5,37.1,38.55,1430,5543
20260820,39.3,39.3,37.4,38,548,2088
20260821,38,39,37.55,37.85,537,2058
20260824,38.4,39.65,37.85,38.6,1484,5765
20260825,38.7,40.95,38,40.5,1820,7194
20260826,40.25,41.4,39.6,39.6,2451,9900
20260827,39.8,40.9,39.25,39.95,1210,4863
20260828,41,43.5,40.5,40.7,2404,10094
20260831,41.1,42.8,39.85,40.5,1396,5735
20260901,40.6,41.95,40.35,41.6,1303,5374
20260902,41.95,45.35,41.95,43.55,4209,18520
20260903,43.75,44.7,41.75,42.6,1753,7541
20260904,43.25,43.75,41.5,42.25,1295,5478
20260907,43.2,45.5,42.7,44.55,2921,12963
20260908,44.55,49,43.9,46.7,7269,34165
20260909,46.7,48.95,46.15,46.9,4880,23051
20260910,46.9,47.9,45.8,46.15,1886,8818
20260911,44.65,46,43.9,44.9,1132,5103
20260914,44.6,45.85,43.25,44.8,1385,6201
20260915,44.75,49.25,44.15,49.25,3677,17793
20260916,50.2,54.1,48.5,54.1,15166,78581
20260917,56,58.9,53.7,56,24524,136954
20260918,57.2,61.6,56.1,61.6,15230,90621
20260921,66.1,67.7,66.1,67.7,1918,12876
