# date,open,high,low,close,lot,wan
20250814,17.4,17.4,16.9,17.15,399,684
20250815,17.25,17.3,17,17.2,285,489
20250818,17.2,17.6,17.2,17.5,149,260
20250819,17.5,17.5,17.3,17.35,139,242
20250820,17.45,17.65,17.35,17.45,166,290
20250821,17.6,17.6,17.4,17.6,94,165
20250822,17.6,18,17.5,18,252,450
20250825,18.1,18.2,17.9,18.1,195,352
20250826,18.15,18.2,18,18.1,94,170
20250827,18.25,18.25,18,18.15,34,61
20250828,18.1,18.2,17.95,18.15,111,201
20250829,18.1,18.5,18.05,18.1,440,804
20250901,18.1,18.35,17.9,18.1,200,361
20250902,18.05,18.1,18.05,18.1,58,105
20250903,18.05,18.15,18.05,18.1,67,121
20250904,18.25,18.3,18.1,18.15,37,67
20250905,18.2,18.25,18.1,18.2,53,96
20250908,18.25,18.35,18.15,18.35,82,150
20250909,18.15,18.35,18.15,18.2,111,202
20250910,18.15,18.3,18.1,18.2,89,162
20250911,18.05,18.25,18,18.2,141,255
20250912,18.15,18.3,18.15,18.15,64,116
20250915,18.15,19.05,18.1,19,359,665
20250916,19.1,19.1,18.45,18.45,217,404
20250917,18.35,18.6,18.3,18.4,48,88
20250918,18.55,18.55,18.3,18.35,61,112
20250919,18.4,18.5,18.25,18.45,147,270
20250922,18.45,18.45,18.3,18.3,93,171
20250923,18.3,18.55,18.25,18.5,175,321
20250924,18.3,18.55,18.25,18.55,102,187
20250925,18.6,19.2,18.35,18.85,267,501
20250926,18.85,19,18.5,19,134,251
20250930,19,19.25,18.7,19.1,117,223
20251001,19.15,19.15,18.85,19.1,75,142
20251002,19.1,19.3,18.9,19.3,103,197
20251003,19.3,19.75,19.25,19.5,108,210
20251007,19.25,19.75,19.2,19.6,179,348
20251008,19.5,19.8,19.4,19.8,60,118
20251009,19.75,20.2,19.75,20.1,242,484
20251013,19.6,20.35,19.5,20.25,152,303
20251014,20.25,20.25,20,20.2,194,389
20251015,20.05,20.35,20.05,20.35,136,275
20251016,20.35,20.4,20.25,20.35,77,156
20251017,20.35,20.45,20.15,20.4,203,410
20251020,20.6,20.95,20.3,20.95,190,392
20251021,21.05,21.3,20.75,20.95,165,345
20251022,20.95,21,20.8,20.9,66,138
20251023,20.8,20.9,20.5,20.85,82,169
20251027,20.8,20.9,20.5,20.9,140,291
20251028,20.7,21.05,20.65,21,161,337
20251029,21.4,21.4,20.7,21.1,186,389
20251030,21.05,21.35,20.85,21.2,293,617
20251031,21.5,21.5,20.9,20.9,104,219
20251103,20.9,20.95,20.5,20.95,115,238
20251104,20.75,21.05,20.5,21.05,98,204
20251105,20.65,21.1,20.65,21.1,175,368
20251106,20.75,21.35,20.75,21.2,447,944
20251107,21.05,21.35,21,21.15,152,322
20251110,20.9,21.5,20.85,21.15,86,182
20251111,21.15,21.95,20.95,21.95,162,348
20251112,22.4,24.1,22.05,23.75,1331,3129
20251113,24.25,24.5,23.05,23.5,431,1023
20251114,23.45,23.7,22.9,23.3,216,504
20251117,23.65,23.65,22.8,23.2,270,626
20251118,23.25,23.4,23,23.4,265,613
20251119,23.4,23.4,22.9,22.9,198,456
20251120,23,23.25,22.8,22.8,121,278
20251121,22.45,22.45,21.9,21.9,178,393
20251124,22.05,23.8,22.05,23.65,471,1096
20251125,23.7,23.8,23,23.65,311,727
20251126,23.45,24.8,23.45,24.6,556,1352
20251127,24.75,25.1,24.2,24.6,471,1158
20251128,24.75,25.35,24.6,25.2,437,1097
20251201,25.6,26.35,25.4,26.1,1093,2837
20251202,26.15,26.35,25.85,25.95,544,1415
20251203,25.95,26.2,25.95,26.2,342,892
20251204,26.25,26.25,25.95,26.15,534,1392
20251205,26.15,26.15,25,26.05,399,1016
20251208,25.7,25.8,25.5,25.65,114,293
20251209,25.6,26,25.6,25.75,109,281
20251210,25.85,26.1,25.75,25.85,227,588
20251211,26.4,26.4,25.95,26.15,215,562
20251212,26.3,26.55,26.15,26.5,479,1263
20251215,26.55,27,26.45,26.95,634,1701
20251216,27.15,27.2,26.3,26.5,899,2386
20251217,26.5,26.75,26.35,26.6,191,507
20251218,26.5,26.5,25.85,26.35,303,793
20251219,26.15,26.15,25.3,26.05,361,931
20251222,26,26.2,25.8,26.15,152,396
20251223,26,26.4,26,26,430,1128
20251224,26,26.2,25.7,25.95,223,577
20251226,25.9,26.05,25.75,25.75,136,352
20251229,25.75,26,25.3,25.9,237,607
20251230,25.8,26.05,25.5,26,148,382
20251231,25.85,25.95,25.4,25.95,164,421
20260102,25.6,26.05,25.6,26.05,208,539
20260105,26.05,26.05,25.15,25.25,364,924
20260106,25.15,25.15,24.45,25.1,311,773
20260107,24.7,25.3,24.7,25.15,110,276
20260108,25.1,25.35,24.6,25.35,199,500
20260109,25.4,25.45,25.1,25.25,113,285
20260112,25.55,25.95,25.3,25.35,114,291
20260113,25.4,25.9,25.4,25.75,391,1004
20260114,26,26.45,25.95,26,467,1223
20260115,26.05,26.15,25.7,25.75,106,274
20260116,25.7,26,25.7,25.85,137,353
20260119,26.05,26.25,25.75,26.15,344,896
20260120,26.2,26.4,25.9,26.4,454,1190
20260121,26.4,26.85,26.1,26.7,524,1391
20260122,27,27,26.55,26.65,190,508
20260123,26.65,26.85,26.25,26.85,445,1188
20260126,26.85,27.2,26.75,27.2,566,1529
20260127,27.65,28.2,26.85,27.2,450,1238
20260128,27.4,27.55,27.2,27.5,260,713
20260129,27.5,28.1,27.25,28.1,866,2402
20260130,28.1,28.5,27.6,28.2,852,2396
20260202,28.4,29.8,28,29.05,2306,6708
20260203,29.4,29.8,29,29,2087,6134
20260204,29.1,29.7,28.9,29.7,1293,3807
20260205,29.8,30.1,29.35,30,1512,4513
20260206,29.9,30.75,29.5,30.05,1122,3390
20260209,30.45,30.45,29.6,30.25,707,2135
20260210,30.25,30.6,28.8,29.35,1278,3823
20260211,30.15,30.4,29.35,30,924,2778
20260223,30.15,32.85,30.15,31.55,1692,5391
20260224,31.85,32.4,31.5,32.3,1075,3441
20260225,32.35,32.65,31.7,32.55,1107,3555
20260226,32.6,33.8,32.55,33.55,943,3143
20260302,34,36.9,33.9,36.9,1400,5097
20260303,40,40.55,37.65,40.25,4782,19179
20260304,39.2,39.85,37.65,39.8,2694,10478
20260305,41.4,42.6,39.15,41.35,3011,12296
20260306,40.55,42.2,39.65,41.95,1761,7274
20260309,39.8,43,39.5,42.85,2322,9660
20260310,43.65,45.85,43.5,45.3,2763,12298
20260311,45.3,46.5,43.15,44.85,4522,20201
20260312,44.5,44.5,40.4,40.4,2018,8387
20260313,37,38.3,36.4,38.2,3130,11647
20260316,38.2,38.6,34.4,34.45,3803,13697
20260317,34.9,35.7,33.6,33.95,1874,6457
20260318,34.15,35.35,34.15,35.25,780,2715
20260319,34.2,35.65,34.2,35.05,571,1999
20260320,35,35.25,33.5,33.5,800,2758
20260323,32.1,33.05,31.65,31.8,701,2255
20260324,32.1,32.35,30.95,31.2,1204,3775
20260325,31.35,31.75,31.15,31.5,530,1663
20260326,31.7,31.8,31.1,31.55,386,1216
20260327,31.45,31.85,31.35,31.6,259,817
20260330,31.45,33.4,31.1,33.1,559,1811
20260331,32.9,33.6,31.65,31.65,775,2492
20260401,31.95,32.8,31.95,32.6,350,1131
20260402,33.2,33.2,32.45,32.6,464,1520
20260407,32.7,33.85,32.7,33.45,371,1235
20260408,33.9,33.9,32.9,33.55,557,1857
20260409,33.2,34.7,33,33.95,476,1605
20260410,34.05,34.75,33.15,33.9,350,1179
20260413,33.85,35.2,33.8,35.2,581,2003
20260414,36,36.65,35.35,36.4,850,3056
20260415,36.85,37.15,35.2,35.65,1235,4455
20260416,35.95,35.95,34.15,34.25,728,2526
20260417,34.25,34.35,33.4,33.4,295,998
20260420,33.4,33.75,31.2,31.45,601,1930
20260421,31.9,32,31.25,31.65,350,1103
20260422,31.7,31.8,30.8,31.4,375,1172
20260423,31.6,31.75,29.6,31,615,1875
20260424,31.2,31.2,29.45,29.65,550,1644
20260427,29.95,30,29.5,29.7,381,1133
20260428,30.2,30.2,29.7,30,143,428
20260429,30.2,30.2,29.55,29.55,302,896
20260430,29.6,30.1,29.55,29.55,176,523
20260504,29.8,30.45,29.8,30.3,293,881
20260505,30.3,30.3,29.75,30.15,189,566
20260506,30.05,30.2,29.8,29.85,268,804
20260507,30.1,30.75,29.85,30.4,344,1039
20260508,30.4,30.4,29.85,30.05,166,499
20260511,30,30.05,29.9,30,80,240
20260512,31,31,29.7,30.05,308,926
20260513,29.85,30.05,29.65,29.75,204,609
20260514,29.8,30.25,29.8,30.1,117,351
20260515,30,30.1,29.9,30,251,753
20260518,30.1,30.2,30.05,30.1,138,416
20260519,30.5,30.5,29.85,30.1,331,997
20260520,30.4,31.05,30,31.05,457,1390
20260521,31.15,31.75,30.4,30.65,669,2064
20260522,31.25,31.25,30.55,30.7,328,1008
20260525,31,31.25,30.6,30.95,484,1496
20260526,31,31.95,30.6,31.75,671,2105
20260527,32.45,34.9,32.45,34.9,1172,4018
20260528,35,35,32.6,33.05,2245,7508
20260529,33.15,33.5,32.7,33.5,957,3172
20260601,33.9,33.9,32.9,33.65,891,2968
20260602,33.95,34.2,32.95,33.3,672,2236
20260603,33.3,33.3,33,33.05,379,1256
20260604,33.3,35.75,33.05,35,1198,4107
20260605,34.15,34.9,33.3,33.6,643,2182
20260608,31.9,33.2,31.4,32.5,634,2042
20260609,32.6,34.2,32.35,33.8,929,3083
20260610,33.8,34.65,33.8,33.9,1145,3911
20260611,35,37,34.1,34.5,1072,3760
20260612,34.8,35.45,34.15,34.6,1190,4140
20260615,34.7,37.75,34.35,37,2672,9671
20260616,37.45,37.45,35.4,35.75,1782,6449
20260617,35.45,36.2,35.45,35.8,911,3261
20260618,36.4,38.5,35.85,38.35,2351,8764
20260622,38.6,41.2,37.35,39.85,3935,15519
20260623,39.85,40.2,38.7,39.35,1599,6282
20260624,38.5,39.3,38.1,38.7,1359,5273
20260625,39.35,39.75,38.9,39.3,745,2920
20260626,39.3,39.3,36.9,36.9,1358,5141
20260629,37,37.2,34.2,34.2,860,3051
20260630,34.25,34.95,33.5,33.65,1156,3911
20260701,33.95,34.5,33.35,34.3,440,1491
20260702,34.05,34.05,33,33.2,426,1422
20260703,33.2,35.4,33.2,34.4,614,2122
20260706,34.4,34.4,33.75,33.95,363,1234
20260707,33.95,34.35,33.3,33.45,421,1416
20260708,34,34.7,33.1,34.7,391,1331
20260709,34,34,33.4,33.6,151,509
20260713,36.25,36.25,33.7,34,326,1124
20260714,35.6,36.85,34.75,35.7,1871,6706
20260715,35.7,35.7,34.55,35,542,1899
20260716,35.2,35.35,34.5,35.1,391,1370
20260717,34.85,34.85,31.6,31.6,985,3215
20260720,31,31.15,28.45,29.1,830,2422
20260721,28.55,29.15,28.2,28.7,420,1199
20260722,28.95,29.55,28.7,29,332,966
20260723,29,29,27.95,28.3,231,656
20260724,27.8,28.8,27.8,28.6,238,676
20260727,28.35,28.5,27.25,27.5,262,729
20260728,26.65,26.95,25.9,25.9,363,953
20260729,25.95,25.95,24.4,25,378,941
20260730,24.95,24.95,23.65,23.65,469,1131
20260731,24.25,24.8,24,24.4,334,816
20260803,24.4,25.7,24.2,25.65,220,550
20260804,25.8,26.5,25.6,26.45,121,316
20260805,26.5,26.65,26.2,26.6,181,480
20260806,26.55,26.8,25.9,26.65,102,269
20260807,26.65,26.65,26,26,151,395
20260810,26,26.2,25.5,25.75,336,863
20260811,25.9,25.9,25.2,25.55,451,1145
20260812,25.5,26.5,25.4,26.25,419,1090
20260813,26,26.9,26,26.05,277,728
20260814,26,26,25.4,25.65,234,598
20260817,25.55,26.05,25.3,25.85,235,603
20260818,25.6,25.65,25.25,25.45,190,484
20260819,25.2,25.65,25.05,25.55,101,257
20260820,25.8,25.85,25.3,25.55,90,230
20260821,25.55,26.05,25.25,26,124,318
20260824,25.9,26.35,25.35,25.6,154,395
20260825,25.25,25.8,25.05,25.8,87,221
20260826,25.7,25.85,25.45,25.5,192,492
20260827,25.7,26.5,25.5,26.05,444,1154
20260828,26.5,26.7,25.65,25.9,259,672
20260831,25.6,26.05,25.6,25.95,88,228
20260901,26.2,26.4,25.7,25.85,226,586
20260902,25.5,26,25.5,25.9,91,235
20260903,25.95,26.05,25.55,25.6,177,457
20260904,25.75,25.95,25.45,25.8,236,604
20260907,25.65,25.85,25.4,25.85,116,297
20260908,25.95,25.95,25.35,25.6,127,324
20260909,25.5,25.8,25.5,25.65,49,126
20260910,25.7,25.7,25.5,25.5,48,123
20260911,25.3,25.6,25.3,25.55,118,301
20260914,25.35,25.75,25.3,25.6,46,117
20260915,25.35,25.75,25.3,25.45,97,247
20260916,25.35,25.6,24.9,25.4,157,396
20260917,25.45,25.5,25.15,25.15,145,367
20260918,25.3,25.3,25,25.05,173,434
20260921,25.2,25.2,25,25.15,239,600
