# date,open,high,low,close,lot,wan
20250814,150,156.5,146,152,2090,31809
20250815,151,151,143.5,143.5,816,11870
20250818,145.5,153.5,143,148.5,594,8853
20250819,150,152.5,144,144,417,6150
20250820,144,144,136,136,347,4810
20250821,137.5,146.5,137.5,145.5,252,3628
20250822,145.5,145.5,140,141.5,164,2328
20250825,147.5,148,144,144,132,1918
20250826,143,144.5,140,144.5,85,1208
20250827,144.5,149,144.5,148,231,3411
20250828,150,150.5,142.5,144,258,3779
20250829,144.5,146,142,146,118,1705
20250901,146,151,141,142,396,5801
20250902,144,145.5,139.5,142,132,1871
20250903,141,141.5,137,137.5,179,2484
20250904,140,141,137.5,138.5,103,1438
20250905,138.5,138.5,133.5,136.5,281,3807
20250908,137,139.5,136.5,138.5,177,2449
20250909,139,141,136.5,138.5,145,1997
20250910,138.5,141,138,140.5,122,1707
20250911,143.5,148.5,139.5,141.5,525,7563
20250912,142.5,145,141,141,216,3078
20250915,143,147.5,142,142,361,5209
20250916,142.5,142.5,139.5,140,145,2045
20250917,140,142,139.5,140,76,1071
20250918,141.5,149,141.5,146,401,5874
20250919,147.5,147.5,142,147,431,6285
20250922,147,161.5,147,161.5,1324,20755
20250923,164,164.5,155,157.5,1011,16087
20250924,156,156,149.5,154.5,380,5791
20250925,152,155,148,151,235,3547
20250926,152,152,145,149.5,291,4333
20250930,151,151,145.5,147.5,135,1992
20251001,148,148,145,147,93,1359
20251002,149,153.5,147.5,147.5,251,3749
20251003,149,149,144.5,147.5,86,1259
20251007,146.5,151.5,146.5,149.5,110,1652
20251008,150,151,147,150,128,1924
20251009,152,152,145,145.5,143,2100
20251013,137.5,139,135.5,136.5,251,3441
20251014,138,140.5,133.5,133.5,194,2659
20251015,135.5,135.5,133,135.5,105,1406
20251016,136.5,139,135.5,137,135,1844
20251017,135,136,132.5,133,104,1392
20251020,138,138,135,136.5,109,1488
20251021,136.5,139,135.5,136,85,1166
20251022,136,138.5,136,137,67,919
20251023,140.5,140.5,135.5,135.5,77,1056
20251027,138.5,140.5,135,139,166,2297
20251028,141,143,138,142,111,1559
20251029,144,144,139,139,83,1170
20251030,139.5,142,137.5,137.5,111,1551
20251031,140,140,135,136.5,84,1139
20251103,137.5,144.5,137.5,143,178,2526
20251104,145,147.5,141,141,209,3030
20251105,136.5,138,135.5,136,101,1370
20251106,138.5,138.5,134.5,136,139,1907
20251107,135.5,136,133.5,135,77,1040
20251110,131,133,121.5,126.5,365,4553
20251111,125,126.5,124.5,125.5,101,1264
20251112,125,125,120.5,121.5,137,1671
20251113,124,124,120,120,124,1497
20251114,120,120,115.5,115.5,147,1733
20251117,113,117,113,116,79,913
20251118,113.5,116,111,111,104,1167
20251119,108.5,111.5,105.5,107.5,114,1232
20251120,117,118,110.5,112,137,1555
20251121,108.5,110,107,108,83,897
20251124,108,108.5,107.5,108,38,410
20251125,108.5,109.5,107.5,108.5,64,691
20251126,109,113.5,109,112,92,1030
20251127,113,113.5,111,113,59,665
20251128,114,116.5,113,116.5,65,743
20251201,116,116,114,114,48,555
20251202,115.5,116.5,113,113,34,393
20251203,114,116.5,114,114.5,37,422
20251204,116,118,116,118,45,522
20251205,118.5,121.5,116,116,92,1085
20251208,116,117,115,116.5,36,416
20251209,117,118.5,116.5,117.5,47,549
20251210,115.5,117.5,115.5,116,25,287
20251211,117,121,117,118,86,1020
20251212,121.5,121.5,116,116.5,48,562
20251215,116.5,117.5,115,115,36,415
20251216,113.5,114,111.5,113.5,46,516
20251217,113.5,115,111.5,113.5,46,520
20251218,113,113,111,112,33,375
20251219,112.5,117.5,112.5,117.5,62,721
20251222,120,121,118.5,121,56,676
20251223,121,121,118,118.5,39,464
20251224,118.5,118.5,117.5,118,12,146
20251226,117.5,118.5,117,117.5,19,224
20251229,117.5,118,116,116,31,367
20251230,116,117.5,115,117,36,414
20251231,117,117,115,115,32,367
20260102,115,118,115,116.5,55,646
20260105,118,118,114,114.5,56,640
20260106,114.5,116.5,114,116,16,185
20260107,116,116,113,114,61,698
20260108,114,115,112,112,44,493
20260109,112,112.5,109,112.5,57,629
20260112,115,120,115,118,136,1610
20260113,120,120,115.5,116.5,52,605
20260114,119,123,119,123,182,2208
20260115,122,122,118.5,120,63,760
20260116,121,121,119.5,119.5,56,675
20260119,120,128,120,122.5,179,2224
20260120,120.5,124,120,121,80,984
20260121,120.5,122,119.5,120,54,649
20260122,121.5,122,120.5,121,40,484
20260123,122.5,126,122.5,123.5,150,1875
20260126,123.5,125.5,121.5,121.5,75,929
20260127,122.5,124,121.5,123.5,57,693
20260128,123.5,127,123.5,124.5,102,1281
20260129,126,126,120.5,122,50,612
20260130,122,122,119,121,36,438
20260202,121,121,112,115,99,1140
20260203,117,118.5,115.5,115.5,58,679
20260204,118,127,118,126.5,386,4815
20260205,131,136,125,126,634,8372
20260206,124,125,119.5,120.5,150,1815
20260209,127,127.5,122.5,124.5,93,1162
20260210,123.5,123.5,119,120,114,1374
20260211,121,121,117.5,119.5,78,929
20260223,122.5,127.5,122.5,124.5,130,1619
20260224,126,130,126,130,132,1687
20260225,133.5,143,133,143,437,6177
20260226,150,157,149,157,1065,16464
20260302,152,172.5,152,167,1524,25475
20260303,169,183.5,166.5,173,1834,32886
20260304,170,182.5,160.5,161,1845,31496
20260305,170.5,177,170.5,177,364,6408
20260306,187,190.5,178,182.5,1656,30564
20260309,166,176,166,172,256,4364
20260310,188,188,169,169,209,3705
20260311,175,175,169.5,172,149,2573
20260312,172,172,166,168,175,2955
20260313,168,173,167.5,171,80,1360
20260316,173,178.5,172,172.5,92,1608
20260317,173.5,173.5,167,170,129,2184
20260318,169.5,173,169.5,173,108,1866
20260319,174,186,173.5,180,230,4136
20260320,182,185,175,176,206,3688
20260323,161.5,176,161.5,165,371,6234
20260324,170,170,149.5,150,439,6802
20260325,150,156.5,150,155.5,187,2884
20260326,160.5,163.5,153.5,156,154,2458
20260327,155,155,149.5,152.5,118,1799
20260330,145,150,144,147.5,163,2402
20260331,144.5,146.5,137,138.5,189,2666
20260401,144,145.5,143.5,144,86,1241
20260402,145.5,147.5,142,142,62,891
20260407,142.5,146,141,141,63,895
20260408,146,149,144.5,146,129,1902
20260409,146,146,142,144.5,134,1928
20260410,145,147.5,143.5,144.5,105,1528
20260413,142.5,147.5,141.5,147.5,178,2595
20260414,148.5,153.5,148.5,151.5,162,2444
20260415,153.5,163,153,161,233,3688
20260416,164.5,164.5,154.5,155,174,2743
20260417,157.5,165,156,161,222,3588
20260420,166,167.5,160.5,160.5,153,2514
20260421,165,165,156,163,157,2532
20260422,163,173,161.5,166.5,298,4999
20260423,166.5,167.5,150.5,153,275,4320
20260424,158,168,157,168,485,7971
20260427,173,180,162,162.5,653,11140
20260428,163,165.5,158.5,161,177,2861
20260429,163,167.5,158,161,176,2864
20260430,161,161,157,159,134,2132
20260504,161,161,155.5,155.5,129,2017
20260505,156,158.5,153.5,157.5,116,1805
20260506,159.5,160.5,154.5,157.5,119,1869
20260507,159,159,152.5,155,198,3070
20260508,157,163.5,155,156.5,229,3668
20260511,161,161,151,154,161,2465
20260512,154,154,149.5,150,136,2045
20260513,146,149,141,145,143,2075
20260514,145,147,139,139,224,3161
20260515,140.5,144,137,137,150,2074
20260518,133.5,133.5,128,129,151,1954
20260519,126.5,132,126.5,129,115,1493
20260520,132.5,132.5,127,127,89,1142
20260521,131.5,134.5,130.5,134,88,1166
20260522,135,139,134.5,138.5,96,1320
20260525,139,143,139,141.5,148,2098
20260526,141.5,146,139.5,142.5,196,2813
20260527,145.5,145.5,136.5,137,146,2041
20260528,137,139,132,134,125,1694
20260529,134,136,134,135.5,74,1006
20260601,140.5,144.5,137.5,141.5,187,2647
20260602,147,147,138.5,142,163,2309
20260603,143,148,143,143,178,2583
20260604,143.5,147,140.5,142.5,100,1427
20260605,142.5,142.5,137,139,61,845
20260608,125.5,134,125.5,134,176,2255
20260609,129.5,137,129.5,137,81,1086
20260610,133,136.5,131,132.5,110,1471
20260611,130.5,131.5,127,131.5,101,1310
20260612,131.5,135,131,133,45,596
20260615,138,138.5,134.5,137.5,78,1068
20260616,140,140,132,133.5,78,1054
20260617,133.5,135,132,135,29,392
20260618,135,136,131.5,132.5,91,1214
20260622,132.5,135.5,132.5,135,65,872
20260623,138,138,131,133,76,1020
20260624,134,134,130,131,45,591
20260625,131,133.5,128.5,129,78,1016
20260626,127.5,127.5,122,122,112,1397
20260629,123,125,121,121,41,497
20260630,126,126,123,124,46,570
20260701,125,127,124.5,125,33,413
20260702,122.5,126.5,121,125,66,816
20260703,125.5,128,124.5,127.5,41,521
20260706,127,128,124.5,126.5,55,693
20260707,128.5,129.5,122.5,122.5,56,697
20260708,123,123,121,121.5,43,519
20260709,124.5,124.5,122,124,27,339
20260713,124,124,118.5,120,80,968
20260714,122,122,112.5,117,85,985
20260715,121.5,121.5,118.5,121,65,786
20260716,121.5,121.5,118,118,45,530
20260717,118,118,111.5,113,66,745
20260720,117,117,108,110,72,805
20260721,110.5,116,110,116,36,413
20260722,119,119,114.5,114.5,24,285
20260723,118,124.5,116,116,168,2015
20260724,114.5,116,112,114.5,44,505
20260727,116.5,116.5,113,114.5,26,303
20260728,114,115,111,115,79,893
20260729,117,117,106.5,112,103,1144
20260730,101,108,101,105.5,217,2257
20260731,110,111,108,109.5,41,452
20260803,109.5,111.5,109,109.5,44,486
20260804,107.5,108,106,107.5,58,621
20260805,108,110.5,108,108,42,459
20260806,106.5,113,106.5,111,79,861
20260807,114.5,115,108.5,109,71,790
20260810,110,113,110,110,41,450
20260811,109.5,109.5,107.5,109.5,30,327
20260812,108.5,109.5,107,108.5,55,593
20260813,114,119,112.5,112.5,216,2505
20260814,112,112,109,109,75,831
20260817,115,115,111,112,42,469
20260818,111.5,111.5,108,108,22,237
20260819,107.5,109.5,106,106,47,505
20260820,106.5,107.5,104.5,107,40,429
20260821,107,107.5,106,107.5,23,240
20260824,105.5,107,105.5,107,9,100
20260825,105.5,108,105.5,106.5,18,189
20260826,108.5,110,108.5,109,35,383
20260827,108.5,112.5,108.5,110,54,595
20260828,110,110.5,108.5,109.5,16,178
20260831,108,108.5,106,108,45,480
20260901,107,111.5,107,110.5,39,430
20260902,109.5,110.5,109.5,110,18,194
20260903,110,110,106,106,36,391
20260904,106.5,110.5,106.5,110.5,42,457
20260907,113,113,105.5,113,94,1035
20260908,111.5,111.5,108,108,38,414
20260909,107.5,108.5,107.5,108.5,24,260
20260910,108.5,108.5,106.5,107.5,17,177
20260911,105.5,106.5,105.5,106,28,297
20260914,116,116.5,112,116.5,266,3077
20260915,119,119,108,109,397,4532
20260916,109,111,109,110,57,626
20260917,113,114,110.5,110.5,68,760
20260918,113.5,113.5,111.5,113,50,560
20260921,111,113,110.5,112,26,295
