# date,open,high,low,close,lot,wan
20250814,30.55,30.55,28.7,28.7,3046,8950
20250815,28.8,29.5,28.35,28.75,1585,4562
20250818,28.8,30.95,28.6,29.6,3447,10224
20250819,29.9,30.65,28.5,28.6,2605,7624
20250820,28.5,28.6,27.05,27.2,1803,4964
20250821,27.5,28.1,27.2,27.4,1444,3982
20250822,27.9,28.55,27.35,27.4,1117,3116
20250825,27.55,28.2,27.45,27.75,862,2394
20250826,27.8,28,27.35,27.35,725,1998
20250827,27.55,28,27.55,27.6,831,2305
20250828,27.75,28.65,27.5,28.3,1611,4548
20250829,29,29,27.25,27.4,1427,3979
20250901,26.85,27.05,26,26,722,1902
20250902,26.35,26.45,25.15,25.55,685,1760
20250903,25.4,26.35,25.4,26.15,528,1377
20250904,26.4,26.65,25.95,26.15,616,1618
20250905,26.2,26.2,25.55,25.55,610,1576
20250908,25.85,25.9,25.2,25.8,567,1448
20250909,25.95,26.5,25.6,25.65,798,2076
20250910,25.7,26.25,25.6,25.95,557,1447
20250911,26.25,26.25,25.25,25.25,573,1468
20250912,25.55,25.55,24.75,24.8,563,1406
20250915,24.7,24.8,24.05,24.2,606,1477
20250916,24.4,25.35,24.3,25.25,537,1338
20250917,25.1,25.85,25.05,25.55,350,889
20250918,25.7,25.85,25.35,25.4,308,788
20250919,25.7,25.75,25.15,25.15,262,664
20250922,25.2,25.7,25.1,25.15,231,585
20250923,25.25,25.55,25.1,25.1,258,651
20250924,25.3,25.5,24.75,24.9,240,600
20250925,24.9,25.6,24.85,24.95,424,1071
20250926,25,25,24,24,505,1221
20250930,24.4,24.4,24,24.4,193,468
20251001,24.4,25.3,24.4,24.55,512,1272
20251002,24.8,25,24.3,24.3,429,1057
20251003,24.6,24.85,24.05,24.15,456,1111
20251007,24.3,24.75,24.15,24.25,235,573
20251008,24.4,24.4,23.6,23.95,378,903
20251009,24.1,24.1,23.65,23.7,293,697
20251013,21.9,23.2,21.45,23.2,450,1016
20251014,23.3,23.6,22.6,22.6,300,690
20251015,22.7,22.85,22.4,22.6,269,610
20251016,22.6,23,22.6,22.6,279,635
20251017,22.5,22.8,22.5,22.7,144,327
20251020,23.15,23.15,22.5,22.55,195,442
20251021,22.8,23.65,22.5,23.3,430,1001
20251022,23.3,23.85,23.3,23.5,237,557
20251023,23.45,23.8,23.4,23.65,189,447
20251027,23.8,23.8,23.1,23.2,147,342
20251028,23.15,23.15,22.55,22.85,264,602
20251029,23,23.15,22.65,22.65,224,511
20251030,22.65,22.65,22.3,22.3,227,509
20251031,22.35,22.5,22.25,22.35,178,397
20251103,22.5,23.15,22.25,22.35,162,365
20251104,22.3,22.45,21.7,21.7,276,607
20251105,21.5,22.2,21.25,21.85,270,584
20251106,21.95,22.1,21.8,21.9,134,294
20251107,21.55,22.05,21.55,22.05,146,318
20251110,22.05,22.05,21.5,21.85,128,278
20251111,21.8,22.2,21.65,22,123,270
20251112,22.2,22.85,22.15,22.55,332,746
20251113,22.65,22.8,22.25,22.45,217,488
20251114,22.45,22.7,21.5,21.5,273,603
20251117,21.6,21.75,21.1,21.1,427,916
20251118,20.85,21.3,20.55,20.6,319,664
20251119,20.7,20.8,20.3,20.35,298,611
20251120,20.95,21,20.4,20.55,71,146
20251121,20.4,20.85,19.85,19.9,365,736
20251124,20.05,20.8,19.95,20.45,353,715
20251125,20.6,20.8,20.4,20.4,289,594
20251126,20.6,21.55,20.6,21.25,492,1044
20251127,21.5,21.5,21.05,21.3,232,493
20251128,21.35,21.85,21.05,21.65,320,685
20251201,21.9,21.9,21,21,241,511
20251202,21.35,21.35,20.9,21,253,532
20251203,21,21.3,20.9,21.3,222,467
20251204,21.1,21.4,21.1,21.35,219,465
20251205,21.5,21.55,21.3,21.3,120,258
20251208,21.4,21.65,21.3,21.45,127,272
20251209,21.4,21.8,21.05,21.7,248,529
20251210,21.55,22,21.25,21.85,325,702
20251211,22.3,23.5,22,23.35,1778,4081
20251212,24.2,24.7,23.7,24.35,2327,5599
20251215,24.1,24.3,23.7,23.7,848,2026
20251216,25.05,25.45,23.95,24.4,3009,7391
20251217,24.55,24.85,23.5,24,1800,4357
20251218,23.75,23.85,23.2,23.8,729,1722
20251219,24.05,24.45,23.55,23.85,836,2005
20251222,25,26.2,25,26.2,4832,12599
20251223,26.45,27.3,26,26.3,7070,18775
20251224,25.85,26.2,25.4,25.5,2149,5521
20251226,25.9,28.05,25.25,28.05,3934,10802
20251229,29.5,30.85,28.55,30.85,13635,40910
20251230,30.85,31,29.25,30.55,12115,36585
20251231,30.75,31.8,29.45,30.05,10076,30942
20260102,30,30.75,29.5,29.5,3844,11532
20260105,29.6,29.85,27.25,27.6,3742,10529
20260106,28.2,29.8,28.2,28.8,2996,8659
20260107,28.5,28.95,27.95,28.65,2118,6043
20260108,28.8,29.75,28,28.3,3979,11584
20260109,29,29.7,27.8,28.7,2381,6830
20260112,28.45,28.85,28.05,28.35,1480,4218
20260113,28.4,28.4,27.45,27.55,1685,4674
20260114,27.75,29.75,27.65,29.3,2303,6659
20260115,29.1,29.8,28.6,29.65,2274,6660
20260116,29.8,30.6,29.05,29.15,3600,10706
20260119,29.3,30.45,29.15,29.55,2044,6077
20260120,30,31.3,29.4,29.5,6110,18459
20260121,29.15,30.1,28.75,29.6,2662,7860
20260122,29.55,29.85,28.2,28.2,2199,6358
20260123,28.2,28.4,27.6,27.6,1283,3574
20260126,27.8,28.15,27.3,28.15,722,1997
20260127,28.15,28.5,27.45,27.45,921,2572
20260128,27.85,28.15,27.25,27.8,844,2337
20260129,28,28,26.9,26.9,686,1864
20260130,26.65,27,25.9,26.3,776,2037
20260202,26.3,26.4,25.6,25.85,522,1355
20260203,26.05,26.9,26.05,26.65,390,1034
20260204,26.65,27.35,26.4,27.25,394,1067
20260205,27.15,27.65,27,27.5,510,1394
20260206,27.1,27.3,25.75,27,456,1210
20260209,27.6,27.6,25.8,26.15,574,1516
20260210,26.2,26.25,25.5,25.65,325,834
20260211,25.1,25.8,25.1,25.75,383,978
20260223,26.3,27.35,25.95,27.3,521,1402
20260224,27.4,28.1,27.4,27.9,669,1855
20260225,28.15,28.3,27.4,28,604,1688
20260226,28,28.1,27.1,27.8,860,2373
20260302,27.4,28.5,27.2,27.8,622,1737
20260303,27.95,28.3,26.7,26.7,532,1456
20260304,26.55,26.55,24.95,25.05,639,1629
20260305,25.5,26.5,25.5,25.65,306,793
20260306,25.6,26.35,25.1,26.05,203,527
20260309,25.05,25.1,24,24.9,422,1032
20260310,25.5,26.25,25.35,25.7,363,939
20260311,26.4,26.85,26.2,26.65,284,754
20260312,26.6,26.95,26.25,26.8,236,626
20260313,26.35,28.15,26.35,28.1,574,1581
20260316,28.1,28.4,27.6,27.75,682,1908
20260317,28.4,28.65,27.7,27.7,671,1902
20260318,28.2,28.85,27.65,28.7,990,2818
20260319,28.65,29.15,28.2,28.65,1018,2920
20260320,28.8,29.05,28.35,28.65,711,2040
20260323,27.9,29.1,27.7,28.65,914,2618
20260324,28.95,29.85,28.1,28.7,871,2509
20260325,29,30.45,28.5,30.1,3025,9008
20260326,30.6,30.9,28.2,28.35,3105,9188
20260327,28,28.65,27.6,28.4,395,1110
20260330,27.7,28.65,27.7,28.05,309,871
20260331,28,29.1,27.7,27.9,1070,3029
20260401,29.1,29.1,27.9,28,771,2188
20260402,28.05,28.4,27.7,28.1,573,1608
20260407,28.3,28.55,27.85,28,350,982
20260408,28.45,29.45,28.3,29.15,937,2723
20260409,29.6,29.8,29,29.3,886,2604
20260410,29.9,29.95,28.85,29.85,1125,3336
20260413,30.45,31.65,29.4,31.25,3945,12234
20260414,32.65,34.35,31.55,34.35,4959,16838
20260415,34.2,34.5,32.2,32.45,7038,23462
20260416,32.95,33.85,32.35,33.8,4286,14305
20260417,33.15,34.1,32.5,32.95,2983,9900
20260420,33.6,35.55,33.6,34.1,4509,15564
20260421,33.6,35.55,33.05,34.8,3294,11314
20260422,35.6,38.25,35,38.25,8886,32884
20260423,42.05,42.05,39.05,42.05,11324,47369
20260424,46,46.25,41,43.85,21836,96504
20260427,42.55,48.05,41.6,45,13387,60460
20260428,44.6,47.45,43.7,43.7,8629,38672
20260429,46.1,48.05,44.5,48.05,12292,57408
20260430,51.4,52.8,51.1,52.8,3886,20262
20260504,57.5,58,56.3,58,2681,15465
20260505,56.6,62.5,54.6,62,5565,32429
20260506,63.3,63.3,56,58,4155,24419
20260507,61.5,62,59.1,62,2523,15321
20260508,62.3,62.3,57,57.8,2510,14800
20260511,55.5,56,53.7,54,3221,17552
20260512,55,57.9,54.6,55.5,2238,12535
20260513,54,56.5,53.8,55,1053,5804
20260514,55.6,57.5,55.5,56,1103,6189
20260515,56.5,56.5,52.3,52.5,1499,8130
20260518,51.3,55.8,50,52.7,1460,7754
20260519,51.2,55.9,47.45,47.45,6846,34991
20260520,47.4,47.4,43.2,43.85,4852,21763
20260521,45.9,47.8,45.4,46.8,2602,12127
20260522,47.2,50.2,46.05,49,2984,14598
20260525,49.65,53.3,48.4,50.3,4544,23185
20260526,51.6,55.3,50.5,55.3,6731,36171
20260527,59.6,59.6,53.1,54.2,11142,62949
20260528,54.1,54.9,50,51.2,4442,23301
20260529,51.7,52.2,49.1,49.7,2937,14781
20260601,49.8,51.4,49,49.3,2103,10461
20260602,49,49.3,46.55,47.25,2203,10462
20260603,48,48.9,47.2,47.65,1285,6149
20260604,47.35,47.5,46.35,46.4,1049,4906
20260605,46.4,47.45,44.65,47.35,1196,5511
20260608,42.65,44.3,42.65,43.5,1211,5232
20260609,44.85,46.3,43.6,45.1,912,4093
20260610,46.4,48,46.25,46.4,2598,12209
20260611,47.3,47.3,43.4,43.9,1355,6082
20260612,45.15,46.05,43.05,43.1,1362,6062
20260615,44,44.65,42.8,42.85,1134,4919
20260616,43.65,44.25,41.4,41.6,1222,5181
20260617,41.75,43.95,41,43.65,1186,5034
20260618,44.8,46.5,44,45.1,1730,7822
20260622,46,47.35,45.2,46.8,1652,7655
20260623,46.85,47.5,45,45.9,1357,6256
20260624,45,50.4,45,50.4,3952,19271
20260625,50.4,50.5,47.5,48.75,2707,13226
20260626,48.5,50,44.4,44.6,2027,9540
20260629,45.05,46.25,44.65,44.85,1043,4716
20260630,46.25,49.3,45.45,48.6,2400,11542
20260701,48.8,49.95,45.8,45.95,1737,8262
20260702,45.45,48.75,45.05,46.65,960,4527
20260703,46.65,50.7,46,49.4,2482,12162
20260706,52,53.4,50.2,50.3,3586,18504
20260707,49.9,49.9,45.3,45.65,2124,9990
20260708,45.85,48.4,43.8,45.65,1792,8168
20260709,45.55,45.75,41.8,42.2,1871,8154
20260713,42.6,45.15,42.6,44.7,2588,11441
20260714,44.25,44.5,40.25,41.8,1393,5822
20260715,42.9,42.9,42,42.1,524,2217
20260716,41.75,42,40,40,884,3592
20260717,38.5,39.1,36,36.75,1640,6099
20260720,36.75,37.45,34.55,35.75,783,2814
20260721,36.6,36.65,35.6,35.7,419,1509
20260722,36.65,37.45,36.1,37,528,1948
20260723,37.4,37.4,35.1,35.55,547,1964
20260724,35.85,37.75,34.2,36,742,2691
20260727,35.9,35.9,34.25,35.45,454,1587
20260728,34.3,34.3,33.1,33.95,631,2130
20260729,34.1,34.3,31,31.95,1146,3664
20260730,31.6,32.45,28.8,29.35,1009,3070
20260731,31,32.15,31,32.15,454,1431
20260803,32.15,32.95,31.5,32.2,381,1237
20260804,32.25,33.5,32.05,33.35,349,1152
20260805,34.25,35.9,34,35.2,616,2159
20260806,35.1,35.1,33.75,34.7,311,1070
20260807,35,35.2,33.9,34.05,303,1041
20260810,35.3,37.45,34.8,37.45,736,2675
20260811,37.4,38.5,36,36.65,615,2272
20260812,37,37.9,36.9,37.35,318,1188
20260813,37.45,37.8,35.95,36.05,409,1503
20260814,36.3,37.4,35.4,37.4,675,2473
20260817,36.75,37.8,36.25,36.7,291,1074
20260818,36.1,36.85,35.3,36,222,796
20260819,35.6,36.1,35.05,35.3,196,697
20260820,35.45,36.15,35.1,35.45,156,553
20260821,36,36,34.95,34.95,214,751
20260824,35.45,35.65,34.8,34.9,116,408
20260825,34.8,35.15,33.55,35.05,148,506
20260826,35.15,37,35.15,36.35,310,1119
20260827,36.1,37.5,36.1,36.7,280,1030
20260828,37.05,37.5,36.2,36.8,373,1375
20260831,36.8,37.1,35.5,35.8,164,590
20260901,36.1,36.7,35.8,35.8,264,952
20260902,35.8,36,35.5,35.55,132,471
20260903,35.95,35.95,34.1,34.1,177,616
20260904,34.4,34.4,33,34.2,291,984
20260907,34.45,36.3,34.2,35.75,398,1414
20260908,35.75,35.8,34.1,34.3,347,1206
20260909,35.7,36.7,34.95,35,355,1259
20260910,34.65,35.2,34.2,35.2,210,724
20260911,34.25,34.5,33.4,33.45,398,1345
20260914,33.2,34.2,32.65,33.85,212,710
20260915,33.75,34.3,33.5,33.5,138,467
20260916,33.5,34.9,33.5,34.85,188,648
20260917,35.15,35.7,35,35,141,497
20260918,35,38.5,35,38.5,1245,4666
20260921,39.6,42.35,38.9,42.35,3330,13649
20260922,41.95,41.95,38.5,38.65,2471,9812
20260923,38.65,40,38,38.2,1321,5156
