# date,open,high,low,close,lot,wan
20250814,41.85,43.65,41.45,41.45,4195,17846
20250815,42.9,45.55,42.7,45.55,4354,19476
20250818,46.15,50,46,47.5,11389,54018
20250819,47.6,48.6,46,46.35,3738,17638
20250820,46.35,47.3,44,44.05,1930,8784
20250821,44.8,47.45,44.8,47.15,2630,12245
20250822,47,47.4,44.8,44.8,1601,7331
20250825,45.95,46.6,44.6,44.8,891,4037
20250826,44.85,45.35,44.2,45.1,644,2889
20250827,45.7,47.9,45.5,46.9,1950,9101
20250828,46.7,47.15,45.75,46.45,883,4104
20250829,46.8,48.3,45.35,47.3,1942,9168
20250901,47.55,49.75,46.2,46.3,4367,20952
20250902,47.15,50.9,47.15,50.9,5635,28370
20250903,52.3,52.8,49.5,50.5,16059,82181
20250904,51,51.3,47.5,48,3475,16985
20250905,48.2,48.35,47.15,48,1348,6439
20250908,48.25,48.25,47.1,47.1,1075,5112
20250909,47.2,47.55,46.6,46.85,820,3859
20250910,47.15,47.6,46.5,46.5,610,2862
20250911,46.95,47.7,44.5,44.5,1641,7520
20250912,45.5,46.25,44.5,44.95,586,2654
20250915,45.35,45.55,44,44.05,459,2040
20250916,44.2,45.6,44.2,44.85,404,1817
20250917,45.55,46.55,45.05,45.6,780,3575
20250918,46,47.1,45.8,46.2,702,3260
20250919,46.8,46.8,45.4,45.45,480,2205
20250922,45.7,46.25,45,45.1,290,1317
20250923,45.3,45.55,44.35,44.35,509,2278
20250924,44.35,44.6,43,43.2,618,2693
20250925,43.65,43.8,42.5,42.5,425,1825
20250926,42.85,43.15,41.15,41.25,586,2444
20250930,41.5,42.85,41.4,42.35,241,1014
20251001,42.85,42.9,42.35,42.6,233,993
20251002,42.6,43.4,42.05,42.45,322,1373
20251003,42.45,42.7,42.05,42.1,249,1053
20251007,42.2,43.3,42.2,43,348,1495
20251008,45.65,45.7,43.6,44.15,1009,4480
20251009,44.4,45.25,44,44.1,585,2601
20251013,42,43.95,41.8,43.5,660,2830
20251014,43.8,44.35,42.05,42.05,387,1668
20251015,42.1,42.45,41.8,42.05,217,913
20251016,42.25,43.25,42.25,42.7,217,928
20251017,42.75,42.75,41.55,41.8,216,907
20251020,42.3,42.8,41.85,42.65,188,798
20251021,42.5,44.45,42.5,43.9,435,1908
20251022,43.95,43.95,43.2,43.25,142,617
20251023,43.1,43.3,42.2,42.2,236,1004
20251027,42.6,42.85,42,42.4,205,867
20251028,42.6,42.7,41.8,41.9,185,778
20251029,42.4,42.45,41.8,41.8,253,1063
20251030,42.35,42.7,41.2,41.2,302,1262
20251031,41.3,41.85,40.7,40.85,231,950
20251103,41,41.45,40.4,40.55,240,981
20251104,40.8,41.1,39.3,39.55,345,1377
20251105,39.15,39.55,38.65,39.55,216,845
20251106,40,40.6,39.8,40.25,164,658
20251107,39.9,39.9,38.55,39.2,170,666
20251110,39.2,41.2,39.1,41,294,1181
20251111,41.55,42.3,39.9,40,622,2547
20251112,40.55,42.7,40.55,41.7,730,3062
20251113,41.5,41.5,40.6,40.8,256,1049
20251114,40.15,41.35,39.8,39.9,326,1310
20251117,39.5,40.3,39.5,39.65,181,720
20251118,39.65,39.75,38,38.15,490,1889
20251119,38.15,38.9,37.3,37.3,390,1479
20251120,37.75,38.8,37.7,38.15,211,805
20251121,37.9,38.65,37.3,37.45,187,705
20251124,37.75,38.25,37.75,38.05,137,520
20251125,38.3,39.25,38.3,38.95,221,859
20251126,39.4,40.9,39.4,40.25,443,1794
20251127,40.35,40.75,40.15,40.3,115,464
20251128,40.25,40.95,40.25,40.35,104,422
20251201,39.9,40.4,39.6,39.85,129,516
20251202,39.7,40.5,39.55,39.55,91,363
20251203,39.8,40.1,39.6,39.7,58,231
20251204,40.1,40.9,40.05,40.4,101,408
20251205,40.75,41.8,40.15,41.4,284,1166
20251208,42.65,45,42,44.7,1640,7143
20251209,44,44.05,42.75,43.5,803,3483
20251210,44,46.3,42.15,42.15,1935,8565
20251211,42.65,43.9,42.45,42.6,439,1893
20251212,42.45,42.65,41.9,42.4,301,1271
20251215,42.4,42.45,41.6,41.8,171,716
20251216,41.5,41.75,40.65,41.2,202,831
20251217,41.4,42,41.35,41.45,121,504
20251218,41.95,41.95,41,41.1,90,371
20251219,41.15,41.8,41.1,41.1,88,363
20251222,41.5,42.1,41.5,41.8,204,855
20251223,42,42.45,41.85,42,209,882
20251224,42.5,42.5,41.95,41.95,122,515
20251226,41.75,41.85,41.2,41.2,178,737
20251229,41.1,41.8,41.1,41.15,102,422
20251230,41.25,41.35,40.7,41.35,146,598
20251231,41.35,41.85,40.7,41.3,212,871
20260102,41.55,42.2,40.5,40.5,314,1294
20260105,41,41.6,39.75,40.5,324,1308
20260106,40.15,40.7,40.1,40.25,231,932
20260107,40.35,40.65,39.7,40.3,309,1245
20260108,40.75,41.25,39.85,40.2,395,1594
20260109,40.4,41.6,40.3,40.7,350,1432
20260112,42,42,40.45,40.8,265,1080
20260113,40.5,40.6,39.4,39.4,508,2023
20260114,39.2,40.65,39.2,40.5,379,1515
20260115,40.5,41.75,40.35,41.3,526,2169
20260116,41.95,42,40.8,40.9,362,1492
20260119,40.9,41.85,40.7,40.9,360,1485
20260120,40.85,41.1,40.35,40.5,267,1087
20260121,40.5,40.5,39.75,39.8,290,1160
20260122,40.1,40.85,39.85,39.9,264,1064
20260123,40.7,41.65,40.25,40.45,446,1819
20260126,40.45,42.95,40.45,42.6,1316,5563
20260127,43.5,43.9,41.5,41.8,866,3686
20260128,41.8,42.35,41.4,42,405,1697
20260129,42.5,43,40.6,40.7,410,1691
20260130,40.9,41.05,39.15,40,345,1367
20260202,39.35,39.85,38.3,38.65,322,1252
20260203,38.85,39.1,38.1,38.6,255,985
20260204,38.8,39.3,38.4,39.3,164,638
20260205,39.35,40.05,38.8,38.85,174,684
20260206,38.6,39.25,37.2,38.1,347,1311
20260209,38.75,39.1,38.4,38.4,105,406
20260210,38.3,38.4,37.85,38.25,184,702
20260211,38.25,38.25,37.55,37.85,159,604
20260223,38.5,39.4,37.8,39.05,268,1041
20260224,39.3,40.35,39.25,39.3,208,826
20260225,40,40,38.7,39.1,267,1040
20260226,39.1,40.4,39.1,39.85,391,1559
20260302,39,40.45,38.95,39.95,278,1105
20260303,40.15,40.95,38.7,38.75,290,1145
20260304,38.3,38.3,36.45,36.5,412,1518
20260305,37.2,37.9,37,37.45,246,919
20260306,37.05,38.2,37.05,38,136,515
20260309,36.8,36.8,35.35,35.65,221,789
20260310,36.75,37,36,36.25,119,434
20260311,37,38.3,37,37.95,184,695
20260312,37.95,38.5,37.7,37.85,98,373
20260313,37.5,38.3,37.1,37.7,176,665
20260316,37.7,38,37.1,37.5,142,532
20260317,37.85,38.3,37.7,37.7,154,585
20260318,37.9,39.1,37.5,38.5,407,1558
20260319,38.5,38.9,38.1,38.1,349,1342
20260320,38.3,38.75,37.9,38,178,682
20260323,38,38.6,37.1,37.2,169,636
20260324,37.95,37.95,36.4,37.05,161,597
20260325,37.35,37.7,37.05,37.4,156,583
20260326,37.95,38.3,37,37.35,190,715
20260327,37.05,37.05,36.45,37,170,625
20260330,36.8,36.8,35.75,36.15,237,854
20260331,36.6,36.6,35,35,183,649
20260401,36.15,36.2,35.4,35.55,99,352
20260402,35.55,35.65,35,35.05,140,492
20260407,35.1,35.2,34.7,34.8,139,485
20260408,35.4,36.7,35.4,36.5,377,1359
20260409,36.7,36.8,36.25,36.55,192,700
20260410,36.6,36.6,35.6,35.8,176,633
20260413,35,37.25,35,37.15,274,1001
20260414,37.65,37.8,37.25,37.65,241,906
20260415,37.75,38.2,37.4,37.4,118,445
20260416,37.85,38.4,37.75,37.85,275,1045
20260417,37.85,39.2,37.85,38.35,320,1237
20260420,38.45,39.35,38,38.7,308,1200
20260421,39.5,40.25,38.85,40.1,506,2015
20260422,40.2,41.7,40.15,41.05,605,2492
20260423,42.45,42.8,38.4,39.25,933,3773
20260424,40.05,41.65,39.3,39.45,500,2017
20260427,40.05,40.05,38.05,38.45,349,1345
20260428,38.45,39.5,38.1,39.3,300,1172
20260429,39.25,39.25,38.65,38.65,171,664
20260430,38.8,40.8,38.8,39.6,357,1431
20260504,40.95,40.95,39.5,39.75,347,1385
20260505,39.7,40.7,39.55,40,330,1327
20260506,40.9,40.9,38.85,39.1,385,1518
20260507,39.3,39.9,38.6,39.7,328,1290
20260508,43.65,43.65,43.65,43.65,1194,5212
20260511,45.6,46.4,44,45.5,4262,19408
20260512,45,45,43,43.7,1666,7304
20260513,42.7,43.9,42.7,43.45,653,2817
20260514,44.3,47.75,43.4,47.75,4495,20912
20260515,47.85,52,45.7,45.7,8109,39566
20260518,45.9,48,45.55,46.35,2219,10361
20260519,46.35,49.9,45.2,46.9,2557,12242
20260520,47.15,50.2,47.1,48.55,4631,22672
20260521,51,53.4,49.6,53.4,7113,37195
20260522,54.2,56.1,53.5,54.8,5784,31729
20260525,54.8,58.5,53.2,54.6,3677,20454
20260526,54.5,55,52.2,53.6,2350,12566
20260527,53.8,54.4,50.8,51.1,1842,9608
20260528,51.1,53,50.4,52,1715,8930
20260529,52.1,52.6,50.3,50.3,1733,8845
20260601,50.8,51.4,49.6,49.9,1250,6263
20260602,50,51.5,48.35,51,1641,8220
20260603,55.5,56.1,52.5,56.1,4439,24364
20260604,54.8,56.1,51.2,51.4,3924,20890
20260605,51.4,51.4,49.1,49.7,1362,6796
20260608,44.75,46.45,44.75,46.25,1136,5162
20260609,46.3,47.15,45.2,46.15,1361,6290
20260610,45,47,44,44,888,4020
20260611,43.8,44.55,42,43.35,626,2711
20260612,44.2,45.15,44.2,44.25,537,2398
20260615,45.3,46.6,45.05,46.2,656,3019
20260616,45.85,46.3,44.8,45,446,2024
20260617,44.2,46.25,44.1,45.8,687,3128
20260618,46.05,46.7,45.5,46,437,2013
20260622,46.95,48.45,46.75,47.65,1081,5156
20260623,47.8,47.8,46.05,46.3,513,2394
20260624,46.15,48.55,45.65,48.3,877,4171
20260625,49.05,49.6,48,49.3,1276,6245
20260626,48.3,48.6,45.1,45.2,806,3759
20260629,45.15,46.25,44.2,44.5,341,1534
20260630,45.5,45.5,44.6,44.7,339,1522
20260701,44.85,46.4,43.5,43.6,485,2159
20260702,43.6,45.3,43,45.2,349,1557
20260703,46.05,47.8,45.25,45.25,847,3921
20260706,46.3,46.8,44.75,45.35,391,1785
20260707,45.45,46.25,43.2,43.55,474,2105
20260708,43.55,43.8,41.6,42.35,807,3420
20260709,42.5,43,42,42,221,938
20260713,42.35,43,40.9,41.3,426,1773
20260714,40.95,41.4,37.9,39,848,3310
20260715,39.8,39.95,39.5,39.6,180,714
20260716,39.7,39.7,37,38.45,535,2065
20260717,37.8,37.85,35.8,35.8,581,2134
20260720,36.1,36.1,33.45,34.75,479,1665
20260721,35.05,35.4,34.7,35.2,226,793
20260722,35.35,36.45,35.35,36,284,1026
20260723,36.05,36.1,34.9,35,237,836
20260724,34.3,35.7,34.3,34.85,224,780
20260727,35,35.1,34.1,34.65,194,670
20260728,34.55,34.55,33,33,356,1194
20260729,33.3,33.3,30.1,31,517,1610
20260730,30.45,31.35,30,30,500,1528
20260731,32.7,33,31.6,32.8,257,830
20260803,32.6,34,32.2,33.1,201,669
20260804,33.65,34.15,33,33.85,158,533
20260805,34.8,35.5,33.95,34.1,193,664
20260806,34.5,34.5,33,33.5,246,823
20260807,33.55,33.95,33.1,33.45,141,472
20260810,34,35.3,34,34.4,324,1125
20260811,34.75,35.25,34.4,34.5,178,617
20260812,35,35.65,34.9,35.45,243,858
20260813,35.5,35.5,34.2,34.5,216,755
20260814,34.55,34.55,34.05,34.1,144,493
20260817,34.1,34.5,33.75,34.1,134,457
20260818,33.85,34.35,33.4,33.4,121,407
20260819,32.8,33.75,32.7,33.25,108,360
20260820,33.8,34,33.25,34,87,292
20260821,34.75,34.75,33.4,33.75,89,299
20260824,33.75,34.05,33.5,33.5,85,287
20260825,33.3,33.75,32.8,33.75,64,213
20260826,33.6,34.5,33.6,34.3,130,445
20260827,34.5,35.05,34.1,34.8,174,605
20260828,34.95,35.5,34.7,35.2,176,617
20260831,35,35.55,34.55,34.65,109,381
20260901,34.65,35.35,34.65,35.15,125,440
20260902,34.75,38.3,34.75,37.05,688,2554
20260903,38,38,35.1,35.2,393,1437
20260904,35.5,36,34.8,35.2,177,627
20260907,35.05,35.25,35,35.15,126,442
20260908,34.95,34.95,33.8,33.85,285,971
20260909,33.95,34,33.55,33.6,110,371
20260910,33.9,33.9,33.4,33.45,130,437
20260911,33.35,33.55,33.15,33.15,95,316
20260914,33.6,33.6,33.05,33.2,76,254
20260915,33.85,33.85,33.2,33.2,77,257
20260916,33.1,33.5,33.1,33.25,126,420
20260917,34.25,34.45,33.55,33.9,172,582
20260918,34,34.5,33.6,34,183,621
20260921,34.8,35.05,34.5,34.7,180,627
20260922,34.7,34.7,33.8,34,116,398
