# date,open,high,low,close,lot,wan
20250814,123,124,122.5,123.5,1711,21069
20250815,123.5,123.5,121,122,1961,23889
20250818,122.5,122.5,121,122,1735,21100
20250819,122,122,120,120,2001,24116
20250820,120,120,116.5,116.5,3211,37774
20250821,117.5,119.5,117.5,119.5,2597,30797
20250822,119.5,119.5,116,117,1862,21877
20250825,119,120,118,118.5,1256,14930
20250826,118.5,120.5,118.5,118.5,3380,40288
20250827,119,120,119,119.5,1287,15396
20250828,119.5,120,118.5,118.5,2062,24575
20250829,119,120.5,118,119,2299,27420
20250901,119.5,121,118,119,2004,23938
20250902,120,123,119,119.5,4404,53279
20250903,120,121,118,119.5,2456,29410
20250904,120.5,121.5,119,120,2118,25400
20250905,121,121,119.5,120.5,2015,24260
20250908,123,128.5,123,126.5,9501,119992
20250909,126.5,127,125,126,5002,63062
20250910,126,127.5,126,127,3401,43174
20250911,130,134,129,129.5,9120,119558
20250912,134.5,142,133,142,24877,347094
20250915,142,152.5,139,151,34411,502059
20250916,149.5,151,145.5,148.5,24389,361964
20250917,150,151,143,145,15467,225129
20250918,149,153,147,149.5,22666,341222
20250919,152,153.5,148.5,150.5,14027,211090
20250922,151.5,152.5,149.5,151,8526,128490
20250923,152,153,148.5,150.5,7772,116816
20250924,150.5,151.5,148,151,7720,115742
20250925,150,150.5,148.5,150.5,5064,75757
20250926,149.5,149.5,138.5,140,13811,196596
20250930,142.5,146,141,146,7062,101539
20251001,147.5,148,145,147,5961,87316
20251002,152.5,155.5,149.5,151,14626,222760
20251003,150.5,152.5,149.5,152,5459,82559
20251007,154.5,160,153.5,158,11750,185238
20251008,156,160,154.5,158,7116,112216
20251009,160,162,158,159,10138,162262
20251013,150,156,149,153.5,6811,104592
20251014,155.5,156.5,147,147.5,10017,151333
20251015,150.5,151,147,150,5318,79457
20251016,152.5,158,152.5,156,7909,123102
20251017,155.5,157,153.5,153.5,4632,71603
20251020,156,157,153.5,156,3111,48246
20251021,158,158,152,152,4200,64868
20251022,152,153,150,151.5,3083,46640
20251023,150.5,151.5,149,150,2773,41605
20251027,156,164.5,156,160.5,15322,246736
20251028,163,176.5,161.5,176.5,26686,456692
20251029,180,185.5,175,182,50001,907528
20251030,183,185,175,177,17061,305106
20251031,178.5,183,172.5,173,14106,249957
20251103,173,176,169.5,173,9922,171381
20251104,178.5,180.5,174,174,22429,397621
20251105,168,175,165.5,172.5,15981,271213
20251106,174,174.5,167,170,13098,222773
20251107,170,173,166,170,10691,180996
20251110,171,173,164.5,172,15524,263853
20251111,173.5,177.5,168,169.5,15521,266296
20251112,170,172.5,167,168,8656,146508
20251113,171.5,174.5,168.5,170,16933,289253
20251114,165.5,166,160,160.5,11552,187388
20251117,164,167.5,161,164.5,11984,196859
20251118,162,165.5,160,160.5,12755,206928
20251119,159,159.5,153,154,10946,170480
20251120,160,161.5,157,158.5,9120,145239
20251121,151,153.5,149,151,7972,120306
20251124,152.5,153,148,151.5,6409,96585
20251125,155,155,151,152,4108,62678
20251126,152.5,154.5,151,154.5,4022,61644
20251127,155.5,156.5,154.5,155.5,3773,58622
20251128,156.5,158.5,155,157,3165,49690
20251201,159,159,153,153.5,6458,100291
20251202,154,157.5,153.5,155.5,4606,71477
20251203,157.5,161.5,156.5,158.5,7054,112134
20251204,158.5,158.5,154,156,6121,95367
20251205,156.5,157.5,155,157,3762,58883
20251208,159.5,161.5,157.5,160,6248,99954
20251209,161.5,164,160,160.5,6476,104689
20251210,161.5,162,157.5,159,5793,92183
20251211,160,164.5,158.5,162,6452,103831
20251212,162.5,167,161.5,162,7979,130752
20251215,159,161.5,156.5,159,10024,159883
20251216,158.5,161.5,152,155.5,12513,194047
20251217,156.5,165,156,162,12984,210407
20251218,164.5,165,160,161.5,10915,176989
20251219,165,165,159,159,9825,157261
20251222,164,174.5,164,172,22522,384629
20251223,170,171,163,164,15215,251850
20251224,164,166.5,162,164.5,9861,161833
20251226,169.5,180,166.5,175,33706,586074
20251229,175,177.5,169.5,176.5,15895,277119
20251230,176.5,177.5,173,175,7417,129722
20251231,175,179,173,173,10070,176538
20260102,175,185,173.5,183.5,20225,366568
20260105,192,201.5,185.5,201.5,32738,640992
20260106,199,209,197.5,204,38511,785812
20260107,211,214,203,205.5,27622,575465
20260108,206,207,199,203,13994,283861
20260109,203,203,190.5,200,19560,385342
20260112,210.5,220,206.5,220,26467,569375
20260113,231,242,230,242,38182,913470
20260114,245.5,253.5,241,251.5,47909,1187767
20260115,250,257.5,247.5,257.5,18575,470111
20260116,258,269,254,263,19777,518074
20260119,265,271.5,258.5,262.5,22077,583533
20260120,257,258,249,251.5,19133,483268
20260121,251,255,238,239.5,22836,554731
20260122,249,263,247,257.5,27203,701624
20260123,257.5,257.5,245.5,246.5,16035,401203
20260126,250,259.5,248,257.5,14569,371531
20260127,262,280,258,263.5,27035,723189
20260128,275,275,253,261.5,42384,1105860
20260129,265,269,251,255.5,23718,615766
20260130,255,261,250,254,14963,380755
20260202,250.5,251.5,238,244.5,12320,300558
20260203,254.5,262,252.5,257,15716,403949
20260204,255,258,249,252.5,8162,207131
20260205,248.5,249,241,244,9559,233165
20260206,243,244.5,232,239.5,12296,293587
20260209,248,253.5,243,243,9795,242306
20260210,247,247,238.5,240,6978,168901
20260211,236.5,244,236.5,243,5723,138236
20260223,246.5,256,245.5,249,13975,350957
20260224,250.5,263,250.5,257.5,13296,342954
20260225,261,261,251,258,12598,321690
20260226,259,261,249,258,11825,302610
20260302,250,255,248.5,253,8130,204800
20260303,253,255.5,228,231,16095,379236
20260304,219.5,225,211,217,17471,376121
20260305,229.5,230,219.5,224.5,8741,195972
20260306,225.5,228,220,225,6359,142253
20260309,209,209.5,202.5,202.5,9323,190143
20260310,212,218,208.5,214.5,8259,176617
20260311,217.5,220,215.5,215.5,9338,202687
20260312,210,212.5,201,204.5,10238,209857
20260313,198.5,203,196.5,201,11911,238777
20260316,205,210.5,201,204,8792,179842
20260317,207,209,200,202.5,11336,230379
20260318,206,215,205,211,18469,389606
20260319,210,213,205,205.5,9141,189542
20260320,208.5,210,197.5,201.5,10319,208168
20260323,193.5,196,190,192,9255,178322
20260324,199,199,188,192,4634,89636
20260325,199,210,199,203.5,7192,147637
20260326,207.5,211.5,198.5,198.5,9624,197139
20260327,195,196,192,195,6165,119322
20260330,189,198,188,196,5918,114777
20260331,194,196,185.5,187,7674,145545
20260401,195,197.5,194.5,195,6746,131988
20260402,199.5,209.5,197.5,202,13058,268186
20260407,205.5,206,191,192,13094,256013
20260408,200,211,199.5,211,10585,219981
20260409,212,219,208.5,209.5,13319,283819
20260410,214,217.5,212,214.5,10746,230970
20260413,219,220.5,211,218.5,11008,239937
20260414,234.5,237.5,217,217.5,26374,589034
20260415,218.5,218.5,207,210,15742,333327
20260416,210.5,217,208.5,212.5,9446,200471
20260417,212.5,212.5,206,207.5,8355,173927
20260420,209,212,206,208,9838,205884
20260421,211.5,217.5,210.5,213,13028,278885
20260422,215,224,211.5,218.5,17553,385495
20260423,225,225.5,203,207,21062,449233
20260424,209,213,207.5,210,9867,207838
20260427,214.5,224.5,212,217,17341,378361
20260428,219.5,222,213,218.5,11209,244899
20260429,219.5,220,201.5,204.5,30443,627377
20260430,205.5,210.5,201,203,26149,537297
20260504,208,223,208,223,27700,612172
20260505,224.5,237,220,227.5,38740,881940
20260506,236,250,233.5,234.5,48490,1171339
20260507,236,236,226,230.5,22862,526421
20260508,227.5,229.5,217.5,222,16620,371235
20260511,225.5,231,223,225.5,15004,340324
20260512,227.5,233,219,226.5,18062,407660
20260513,224,232,220,232,12744,288859
20260514,233,236.5,226.5,229,20526,475397
20260515,232.5,251.5,231.5,248,56526,1405670
20260518,245.5,253.5,240,250,44344,1100555
20260519,246.5,246.5,225.5,227,34158,796312
20260520,225,240.5,224.5,234.5,20429,478651
20260521,246.5,257.5,246.5,257.5,25308,647720
20260522,283,283,283,283,7198,203715
20260525,311,311,311,311,3433,106768
20260526,342,342,325.5,342,57939,1976977
20260527,343,353.5,332,340.5,76519,2627340
20260528,343.5,374.5,341.5,357.5,83840,3096718
20260529,377,387,367,379,17025,643285
20260601,382,386,366,366,14416,536150
20260602,369.5,369.5,329.5,347,24564,831263
20260603,342,353,333,343,15558,530115
20260604,340,360,339,354,15979,563036
20260605,339,350,323,338,16700,558557
20260608,304.5,312.5,304.5,309,14379,440915
20260609,315,327.5,305,321,11575,368985
20260610,319,328.5,296,303,13978,436690
20260611,309.5,333,301,333,17419,554681
20260612,346,363.5,322.5,347.5,93630,3228512
20260615,350,350,327,327,53149,1780315
20260616,329,357,321,346.5,52667,1792083
20260617,343,363,340,345,42825,1491460
20260618,344,369.5,337.5,363.5,62260,2214641
20260622,365,377.5,359,366,62661,2314025
20260623,366,366.5,335,344,47543,1652639
20260624,335,346,328.5,338,23878,807343
20260625,350,362,322.5,326,39962,1344763
20260626,326,338,309,314,34384,1114263
20260629,315,315.5,303.5,311,21621,667195
20260630,315.5,339,314,337.5,24292,800744
20260701,345,345,325,335.5,29085,979876
20260702,327,333.5,315,333.5,22411,724011
20260703,327,342,321.5,338,18265,609265
20260706,349,360,340.5,344.5,42869,1506188
20260707,349,360,316,323.5,34189,1142656
20260708,321,323,309,318,17355,546893
20260709,320,332,317,320,13034,422174
20260713,326.5,332,310.5,312.5,14834,473460
20260714,308.5,316.5,287,304,25029,745479
20260715,309.5,321,308.5,314,16550,522365
20260716,314,323.5,305,316.5,12796,403357
20260717,320.5,325,286.5,288,43366,1310744
20260720,291.5,295.5,265.5,266.5,20952,575878
20260721,272,273.5,264,272,16973,456026
20260722,281,299,278.5,294,18358,533815
20260723,294,315,292,294,25920,785352
20260724,290,291.5,278.5,279.5,15075,428875
20260727,278,281.5,269,279,10008,276083
20260728,264,265.5,251.5,251.5,15051,383241
20260729,259.5,267.5,226.5,233,33144,795233
20260730,221.5,230,210,214.5,24864,550565
20260731,235.5,235.5,230.5,235.5,22594,530172
20260803,235.5,248.5,235.5,238.5,22848,553001
20260804,239,259,235.5,256.5,23857,596804
20260805,266.5,269,255.5,256.5,32171,840930
20260806,255,271,249.5,269.5,18010,469823
20260807,264.5,270.5,260,262.5,20715,548598
20260810,283,288.5,283,288.5,7916,227422
20260811,291,296,271,282.5,39724,1128429
20260812,284,287,280.5,281.5,13946,394677
20260813,287,294,282,283,18352,527583
20260814,287,288.5,276,278,14915,420293
20260817,278,282,275.5,278,7819,217589
20260818,279,279.5,265,265.5,11353,307100
20260819,258,267.5,255,262.5,9782,255781
20260820,264.5,269.5,262,268.5,7298,194042
20260821,268.5,269,263.5,267.5,5436,144812
20260824,267,277,265.5,269.5,8594,233918
20260825,267,273.5,259,273.5,7381,195563
20260826,273,293,272,286,15811,446924
20260827,298,298,275,277,31038,876845
20260828,278.5,294.5,278,287,25799,744072
20260831,282.5,283.5,271,277,15733,435253
20260901,274,289,274,284,15261,433729
20260902,280,286,278,278,8155,228266
20260903,282.5,284.5,273.5,275,9490,264648
20260904,280.5,283.5,272.5,276.5,9541,263248
20260907,281.5,285,279.5,280,7158,201505
20260908,285,290.5,274,275.5,14542,408463
20260909,278,288,278,281,12890,365436
20260910,280,290,279.5,283.5,14121,402018
20260911,278,278,270.5,273,12531,342536
20260914,265,277,262,271.5,7090,192543
20260915,271,279.5,268,268,7964,217634
20260916,270,275.5,268,274.5,6854,186500
20260917,277,283,273.5,274.5,13168,365322
20260918,280,285,278,284,20547,579679
20260921,286,296.5,286,292.5,27709,810596
20260922,296,302,290,292,19534,579136
20260923,295,297.5,286,286.5,9330,269932
