# date,open,high,low,close,lot,wan
20250814,12.1,12.1,11.65,11.8,104,122
20250815,11.85,11.95,11.75,11.85,81,96
20250818,12.2,12.2,11.8,12.05,107,128
20250819,12.1,12.15,11.85,11.85,108,129
20250820,11.8,11.95,11.7,11.9,35,41
20250821,11.95,12,11.85,11.85,39,46
20250822,11.7,12.15,11.55,12.05,102,121
20250825,12.05,12.15,12,12.1,35,42
20250826,12.05,12.05,11.9,11.95,67,80
20250827,12,12.3,11.95,12.05,92,111
20250828,12.05,12.2,12.05,12.1,49,59
20250829,12.6,12.6,12.05,12.1,54,66
20250901,12.05,12.05,11.7,11.7,80,95
20250902,11.75,11.75,11.55,11.6,63,73
20250903,11.8,11.9,11.55,11.8,36,42
20250904,12.05,12.05,11.7,11.8,39,46
20250905,11.95,11.95,11.75,11.85,36,42
20250908,11.85,11.85,11.55,11.75,68,80
20250909,11.7,12.4,11.7,12.15,139,168
20250910,12.1,12.1,11.75,11.8,81,96
20250911,11.65,11.8,11.5,11.5,86,100
20250912,11.6,11.8,11.55,11.6,35,41
20250915,11.5,11.6,11.3,11.55,62,71
20250916,11.75,11.95,11.35,11.7,57,67
20250917,11.7,12.3,11.7,11.75,94,113
20250918,11.75,12.2,11.7,12,62,74
20250919,11.95,13.2,11.95,12.8,437,565
20250922,12.95,13.05,12.65,12.7,92,118
20250923,12.85,12.85,12.4,12.4,59,74
20250924,12.7,12.9,12.35,12.5,57,72
20250925,13.2,13.35,12.55,12.6,195,253
20250926,12.6,12.6,12.1,12.35,37,45
20250930,12.65,13.1,12.55,12.55,121,157
20251001,12.6,12.6,12.5,12.55,12,15
20251002,12.45,12.45,12.3,12.45,66,82
20251003,12.45,13.55,12.45,13.3,907,1175
20251007,12.9,13.4,12.7,13.35,520,677
20251008,13,13.2,13,13.2,80,105
20251009,13.3,13.4,12.85,12.85,85,111
20251013,12.55,13,12.1,12.9,51,64
20251014,13,13.3,12.55,12.55,52,66
20251015,12.6,13.65,12.6,13,240,317
20251016,12.9,13.95,12.55,13.6,769,1007
20251017,13.4,13.4,12.95,12.95,152,199
20251020,13.2,13.35,12.95,13.05,22,29
20251021,13,13.1,12.9,13,59,77
20251022,13.05,13.1,12.8,12.9,25,32
20251023,12.8,13,12.7,12.85,54,69
20251027,12.8,12.8,12.75,12.75,32,41
20251028,13,13.1,12.5,12.6,108,138
20251029,12.6,12.9,12.55,12.7,55,70
20251030,12.7,12.75,12.45,12.5,74,93
20251031,12.75,12.75,12.45,12.5,30,38
20251103,12.5,12.6,12.35,12.35,31,39
20251104,12.55,12.8,11.4,12.25,79,96
20251105,11.8,12.15,11.75,12.1,46,55
20251106,12,12.05,11.9,12.05,22,26
20251107,11.9,11.9,11.75,11.75,36,42
20251110,12,12,11.6,11.65,63,73
20251111,11.75,11.75,11.45,11.5,124,144
20251112,11.95,11.95,11.65,11.75,31,36
20251113,11.8,11.8,11.4,11.5,122,141
20251114,11.8,11.8,11.5,11.55,49,57
20251117,11.15,11.55,11.15,11.35,106,119
20251118,11.35,11.35,11.1,11.2,39,43
20251119,11.2,11.2,11.05,11.05,80,89
20251120,11.45,11.45,11.15,11.3,18,20
20251121,11.3,11.3,10.85,10.9,60,66
20251124,11,11.35,11,11,18,20
20251125,10.95,11.1,10.95,11.05,34,37
20251126,11.65,11.65,11.15,11.15,37,41
20251127,11.2,11.35,11.15,11.25,36,40
20251128,11.25,11.5,11.15,11.45,43,49
20251201,11.6,11.6,11.3,11.45,61,70
20251202,11.35,11.55,11.35,11.45,76,87
20251203,11.7,11.7,11.45,11.55,43,50
20251204,11.55,11.75,11.5,11.7,29,34
20251205,11.7,11.7,11.4,11.55,31,36
20251208,11.8,11.85,11.55,11.65,16,19
20251209,11.75,11.75,11.5,11.7,20,23
20251210,11.8,11.8,11.6,11.7,27,32
20251211,11.55,11.75,11.55,11.7,17,20
20251212,11.6,11.8,11.3,11.5,51,59
20251215,12.4,12.4,11.3,12,128,153
20251216,11.8,12.1,11.8,12,28,34
20251217,12.1,12.1,12,12,41,49
20251218,12,12,11.9,11.9,17,20
20251219,11.85,12.6,11.8,12.5,74,90
20251222,12.65,12.9,12.55,12.55,113,144
20251223,12.6,12.6,12.45,12.5,83,104
20251224,12.8,12.9,12.5,12.6,48,61
20251226,12.7,13.3,12.7,13.2,315,411
20251229,13.7,13.7,13.2,13.45,402,540
20251230,13.25,13.55,12.75,13.3,173,226
20251231,13,13,12.5,12.65,174,221
20260102,12.6,12.65,12.4,12.5,107,134
20260105,12.5,12.5,12.2,12.2,95,118
20260106,11.9,12.45,11.9,12.45,60,73
20260107,12.65,13.65,12.5,13.35,449,597
20260108,13.15,13.3,13.15,13.15,84,111
20260109,13.25,13.5,13.05,13.25,49,65
20260112,13.5,14,13.05,13.95,258,347
20260113,14.15,14.5,13.45,13.95,424,585
20260114,14.4,14.4,13.55,13.65,310,428
20260115,13.65,14.15,13,13.35,176,235
20260116,13.5,14.1,13.15,13.5,267,366
20260119,13.1,13.55,13.05,13.3,224,295
20260120,13.45,13.45,13.1,13.3,54,72
20260121,13.25,13.25,12.9,12.95,106,138
20260122,12.95,13.8,12.95,13.05,245,327
20260123,13.1,13.15,12.7,12.7,116,150
20260126,12.95,13.05,12.55,12.6,131,166
20260127,12.65,12.9,12.5,12.65,90,113
20260128,12.6,12.75,12.55,12.7,27,34
20260129,12.85,12.85,12.4,12.5,38,48
20260130,12.15,12.35,12,12.2,61,74
20260202,12.3,12.3,12.05,12.25,31,38
20260203,12.25,12.9,12.25,12.85,61,76
20260204,12.8,12.85,12.5,12.8,51,65
20260205,12.85,12.85,12.5,12.65,39,49
20260206,12.85,12.85,12.3,12.35,45,56
20260209,12.75,12.75,12.25,12.25,26,32
20260210,12.65,12.65,12.2,12.2,25,31
20260211,12.1,12.7,12.1,12.35,46,56
20260223,12.35,12.6,12.35,12.55,74,92
20260224,12.35,12.75,12.3,12.5,119,149
20260225,12.5,12.5,12.15,12.4,90,111
20260226,12.25,12.45,12.25,12.35,46,57
20260302,12,12.35,12,12.25,69,83
20260303,12.35,12.35,11.85,12,97,116
20260304,11.5,11.9,11.35,11.65,67,77
20260305,11.95,12,11.6,11.7,60,70
20260306,11.4,11.8,11.4,11.7,12,14
20260309,11.6,11.6,11,11.15,64,71
20260310,11.85,11.85,11.25,11.3,13,15
20260311,11.25,11.6,11.25,11.45,43,49
20260312,11.25,11.45,11.25,11.45,5,6
20260313,11.45,12.55,11.45,12.1,204,248
20260316,11.6,12.55,11.55,12.25,96,115
20260317,12.35,12.45,12.2,12.25,103,127
20260318,12.25,12.6,12.15,12.3,33,41
20260319,12.5,12.5,12,12.25,48,58
20260320,12.2,12.3,11.95,12.3,79,96
20260323,12.15,12.15,11.95,11.95,67,80
20260324,11.95,12.2,11.75,11.8,69,82
20260325,12.2,12.2,11.8,11.9,33,39
20260326,12,12,11.7,11.8,40,47
20260327,12,12,11.7,11.85,24,29
20260330,11.6,11.8,11.3,11.8,79,91
20260331,11.45,11.55,11.4,11.55,33,38
20260401,11.45,11.6,11.45,11.55,42,48
20260402,11.85,11.85,10.9,11.2,243,272
20260407,11.2,11.2,10.6,10.95,82,90
20260408,11.25,11.25,10.8,10.95,39,43
20260409,10.95,10.95,10.55,10.75,67,72
20260410,10.75,10.8,10.1,10.35,289,298
20260413,10.35,10.35,10,10.1,103,104
20260414,10.1,10.25,10.05,10.15,130,131
20260415,10.15,10.15,10.05,10.1,63,64
20260416,10.1,10.3,10.05,10.25,39,40
20260417,10.35,10.35,10.1,10.1,99,102
20260420,10.15,10.2,10.05,10.1,115,116
20260421,10.1,10.2,10.05,10.15,65,66
20260422,10.15,10.6,10.15,10.55,154,160
20260423,10.65,10.8,10.4,10.6,114,120
20260424,10.6,10.85,10.15,10.5,125,130
20260427,10.25,10.25,10.1,10.15,55,56
20260428,10.15,10.2,10.1,10.2,21,21
20260429,10.3,10.3,10.15,10.2,35,36
20260430,10.35,10.35,9.92,10.15,42,42
20260504,10.05,10.3,10.05,10.05,25,25
20260505,9.95,10.05,9.72,9.97,192,190
20260506,9.8,9.99,9.79,9.79,73,72
20260507,9.79,9.94,9.71,9.79,141,137
20260508,9.74,9.74,8.82,8.99,562,514
20260511,8.83,8.9,8.55,8.68,252,218
20260512,8.68,8.89,8.56,8.68,123,107
20260513,9.36,9.54,9.36,9.54,164,155
20260514,10.45,10.45,10.45,10.45,200,209
20260515,11.45,11.45,10.6,10.8,1137,1260
20260518,11.15,11.3,10.3,10.55,462,496
20260519,10.55,10.95,10.45,10.5,151,161
20260520,10.5,10.8,10.3,10.7,85,90
20260521,10.7,10.9,10.45,10.8,113,121
20260522,10.7,10.85,10.55,10.65,200,213
20260525,10.65,10.65,10.35,10.6,182,190
20260526,10.65,10.65,10.35,10.35,116,121
20260527,10.4,10.55,10.05,10.1,282,287
20260528,10.1,10.2,10,10,179,181
20260529,10.1,10.1,9.86,9.89,214,212
20260601,9.91,10.3,9.91,10.2,135,136
20260602,10.2,10.35,10.05,10.3,177,181
20260603,10.35,10.7,10.35,10.45,253,266
20260604,10.25,10.6,10.25,10.3,186,194
20260605,10.2,10.45,10.15,10.45,95,98
20260608,9.8,10.3,9.8,9.96,84,84
20260609,10.1,10.95,10.1,10.95,256,276
20260610,11.95,12,11.35,11.5,1003,1185
20260611,11.5,12.65,11.5,12.65,622,774
20260612,13.9,13.9,13.2,13.9,2056,2850
20260615,14.2,14.55,13.4,14.25,1146,1628
20260616,15,15.15,13.55,13.75,690,972
20260617,13.75,13.75,13.35,13.6,166,226
20260618,14.75,14.75,14.05,14.35,543,782
20260622,14.5,14.5,14.05,14.3,303,433
20260623,14.35,14.5,14.25,14.45,304,437
20260624,14.45,15.2,14.45,15.1,507,754
20260625,15.9,16.55,15.5,16.15,680,1097
20260626,15.5,16.05,15.15,15.25,483,745
20260629,15.15,15.15,14.4,14.4,381,559
20260630,14.5,15.1,14.5,14.85,208,310
20260701,15,15.7,14.85,14.95,460,703
20260702,14,15.25,14,14.95,749,1105
20260703,16,16.05,15.1,15.25,566,870
20260706,15.55,15.55,15.1,15.4,240,368
20260707,15.35,15.4,14.85,15.05,235,355
20260708,15.05,15.35,14.6,15.3,325,487
20260709,15.65,16.25,15.55,15.75,439,697
20260713,15.25,17.3,15,17.3,2183,3677
20260714,18.15,18.95,15.7,17.7,2500,4397
20260715,18.45,18.9,17.5,18.8,1642,2989
20260716,19,19.1,17.7,17.7,1196,2201
20260717,17,17.4,16.7,16.8,811,1386
20260720,18.1,18.1,15.75,16,803,1321
20260721,16.55,16.8,15.5,16.5,586,945
20260722,15.55,17.8,15.55,16.9,734,1213
20260723,16.9,17.3,16.15,16.5,377,621
20260724,16.2,16.7,16.05,16.2,243,396
20260727,16,16.5,15.85,16.4,292,474
20260728,16,16.2,15.35,15.7,330,518
20260729,15.65,15.95,14.15,15.5,689,1042
20260730,15.35,16.1,15.3,15.75,252,393
20260731,16,16.85,16,16.75,282,468
20260803,16.3,16.75,16.25,16.55,281,466
20260804,16.55,17.1,16.4,16.75,247,411
20260805,17.1,17.1,16.4,16.45,388,643
20260806,16.4,16.45,14.9,15.4,483,749
20260807,15.45,15.85,15.15,15.85,287,442
20260810,15.5,15.55,14.3,14.6,749,1102
20260811,14.6,14.6,14.2,14.55,190,274
20260812,14.55,14.55,14.35,14.35,227,328
20260813,14.75,14.75,14.25,14.3,134,193
20260814,14.25,14.4,13.65,13.8,358,498
20260817,13.8,14.2,13.3,13.85,344,472
20260825,17.55,18.05,17.1,17.15,287,495
20260826,17.15,17.4,17,17.1,82,141
20260827,17,17.65,17,17.65,163,282
20260828,17.95,18,17.4,17.95,172,304
20260831,17.9,17.9,16.85,17.05,149,255
20260901,17.05,17.25,16.85,17.25,83,141
20260902,16.85,17.5,16.8,17.25,25,43
20260903,17.05,17.45,16.75,16.75,71,120
20260904,16.75,16.95,16.55,16.75,44,73
20260907,16.6,16.9,15.85,15.9,128,208
20260908,15.9,15.9,15.1,15.4,117,180
20260909,15.85,15.85,15.1,15.35,21,32
20260910,15.45,15.45,15,15,43,65
20260911,15.5,16.4,15.5,15.55,155,246
20260914,15.5,15.5,15.1,15.45,38,58
20260915,15.45,15.8,15.2,15.8,30,46
20260916,15.55,15.7,15.45,15.6,15,23
20260917,16,16,15.45,15.75,23,36
20260918,15.75,15.9,15.2,15.9,179,278
20260921,16.3,16.4,15.9,15.95,30,48
20260922,15.95,16,15.25,15.25,191,295
20260923,15.25,15.75,15.25,15.45,236,366
20260924,15,15.55,15,15.45,85,130
