# date,open,high,low,close,lot,wan
20250814,18.95,19.25,18.9,19.1,854,1629
20250815,19.6,20,19.35,19.8,3364,6640
20250818,20.1,20.1,19.75,19.75,1713,3411
20250819,19.95,20.1,19.8,20.1,2003,3999
20250820,20.1,20.1,19.15,19.3,2432,4737
20250821,19.3,19.65,19.2,19.2,1544,2997
20250822,19.1,19.1,18.5,18.55,2711,5073
20250825,18.9,18.95,18.4,18.45,1792,3342
20250826,18.35,18.6,18,18,2446,4447
20250827,18.15,18.2,18,18.2,1447,2617
20250828,18.2,18.35,18.1,18.1,1580,2874
20250829,18.2,18.25,17.85,17.85,1382,2483
20250901,17.85,18,17.35,17.35,1685,2967
20250902,17.5,17.5,16.7,17.2,2622,4472
20250903,17.25,17.4,16.5,17.05,3364,5661
20250904,17.2,17.3,17,17.25,1797,3085
20250905,17.3,17.3,16.8,17.15,1464,2502
20250908,17.3,17.4,17,17.25,1166,2007
20250909,17.4,17.6,17.25,17.35,1561,2717
20250910,17.4,17.45,16.95,17,1765,3015
20250911,17.1,17.1,16.55,16.55,1552,2607
20250912,16.65,17.1,16.65,16.9,901,1525
20250915,16.9,17.3,16.9,17.15,1107,1893
20250916,17.2,17.25,17,17.2,908,1556
20250917,17.25,18.1,17.25,17.7,4799,8510
20250918,18.3,18.4,17.9,18.4,7427,13513
20250919,18.45,18.45,18,18,3693,6696
20250922,18.2,18.4,17.9,18,2781,5053
20250923,18.1,18.1,17.6,17.65,1621,2866
20250924,17.75,18.15,17.7,17.7,1301,2329
20250925,17.75,17.95,17.7,17.7,814,1449
20250926,17.85,17.85,17.15,17.2,1473,2557
20250930,17.25,17.55,17.1,17.45,852,1481
20251001,17.45,17.5,17.1,17.2,907,1562
20251002,17.2,17.3,16.85,16.85,1390,2365
20251003,17,17.2,16.9,16.95,1017,1730
20251007,16.95,17.2,16.8,17.15,1267,2159
20251008,17.25,17.3,16.95,17,1125,1917
20251009,17.1,17.35,17.05,17.05,1080,1854
20251013,16.7,16.9,16.15,16.8,1365,2262
20251014,16.95,17.2,16.65,16.65,1269,2146
20251015,16.7,16.75,16.45,16.6,1217,2019
20251016,16.8,17.1,16.7,16.95,1008,1702
20251017,16.95,17.15,16.8,16.85,1059,1794
20251020,17.05,17.05,16.75,16.85,875,1472
20251021,16.9,17.3,16.85,17.2,1566,2684
20251022,17.25,17.7,17.2,17.2,1508,2617
20251023,17.25,17.25,16.95,17.1,768,1311
20251027,17.2,17.7,17.05,17.3,2626,4571
20251028,17.5,17.6,16.9,16.95,1607,2755
20251029,17.15,18.4,16.7,17.95,6079,10724
20251030,18.25,18.3,17.3,17.55,6881,12293
20251031,17.55,17.65,17,17,2261,3893
20251103,17.1,17.15,16.65,16.75,2026,3403
20251104,16.75,16.85,16.35,16.75,1826,3019
20251105,16.45,16.5,16.1,16.35,1720,2803
20251106,16.5,16.65,16.35,16.65,1117,1846
20251107,16.5,16.5,16.15,16.2,1320,2147
20251110,16.2,16.2,15.9,16.15,1278,2057
20251111,16.2,16.5,16.15,16.3,788,1289
20251112,16.4,16.65,16.3,16.45,942,1554
20251113,16.6,16.65,16.4,16.55,970,1605
20251114,16.4,16.5,16.35,16.4,522,857
20251117,16.4,16.4,16.1,16.25,1017,1649
20251118,16.1,16.1,15.7,15.8,2281,3613
20251119,15.85,15.85,15.25,15.4,1777,2748
20251120,15.55,15.7,15.35,15.65,1176,1829
20251121,15.4,15.5,15.1,15.2,1065,1626
20251124,15.3,15.4,15,15.1,682,1037
20251125,15.35,15.6,15.35,15.5,822,1273
20251126,15.7,15.9,15.4,15.65,927,1459
20251127,15.9,15.95,15.7,15.9,742,1177
20251128,15.95,16.65,15.9,16.65,2494,4090
20251201,16.65,16.75,16.5,16.65,1647,2740
20251202,16.65,16.7,16.4,16.65,721,1193
20251203,16.65,16.75,16.4,16.75,926,1536
20251204,16.85,17.25,16.85,17.2,1457,2487
20251205,17.2,17.35,16.95,16.95,1224,2095
20251208,17.05,17.75,16.95,17.2,1866,3229
20251209,18,18.3,17.4,17.4,6859,12218
20251210,17.5,18.3,17.5,17.55,5330,9568
20251211,17.5,18,17.25,17.5,2339,4098
20251212,17.7,18.75,17.6,18.55,9676,17789
20251215,18.3,20.4,18.25,20.4,16653,32924
20251216,20.65,22.4,20.55,22.4,12922,28298
20251217,23.45,24.15,21,21.2,79007,177626
20251218,21,21.1,19.35,19.45,15265,30538
20251219,19.7,19.85,19.2,19.2,9195,17863
20251222,19.25,21.1,19,21.1,15985,32327
20251223,21,23.2,20.85,23.2,24118,54534
20251224,24.1,24.5,22.15,22.65,40237,92715
20251226,22.5,23.65,22.05,22.65,22693,52188
20251229,22.85,23.1,21.55,21.55,12586,28005
20251230,21.4,22.2,20.95,22,8760,18891
20251231,22,22.1,21.4,21.5,6119,13246
20260102,21.5,22.05,21,21,6448,13804
20260105,21.05,21.05,19.55,20.1,8647,17328
20260106,20.1,21.05,20.1,20.1,8529,17397
20260107,20.3,22.1,20.2,22.1,12855,28104
20260108,22.75,24,21.7,21.9,33965,77556
20260109,22,22.45,21.1,21.6,12118,26336
20260112,21.6,23.2,21.25,22.35,16771,37489
20260113,22.55,23.95,22.05,23.3,42186,97218
20260114,23.6,25,23.1,23.7,35482,85136
20260115,23.5,23.55,22.5,23.4,11992,27587
20260116,23.55,23.55,22.8,22.9,8504,19636
20260119,22.75,23.75,22.6,23,9463,21863
20260120,23.05,23.85,22.6,23.2,14338,33544
20260121,23.45,23.85,22.5,22.6,11695,27065
20260122,23.1,23.55,21.8,22.1,9177,20808
20260123,22.35,22.95,21.45,22.3,9708,21511
20260126,22.45,23.45,22.35,23,10694,24610
20260127,23.1,23.9,21.6,23.9,14298,32656
20260128,24.05,24.6,22.7,22.95,21929,51577
20260129,22.95,22.95,22,22.25,5751,12838
20260130,22.3,23.5,22,23.3,10956,25105
20260202,23.4,24.05,22.2,22.3,24475,56910
20260203,22.7,24.5,22.65,24.5,47552,115353
20260204,25.4,26.95,25.3,26.95,36367,96825
20260205,27.9,29.6,27.5,29.6,74057,213396
20260206,29,29,26.65,26.65,31033,85579
20260209,27.35,27.8,25.1,25.2,44888,117578
20260210,25.4,25.4,23.7,24.25,20079,48687
20260211,24.25,25.5,23.75,25.5,19063,47177
20260223,25.8,28.05,24.85,28.05,39495,107561
20260224,29,30.85,28.75,30.85,20702,62760
20260225,32.2,33.9,31.55,33,85711,282705
20260226,33.45,34.5,32.05,33,63834,213218
20260302,31.05,36.3,30.8,36.3,66321,234109
20260303,38.2,39.1,34.15,35.25,82333,303334
20260304,34.15,35.3,31.75,31.75,29339,95669
20260305,33.4,34.6,31.15,32.4,43735,144488
20260306,31.9,34.3,31.85,33,38966,129557
20260309,30,31.4,29.7,30.95,21511,65317
20260310,31.7,32.55,29.3,30.55,30242,92823
20260311,30.55,33.5,30.35,33.45,31778,102887
20260312,33.1,34.2,32.2,32.4,30657,101415
20260313,31.8,33.15,31.4,32.2,12756,41190
20260316,31.4,31.8,30.15,31.15,18957,58646
20260317,31.45,33.7,31.35,33.25,34427,112531
20260318,33.6,34.45,32.2,33.5,32720,108249
20260319,32.8,33.8,32.25,32.7,16553,54694
20260320,33,33.2,30.6,30.8,19833,62323
20260323,29.7,30.35,28.65,28.85,12590,36873
20260324,29.55,30.2,27.85,28.45,11027,31641
20260325,29.05,30.15,28.7,29.65,12418,36653
20260326,30.2,31.2,29.45,29.45,12378,37523
20260327,29,29.15,27.5,27.95,9291,26169
20260330,27.1,27.7,26.8,27.65,6275,17077
20260331,27.35,28.65,26.2,26.4,9867,26903
20260401,27.55,27.8,26.45,26.45,4669,12591
20260402,26.8,27,25.1,25.2,7292,18765
20260407,26.2,26.25,25.3,25.45,4164,10723
20260408,26.1,26.6,25.95,26.4,4089,10745
20260409,26.35,26.35,25.3,25.55,5820,14879
20260410,26,26.7,25.45,25.8,6069,15713
20260413,25.85,26.35,25.55,25.95,5159,13418
20260414,26.6,27.05,26.2,26.95,5892,15750
20260415,27.45,29.6,27.25,29.6,21674,63233
20260416,29.05,30.45,28.6,28.8,18206,53718
20260417,29,29.05,28,28.8,18297,52411
20260420,28.8,29.55,28.05,28.8,11063,31972
20260421,29.25,29.35,28.2,28.85,7491,21547
20260422,29.15,29.25,28.25,28.45,6267,17862
20260423,29,29,26.55,28,10419,28820
20260424,28.3,29.15,27.7,28.3,8450,24071
20260427,28.4,28.7,26.8,27.4,5910,16209
20260428,27.6,27.6,26.5,26.5,4068,10887
20260429,26.3,27.4,26,26.5,5381,14260
20260430,26.65,27.8,25.85,27.4,8124,21803
20260504,27.5,28.25,27,27.7,7003,19346
20260505,27.7,28.8,27.7,27.9,7928,22298
20260506,28.25,28.75,27.3,27.55,5802,16133
20260507,27.95,30.3,27.7,30.3,12935,38096
20260508,31,31.25,28.9,29.7,18966,57232
20260511,30.2,30.55,29.2,29.9,8399,25071
20260512,30,30.75,29.4,29.4,6799,20311
20260513,29.4,31.1,28.55,29.4,20783,62234
20260514,29.35,29.65,28.2,28.25,6818,19573
20260515,28.5,28.8,27.25,27.55,5058,14157
20260518,27.55,27.9,27,27.85,3052,8407
20260519,28.1,30.25,27.9,29,9922,29043
20260520,29.15,29.2,27.7,28.3,4686,13291
20260521,28.6,28.9,28.35,28.35,2883,8232
20260522,28.7,29.4,28.5,29.4,4392,12712
20260525,29.75,31.2,29.25,30.65,14535,43890
20260526,30.7,32,29.55,29.7,14807,45193
20260527,30.1,30.25,28.9,29.35,6750,19958
20260528,29.4,31.2,29.35,30.1,15330,46596
20260529,30.65,30.8,29.8,30.05,7931,23881
20260601,30.6,31.7,30,30.6,12148,37475
20260602,30.7,30.8,28.6,29.7,10741,31799
20260603,29.7,31.8,29.3,31.25,15283,47446
20260604,30.65,32.65,30.2,30.2,17237,53698
20260605,30.2,30.6,28.25,28.7,8558,24694
20260608,25.85,26.55,25.85,25.85,6272,16304
20260609,26.4,28.4,26.1,28.4,7272,19809
20260610,28.1,31.2,28.05,31.2,20209,62011
20260611,29.8,31.8,29.1,31.25,36181,110103
20260612,32.25,33.8,30.9,31.1,31859,103813
20260615,32.1,33.85,31.3,31.9,21736,70278
20260616,32.15,32.25,29.05,29.1,16407,49529
20260617,28.6,29.3,28.3,29.15,8314,23998
20260618,29.15,29.35,28.45,28.45,10736,30789
20260622,28.45,29.15,28.45,28.6,3918,11285
20260623,28.85,28.85,27.5,27.6,5242,14623
20260624,27.6,29,27.4,27.9,5342,15059
20260625,28.2,28.25,27.45,27.55,4428,12313
20260626,27.4,27.45,25.95,26,6641,17660
20260629,26.4,27.8,26.15,26.25,5910,15848
20260630,26.8,27.7,26.65,27.7,3834,10454
20260701,27.9,28.45,26.75,26.75,4799,13207
20260702,26.8,27.3,26.5,26.9,2636,7091
20260703,26.9,27.65,26.9,27.2,2506,6842
20260706,27.65,28,27.05,27.55,3947,10890
20260707,27.65,27.8,26,26.15,3931,10487
20260708,26.5,27.55,26.5,27.1,4271,11557
20260709,27.5,27.8,26.9,27,2709,7387
20260713,27.3,27.4,26.3,26.3,2458,6555
20260714,26.35,27.2,25.5,26.3,4785,12560
20260715,26.55,27.3,26.35,26.7,2291,6120
20260716,26.8,27.1,26.25,26.5,2054,5475
20260717,26.35,26.45,25.2,25.95,5010,12870
20260720,26,26.3,24.95,25,3698,9423
20260721,25.15,26.35,25.15,25.85,3089,8001
20260722,25.65,27.3,25.65,26.4,3973,10606
20260723,26.6,26.75,25.3,25.35,2768,7117
20260724,25.1,25.35,24.65,24.85,2061,5138
20260727,24.85,24.85,23.1,23.5,5049,11994
20260728,22.85,23.2,22.35,22.7,3451,7854
20260729,23.1,23.1,20.6,21.15,6356,13569
20260730,20.95,21.25,20.15,20.4,3401,7049
20260731,21.3,22.25,21.3,21.9,3565,7790
20260803,21.8,23.4,21.7,23.1,2755,6300
20260804,23.1,23.75,23,23.7,2285,5362
20260805,24.1,25.05,24,24.7,4837,11832
20260806,24.3,24.35,23.4,23.75,3496,8327
20260807,23.95,24.1,23.1,23.1,1629,3818
20260810,23.55,24.15,23.45,24.1,2040,4886
20260811,24.05,24.35,23.6,24.1,1535,3684
20260812,24.45,24.45,24.15,24.3,1074,2611
20260813,24.5,26.65,24.5,25.7,5856,15042
20260814,25.6,25.7,24.9,25.2,1901,4787
20260817,25.2,27,25.05,26.7,4529,11889
20260818,26.7,27.05,25.3,25.3,3365,8725
20260819,24.65,25.25,24.65,25.15,1427,3556
20260820,25.2,25.5,24.95,24.95,1129,2834
20260821,25,25.15,24.55,24.55,1332,3299
20260824,24.65,25,24.25,24.55,2100,5174
20260825,24.45,24.7,24.1,24.55,1871,4564
20260826,24.6,25.2,24.4,24.4,2145,5300
20260827,24.55,24.8,24.2,24.25,2229,5450
20260828,24.55,25.1,24.4,24.4,2017,4982
20260831,24.3,24.45,23.85,24.05,1439,3464
20260901,24,24.3,23.9,23.9,1377,3312
20260902,23.75,24,23.5,23.5,2181,5156
20260903,23.8,23.95,23.1,23.1,1778,4192
20260904,23.45,23.7,23.2,23.4,1452,3409
20260907,23.6,23.6,23.25,23.45,1040,2439
20260908,23.35,23.45,22.75,22.8,1607,3696
20260909,22.9,23.15,22.75,23,1150,2640
20260910,23.05,23.05,22.6,22.6,860,1955
20260911,22.25,22.45,22.2,22.3,1065,2377
20260914,22.25,22.55,21.95,22.1,1085,2410
20260915,22.15,22.35,21.7,21.7,1009,2214
20260916,21.8,22.3,21.8,22.2,968,2145
20260917,22.35,22.95,22.35,22.35,1131,2552
20260918,22.6,23.7,22.35,22.9,3077,7079
20260921,23.4,24.6,23.15,24,10891,26269
