# date,open,high,low,close,lot,wan
20250814,17.4,17.4,17.1,17.15,39,67
20250815,17.2,17.3,17.05,17.1,47,80
20250818,17.15,17.15,17,17,19,32
20250819,17,17.6,16.75,17.6,44,75
20250820,17.5,17.5,17,17.15,40,69
20250821,16.4,16.45,16.3,16.45,30,49
20250822,16.5,16.55,16.45,16.45,26,43
20250825,16.15,16.5,16.15,16.35,46,75
20250826,16.5,16.5,16.35,16.35,26,43
20250827,16.35,16.5,16.35,16.4,29,48
20250828,16.3,16.95,16.3,16.45,61,101
20250829,16.45,16.45,16.35,16.35,44,72
20250901,16.4,16.4,16.15,16.3,18,29
20250902,16.4,16.65,16.25,16.3,16,26
20250903,16.3,16.55,16.3,16.3,10,16
20250904,16.4,16.5,16.3,16.5,26,43
20250905,16.3,16.5,16.3,16.5,6,10
20250909,16.35,16.35,16.15,16.35,11,18
20250910,16.2,16.2,16.2,16.2,4,6
20250911,16.05,16.05,15.7,15.85,28,44
20250912,15.85,15.9,15.8,15.9,26,41
20250915,15.9,16,15.8,16,21,33
20250916,16.2,16.2,16.2,16.2,6,10
20250917,16.1,16.65,16.05,16.5,33,54
20250918,16.5,16.55,16.4,16.4,12,20
20250919,16.35,16.35,16.2,16.2,10,16
20250922,16,16.4,15.9,16.4,14,23
20250923,16.45,16.45,16.45,16.45,2,3
20250924,16.45,16.45,16.4,16.4,19,31
20250925,16.35,16.45,16.3,16.3,13,21
20250926,16.2,16.3,16.2,16.3,7,11
20250930,15.95,16.05,15.95,16.05,3,5
20251001,16.05,16.15,16.05,16.15,14,23
20251002,16.1,16.4,16.1,16.4,47,76
20251003,16.3,16.35,16.15,16.2,43,70
20251007,16.25,16.5,16.15,16.15,53,86
20251008,15.8,16,15.65,15.95,87,137
20251009,15.95,16.35,15.95,16.05,19,31
20251013,15.7,16.3,15.7,16.25,33,53
20251014,16,16.2,15.95,16,37,59
20251015,16.15,16.25,16,16.05,38,61
20251016,16.25,16.25,16.05,16.05,15,24
20251017,16.5,16.5,16.1,16.15,44,72
20251020,16.15,16.45,16.05,16.45,43,70
20251021,16.45,16.45,16.2,16.2,20,33
20251022,16.15,16.35,16.15,16.35,8,13
20251023,16.3,16.3,16,16.3,21,34
20251027,16.05,16.3,16,16.3,24,38
20251028,16.3,16.3,16.1,16.1,6,10
20251029,16.2,16.2,15.65,16.05,24,38
20251030,15.95,16.2,15.95,16.2,5,8
20251031,16.5,16.5,15.4,16.05,26,41
20251104,15.5,15.7,15.4,15.5,17,26
20251105,15.85,15.85,15.7,15.8,7,11
20251106,15.65,15.75,15.65,15.75,10,16
20251107,15.7,15.8,15.7,15.75,10,16
20251110,16.05,16.15,16.05,16.15,3,5
20251111,15.7,15.8,15.7,15.7,11,17
20251112,16.05,16.1,16,16,9,14
20251113,15.75,15.75,15.75,15.75,5,8
20251114,15.55,16.15,15.55,16.15,12,19
20251117,16.15,16.15,16.15,16.15,8,13
20251118,16.15,16.15,16.15,16.15,2,3
20251119,16.25,16.25,15.85,16.15,23,37
20251120,16.2,16.2,16.15,16.15,23,37
20251121,16,16,15.6,15.65,45,71
20251124,16,16,16,16,1,2
20251125,16,16,16,16,19,30
20251126,16,16,15.85,15.95,6,10
20251127,15.7,15.7,15.7,15.7,5,8
20251128,16,16,15.95,15.95,16,26
20251201,16.2,16.2,15.95,15.95,23,37
20251202,15.75,16.2,15.75,15.8,9,14
20251203,16.2,17.35,16,16.45,653,1126
20251204,16.55,18,16.55,17.2,499,866
20251205,17.55,17.6,16.65,16.65,172,292
20251208,16.7,16.7,15.8,15.85,283,455
20251209,16.05,16.25,15.95,16.2,112,180
20251210,16.4,17.7,16.2,17.1,227,384
20251211,17.55,18.8,17.3,17.75,695,1263
20251212,18.15,18.35,17.65,18,283,507
20251215,17.75,18,17.6,17.85,202,360
20251216,17.7,17.85,17.15,17.45,134,232
20251217,17.45,18.15,17.4,17.55,184,327
20251218,17.65,17.75,17.4,17.6,63,111
20251219,17.7,17.7,17.3,17.4,50,87
20251222,17.4,17.6,17.15,17.35,72,125
20251223,17.4,17.8,17.3,17.4,72,126
20251224,17.6,18.25,17.6,18,157,281
20251226,18.2,19.6,18.2,18.85,775,1469
20251229,18.7,18.9,18.4,18.5,141,261
20251230,18.5,18.5,17.7,18,197,355
20251231,17.95,18.15,17.85,17.95,69,124
20260102,17.55,18.5,17.55,18.2,157,284
20260105,20,20,18.5,18.6,1549,3044
20260106,18.45,18.9,18,18,400,735
20260107,18.15,18.35,17.85,18,116,210
20260108,17.95,18.15,17.9,17.9,80,144
20260109,18.1,18.6,18.1,18.25,121,223
20260112,18.25,18.25,17.65,17.65,158,284
20260113,17.45,17.75,17,17.1,188,326
20260114,17.2,18,17.2,17.75,171,303
20260115,18,18.3,18,18.05,110,199
20260116,17.75,17.9,17.7,17.8,55,98
20260119,17.8,18.15,17.6,17.75,198,353
20260120,17.75,17.75,17.4,17.6,99,173
20260121,17.6,17.6,17.4,17.5,25,44
20260122,17.5,18,17.5,18,39,69
20260123,17.5,17.95,17.5,17.65,43,76
20260126,17.55,17.8,17.45,17.6,39,69
20260127,17.85,17.95,17.5,17.85,61,107
20260128,17.8,17.95,17.6,17.65,49,87
20260129,17.65,17.65,17.15,17.15,107,185
20260130,17,17.5,17,17.15,27,46
20260202,17.1,17.1,17,17,44,75
20260203,17,17,16.75,16.8,38,64
20260204,16.8,17.1,16.8,17,56,95
20260205,16.85,17.15,16.85,16.95,69,117
20260206,16.8,17.55,16.75,17,53,90
20260209,17.35,17.5,17.1,17.45,37,64
20260210,18.15,18.7,17.8,18,225,409
20260211,18,18.1,17.8,17.95,94,169
20260223,18,18,17.5,17.5,99,175
20260224,17.35,18.05,17.35,17.55,115,203
20260225,17.95,17.95,17.4,17.45,23,41
20260226,17.45,17.7,17.45,17.55,25,44
20260302,17.2,18.6,17.2,18.5,72,129
20260303,18.5,18.6,17.9,18,91,166
20260304,17.3,17.5,17.15,17.25,38,66
20260305,17.85,17.85,17.25,17.5,51,89
20260306,17.5,17.5,17.4,17.5,12,21
20260309,16.7,17,16.7,17,44,75
20260310,17.3,17.3,17.05,17.05,3,5
20260311,17.05,17.45,17.05,17.3,11,19
20260312,17.35,17.85,17.35,17.6,54,95
20260313,17.1,17.75,17,17.7,71,123
20260316,17.85,17.9,17.7,17.8,27,48
20260317,17.85,18.25,17.85,18.1,31,56
20260318,18.15,18.25,17.5,17.8,97,172
20260319,17.7,17.8,17.3,17.4,21,37
20260320,17.5,17.5,17,17.1,64,111
20260323,17.1,17.4,17.1,17.3,10,17
20260324,17.3,17.6,17.25,17.25,43,74
20260325,17.45,17.5,17.3,17.5,4,7
20260326,17.4,17.65,17.4,17.65,29,51
20260327,17.7,17.75,17.5,17.75,42,74
20260330,17.5,17.75,17.5,17.65,29,51
20260331,17.55,17.65,17.05,17.25,33,58
20260401,17.7,17.7,17.3,17.3,18,31
20260402,17.3,17.3,16.8,17,24,41
20260407,17.5,17.65,17,17,36,62
20260408,17.05,17.35,17.05,17.3,6,10
20260409,17.3,17.6,17.3,17.4,25,43
20260410,18.05,19.1,18.05,19.1,925,1757
20260413,20.9,21,20.2,21,792,1657
20260414,21.75,22,19.55,20.35,1154,2420
20260415,20.5,22.35,20.45,22.35,1929,4251
20260416,23.35,24.55,22.85,24.25,3462,8344
20260417,23.8,24.75,22.65,23.4,1439,3386
20260420,23.7,25.45,22.9,23,740,1762
20260421,23,23.45,21.85,22.3,835,1871
20260422,22.3,22.8,21.35,22.15,539,1179
20260423,22.95,23.65,19.95,20.7,813,1733
20260424,20.9,21,19.2,19.45,390,768
20260427,19.8,19.8,18.85,19.6,317,613
20260428,19.75,21.55,19.75,21.55,338,719
20260429,23,23.15,21.15,22.2,1041,2329
20260430,22.3,22.5,20.85,21,515,1115
20260504,21.1,22.6,21,21.25,339,737
20260505,21.5,21.65,21.1,21.1,186,397
20260506,21.65,21.65,20.5,20.5,257,535
20260507,20.7,20.7,19.9,20.5,306,618
20260508,21,22.55,21,22.55,1032,2291
20260511,23,24.8,23,24.8,1430,3487
20260512,24.6,24.6,23.45,23.9,999,2391
20260513,23.4,26.25,23.3,26.25,2031,5146
20260514,27,28.85,24.25,24.35,3094,8335
20260515,24.55,25.4,23.45,23.45,1074,2636
20260518,23.45,24.1,22.8,23.35,437,1021
20260519,23.35,23.75,21.5,22.4,543,1229
20260520,22.25,23.4,22.2,23.2,247,570
20260521,23.95,25.5,23.5,24.7,845,2098
20260522,25.15,26.6,24.4,25.2,937,2380
20260525,26.9,27.65,26,27.05,1038,2775
20260526,27.05,27.5,25.5,25.85,618,1618
20260527,26.15,28.1,26.15,27.05,735,1974
20260528,26.65,28.8,26.65,27,1447,4014
20260529,27.55,28,26.6,27,724,1960
20260601,27,27.95,26.35,26.55,846,2290
20260602,26.6,26.6,25.65,26.6,499,1307
20260603,26.9,27.8,26.65,27.2,468,1274
20260604,27.25,27.45,26.45,26.45,335,902
20260605,26.8,28.5,25.8,27.3,1394,3837
20260608,25.4,25.65,24.65,25.3,397,998
20260609,25.8,27.7,25.65,27.1,600,1613
20260610,27,28.55,26.9,27.05,1091,3045
20260611,27.05,29.75,27.05,29.75,4580,13411
20260612,29.2,29.65,27.5,27.6,2516,7219
20260615,28.05,30.35,28.05,30.35,2902,8632
20260616,32,33.35,30.15,31.8,5860,18840
20260617,31.5,33.7,30.4,32.6,3976,12786
20260618,32.5,35.85,32.5,35.85,3620,12645
20260622,37.15,39.4,37.1,39.35,4197,16221
20260623,39.35,40,36,36.15,3014,11411
20260624,35.4,36.35,33,34.7,2604,8988
20260625,38.15,38.15,38.1,38.15,849,3239
20260626,41.95,41.95,41.95,41.95,1177,4938
20260629,40.8,40.8,37.8,37.8,2843,11068
20260630,37.4,37.45,34.85,35.8,3121,11251
20260701,36.25,39.35,36.2,39.35,3841,14771
20260702,38.35,41.5,38,38.75,6214,24639
20260703,38.55,41.45,37.25,40.05,4289,16981
20260706,40.55,40.9,37.8,38.75,1928,7576
20260707,38.4,42.6,38.4,42.6,6858,28819
20260708,42.6,43.3,38.75,39.35,4804,19748
20260709,39.35,41.85,38.05,38.45,2310,9224
20260713,38.3,40.25,36.85,37.6,1769,6795
20260714,38.1,40.1,37,37.5,2423,9311
20260715,38,39.7,36.65,36.65,2652,10053
20260716,36.6,37.2,33.05,36.85,2640,9281
20260717,35.35,35.9,33.2,33.2,1421,4849
20260720,31.6,33.2,30.85,32.65,1213,3869
20260721,32.65,33.75,32.25,33.1,1102,3646
20260722,33.45,36.4,33.4,36.4,1896,6719
20260723,37.4,38.6,34.65,34.75,4111,15071
20260724,34,34.5,31.65,32.05,1173,3851
20260727,31.6,32.4,30.2,31.1,535,1671
20260728,30,30,28.2,28.9,544,1581
20260729,29.55,29.55,26.3,27.7,888,2430
20260730,27.55,28.15,26.55,27,709,1931
20260731,28.8,29.7,28.8,29.7,225,666
20260803,29.5,31.4,28.5,30.2,981,2981
20260804,30.2,31.15,29.8,30.15,434,1313
20260805,31.3,31.85,30.2,30.3,519,1590
20260806,30.25,30.45,29.1,29.9,354,1058
20260807,30.2,30.5,29,29,402,1184
20260810,29.55,31.6,29.55,30.25,793,2427
20260811,30.3,32.3,30.15,30.75,759,2350
20260812,30.8,31.95,30.6,31.05,663,2071
20260813,31.65,33.8,31.5,32,1079,3514
20260814,32.3,33.7,31.7,33.45,1412,4655
20260817,33.5,35,32.05,33.45,1333,4472
20260818,33.65,34.4,30.25,30.4,840,2653
20260819,29.8,31.6,29.8,30.6,391,1206
20260820,31.1,31.75,29.8,29.85,460,1389
20260821,30.15,30.3,29.65,29.65,397,1187
20260824,29.9,30.6,29.6,29.6,427,1281
20260825,29.5,29.6,28.3,29.35,305,878
20260826,29.7,30.5,29.5,30.2,235,707
20260827,30.15,30.7,29.9,30.25,204,620
20260828,30.6,32.7,30.6,31.75,935,2966
20260831,31.45,32.55,30.3,30.4,412,1276
20260901,30.6,32.1,30.6,30.6,425,1321
20260902,30.35,30.7,29.95,29.95,221,669
20260903,30.1,30.3,28.9,28.95,349,1025
20260904,29,30.5,29,30.15,411,1234
20260907,30.6,30.9,29.9,29.95,179,541
20260908,29.85,29.95,29.1,29.1,167,490
20260909,29.1,29.55,28.7,29,171,497
20260910,28.8,28.95,28.3,28.8,180,514
20260911,28.6,28.7,28.3,28.3,148,421
20260914,28.1,28.8,27.75,28.05,167,472
20260915,28.2,28.4,27.8,27.8,87,245
20260916,28.1,28.25,27.95,27.95,102,286
20260917,28.3,28.5,28.15,28.15,98,277
20260918,28.5,29.7,28.15,29.25,357,1039
