# date,open,high,low,close,lot,wan
20250814,22.7,23.2,22.7,22.95,186,428
20250815,23,23.4,22.95,23.1,168,390
20250818,23.25,23.25,23,23,147,340
20250819,23,23.35,22.95,23.2,100,232
20250820,23,23,22.5,22.7,111,252
20250821,22.85,23.35,22.85,23.05,58,134
20250822,23.2,23.2,22.65,22.65,71,162
20250825,22.8,23.05,22.7,22.75,75,171
20250826,22.95,23.05,22.9,22.9,67,154
20250827,22.8,23.15,22.8,22.85,75,172
20250828,22.95,23.3,22.85,23.05,157,362
20250829,23.3,23.35,22.95,22.95,74,171
20250901,22.95,23.15,22.8,23.05,83,191
20250902,23.25,23.5,23,23.1,163,378
20250903,23.1,23.1,22.8,22.9,79,181
20250904,22.9,23.3,22.85,22.9,164,376
20250905,23.25,23.25,22.9,23,59,136
20250908,23.2,23.25,22.7,22.85,192,439
20250909,22.85,22.9,22.7,22.75,140,319
20250910,22.75,23,22.55,22.65,100,227
20250911,22.7,22.7,22.05,22.05,221,492
20250912,22.25,22.3,22.05,22.1,74,164
20250915,22.05,22.35,22,22,58,128
20250916,21.95,22.05,21.75,22,69,151
20250917,22,22.8,22,22.35,176,396
20250918,22.6,23.9,22.6,23.15,597,1392
20250919,23.2,23.8,23.1,23.15,305,714
20250922,23.3,23.3,22.9,22.95,110,253
20250923,23.15,23.3,22.75,22.85,98,226
20250924,22.85,22.9,22.7,22.7,77,175
20250925,22.75,22.95,22.55,22.7,92,209
20250926,22.5,22.5,22.1,22.25,90,200
20250930,22.35,22.5,22.15,22.4,17,38
20251001,22.5,22.5,22.2,22.4,70,156
20251002,22.25,22.45,22.2,22.2,70,156
20251003,22.2,22.3,22.15,22.15,39,87
20251007,22.3,22.3,21.95,22,215,473
20251008,22,22,21.9,21.95,43,94
20251009,21.95,22.6,21.95,22.05,247,552
20251013,21.1,21.75,21.1,21.6,80,171
20251014,21.65,21.9,21.35,21.45,69,149
20251015,21.45,21.45,21.2,21.3,48,102
20251016,21.3,21.55,21.3,21.5,65,139
20251017,21.75,21.8,21.35,21.45,86,185
20251020,21.45,21.8,21.4,21.6,110,237
20251021,21.85,22.05,21.7,21.85,152,333
20251022,22,22,21.7,21.85,57,125
20251023,21.7,21.8,21.5,21.6,132,285
20251027,21.7,21.75,21.65,21.65,63,137
20251028,21.85,22.25,21.55,21.6,130,283
20251029,21.5,21.65,21.3,21.5,129,277
20251030,21.4,21.4,21.25,21.3,52,111
20251031,21.8,22.1,21.4,21.6,159,345
20251103,21.65,21.65,21.4,21.4,52,111
20251104,21.4,21.7,21.25,21.25,107,229
20251105,21.25,21.3,21.05,21.25,66,140
20251106,21.5,21.55,21.3,21.4,67,144
20251107,21.3,21.45,21.25,21.3,27,58
20251110,21.25,21.4,21.1,21.25,46,98
20251111,21.75,21.75,21.35,21.45,39,84
20251112,21.45,21.85,21.35,21.75,152,329
20251113,21.95,22.3,21.9,22.15,195,432
20251114,22.15,22.45,22.1,22.4,101,225
20251117,22.65,22.85,21.4,21.55,294,647
20251118,21.6,21.6,21.2,21.25,62,132
20251119,21.3,21.5,21,21.05,101,213
20251120,21.4,21.4,21,21.05,107,225
20251121,21,21,20.75,20.95,128,267
20251124,21.35,22,21.25,21.7,190,411
20251125,21.85,21.85,21.6,21.6,50,108
20251126,21.6,21.95,21.6,21.8,53,116
20251127,21.7,21.8,21.65,21.7,42,91
20251128,21.8,22,21.65,21.9,66,144
20251201,22.05,22.05,21.6,21.6,72,156
20251202,21.6,21.95,21.6,21.85,50,109
20251203,21.85,22.2,21.8,22.15,71,156
20251204,22.1,22.25,22,22.15,82,181
20251205,22.25,22.35,22,22.1,132,293
20251208,21.95,22.05,21.95,22,28,62
20251209,21.8,21.8,21.6,21.65,78,169
20251210,21.65,21.7,21.45,21.45,44,95
20251211,21.5,21.65,21.4,21.45,41,88
20251212,21.45,21.65,21.45,21.5,43,92
20251215,21.6,21.9,21.6,21.75,95,206
20251216,21.75,21.75,21.45,21.7,171,371
20251217,21.7,21.7,21.6,21.65,19,41
20251218,21.6,21.6,21.4,21.5,58,124
20251219,21.65,21.65,21.3,21.35,50,107
20251222,21.25,21.5,21.25,21.4,66,141
20251223,21.35,21.5,21.35,21.4,31,66
20251224,21.4,21.45,21.35,21.45,19,41
20251226,21.45,21.7,21.45,21.65,53,114
20251229,21.65,22.2,21.65,21.85,156,342
20251230,21.85,21.85,21.65,21.7,34,74
20251231,21.7,22.9,21.7,22.4,561,1259
20260102,22.3,23.4,22.3,22.5,810,1847
20260105,22.4,24.75,22.15,24.75,2850,6854
20260106,25.55,26.5,24.7,24.7,5437,13884
20260107,24.7,24.75,24,24.5,889,2163
20260108,24.5,25.15,24.1,24.1,623,1528
20260109,24.15,24.3,23.6,24.1,336,806
20260112,25.1,26.3,25.1,25.75,1870,4802
20260113,26.75,27.45,25.7,26,2683,7098
20260114,26.15,26.3,25.5,25.75,1054,2727
20260115,25.6,25.9,25.2,25.9,523,1335
20260116,26.15,26.15,25.4,25.45,583,1492
20260119,25.8,27,25.7,26,1414,3716
20260120,26.05,26.15,25.6,25.7,465,1200
20260121,25.6,25.6,25.05,25.1,430,1084
20260122,25.5,25.5,24.85,24.85,263,660
20260123,25.3,25.7,24.85,24.95,374,943
20260126,25,25,24.6,24.7,248,613
20260127,24.75,25.55,24.6,24.7,394,985
20260128,25,26,24.65,24.9,850,2146
20260129,25.1,26.9,25.1,26.1,2994,7840
20260130,26.3,26.45,25,25.5,1339,3447
20260202,25.7,25.85,24.55,25.85,888,2248
20260203,26.15,28.4,25.75,28.3,5852,16210
20260204,28,28.8,26.55,27.7,4559,12712
20260205,27.35,27.5,26.75,26.75,1499,4052
20260206,26.15,26.25,24.75,25.05,1482,3754
20260209,26.1,26.55,25.05,25.35,832,2120
20260210,25.6,25.85,24.95,25,498,1254
20260211,25,25.35,24.7,25.1,395,988
20260223,24.85,25.5,24.85,25.4,590,1483
20260224,25.2,25.65,25.2,25.6,496,1263
20260225,25.85,26.95,25.6,26.2,1329,3505
20260226,26.5,26.5,25.8,26.3,643,1678
20260302,25,25.5,24.9,25.2,645,1630
20260303,25.2,25.35,24.7,24.8,686,1706
20260304,24.65,24.65,23.15,23.2,711,1678
20260305,23.75,24.25,23.4,23.6,356,846
20260306,23.35,23.6,23.1,23.45,267,625
20260309,21.45,22.1,21.15,21.95,443,963
20260310,22.55,22.8,22.05,22.5,402,899
20260311,22.7,23.4,22.7,23.25,217,501
20260312,23.25,23.9,23.15,23.5,223,525
20260313,23.05,23.8,23,23.5,141,331
20260316,23.6,23.7,23.35,23.5,150,354
20260317,23.8,24.55,23.65,24.45,460,1117
20260318,25.1,25.1,24.5,24.7,402,995
20260319,24.8,25.05,24.1,24.1,244,597
20260320,24.2,26.5,24.1,26.5,2780,7266
20260323,27.25,28.2,25.2,25.2,4183,11272
20260324,26.15,26.25,24.95,25.2,756,1928
20260325,25.9,27.7,25.45,27.7,2411,6522
20260326,28.9,28.9,26.1,26.1,2654,7304
20260327,25.8,26.5,25.8,25.9,677,1768
20260330,24.95,25.4,24.9,25.1,388,972
20260331,25.1,25.1,24.1,24.15,526,1284
20260401,24.65,25.3,24.6,24.75,319,793
20260402,24.9,25.1,24.25,24.3,252,619
20260407,24.65,24.65,24,24.15,203,492
20260408,24.4,24.9,24.4,24.65,253,624
20260409,24.8,25.45,24.65,25.3,452,1134
20260410,25.3,25.3,24.35,24.4,527,1296
20260413,24.15,25,24.15,24.9,342,844
20260414,25.05,25.25,24.95,25.1,303,760
20260415,25.15,25.6,24.95,25,455,1148
20260416,25.2,25.4,24.85,25.35,276,696
20260417,25.45,25.95,25.15,25.15,378,960
20260420,25.35,27.2,25,26.4,1229,3214
20260421,26.45,29,25.95,29,3699,10493
20260422,29.45,31.9,28.25,31.25,12759,38815
20260423,31.35,31.4,28.15,28.55,4468,13184
20260424,28.85,29.7,27.55,27.7,1637,4718
20260427,28.4,28.4,26.2,26.5,1035,2780
20260428,26.85,27.7,26.3,27.2,657,1775
20260429,27,27.4,26.7,26.95,408,1099
20260430,26.9,27.05,26.15,26.35,547,1457
20260504,26.55,27.6,26.25,26.8,523,1408
20260505,27.1,27.1,26.65,26.85,353,949
20260506,26.95,27.4,26.4,26.95,749,2021
20260507,27.4,28.75,27,27.75,1572,4404
20260508,27.9,28.7,27.25,27.65,783,2185
20260511,28,28,27.05,27.3,633,1728
20260512,27.3,27.75,26.95,27.05,436,1185
20260513,26.95,26.95,26.25,26.75,463,1229
20260514,26.75,26.85,26.15,26.35,555,1465
20260515,26.65,26.85,25.8,25.85,373,978
20260518,25.35,26.1,24.85,26,336,856
20260519,26,26.3,25.4,25.7,260,670
20260520,25.9,26.45,25.6,26.15,269,703
20260521,26.65,27.3,26.55,26.8,429,1152
20260522,27.05,27.75,26.85,27.65,588,1610
20260525,28.35,28.35,27.3,27.45,521,1440
20260526,27.5,27.55,26.5,26.85,439,1179
20260527,27.4,27.4,26.55,26.9,506,1356
20260528,27.25,27.85,26.65,27.05,626,1708
20260529,27.25,27.65,27.1,27.65,397,1087
20260601,27.95,29,27.55,28.15,1158,3279
20260602,28.5,29.25,27.95,29.05,1322,3786
20260603,29.65,29.9,28.6,29.35,1670,4890
20260604,29.3,30.2,29,29.65,1615,4814
20260605,30,32.6,29.8,32.6,6215,20211
20260608,32.75,35.85,32.7,35.85,7817,27131
20260609,39.4,39.4,39.4,39.4,2260,8904
20260610,42.4,42.4,36.7,36.7,18042,70212
20260611,36.55,36.95,34.5,35.2,3944,14016
20260612,36.75,37.05,34.4,34.4,3216,11353
20260615,35,36.45,34.75,35.5,2759,9847
20260616,35.5,35.7,34.35,34.35,1462,5078
20260617,34.3,35.95,34,35,1466,5155
20260618,35.45,35.45,34.65,35.15,1006,3521
20260622,35.5,38.65,34.5,38.65,4981,18575
20260623,41.35,41.65,37.55,38.3,6440,25419
20260624,39.55,40.9,38.1,38.65,3072,11991
20260625,40,42.5,39.6,42.5,5834,24433
20260626,44.45,46.55,42.5,42.75,14062,62898
20260629,42.75,43,38.5,39,4395,17587
20260630,39.2,40.1,38.9,38.95,1812,7127
20260701,39.1,40.8,38.3,39.35,2591,10249
20260702,38.1,38.35,37,37.1,1456,5454
20260703,37.55,37.55,36.5,36.6,835,3071
20260706,36.6,39.9,35.85,38.05,2977,11283
20260707,37.8,37.85,35,35.3,1589,5749
20260708,35.3,35.35,34,34.65,956,3313
20260709,36.15,38.1,35.4,38.1,3187,11834
20260713,38.1,39.4,34.8,35.6,3120,11630
20260714,35,35.5,32.5,33.9,1178,3989
20260715,34.25,35.5,33.9,34.2,865,2995
20260716,34.2,34.2,33.15,33.2,575,1927
20260717,32.4,32.6,30.85,30.9,1145,3607
20260720,30.9,30.9,29.15,30.3,728,2192
20260721,30.85,31.15,30.5,30.9,358,1105
20260722,31.45,32.1,31.25,32.05,325,1033
20260723,32.05,32.25,31.05,31.2,308,967
20260724,30.65,31.35,30.35,30.55,253,777
20260727,30.35,30.65,29.8,30.1,295,888
20260728,29.25,29.45,28.25,28.25,480,1379
20260729,28.3,28.6,26,27.05,759,2041
20260730,26.95,27.25,25.5,26,571,1510
20260731,28,28,27.4,27.75,293,812
20260803,27.8,28.6,27,28.4,323,911
20260804,28.55,29.3,28.45,29.2,251,729
20260805,30.1,30.5,29.75,30,357,1072
20260806,30,30,29.2,29.7,205,604
20260807,29.8,29.95,29.25,29.55,173,512
20260810,29.7,30.55,29.7,30.4,286,865
20260811,30.05,30.45,29.7,30,257,769
20260812,30,31.55,30,31.05,451,1400
20260813,31.1,31.35,30.55,30.8,244,755
20260814,30.7,30.7,30.05,30.3,230,698
20260817,30.1,30.55,30.1,30.55,114,346
20260818,30.6,30.6,30.05,30.4,127,385
20260819,29.7,30.25,29.7,29.9,121,362
20260820,30,30.35,29.9,30.15,155,467
20260821,30.05,30.05,29.65,29.85,152,454
20260824,30.1,30.1,29.2,29.2,118,349
20260825,28.85,29.1,28.4,29.1,116,333
20260826,29.15,29.7,29.15,29.6,92,272
20260827,29.7,30.3,29.65,29.85,109,326
20260828,29.9,30.4,29.8,29.95,160,481
20260831,29.8,29.95,29.35,29.65,122,360
20260901,29.65,30.4,29.65,29.65,226,677
20260902,29.6,29.6,29.15,29.2,129,377
20260903,29.25,29.3,28.2,28.2,240,688
20260904,28.55,28.55,28.1,28.5,84,238
20260907,28.7,28.8,28.5,28.65,91,261
20260908,28.65,29.6,28.5,28.75,219,635
20260909,28.8,28.95,28.55,28.6,167,478
20260910,28.35,28.7,28.2,28.55,93,264
20260911,28,28.35,28,28.05,150,422
20260914,27.8,28.65,27.65,28.05,113,318
20260915,27.75,28.5,27.75,28.05,72,202
20260916,27.95,28.35,27.95,28.25,69,195
20260917,28.35,28.85,28.35,28.6,82,235
20260918,28.6,29.6,28.6,29.3,250,731
20260921,29.45,30.3,29.2,29.95,227,678
20260922,30.35,30.35,29.1,29.15,191,562
20260923,28.85,29.3,28.8,29.2,89,259
20260924,29.2,29.9,29.2,29.7,167,494
