# date,open,high,low,close,lot,wan
20250814,144.5,144.5,142,142,960,13727
20250815,142.5,145,142,144.5,575,8255
20250818,145,145,142,142.5,586,8397
20250819,142.5,142.5,140.5,142,611,8646
20250820,140.5,143,139.5,141,561,7911
20250821,142.5,144,142.5,143.5,288,4126
20250822,143,145.5,143,144.5,506,7302
20250825,146,147.5,146,146,763,11186
20250826,147,152,146.5,147.5,1438,21469
20250827,149,150,148.5,149,607,9058
20250828,149,151,148.5,149,695,10418
20250829,151,152,149.5,150.5,1031,15519
20250901,150,150,147,149,1154,17137
20250902,149,151,148,148.5,1244,18566
20250903,136,140,136,137,1078,14793
20250904,137.5,138,136,136,402,5501
20250905,137,137.5,132.5,133,1239,16604
20250908,132.5,132.5,130.5,131.5,706,9278
20250909,131.5,132.5,131,131,479,6297
20250910,131,132,130.5,131.5,311,4082
20250911,132,132.5,127.5,128.5,1292,16720
20250912,128.5,129.5,128.5,129,398,5131
20250915,129,131,129,129,440,5700
20250916,130,131.5,130,130.5,302,3940
20250917,131.5,131.5,130,130,451,5888
20250918,131,131.5,130,130.5,238,3104
20250919,130.5,131.5,129.5,130.5,428,5583
20250922,131.5,132,130.5,132,214,2813
20250923,132,132,130,130,241,3148
20250924,130.5,131,129.5,129.5,286,3720
20250925,129.5,130,128,128.5,355,4582
20250926,128,128,125.5,126.5,637,8047
20250930,126,127.5,126,127.5,203,2573
20251001,127.5,128,126,126,179,2268
20251002,127.5,128.5,126,126.5,197,2497
20251003,127.5,129,126.5,128.5,296,3779
20251007,129,129.5,128,129,230,2957
20251008,135,136,131,132.5,1595,21214
20251009,134,134,130.5,131,585,7695
20251013,127,129,125,128.5,431,5499
20251014,129.5,130.5,125.5,126.5,643,8200
20251015,126.5,127,125.5,126,345,4345
20251016,127,127.5,126,126.5,222,2814
20251017,127,128.5,126.5,127,203,2581
20251020,127,127.5,126,126,261,3302
20251021,126.5,130,126.5,129,474,6078
20251022,130,133.5,129.5,133.5,1108,14643
20251023,133,134.5,132,134,636,8490
20251027,135,135,132.5,134.5,878,11772
20251028,135,136,133,133.5,882,11883
20251029,135,136,133.5,134,562,7565
20251030,134,134,131,132,426,5620
20251031,132,132.5,131,131.5,334,4397
20251103,132.5,135,131,134.5,623,8337
20251104,135.5,136,131,131.5,460,6122
20251105,131,133,130,133,400,5268
20251106,142,143,137.5,138.5,2151,30109
20251107,138.5,141.5,137,137,1290,17933
20251110,137.5,138,136,136.5,595,8132
20251111,138,140.5,138,139,778,10837
20251112,139,139,131.5,133,1663,22221
20251113,132,132.5,129,130,1076,13988
20251114,129.5,131,128,129,402,5216
20251117,129,129,127,128.5,425,5434
20251118,128.5,128.5,125,127,623,7873
20251119,127,127.5,123,124,807,10041
20251120,126,127,125,127,201,2533
20251121,125.5,126.5,123.5,124,310,3854
20251124,124.5,125.5,123,125,407,5049
20251125,125,125.5,124,124.5,213,2651
20251126,125.5,128.5,125.5,128.5,499,6375
20251127,128.5,129,128,128.5,177,2276
20251128,128.5,129.5,128,128.5,171,2200
20251201,128.5,130,128,129.5,288,3723
20251202,129.5,133,129.5,131,582,7659
20251203,132,132.5,129.5,130.5,254,3317
20251204,130.5,131.5,129,129,145,1880
20251205,132.5,132.5,129,129,713,9297
20251208,129,130.5,128.5,129,230,2969
20251209,129,129,127.5,128,206,2637
20251210,128,129,127,127,159,2031
20251211,128.5,129.5,126.5,127,274,3511
20251212,127.5,128,126.5,127,266,3385
20251215,127,127,125.5,126,142,1792
20251216,126,127,125,125,318,4006
20251217,125.5,128,125.5,127.5,278,3538
20251218,126.5,127.5,126,126.5,180,2279
20251219,126.5,127.5,126,127,146,1851
20251222,128,128.5,127.5,128,124,1587
20251223,127.5,128,126,126.5,220,2787
20251224,126.5,127.5,126,126.5,146,1845
20251226,127,127,124.5,125,380,4755
20251229,125.5,126,125,125,174,2180
20251230,124.5,125,123.5,125,182,2264
20251231,125.5,127,125,127,289,3645
20260102,127,127.5,125.5,127,298,3762
20260105,128,128,124.5,125,403,5042
20260106,125,126,124,124,370,4613
20260107,124,126,123.5,126,365,4550
20260108,125,125.5,123,123.5,617,7630
20260109,123.5,124,122,124,281,3453
20260112,124.5,124.5,122.5,123,399,4916
20260113,124,124,121,121.5,510,6216
20260114,122,124.5,122,124,490,6046
20260115,124,124.5,122,123,349,4292
20260116,124,128,124,127.5,981,12388
20260119,128.5,130,128,129,915,11788
20260120,129,129,125,127,603,7621
20260121,126.5,127,125,125.5,420,5278
20260122,126,127.5,125,127,430,5440
20260123,127,128,124.5,125,353,4431
20260126,125,126,124,125,246,3069
20260127,125,125.5,123,123.5,401,4963
20260128,124,124,122,122.5,408,5002
20260129,122.5,122.5,120,120.5,877,10582
20260130,120,120,116,116,1329,15497
20260202,116,116,113,113,620,7036
20260203,113.5,114.5,111.5,112.5,678,7631
20260204,113,114,112,113,582,6560
20260205,113,116,112,113,624,7127
20260206,112.5,112.5,110,111.5,391,4348
20260209,112.5,113,111.5,112.5,308,3458
20260210,110.5,113,109.5,112,548,6062
20260211,111,113.5,111,113,402,4519
20260223,113,113,109,109.5,985,10838
20260224,110,111.5,109.5,110,646,7117
20260225,110.5,111.5,109,111,854,9411
20260226,110.5,117,110.5,117,2746,31907
20260302,114,119,113.5,117.5,773,9069
20260303,117.5,117.5,113,113.5,519,5936
20260304,111.5,112,108.5,109,562,6167
20260305,111.5,114.5,111.5,114,375,4229
20260306,112.5,115,112.5,114,222,2538
20260309,108.5,109.5,106.5,106.5,657,7068
20260310,109,110,108,110,414,4519
20260311,112,114.5,112,114,465,5278
20260312,114.5,118.5,114.5,117.5,708,8279
20260313,113.5,115.5,113.5,113.5,567,6471
20260316,112.5,114.5,112.5,114,265,3014
20260317,115.5,117.5,115,116,531,6174
20260318,116.5,117,114.5,115,445,5125
20260319,115,116,113,114,210,2396
20260320,115,116.5,113,116.5,626,7215
20260323,113.5,116,112.5,113.5,462,5281
20260324,116,116,113,115.5,219,2512
20260325,116.5,116.5,112.5,113.5,631,7158
20260326,114.5,115,112.5,112.5,397,4514
20260327,111,113,111,112.5,259,2904
20260330,110.5,111,109.5,110,296,3261
20260331,110,110.5,107.5,108,423,4602
20260401,109.5,110,109,109,189,2070
20260402,109,110.5,107.5,108,278,3012
20260407,109,109,106.5,106.5,470,5035
20260408,106.5,107,104.5,105.5,805,8480
20260409,105.5,105.5,102.5,103,790,8163
20260410,104,105,102.5,103.5,545,5644
20260413,103.5,104,102,103.5,396,4070
20260414,104,105,103.5,104.5,394,4107
20260415,105.5,107,104.5,105,431,4546
20260416,106,107.5,105.5,107,394,4200
20260417,107.5,109.5,106.5,109,668,7250
20260420,110,110,107.5,108,405,4388
20260421,108.5,109.5,108,108.5,348,3780
20260422,109,110,108,110,390,4262
20260423,110,111.5,105,107.5,763,8207
20260424,107.5,108.5,106,106,244,2610
20260427,106.5,106.5,103,105.5,404,4212
20260428,105.5,105.5,104,104.5,241,2525
20260429,103.5,106,103.5,106,162,1699
20260430,105,108,105,107.5,391,4177
20260504,108.5,108.5,105,106,481,5130
20260505,106.5,109.5,106,109,578,6253
20260506,110.5,116.5,108.5,116,2465,27891
20260507,115,124,115,124,4315,51703
20260508,123.5,126.5,122,124,2432,30220
20260511,122,123.5,120,120.5,1866,22619
20260512,120.5,121,118.5,119,1091,13007
20260513,119,121.5,118,118.5,732,8737
20260514,120,120,117,117.5,652,7701
20260515,117.5,118.5,115.5,115.5,645,7510
20260518,115,115,113.5,113.5,695,7936
20260519,114.5,116.5,113,113.5,695,7940
20260520,113.5,118.5,113.5,117.5,1235,14377
20260521,118.5,120.5,118.5,119.5,922,11017
20260522,119.5,120.5,118.5,120,1130,13534
20260525,121,121,118,119,1022,12158
20260526,119,119.5,116,117,956,11168
20260527,117,119,116,116.5,624,7315
20260528,119,127.5,119,122.5,3064,37937
20260529,125,126,122,122.5,1607,19845
20260601,122.5,122.5,119,119,1061,12734
20260602,119,119.5,116.5,119,734,8642
20260603,119,121.5,118,120.5,1045,12489
20260604,120.5,120.5,118.5,118.5,415,4932
20260605,120,123.5,119.5,120.5,1322,16035
20260608,115,121,115,119.5,928,10945
20260609,121,124,121,123.5,1388,17059
20260610,123,125,120,120,1054,12916
20260611,120,121,118,120.5,545,6506
20260612,122,123,120,120.5,600,7299
20260615,122.5,122.5,120,121,613,7418
20260616,121.5,121.5,118,118,539,6394
20260617,118,118.5,117,118,472,5553
20260618,119,121.5,119,120.5,756,9123
20260622,123,124,121,122,927,11310
20260623,122,122,119,120,468,5621
20260624,119.5,120,118,120,360,4287
20260625,120,121,118.5,119,303,3617
20260626,119,119,116.5,116.5,451,5301
20260629,117,118,116.5,116.5,227,2653
20260630,117,118,117,117.5,271,3181
20260701,118,119,116,116.5,423,4948
20260702,116.5,119,115,119,484,5669
20260703,119,124,118.5,123.5,1817,22236
20260706,123.5,127,123,123.5,1064,13284
20260707,127.5,129.5,122.5,123.5,2084,26218
20260708,125,125.5,122.5,124,827,10263
20260709,124,124.5,122,122.5,603,7424
20260713,123.5,123.5,120.5,121.5,543,6622
20260714,121.5,121.5,118.5,121,505,6051
20260715,120.5,121.5,119.5,120,368,4426
20260716,120,120.5,118.5,119.5,192,2297
20260717,118,118.5,115.5,115.5,544,6346
20260720,115.5,116,110,114,594,6716
20260721,115,119,115,118,345,4059
20260722,118.5,119.5,117,117,215,2538
20260723,118,118,115,115,290,3356
20260724,115,117,115,115.5,185,2145
20260727,116.5,117.5,115,115.5,229,2664
20260728,116,116,112.5,113,377,4284
20260729,113,113.5,110,112.5,507,5660
20260730,112,113.5,111,112,243,2724
20260731,114,119.5,114,116,1524,17794
20260803,115.5,117.5,115.5,117.5,467,5453
20260804,117.5,118,116.5,116.5,222,2599
20260805,118,120.5,116.5,119,456,5395
20260806,120,120.5,118,120.5,409,4898
20260807,121.5,127,121.5,126.5,3523,44005
20260810,127.5,131,126,130,3477,44725
20260811,130,131,128,130.5,1391,18053
20260812,131,131,129,130.5,953,12395
20260813,131,131,129.5,129.5,760,9879
20260814,130,130,127,127.5,793,10131
20260817,128.5,129,127,128,335,4287
20260818,127.5,128.5,126,126.5,599,7583
20260819,126,128,124,128,385,4892
20260820,128,128.5,127,127.5,312,3988
20260821,127,128.5,127,128,381,4866
20260824,128,129,126.5,126.5,267,3398
20260825,126,128,125,127.5,305,3867
20260826,127,128.5,127,127,332,4235
20260827,128,128.5,127,127.5,425,5427
20260828,127.5,128.5,127,127,508,6471
20260831,127,127,125,125.5,490,6167
20260901,125,128,125,126.5,654,8309
20260902,127,128,125.5,127,836,10598
20260903,121.5,122.5,117.5,118,1274,15195
20260904,118,118.5,116,117.5,460,5396
20260907,117,117,113.5,114,1006,11501
20260908,114,114.5,113,113.5,342,3887
20260909,113.5,113.5,112,112.5,357,4022
20260910,113,113,111.5,112,353,3956
20260911,111.5,111.5,110.5,111,397,4406
20260914,110.5,112,110,111,232,2575
20260915,111.5,111.5,110,110.5,233,2579
20260916,110.5,112,110.5,111,184,2047
20260917,111.5,112,111,111,273,3041
20260918,111.5,113.5,111,113.5,481,5413
20260921,113.5,113.5,112,112.5,382,4300
20260922,113.5,113.5,111.5,112,369,4144
20260923,112.5,112.5,111,111,146,1628
