# date,open,high,low,close,lot,wan
20250814,63.7,64,63.1,63.3,564,3582
20250815,63.4,63.5,62.7,63,566,3566
20250818,63,63.3,62.3,62.4,679,4251
20250819,62.5,62.9,61.8,62,600,3741
20250820,62,62,60.5,61.2,646,3944
20250821,61.7,64.2,61.5,63.6,913,5791
20250822,63.6,63.9,62.5,62.8,391,2473
20250825,64.5,65,63.9,64.7,1175,7580
20250826,64.6,65,64.2,64.6,611,3941
20250827,64.3,68.4,64.3,67.4,1946,13055
20250828,67.4,68.3,67,67.8,966,6544
20250829,67.8,68.5,67.5,68.5,944,6426
20250901,68.4,68.5,67.2,67.2,1134,7712
20250902,67.4,69.4,67.4,68.6,1769,12194
20250903,68.6,70,68.4,69,1026,7109
20250904,69.9,69.9,68,68,771,5306
20250905,68.1,68.4,66.8,67,751,5045
20250908,67.4,68.5,66.9,67.9,420,2840
20250909,68.6,68.6,66.8,67.6,449,3030
20250910,68,68.3,67.2,67.8,436,2957
20250911,67.8,67.8,66,66.1,560,3732
20250912,66.1,69.4,66.1,68.1,1030,7036
20250915,68.3,68.3,66.3,67.2,549,3687
20250916,67.8,67.8,65.4,66.9,427,2849
20250917,67.7,69.4,67.2,68.1,1052,7237
20250918,68.3,69.4,68.3,69.1,786,5420
20250919,69.5,73,68.7,71.9,3832,27512
20250922,72.8,75,71.5,73.8,4120,30411
20250923,75.1,75.9,73.5,75,6477,48410
20250924,75,75.6,73.2,75.2,3573,26649
20250925,76,77.2,73.6,74.5,4435,33464
20250926,74.3,75.4,72.9,73.4,2998,22219
20250930,73.2,74.3,72.1,74.3,1122,8213
20251001,74.1,75.7,73.2,74.5,1554,11547
20251002,75.2,75.4,74.1,74.7,1219,9091
20251003,74.9,76.2,74.3,74.6,1743,13077
20251007,75.1,75.9,74.2,75.1,1637,12305
20251008,75.1,75.1,73.7,74.1,849,6293
20251009,74.2,74.5,73,73.1,1165,8567
20251013,68.3,69.9,68.3,69.7,1662,11499
20251014,71,71.2,68.1,68.1,1343,9317
20251015,68.4,68.7,68,68.7,457,3125
20251016,69.5,72.4,69.5,71.9,1986,14179
20251017,71.8,74.9,71.5,73,2295,16846
20251020,73.4,77.4,73.4,76.4,6991,53212
20251021,76.9,77.4,75.1,75.8,4309,32874
20251022,75.8,76.5,75.1,75.6,1991,15090
20251023,75.8,79.1,75.2,77.2,6599,51135
20251027,79.8,84.9,79.7,84.9,11081,91999
20251028,85.1,87.9,84.8,87.1,18924,163141
20251029,87.1,87.7,85.3,86.9,6410,55321
20251030,86.9,88,83.6,84.5,5351,45816
20251031,84.5,87.5,84,86.9,5869,50726
20251103,88.2,89.5,87,89.4,7072,62508
20251104,89.4,89.4,87.3,87.3,4739,41754
20251105,85.6,87.3,84.8,86.2,2750,23678
20251106,86.9,86.9,85.2,85.9,1761,15177
20251107,85.2,85.3,82.9,82.9,2049,17137
20251110,81.8,82.3,78,78.2,3379,26800
20251111,78.2,81.6,78.2,78.8,2775,22108
20251112,80.1,81.1,78.9,80.1,1522,12209
20251113,80.1,85.6,80.1,84.5,4620,38819
20251114,83,86.5,83,83.9,3307,28008
20251117,84.9,85.9,82.8,83.2,2270,19157
20251118,83.2,85.8,81.3,81.3,2353,19642
20251119,81.9,83.6,80.6,80.6,1596,13099
20251120,82.9,84.6,81.8,82.7,1549,12901
20251121,81.8,83.4,80.2,80.2,1702,13928
20251124,81.2,81.9,80.5,80.7,806,6526
20251125,81.6,82.5,79.3,79.4,1122,9008
20251126,80.5,81.4,79.6,79.7,790,6343
20251127,80.3,81.5,79.8,81.3,806,6522
20251128,82.2,82.9,80.8,81.2,800,6525
20251201,81.4,81.4,78.7,78.9,726,5772
20251202,79.5,79.9,77.5,77.5,823,6430
20251203,78.5,80.2,78.5,79.2,677,5381
20251204,79.3,80.5,78.2,78.3,497,3939
20251205,79,79,77.6,78.1,317,2470
20251208,77.7,78.5,76.7,78,775,6034
20251209,78.2,78.9,77.7,77.7,886,6932
20251210,78,79.5,77.7,78.1,1109,8734
20251211,78.3,79.4,77.8,78.1,737,5763
20251212,78.4,78.8,77.1,77.4,896,6953
20251215,77.1,77.1,75.7,76.1,658,5007
20251216,76.5,76.5,73.9,74.3,692,5168
20251217,74.7,75.3,74.4,74.5,608,4546
20251218,74.5,76.4,74.5,74.8,925,6964
20251219,75.4,75.9,74.3,74.7,541,4053
20251222,75,76.2,75,76,393,2977
20251223,76.3,76.5,75.1,75.5,383,2903
20251224,75,78.3,75,77.4,1359,10450
20251226,77.8,78.9,77.4,78.9,1549,12132
20251229,78.8,81.3,77.9,80.7,3203,25524
20251230,80.2,81.5,79,81.1,3325,26681
20251231,81.7,82.4,80.7,81.9,2383,19451
20260102,82.6,85.2,82.4,83.9,3729,31297
20260105,85.1,85.8,82.5,82.5,2985,25048
20260106,83.7,85,83.1,84,2142,18025
20260107,85,85.2,83.7,84,1566,13211
20260108,84,84.1,81.6,81.8,1354,11166
20260109,82,83,81.7,82.5,746,6148
20260112,83.2,84.7,82.7,82.7,906,7569
20260113,83.8,84.8,81.9,84.8,2283,19110
20260114,85.5,93.2,85.5,93.2,11877,108349
20260115,97.4,97.7,90.4,93.3,22666,213184
20260116,94,94.7,91.2,92,6026,55840
20260119,91.8,93.4,90.5,92.8,5130,47383
20260120,91.2,91.4,89.1,90.4,4585,41338
20260121,89.8,91.6,88.6,89.1,3158,28361
20260122,91,94,91,92,5261,48775
20260123,93.6,94.2,91,91.2,3119,28813
20260126,92,92,89.7,90.9,1841,16659
20260127,91.5,92.6,90.8,91,1959,17953
20260128,91.3,91.3,88.8,89,2085,18688
20260129,88.6,89.2,86.2,86.2,2344,20442
20260130,86.2,87,84.1,84.2,1198,10171
20260202,83.5,83.9,80.6,81.8,1368,11215
20260203,83.5,84.8,81.5,83.2,847,7034
20260204,83,84.6,82.4,84.1,762,6375
20260205,84.2,86,83.7,84,1568,13304
20260206,84,84,80.5,82.7,1143,9374
20260209,83.8,84.5,82.5,82.5,614,5100
20260210,83.2,83.7,81.7,81.9,662,5449
20260211,81.9,82.4,81,81.5,638,5202
20260223,82.8,85,82.7,83.7,1256,10565
20260224,83.9,86.1,83.6,84.9,1522,12982
20260225,85.9,86.3,84.7,86,1161,9902
20260226,86.1,88.2,84.5,87.4,1692,14656
20260302,85,86.6,84.3,85.6,1252,10723
20260303,85.9,87.2,83.8,84,1203,10231
20260304,82.8,82.9,78,78,1346,10714
20260305,80.1,81.5,79.6,80,828,6661
20260306,79.6,81.1,79,79.6,505,4039
20260309,74.3,74.5,72.2,72.7,1028,7509
20260310,74,75.2,73.4,74.4,665,4951
20260311,75.3,76.3,75.3,75.3,623,4719
20260312,74.8,75,72.7,73.3,664,4896
20260313,73.3,75.2,72.2,74.2,610,4520
20260316,74.3,75.2,73.3,75.2,496,3690
20260317,77.5,80.2,76.5,80,1644,12925
20260318,82.5,83.5,81.1,83.3,3962,32768
20260319,82.4,84.9,81.8,83.9,2443,20432
20260320,85.1,85.4,82.5,84,1525,12827
20260323,82.5,83.2,81.7,82.2,1061,8727
20260324,83,84,80.5,81.6,994,8167
20260325,83,83.8,82.9,83.3,966,8060
20260326,84.1,84.8,82.4,82.5,1197,10014
20260327,82,84.3,81.6,83.7,958,7976
20260330,82.2,82.6,81,82,665,5446
20260331,82,82.9,79.6,79.7,670,5427
20260401,81.8,83.5,81.6,82.3,702,5787
20260402,83.3,83.5,80.1,80.1,767,6263
20260407,81.7,82.4,80.1,80.6,477,3873
20260408,82.9,84,82.9,83.7,1108,9267
20260409,84.6,85.1,83.6,84.9,1909,16125
20260410,85.9,87.5,85.5,85.6,1986,17127
20260413,86.2,87.5,85,85.3,3185,27512
20260414,86.5,86.9,84.5,85.5,2195,18776
20260415,86.2,87.8,85.1,85.3,1887,16237
20260416,85.7,88.6,84.4,88.1,4150,36287
20260417,87.8,91.9,87.8,88.9,4166,37465
20260420,89.1,89.7,87.5,87.7,2168,19190
20260421,88,88.8,87.1,87.6,1682,14745
20260422,87.7,87.7,86.3,86.3,1599,13892
20260423,86.6,87,79.1,80.4,2374,19541
20260424,81,81.4,77.9,79.1,1328,10573
20260427,79.2,79.4,76.1,76.8,1208,9318
20260428,77.1,80.8,76.9,78.8,911,7212
20260429,78.8,78.9,77.2,78,541,4220
20260430,77.2,77.6,74.7,75.4,1949,14833
20260504,76.5,77.2,75.1,77,872,6667
20260505,77,78.7,76.9,78.5,970,7560
20260506,79.1,79.2,76.5,77.8,1243,9668
20260507,79,82.4,78,81,2193,17716
20260508,82,84.2,80.3,81.5,2208,18226
20260511,82,82.4,79.2,82,1392,11281
20260512,82,83.5,79.9,83.2,1757,14477
20260513,81.5,84.6,80.6,84.1,1328,11005
20260514,85,87.9,84.2,85.7,3786,32542
20260515,86.1,89.8,83.7,84.5,3918,34094
20260518,84,86.2,83.3,85.1,1534,13064
20260519,85.1,87.5,84.2,85.1,1710,14604
20260520,86,91.6,86,88,7921,70891
20260521,91.1,94.8,90.3,93.4,7631,70912
20260522,96.1,102.5,95.5,102.5,11215,112641
20260525,112.5,112.5,112.5,112.5,2756,31005
20260526,123,123,111,117.5,15839,185790
20260527,120,120,110,113,7471,85746
20260528,122,124,122,124,5373,66514
20260529,130,131,117,119.5,13876,168708
20260601,120,130.5,115,116,8947,108771
20260602,116,116,104.5,110,9795,105661
20260603,110,111.5,104.5,106,3952,42439
20260604,104,107.5,101,101,2789,28880
20260605,101.5,111,99.2,111,10606,114457
20260608,99.9,99.9,99.9,99.9,3896,38921
20260609,99.9,106,96.5,105,13763,140970
20260610,102.5,111.5,96.8,98,14276,149895
20260611,98.3,100.5,93.2,96.7,5655,54655
20260612,100,103.5,97.5,98.6,6175,61999
20260615,101.5,107,101.5,104,9360,97919
20260616,109,109.5,99.9,100.5,8328,86834
20260617,100,110,99.1,107.5,7364,77907
20260618,108,111,106,106,9344,100991
20260622,107,107,101,103.5,5368,55752
20260623,105.5,105.5,99.6,101,3447,34839
20260624,98,101.5,98,101.5,2321,23146
20260625,102,104,99.8,102,2356,23981
20260626,100.5,101.5,95.8,95.8,2475,24356
20260629,96,97.5,93.6,94.6,1669,15878
20260630,96.3,102.5,95.5,100.5,2224,22194
20260701,103,109.5,102.5,105.5,8323,87912
20260702,104,107.5,103,106.5,6432,67876
20260703,105.5,109.5,104,108,7604,81330
20260706,108,108,104,105,3988,42116
20260707,107,107.5,99,99.5,3593,36939
20260708,99.7,102,97.7,100,3395,33897
20260709,100.5,103,99.1,99.5,3144,31574
20260713,100.5,101,95,97.9,3129,30374
20260714,96.6,97.6,88.2,88.3,3248,29473
20260715,89.5,93.9,87.3,92.3,3383,30607
20260716,91.1,92.4,88.8,88.8,1540,13891
20260717,86.2,87,80.8,81.1,2304,19098
20260720,82,82,75,78,2028,15777
20260721,78.7,83.9,78.3,82.5,2617,21387
20260722,84.6,86.5,83.3,83.4,2144,18234
20260723,83.7,84,80.7,81.3,1099,9012
20260724,79.2,80.5,77.1,78.2,1158,9112
20260727,77.6,82,77.6,79.5,1108,8840
20260728,78.2,78.2,73.2,73.2,1358,10136
20260729,75,75,66.6,69.2,2160,14922
20260730,66,69.9,64.9,65.1,1306,8769
20260731,71.3,71.6,68.8,71.6,965,6832
20260803,70.9,77.2,70.5,76,1685,12647
20260804,77.9,77.9,75.4,77.1,1180,9046
20260805,78.9,79.9,77,77.4,1078,8435
20260806,77,77.4,74,76.2,965,7321
20260807,77,77.6,73.2,73.3,860,6410
20260810,75.2,78,74.5,76.4,1014,7745
20260811,77.2,80.5,76.5,78,1306,10219
20260812,78.7,80.6,78.5,79.3,959,7628
20260813,80.1,83.4,80.1,81.6,1562,12841
20260814,82,82,77,77.7,1124,8831
20260817,78.6,78.6,76,77.6,686,5300
20260818,77.8,77.9,75.7,75.9,625,4797
20260819,74.4,80.8,73.9,79.1,1486,11738
20260820,79.1,80,76.7,77,735,5695
20260821,77.7,77.9,75.9,76,476,3648
20260824,76.1,77.1,74.7,74.8,559,4226
20260825,74.8,77,73.3,77,1042,7817
20260826,76.8,78.8,76.5,78.2,944,7307
20260827,79.2,79.4,77.8,77.8,633,4965
20260828,78.7,82.6,78.7,81.4,3227,26221
20260831,80.3,82.2,77.5,77.6,1396,11038
20260901,77.9,81.4,77.9,80.1,2465,19798
20260902,78.9,79.4,78,78,869,6822
20260903,79.3,79.3,75.6,75.6,1257,9662
20260904,77.9,79.3,76.9,79.1,1053,8240
20260907,80.4,81.4,79.1,79.9,1109,8892
20260908,80.8,80.8,77.6,77.6,638,4997
20260909,77.6,78.5,77.1,77.6,440,3417
20260910,77.2,80.3,76.3,78.8,1294,10159
20260911,77,78.4,75.5,75.5,992,7635
20260914,75.1,76.9,74.4,75.6,713,5396
20260915,75.1,77.7,75,75,564,4304
20260916,75.7,75.9,74.5,75.8,373,2804
20260917,76.7,77.2,75,75.1,426,3224
20260918,76.3,76.3,75.5,76,317,2405
20260921,76.6,76.6,75.8,75.8,484,3683
