# date,open,high,low,close,lot,wan
20250814,23.65,23.85,23.65,23.75,70,166
20250815,23.8,24.25,23.7,23.8,162,386
20250818,23.8,24.15,23.7,23.95,134,320
20250819,24.1,24.3,23.7,24,165,396
20250820,23.9,24.1,23.75,24,199,477
20250821,24,24,23.75,23.85,176,420
20250822,23.95,23.95,23.7,23.8,133,316
20250825,23.9,24.05,23.7,23.75,124,297
20250826,24,24.4,23.9,24.25,495,1200
20250827,24.25,26.65,24.25,26.65,500,1308
20250828,27.45,28.15,25.5,25.5,1307,3493
20250829,25.7,26.25,25.35,25.8,408,1053
20250901,25.85,26.3,24.75,25.35,202,510
20250902,25.1,25.15,24.55,24.55,158,390
20250903,25,25.7,24.55,25.05,97,241
20250904,25.1,25.2,24.7,25,94,235
20250905,24.9,25.35,24.55,25.3,77,193
20250908,26,26,24.95,25,66,167
20250909,24.8,25,24.65,25,50,124
20250910,25,25.1,24.7,24.9,75,188
20250911,24.9,25.9,24.55,24.95,140,350
20250912,25.45,25.45,24.9,24.95,75,189
20250915,25.35,25.35,24.7,24.95,86,213
20250916,24.7,25.45,24.7,25.3,86,217
20250917,25.5,25.5,25.05,25.05,101,256
20250918,25.25,26.4,25.25,25.8,269,695
20250919,26.05,27.3,26.05,26.3,495,1326
20250922,26.75,28.8,26.75,28.5,1379,3885
20250923,28.85,28.85,27.1,27.45,644,1782
20250924,27.45,27.45,26.8,27.15,227,614
20250925,27.5,27.7,26.8,26.8,155,419
20250926,26.9,26.9,25.5,25.75,202,522
20250930,25.4,26.6,25.35,26,94,242
20251001,25.85,27.4,25.85,26.45,366,975
20251002,26.55,26.9,26,26.4,122,322
20251003,26.75,27.2,26.2,27.05,174,466
20251007,27.8,28.15,27,27.7,452,1257
20251008,27.7,28.75,27,28.2,287,802
20251009,28.2,28.2,26.85,26.85,272,746
20251013,25,26.4,25,26.4,131,339
20251014,26.4,27.4,26.2,26.45,168,449
20251015,26.6,26.75,25.85,26.15,179,468
20251016,26.35,26.6,26.35,26.6,64,169
20251017,26.5,26.5,26.2,26.5,69,183
20251020,26.5,26.95,26,26.8,73,193
20251021,27.1,29.45,27.1,28.15,1615,4688
20251022,27.8,29.5,27.8,28.55,553,1600
20251023,28.6,29.45,28.55,28.65,339,979
20251027,28.75,31.5,28.2,31.5,2714,8320
20251028,30.8,30.8,29.5,29.5,1684,5052
20251029,29.45,30.9,29.45,29.85,773,2328
20251030,29.95,30.15,28.6,28.95,517,1497
20251031,28.95,29.4,27.9,27.9,369,1042
20251103,28.05,28.5,27.85,28,223,627
20251104,28.6,28.6,26.8,27,207,563
20251105,27,27,26.45,26.95,143,382
20251106,26.95,27.25,26.7,27.25,138,372
20251107,27.25,27.5,26.5,27.5,85,228
20251110,27.5,27.55,26.45,26.55,144,384
20251111,26.95,27.35,26.6,26.85,506,1361
20251112,27.15,27.45,26.85,27.15,150,408
20251113,27.15,27.25,26.8,27.1,133,360
20251114,26.5,27.25,26.1,26.65,176,470
20251117,26.65,26.65,25.8,25.85,282,737
20251118,25.5,25.65,24.9,25.55,195,491
20251119,25.1,25.7,24.35,24.35,229,569
20251120,24.85,25.75,24.85,25.45,171,434
20251121,24.65,24.8,24.3,24.55,121,296
20251124,24.6,24.6,24.3,24.35,78,190
20251125,24.55,25.15,24.55,24.65,183,454
20251126,24.7,25.25,24.7,24.9,133,330
20251127,25.05,25.15,24.9,24.95,44,111
20251128,24.95,25.35,24.85,25.25,130,325
20251201,25,25,24.6,24.75,58,143
20251202,24.75,25.35,24.75,25.05,103,259
20251203,25.1,27.05,25.1,26.3,405,1067
20251204,26.4,27.3,26.15,26.3,195,521
20251205,26.3,26.3,25.4,26.15,97,249
20251208,25.8,25.95,25.75,25.9,32,82
20251209,26,26,25.6,25.85,54,140
20251210,25.85,26,25.45,25.65,96,248
20251211,25.65,25.7,25.45,25.5,70,178
20251212,25.15,26,25.15,25.6,148,379
20251215,25,25.75,25,25.3,101,257
20251216,25.2,25.7,24.9,25.1,84,212
20251217,25.1,25.4,24.9,25.05,77,192
20251218,25,25.25,24.8,24.8,92,231
20251219,25.5,26,25.2,25.3,117,298
20251222,25.3,25.75,25.1,25.35,110,279
20251223,25.35,26.9,25.35,26.25,333,878
20251224,26.6,28.85,26.15,28.85,2287,6455
20251226,28.3,29,27.75,28.4,1303,3681
20251229,28.45,29.55,28.15,28.2,1020,2927
20251230,28.2,28.2,27.1,27.75,397,1094
20251231,27.45,28.05,27.2,27.6,334,915
20260102,27.95,30.35,27.95,28.85,2400,7137
20260105,29.9,31.7,29.85,31,3192,9932
20260106,30.7,31.05,30.2,30.5,1301,3979
20260107,30.75,30.95,30.15,30.85,881,2690
20260108,30.85,30.85,29.5,29.6,638,1915
20260109,29.8,31.2,29.35,29.85,672,2032
20260112,30,32.45,30,31.7,1562,4951
20260113,32,32.1,30.65,31.25,890,2775
20260114,30.75,30.75,30.15,30.45,492,1495
20260115,30.35,30.95,29.85,30.5,599,1819
20260116,31,32.55,31,31.4,1736,5543
20260119,31.5,33.15,31.45,32.45,1244,4035
20260120,32.45,32.45,31.35,32.05,629,2003
20260121,31.45,32.4,31.15,31.3,486,1535
20260122,31.9,32.4,31.25,31.25,535,1699
20260123,31.5,31.75,30.5,31.05,330,1029
20260126,31.05,32,30.6,30.95,457,1418
20260127,30.95,31.05,30.5,30.85,271,834
20260128,30.85,33,30.85,32.25,1812,5860
20260129,32.2,32.2,30.45,30.45,737,2288
20260130,30.3,30.3,29.4,29.9,454,1352
20260202,29.85,29.85,28.75,29.5,412,1200
20260203,29.7,30.55,28.9,29.45,450,1332
20260204,29.2,30.55,29.1,29.9,556,1676
20260205,29.95,30.85,29.9,30.15,297,899
20260206,30.1,30.25,28.95,29.3,787,2321
20260209,30,30.5,28.8,29.35,381,1113
20260210,29.6,31.05,29.6,30.45,723,2205
20260211,30.45,31.3,30.25,30.95,540,1667
20260223,31,31.35,30.75,30.9,232,718
20260224,31,32.35,31,32.35,747,2384
20260225,34,35.5,32.65,34.9,1772,6085
20260226,34.9,37.3,34.65,35.45,1534,5551
20260302,32.3,34.35,32.25,33.8,841,2812
20260303,34,34.3,32.5,33.45,670,2238
20260304,32.4,32.7,31,31.45,699,2203
20260305,31.85,33.35,31.8,32.85,546,1776
20260306,32.6,32.95,32.1,32.2,170,551
20260309,30.8,30.8,29,29.35,408,1210
20260310,30.15,30.55,29.15,29.95,529,1577
20260311,29.85,30.65,29.85,30.45,223,679
20260312,30.05,33.15,30.05,31.45,1307,4155
20260313,30.75,31.25,30.35,30.85,472,1459
20260316,30.9,30.9,30.05,30.55,218,661
20260317,30.95,31.75,30.75,31,239,744
20260318,31.15,31.8,31.1,31.35,331,1041
20260319,31.1,31.2,30.3,30.5,212,648
20260320,30.45,31.35,30.25,30.25,254,777
20260323,30.15,30.15,28.9,29.5,234,688
20260324,29.6,30.6,29,29.55,149,439
20260325,30,30.65,29.6,30.35,179,541
20260326,30.35,32.75,30.05,31.6,1459,4659
20260327,31.55,31.55,30.3,30.65,403,1240
20260330,30.2,32.3,29.85,31.55,1038,3279
20260331,32.3,33.5,30.6,30.75,1287,4098
20260401,31.35,33.8,30.75,33.8,1554,5085
20260402,37.15,37.15,36.2,37.15,1277,4742
20260407,40.45,40.5,36.15,38.2,7822,29930
20260408,38.05,39.8,36.9,37,3572,13588
20260409,37.15,37.6,35,36.5,2332,8436
20260410,35.8,38,35.75,36.7,1764,6506
20260413,36.1,36.2,34.6,34.6,1171,4098
20260414,34.6,36.55,34.5,35.4,1108,3955
20260415,35.4,36.85,35.35,36.25,886,3212
20260416,36.45,38,35.8,35.95,1324,4898
20260417,35.95,36.95,35.95,36.55,700,2555
20260420,36.9,37.75,36.7,36.75,1287,4795
20260421,36.8,37.45,35.6,35.9,873,3166
20260422,36.1,37.95,36.1,37.5,1623,6059
20260423,38,38,34.65,35.9,1220,4402
20260424,36,36.9,35.65,36.15,682,2462
20260427,36.65,38.7,34.4,38.3,1916,6995
20260428,38.3,42.1,36,42.1,6822,27722
20260429,44.4,46.3,44.2,46.3,2780,12653
20260430,50.9,50.9,50.9,50.9,1949,9919
20260504,55.9,55.9,55.9,55.9,1135,6346
20260505,61.4,61.4,56.1,61.4,12494,74704
20260506,60,60.6,55.3,55.6,3854,22092
20260507,55.6,61.1,55.6,61.1,2193,13221
20260508,63.1,67.2,62.1,64.4,2974,19468
20260511,58.5,58.5,58,58,822,4775
20260512,60.1,60.1,55.5,58.2,984,5659
20260513,58.5,63,58.5,60.1,719,4395
20260514,65.3,65.7,58,58,948,5675
20260515,58.7,59.1,57.5,58.5,332,1937
20260518,58.5,58.5,53.6,54,539,2924
20260519,56.6,58.7,53.9,53.9,392,2197
20260520,53.8,55.9,52.6,53.5,353,1899
20260521,56,57.2,54.5,57.1,453,2559
20260522,59.8,62.8,58.9,62.8,964,5946
20260525,69,69,69,69,1677,11571
20260526,75.9,75.9,69,75.9,7480,55245
20260527,83.3,83.4,78,81,6790,55441
20260528,79.6,89.1,76,76.9,8800,73675
20260529,75.7,80,75.7,79.8,677,5310
20260601,86,86,77.9,79.7,683,5562
20260602,80.3,80.3,73.9,75.8,397,3036
20260603,77.3,77.3,74.7,76.5,437,3303
20260604,80,80,77.5,79,506,3989
20260605,78.7,79.5,73.4,76,370,2800
20260608,68.4,76.3,68.4,72,448,3152
20260609,74.9,74.9,70.2,72.1,284,2050
20260610,72,75.8,69,69.6,540,3912
20260611,71,73,64.1,73,612,4181
20260612,79,80,69.3,69.3,4382,32554
20260615,69.5,70.7,62.4,62.5,4027,26070
20260616,62.5,63.6,59.1,59.1,2313,14120
20260617,59.6,65,56.7,65,2305,14219
20260618,71.5,71.5,71.5,71.5,714,5108
20260622,75.8,76.3,68.5,68.5,4948,36050
20260623,68.9,73,65.6,67.8,2212,15261
20260624,66.5,74.4,65.6,68.9,4024,28003
20260625,69.5,70.1,65,65.3,1810,12032
20260626,64.9,66.6,60,60.5,1466,9188
20260629,59.9,62.5,59.9,60.8,715,4368
20260630,61.5,62.5,60.6,61.3,834,5122
20260701,62.5,64,59.1,59.2,1146,6970
20260702,58.7,61.2,58,60.7,804,4832
20260703,59.3,64.4,59.1,62,1154,7112
20260706,62.5,64.6,61,61.4,1003,6265
20260707,60.8,61.1,55.3,56,1373,7867
20260708,55.5,56.2,53.2,54,1121,6093
20260709,54.8,57.3,53.6,55.7,1953,10842
20260713,55.8,57.5,52,54.6,1758,9726
20260714,53.5,54,49.3,50.7,1191,6081
20260715,52.7,52.7,49.9,50,734,3702
20260716,50.1,50.1,48,48.4,767,3747
20260717,47.75,47.75,43.6,44,1325,5963
20260720,44.2,44.4,40.9,41.75,1091,4600
20260721,42.05,42.9,41.7,41.9,691,2910
20260722,42.35,43.8,41.6,41.95,644,2735
20260723,42.6,42.8,40.4,40.85,466,1916
20260724,40.85,41.45,38.8,38.85,1298,5129
20260727,39.75,39.75,36.8,38.25,919,3498
20260728,37,37.1,35.8,35.95,713,2599
20260729,36.5,36.85,32.5,33.85,1459,4920
20260730,33.65,34.4,31.65,32.1,997,3286
20260731,35.3,35.3,35.3,35.3,263,929
20260803,35.15,37.3,34.5,36.1,1119,4034
20260804,35.7,38.65,35.65,38.65,734,2772
20260805,40.1,40.45,38.3,38.95,967,3800
20260806,38.65,39.75,37.15,39,486,1879
20260807,39.25,40.5,37.75,38.35,383,1477
20260810,39.4,40.9,38.5,39.95,694,2769
20260811,39.95,40.85,39,40.4,472,1888
20260812,40.4,41.45,40.4,41,437,1788
20260813,41.05,41.3,40.3,40.65,312,1269
20260814,40.65,40.8,39.5,39.9,209,833
20260817,39.95,40.1,39.2,39.65,275,1088
20260818,39.6,39.85,38.25,38.5,202,781
20260819,38.2,38.95,37.35,38.25,231,886
20260820,38.55,39.3,38.1,38.8,283,1091
20260821,39.1,39.2,38.25,39,213,828
20260824,39.25,39.65,37.8,38.15,363,1402
20260825,38.15,38.15,37,37.9,217,810
20260826,38.25,41.65,38.1,41.65,535,2160
20260827,44.9,45,40.2,40.3,1322,5470
20260828,40.3,41.85,39.9,40.25,363,1475
20260831,39.75,39.85,38.55,39,228,893
20260901,39.75,41.5,39.7,40.65,348,1408
20260902,40.9,44.7,40.4,42.25,1979,8526
20260903,42.25,42.25,39.1,39.2,1088,4410
20260904,39.25,41.4,39.25,40.1,651,2618
20260907,40.1,40.6,39.1,39.2,492,1949
20260908,39.35,39.8,38.65,38.65,416,1626
20260909,39.2,40.35,38.7,38.9,479,1888
20260910,38.9,39.2,38.25,39.2,208,806
20260911,37.1,38.55,37.1,38.35,282,1076
20260914,37.35,38.4,37.2,37.6,172,650
20260915,37.55,37.9,37.1,37.1,143,534
20260916,37.25,38.05,37.25,37.6,286,1078
20260917,37.6,41.35,37.6,41.35,611,2483
20260918,41.75,42.15,40,40.6,1248,5097
