# date,open,high,low,close,lot,wan
20250814,1070,1090,1055,1080,638,68840
20250815,1070,1080,1055,1060,375,39915
20250818,1070,1075,1030,1045,494,51847
20250819,1045,1045,1000,1010,527,53514
20250820,1005,1015,995,996,344,34493
20250821,1015,1035,1005,1025,291,29652
20250822,1040,1060,1015,1015,583,59941
20250825,1040,1055,1030,1035,1589,158476
20250826,1045,1050,1015,1025,1499,154565
20250827,1035,1035,1020,1025,461,47377
20250828,1020,1020,1005,1010,345,34889
20250829,1035,1055,990,990,891,90720
20250901,991,991,961,972,549,53471
20250902,981,988,945,950,552,53204
20250903,968,1015,968,1005,778,77441
20250904,1025,1025,999,1015,430,43366
20250905,1015,1020,1000,1010,189,19023
20250908,1005,1015,977,980,613,60433
20250909,982,986,966,970,501,48731
20250910,976,1000,976,988,434,42961
20250911,1005,1035,996,996,564,57122
20250912,1010,1010,975,975,389,38343
20250915,966,979,948,951,567,54231
20250916,955,987,951,978,840,81744
20250917,986,988,948,955,614,58906
20250918,956,988,945,988,622,60098
20250919,1000,1015,954,960,1210,117723
20250922,960,960,943,943,552,52367
20250923,952,978,948,969,759,73212
20250924,980,996,946,952,570,54858
20250925,955,959,938,942,437,41246
20250926,942,942,910,933,446,41271
20250930,932,938,922,927,644,59775
20251001,940,955,912,913,758,70596
20251002,930,930,913,917,244,22451
20251003,927,941,922,923,372,34578
20251007,930,994,928,980,1156,112883
20251008,990,1045,985,1045,1426,145753
20251009,1045,1060,1025,1040,1288,133842
20251013,1025,1045,991,1030,1160,117870
20251014,1070,1070,995,995,1139,115530
20251015,1015,1070,996,1070,857,89409
20251016,1080,1090,1040,1065,1272,135841
20251017,1050,1075,1045,1075,1181,125678
20251020,1095,1160,1090,1140,1796,203835
20251021,1185,1200,1140,1165,2298,268173
20251022,1145,1165,1125,1140,1436,164234
20251023,1120,1135,1085,1100,754,83359
20251027,1120,1170,1110,1165,1019,117055
20251028,1165,1175,1145,1155,677,78406
20251029,1175,1215,1120,1215,2023,236935
20251030,1230,1250,1190,1230,1268,154332
20251031,1225,1225,1205,1210,474,57698
20251103,1220,1220,1175,1180,574,68423
20251104,1175,1190,1155,1160,985,114995
20251105,1120,1195,1115,1190,999,116133
20251106,1185,1250,1180,1250,938,115218
20251107,1215,1275,1210,1225,1169,145591
20251110,1210,1220,1185,1205,571,68699
20251111,1175,1200,1160,1160,748,87573
20251112,1140,1185,1135,1160,902,104417
20251113,1165,1175,1140,1175,446,52001
20251114,1165,1180,1140,1145,727,84045
20251117,1160,1170,1130,1135,869,99685
20251118,1120,1130,1095,1095,695,77057
20251119,1095,1110,1040,1045,1199,127295
20251120,1075,1090,1055,1065,1285,137116
20251121,1045,1045,997,999,987,99822
20251124,991,1020,983,983,10864,1069849
20251125,997,1080,997,1065,1057,112259
20251126,1080,1170,1055,1155,1531,173204
20251127,1170,1195,1125,1140,1686,195474
20251128,1160,1210,1150,1160,1266,149474
20251201,1155,1170,1105,1105,958,107389
20251202,1120,1205,1105,1155,1607,187821
20251203,1170,1205,1120,1120,1902,220606
20251204,1120,1125,1070,1080,1171,127802
20251205,1080,1080,1040,1050,801,84884
20251208,1055,1060,1035,1035,667,69651
20251209,1045,1055,1020,1025,880,90745
20251210,1035,1050,1025,1025,678,70202
20251211,1030,1040,1010,1025,716,73444
20251212,1030,1035,1000,1000,488,49290
20251215,1000,1005,977,997,528,52525
20251216,999,1025,975,980,756,74821
20251217,985,998,967,974,490,48117
20251218,974,974,958,965,457,44119
20251219,979,982,958,965,442,42714
20251222,971,971,946,962,395,38000
20251223,968,982,960,964,532,51601
20251224,967,988,957,958,518,50246
20251226,967,972,935,938,529,49961
20251229,935,955,927,949,454,42840
20251230,951,954,937,954,552,52283
20251231,955,980,945,971,760,73421
20260102,976,1065,976,1015,1662,172851
20260105,1030,1045,1000,1030,1106,113731
20260106,1040,1065,1015,1020,644,66614
20260107,1020,1025,980,1005,1164,116042
20260108,1015,1020,994,995,617,61970
20260109,996,1045,986,1025,756,76860
20260112,1030,1030,1000,1005,457,46197
20260113,1015,1085,1015,1020,1084,112746
20260114,1020,1060,1020,1045,765,79847
20260115,1040,1040,993,1000,902,90960
20260116,1010,1040,996,1000,675,68218
20260119,1000,1025,996,1005,340,34380
20260120,997,1015,985,985,634,63121
20260121,978,978,904,917,1921,178659
20260122,922,938,908,937,1338,124084
20260123,938,950,926,937,816,76420
20260126,932,937,912,921,781,71781
20260127,922,969,922,952,1475,140417
20260128,974,981,950,962,1459,140248
20260129,957,959,916,920,1437,133146
20260130,917,918,853,853,1680,147639
20260202,845,885,839,861,754,65403
20260203,877,919,873,919,922,82836
20260204,905,962,896,953,1367,128981
20260205,953,976,920,920,1074,101977
20260206,911,911,872,905,911,81230
20260209,919,923,884,884,675,60373
20260210,884,900,878,891,436,38780
20260211,904,925,894,903,637,57798
20260223,929,949,925,928,961,89899
20260224,942,945,913,922,876,80953
20260225,930,943,913,920,771,71302
20260226,919,946,916,926,946,88068
20260302,907,919,887,890,1223,109781
20260303,885,895,859,863,947,82414
20260304,841,852,811,813,856,70339
20260305,845,863,836,857,632,53718
20260306,842,870,839,865,396,33962
20260309,808,845,790,824,955,78067
20260310,845,845,805,819,722,59013
20260311,824,825,817,820,532,43691
20260312,817,817,803,810,472,38184
20260313,793,793,761,766,1381,106793
20260316,768,782,753,779,568,43796
20260317,779,793,766,770,647,50120
20260318,775,787,771,784,548,42763
20260319,772,772,739,740,1283,95684
20260320,747,762,743,752,938,70615
20260323,731,771,722,757,657,49760
20260324,771,773,735,740,681,50674
20260325,759,760,748,758,571,42949
20260326,758,768,740,740,476,35766
20260327,740,748,733,741,398,29528
20260330,733,767,728,750,1081,80737
20260331,756,756,722,724,660,48515
20260401,741,790,738,778,1062,82266
20260402,782,783,739,739,600,45176
20260407,742,745,721,721,390,28409
20260408,738,748,728,739,550,40625
20260409,748,760,716,720,949,69135
20260410,721,723,698,714,1085,77233
20260413,719,721,705,717,655,46858
20260414,724,730,715,729,846,61161
20260415,735,801,733,801,1540,119313
20260416,808,812,779,792,1465,116268
20260417,797,797,772,781,541,42252
20260420,781,795,767,773,556,43163
20260421,786,787,772,773,634,49288
20260422,773,824,770,810,1301,104739
20260423,816,819,753,767,1445,112488
20260424,769,774,756,765,600,45779
20260427,770,780,748,775,769,58890
20260428,778,785,752,752,657,49938
20260429,757,768,749,767,433,32947
20260430,776,795,770,772,798,62187
20260504,789,803,778,791,731,57948
20260505,804,806,777,784,1095,86368
20260506,797,809,778,798,1275,101631
20260507,811,811,784,790,992,78693
20260508,800,833,799,821,1621,132593
20260511,809,809,747,764,2495,190860
20260512,767,775,757,764,1093,83508
20260513,764,764,752,753,677,51085
20260514,761,761,702,705,1882,135443
20260515,708,735,708,716,830,59854
20260518,716,719,697,708,591,41907
20260519,716,717,694,694,833,58607
20260520,703,703,666,668,928,62585
20260521,675,695,663,663,966,65083
20260522,671,685,671,677,1077,73034
20260525,689,722,683,715,992,70130
20260526,721,724,695,696,1085,76092
20260527,703,732,699,707,1336,95546
20260528,718,731,692,699,1346,94935
20260529,711,715,696,709,992,70056
20260601,713,718,697,713,1107,78382
20260602,712,759,702,742,1760,129430
20260603,746,790,727,768,2053,156347
20260604,778,844,777,844,1705,142583
20260605,882,928,875,928,2103,192946
20260608,928,972,870,900,7075,651450
20260609,904,943,887,915,2234,203670
20260610,897,909,850,855,1867,164855
20260611,855,874,838,846,978,83090
20260612,863,930,861,930,1642,149929
20260615,976,982,931,937,1661,159009
20260616,933,933,903,903,871,79462
20260617,900,935,900,930,552,50797
20260618,927,939,914,926,578,53290
20260622,937,969,930,943,669,63341
20260623,946,951,912,912,619,57310
20260624,910,924,907,913,341,31136
20260625,918,1000,918,1000,2063,203761
20260626,1005,1025,977,977,1801,180247
20260629,999,1070,991,1020,1906,197565
20260630,1045,1120,1035,1085,2352,258169
20260701,1090,1185,1090,1130,2314,266216
20260702,1105,1235,1105,1185,2419,286467
20260703,1180,1300,1170,1255,2265,283572
20260706,1285,1380,1275,1290,2093,278859
20260707,1290,1325,1180,1185,2066,254572
20260708,1175,1175,1110,1140,1391,158744
20260709,1135,1145,1105,1105,745,83470
20260713,1110,1115,1035,1055,1305,138716
20260714,1055,1090,1045,1080,1208,129144
20260715,1090,1130,1075,1080,712,77939
20260716,1060,1070,1020,1020,695,72048
20260717,993,1025,964,967,847,83402
20260720,1005,1010,949,988,551,53739
20260721,1000,1005,973,989,524,51773
20260722,995,1020,994,998,598,59936
20260723,973,1000,956,1000,567,55404
20260724,988,1055,981,1015,853,87733
20260727,1040,1040,995,1000,633,63880
20260728,980,990,930,930,575,55252
20260729,941,985,887,923,831,77561
20260730,928,942,869,888,594,53593
20260731,976,976,940,957,397,38133
20260803,952,970,927,934,326,30921
20260804,921,950,917,941,311,29155
20260805,950,978,950,963,351,33850
20260806,962,1025,939,1010,555,54756
20260807,1015,1040,999,1015,690,70139
20260810,1020,1105,1005,1040,680,71337
20260811,1020,1035,975,1010,720,72447
20260812,1010,1025,994,995,290,29145
20260813,1000,1010,972,972,488,47979
20260814,972,1035,972,1015,553,56146
20260817,1015,1020,977,983,420,41593
20260818,985,1080,983,1065,1188,124861
20260819,1050,1055,993,1030,911,92622
20260820,1050,1070,1020,1040,529,54999
20260821,1040,1060,995,995,429,43427
20260824,1000,1030,1000,1010,206,20898
20260825,1005,1020,996,1020,155,15665
20260826,1035,1085,1030,1030,578,60754
20260827,1060,1070,1040,1045,478,50448
20260828,1045,1065,1015,1030,472,48664
20260831,1030,1040,994,1035,322,32831
20260901,1035,1065,1030,1030,424,44130
20260902,1035,1035,1005,1005,312,31680
20260903,1005,1020,972,972,457,45263
20260904,981,992,946,965,329,31887
20260907,987,1005,975,977,359,35396
20260908,982,985,954,958,378,36420
20260909,952,952,904,926,831,77007
20260910,917,917,870,876,613,54106
20260911,856,875,846,861,417,35709
20260914,854,875,846,874,343,29592
20260915,878,886,865,870,274,23944
20260916,879,898,879,880,301,26626
20260917,888,900,873,877,281,24826
20260918,892,930,888,908,684,62358
20260921,917,918,892,894,270,24389
20260922,902,907,888,888,250,22381
