# date,open,high,low,close,lot,wan
20250814,95,96.3,94.5,95,94,895
20250815,95.3,96.5,95.3,96,132,1263
20250818,96.8,96.8,95.1,95.7,34,325
20250819,95.6,95.7,95.5,95.7,7,67
20250820,94.3,95,93.9,95,38,359
20250821,95,95.6,94.4,95,19,180
20250822,94.5,95.2,94,95.1,28,265
20250825,94.6,104,94.1,100,925,8986
20250826,102.5,102.5,98.7,100,129,1297
20250827,100.5,103,99.4,102,122,1243
20250828,102.5,102.5,99.7,102,126,1272
20250829,102,102,99.9,100.5,110,1103
20250901,98.7,100.5,98,100.5,57,564
20250902,101.5,101.5,99,99,41,408
20250903,99.7,99.7,98.3,99.5,21,208
20250904,100,100,98.3,98.3,41,405
20250905,99.9,100,97.2,99.5,88,868
20250908,99.9,100,99,99.7,36,358
20250909,99.1,100.5,99,100,36,359
20250910,100,108,100,104.5,405,4234
20250911,106,106.5,100,102,210,2149
20250912,102,104,102,102.5,143,1467
20250915,102.5,105,101,103,91,940
20250916,103,107.5,102,106.5,191,2015
20250917,106.5,107.5,104.5,105.5,80,849
20250918,105.5,106.5,104.5,106,408,4322
20250919,106.5,111.5,106.5,111.5,425,4643
20250922,113.5,115,111.5,112,261,2944
20250923,112.5,113,108.5,112,181,2017
20250924,112.5,113.5,111.5,113,202,2270
20250925,112,113,109,110,247,2733
20250926,108.5,109.5,106,109,94,1013
20250930,113.5,113.5,108,110.5,89,983
20251001,112,112,108,108,88,959
20251002,109.5,110,106,107.5,68,731
20251003,107.5,108.5,107.5,108.5,108,1163
20251007,108.5,112.5,108,112,567,6238
20251008,110.5,111.5,108.5,110,105,1156
20251009,110.5,111,108.5,109,165,1804
20251013,106.5,109.5,105,109,75,807
20251014,109,113,109,111,218,2423
20251015,111.5,112.5,110.5,112,138,1540
20251016,112,112,108,110,155,1706
20251017,108.5,108.5,105,105,100,1067
20251020,105,105,103,103.5,83,862
20251021,104,106,103,104,37,385
20251022,104.5,105.5,103,104.5,45,470
20251023,105,105.5,104,104.5,35,366
20251027,104.5,104.5,102.5,103.5,70,723
20251028,103,104.5,102.5,102.5,47,486
20251029,103,103,99.3,102.5,81,820
20251030,102,103.5,100,103,117,1185
20251031,103.5,107,103.5,106,89,939
20251103,104.5,106.5,104.5,104.5,24,252
20251104,103,105,103,104.5,28,292
20251105,104,105,102.5,105,25,260
20251106,105.5,106,104,105,72,757
20251107,104,104.5,103,103.5,30,311
20251110,103.5,103.5,101,103,65,666
20251111,104,104,102.5,103.5,23,237
20251112,104,105,103,104,47,488
20251113,105,105.5,103.5,103.5,84,877
20251114,104,107,101.5,106,103,1071
20251117,105.5,105.5,101.5,101.5,65,671
20251118,103.5,103.5,100,102,40,405
20251119,102.5,104.5,100.5,103,119,1217
20251120,103.5,104,101.5,103.5,130,1333
20251121,102,102,99.5,101.5,120,1206
20251124,101.5,102,100,102,36,365
20251125,102,102,101,102,26,264
20251126,102.5,102.5,101,102.5,26,265
20251127,102,105.5,100,105,210,2168
20251128,105.5,106.5,104,106,238,2496
20251201,107,107,104,104.5,403,4234
20251202,105,106.5,104,104.5,140,1474
20251203,104.5,104.5,102.5,104,45,466
20251204,103,104,100.5,103.5,375,3811
20251205,103,103,100.5,102,145,1473
20251208,101.5,103,101.5,103,14,144
20251209,102,103,102,102,29,296
20251210,102.5,102.5,101.5,102.5,35,357
20251211,102.5,102.5,102,102.5,16,164
20251212,102.5,102.5,101.5,102.5,26,266
20251215,103,103.5,103,103.5,17,176
20251216,103.5,104,103.5,104,13,135
20251217,104,104.5,103,104,24,249
20251218,103.5,103.5,101.5,101.5,52,532
20251219,101.5,102,100,102,61,618
20251222,102.5,103.5,100.5,102,78,795
20251223,102,102.5,101,102,44,448
20251224,101.5,102,100,101.5,112,1131
20251226,101,101.5,100.5,101.5,18,182
20251229,102,104,102,103,53,545
20251230,102.5,104,100,103,306,3101
20251231,101.5,106,99.8,106,364,3705
20260102,106,106,103.5,105.5,96,1005
20260105,105,105,103,104,57,592
20260106,104,105.5,102,105.5,117,1209
20260107,105.5,106,103,105.5,169,1768
20260108,104,105,103,105,101,1050
20260109,106,110,106,109,269,2903
20260112,109.5,109.5,108,109,122,1327
20260113,109.5,109.5,107,109.5,133,1443
20260114,109,111.5,109,111,174,1922
20260115,111.5,114.5,109.5,114.5,274,3096
20260116,115,116.5,113.5,116,406,4661
20260119,116,117,113,116,346,3982
20260120,115.5,117.5,115,116,185,2138
20260121,116,116,114,116,166,1910
20260122,115.5,115.5,113.5,114,81,926
20260123,113,114.5,113,113.5,170,1929
20260126,112.5,112.5,109,109.5,199,2186
20260127,109.5,110,108,109.5,179,1944
20260128,108.5,109,106,109,236,2523
20260129,109.5,109.5,107,108.5,50,539
20260130,108,108,106.5,108,35,376
20260202,108,109.5,106.5,109.5,77,829
20260203,109.5,109.5,108,109.5,66,718
20260204,109.5,112,107.5,109.5,369,4042
20260205,109.5,110.5,108,110.5,158,1729
20260206,109.5,109.5,107,107,101,1088
20260209,108,108,106.5,107.5,40,428
20260210,107.5,108,106.5,108,34,364
20260211,107.5,108.5,107,108.5,20,216
20260223,107,108,106.5,108,163,1747
20260224,108,110,108,108.5,287,3127
20260225,108.5,109,108,109,175,1900
20260226,109,109,106.5,109,221,2387
20260302,107,109,107,108.5,55,594
20260303,108,108,105,105.5,68,723
20260304,104.5,104.5,100.5,103,122,1244
20260305,102.5,112,102.5,106.5,186,1982
20260306,106,107.5,105,107.5,43,457
20260309,106,106,100.5,102.5,68,692
20260310,103.5,106.5,103.5,105.5,72,757
20260311,105.5,107,105.5,107,54,575
20260312,107,107.5,105,106,77,815
20260313,104,106.5,104,106.5,39,411
20260316,107,107,106,106.5,74,789
20260317,106,107,105,107,62,658
20260318,107,107,105,106,108,1145
20260319,105.5,106,105,106,26,275
20260320,105.5,106,105,105.5,47,494
20260323,103.5,105,102.5,105,43,447
20260324,104.5,104.5,103.5,104.5,24,250
20260325,105,105,104,105,14,147
20260326,104.5,107,104,106.5,72,761
20260327,106,106,105,106,12,127
20260330,105,106,104,105,38,399
20260331,104,105,102.5,102.5,64,661
20260401,103.5,106,103.5,104.5,51,533
20260402,103.5,104.5,102.5,102.5,36,370
20260407,103.5,103.5,100.5,102.5,1037,10627
20260408,103.5,103.5,102,102.5,25,257
20260409,102.5,103,102,103,204,2101
20260410,106.5,109.5,106,108,149,1599
20260413,108,109,107.5,109,51,553
20260414,108,109.5,107,109,47,510
20260415,109,111,109,110,74,814
20260416,109.5,121,108,121,370,4328
20260417,121,122.5,117.5,122.5,350,4214
20260420,123.5,127,122.5,126,252,3161
20260421,125.5,126.5,122,123,164,2035
20260422,122.5,122.5,117,121,320,3815
20260423,121,121.5,114,118.5,221,2596
20260424,118.5,119,114.5,115,120,1392
20260427,115,115,108,111,166,1829
20260428,113.5,116,111.5,116,75,858
20260429,114,118,114,118,56,654
20260430,118,118.5,115.5,116.5,37,432
20260504,116.5,117,115,115.5,52,603
20260505,115,117.5,115,116.5,77,893
20260506,116,120,113.5,118.5,154,1788
20260507,119,130,117,127.5,942,11951
20260508,131,140,128.5,138,1348,18355
20260511,140,146,134.5,138.5,826,11564
20260512,142,152,140.5,146.5,1084,15906
20260513,145,146,136.5,140.5,261,3689
20260514,141,142,133,135,258,3502
20260515,138,138,123,124.5,417,5344
20260518,125,126.5,121,125.5,192,2381
20260519,125.5,127.5,123.5,125.5,95,1188
20260520,124,125,122,125,138,1709
20260521,125.5,135,124.5,130,275,3576
20260522,130.5,135,129,132.5,233,3075
20260525,137.5,145,137.5,145,560,8013
20260526,145.5,147.5,141.5,146.5,348,5037
20260527,147,147,141,144.5,188,2691
20260528,145.5,152.5,141.5,146,466,6875
20260529,148,150,140.5,142.5,221,3204
20260601,142.5,142.5,136,141,138,1925
20260602,141,141,136,140,118,1624
20260603,140.5,142.5,136.5,141.5,213,2976
20260604,139,140.5,137,138.5,155,2143
20260605,138,141.5,134,140.5,186,2563
20260608,126.5,135,126.5,133,188,2450
20260609,135.5,141,133,140,139,1926
20260610,138.5,139.5,130.5,132,208,2791
20260611,132.5,132.5,127.5,132.5,88,1150
20260612,133.5,135,128,133,108,1426
20260615,133,137,133,134.5,81,1098
20260616,134,134.5,128.5,129,177,2319
20260617,127,130,127,128.5,60,770
20260618,129.5,132.5,129.5,132,84,1103
20260622,133.5,134,130.5,132.5,98,1298
20260623,133,133,129,129.5,58,757
20260624,129,130.5,127,130.5,39,502
20260625,131,132.5,130,131.5,49,641
20260626,130,131,126,129.5,102,1313
20260629,130,130,128.5,130,44,569
20260630,130.5,132,129.5,132,44,576
20260701,132.5,133.5,130.5,130.5,59,776
20260702,128.5,131.5,127.5,131.5,57,743
20260703,131.5,134,129.5,134,83,1098
20260706,134,138,133.5,134.5,196,2648
20260707,133.5,134,132,133.5,38,506
20260708,134,135,132,135,37,493
20260709,134.5,135.5,134,135.5,38,512
20260713,136,136.5,129.5,131,78,1030
20260714,129.5,129.5,122,126,196,2452
20260715,126,126,120,123.5,325,3966
20260716,123,123.5,122,123.5,52,639
20260717,122,122,114,115.5,300,3476
20260720,116,117,113.5,115.5,58,667
20260721,117,118,116,118,43,504
20260722,118.5,120,118.5,118.5,81,963
20260723,119,123,118,122.5,75,904
20260724,121,124.5,119,121,130,1570
20260727,120,121,116.5,118,74,874
20260728,114,115.5,111,112,160,1804
20260729,114,114,102.5,106.5,273,2927
20260730,107,109.5,105.5,107,97,1037
20260731,109.5,113,109,112,120,1336
20260803,111,115,111,114,145,1645
20260804,111.5,115,110,110,135,1514
20260805,112,115.5,112,114.5,96,1094
20260806,114,118.5,112,118.5,90,1041
20260807,120,120,116,118.5,87,1027
20260810,118.5,118.5,114,114,78,901
20260811,113,113,110.5,111,61,679
20260812,111.5,112,110.5,112,42,468
20260813,113,113,108.5,110,98,1079
20260814,109,109,106.5,109,45,487
20260817,109,110,106.5,110,65,700
20260818,110,111.5,107,110,50,547
20260819,109,109,107,107,61,659
20260820,109,109,107,109,44,475
20260821,109.5,110,109,109.5,17,186
20260824,108.5,110,108,109,21,229
20260825,108,108.5,105.5,108,53,567
20260826,108,108,107,107,20,215
20260827,107,107.5,105.5,106,34,362
20260828,107,107.5,106,106,31,331
20260831,105.5,107,105.5,106,34,360
20260901,106,106.5,105.5,106.5,48,508
20260902,106.5,106.5,105.5,106.5,26,276
20260903,106,106.5,104.5,104.5,67,706
20260904,106,108,104,108,37,391
20260907,108,108,106.5,106.5,30,321
20260908,106,107.5,104.5,104.5,76,803
20260909,105,107.5,104,106,33,346
20260910,105,107,105,105.5,34,360
20260911,103.5,104.5,103,103,37,383
20260914,102.5,104,102.5,103.5,15,155
20260915,102.5,103.5,100,100.5,75,758
20260916,100.5,104.5,100.5,101.5,844,8582
20260917,103,105,103,104,216,2246
20260918,104,105,103,104,43,448
20260921,104,104,102.5,102.5,37,382
20260922,103,103.5,101,101.5,73,745
