# date,open,high,low,close,lot,wan
20250814,86.9,89.1,86.9,88.6,37,323
20250815,88,88,88,88,14,125
20250818,87.6,87.6,86.9,87.2,21,185
20250819,88.2,88.4,87.1,87.1,19,170
20250820,86.6,86.6,84.7,84.7,49,419
20250821,84.5,84.5,79,83,62,510
20250822,82.9,83.7,81.5,82,24,198
20250825,83,83,82,82,49,407
20250826,81.4,82.5,81.3,82.5,20,164
20250827,82.1,82.1,81.4,81.4,17,136
20250828,80.8,81.4,80.5,81.1,30,245
20250829,81.2,81.3,79.9,80.1,48,386
20250901,81,81,79.4,81,35,278
20250902,80.5,80.6,79.4,79.7,31,249
20250903,80,81.6,80,81.1,18,146
20250904,81.1,81.5,80,80,24,190
20250905,79.4,80.2,79.4,80,14,115
20250908,78.9,79.4,78.7,78.7,27,215
20250909,80,80,78.5,78.5,34,271
20250910,78.8,79.4,77.8,79.2,63,498
20250911,79.2,79.3,78.2,78.2,37,292
20250912,78.2,78.5,76.3,78.5,48,372
20250915,78.5,79.3,78.5,79,21,168
20250916,79.3,80.5,79.3,80,56,449
20250917,80,80.1,80,80,11,92
20250918,79.7,81,79.7,81,16,131
20250919,79.6,80.6,78.9,80.6,20,162
20250922,79.9,80,79.5,79.5,29,232
20250923,80,80.8,80,80.8,37,299
20250924,80,80.5,79.5,80.5,9,72
20250925,77.7,80.5,77.4,80.5,22,175
20250926,79.6,80,79,79,22,171
20250930,79,79,78.5,78.5,10,80
20251001,78.5,78.5,78,78,15,119
20251002,78,78,75.5,75.5,34,264
20251003,76,77,76,77,35,268
20251007,76.5,77,76,76.6,20,155
20251008,76.6,76.7,76.5,76.6,14,110
20251009,76.2,76.2,75.5,75.7,9,72
20251013,74.9,76.5,73.7,76.5,23,170
20251014,76.5,76.5,76,76,16,125
20251015,77,77,76.3,76.8,19,144
20251016,80,80.3,79,79.9,21,171
20251017,80,80,79.6,79.6,9,72
20251020,80,80,78.2,78.2,18,143
20251021,78.3,78.5,77.8,78.5,30,237
20251022,77.1,78.5,76.6,76.6,22,171
20251023,76.1,76.1,75.5,76,11,87
20251027,76.5,83.6,76.5,78.7,22,176
20251028,79.5,79.5,76.8,76.8,22,171
20251029,76.9,76.9,72.6,75.7,67,507
20251030,74.9,76,74.7,74.7,13,101
20251031,74.8,75.1,74.8,75,18,137
20251103,74.4,75.7,73.2,75,43,317
20251104,75.6,75.6,73.9,73.9,18,133
20251105,73.5,73.7,72.2,72.5,41,297
20251106,72.8,75.8,72.8,75,32,241
20251107,74.6,74.8,73.8,74.8,11,82
20251110,74.8,74.8,73.1,74.2,26,194
20251111,74.3,74.4,74.3,74.3,6,46
20251112,74.3,74.3,73.5,73.5,30,225
20251113,74,74.8,73.8,74.8,24,181
20251114,74.6,74.6,74.3,74.3,9,67
20251117,75,78,75,77.1,19,147
20251118,76,76,72.6,72.8,39,290
20251119,73,73,69.9,70.9,37,264
20251120,71.7,72.1,71.4,71.4,29,207
20251121,70.2,70.9,70.1,70.1,6,44
20251124,71.1,76.7,71.1,74.2,25,185
20251125,74.5,76.3,74,75.8,57,430
20251126,77.3,77.3,76.3,76.6,20,155
20251127,76.3,78.5,75.8,78,53,407
20251128,78,78,76,76.6,42,323
20251201,76.5,76.5,76.3,76.3,3,23
20251202,76.8,78.5,76.7,76.7,34,267
20251203,77.6,77.6,77.6,77.6,7,55
20251204,77.7,77.7,77.4,77.6,6,46
20251205,77.7,78.2,77.5,77.5,11,85
20251208,76.5,77,76.2,76.2,11,81
20251209,76.3,76.3,76,76.1,25,191
20251210,75.6,75.6,75.5,75.5,26,197
20251211,75.8,76,74.5,74.5,32,243
20251212,75.3,75.3,74.8,74.8,34,256
20251215,72,73.3,72,72.1,23,168
20251216,72.8,72.8,71.6,72.3,42,304
20251217,71.2,71.6,71.2,71.5,6,43
20251218,71.7,71.7,71.7,71.7,1,7
20251219,72,73,72,72,16,116
20251222,73.4,74.2,72.7,73.8,43,312
20251223,73.2,73.2,73,73,7,51
20251224,74,80.3,73.8,80.3,100,781
20251226,83,88.1,82.7,86.4,125,1071
20251229,90.8,90.8,84.3,86.1,59,517
20251230,86,86,82.2,82.6,28,232
20251231,85.1,87,84.4,84.6,50,424
20260102,85,86.5,85,85.2,39,336
20260105,84.1,84.2,82.1,82.4,54,449
20260106,83.1,87.4,83,86,111,946
20260107,85.5,86.8,84.1,84.1,89,758
20260108,83.6,83.6,82.2,82.2,31,253
20260109,82.2,82.2,80.5,80.7,71,571
20260112,80.8,82.9,80.8,80.8,43,348
20260113,80.5,80.5,78.3,79,88,698
20260114,79,84.9,79,84,103,856
20260115,83.6,84.9,82.6,84.5,61,510
20260116,84.7,85,83,83.2,40,340
20260119,82,86.6,81.5,85.2,99,841
20260120,85.2,86.8,83.7,85.5,130,1107
20260121,84.1,88,82.2,85.9,278,2400
20260122,91.7,94.4,86.8,94.4,985,9083
20260123,103.5,103.5,100.5,103.5,1088,11254
20260126,113,113,96.5,96.8,1320,13505
20260127,96.7,106,92.5,103.5,1113,11367
20260128,104.5,113.5,103.5,112.5,1384,15324
20260129,112.5,112.5,101.5,101.5,917,9530
20260130,101.5,105.5,97.1,98.5,351,3518
20260202,95.4,95.4,88.9,90.1,242,2223
20260203,93.1,94.8,88.1,89.7,216,1977
20260204,89.2,89.5,86.1,86.8,184,1610
20260205,86.8,88,82.4,83,217,1836
20260206,82.5,84,80,81.4,151,1234
20260209,84,87.4,81.4,87.4,116,970
20260210,89,89,83.8,84.5,177,1525
20260211,83,84.5,82.1,82.9,105,872
20260223,82.5,83.9,82,82,157,1299
20260224,82.1,84.7,82.1,82.5,130,1085
20260225,82.8,83.8,81.7,82.2,122,1007
20260226,83,90.4,82.7,90.4,333,2890
20260302,93,99.4,89.8,94,884,8542
20260303,92.6,96.9,90.2,91.5,454,4218
20260304,89.8,92.4,88,88.1,340,3040
20260305,92,94.3,91.1,92.3,414,3850
20260306,91.8,95.1,89.6,93.8,207,1933
20260309,88.8,88.8,84.6,86.8,133,1147
20260310,88.2,93.3,88.2,89,121,1095
20260311,92,96,91.7,92.2,379,3558
20260312,92.3,93,88.6,90.9,194,1752
20260313,88.9,91.3,88.6,88.6,110,986
20260316,91.3,92.6,88.2,92,130,1180
20260317,95,95.9,91.9,91.9,263,2462
20260318,92.3,93.4,91.9,92.4,132,1225
20260319,92.8,92.8,89.1,89.2,126,1136
20260320,89.2,92.3,89.2,91.6,134,1218
20260323,90,90,86.9,87,157,1379
20260324,89.8,89.8,84.7,86.1,102,882
20260325,86.3,91.6,86.3,89.8,73,655
20260326,91.3,92,88.3,88.3,128,1162
20260327,88,88.1,86.3,87.2,39,340
20260330,87.1,87.1,83.2,83.7,72,606
20260331,82.3,83.8,80.3,80.4,112,917
20260401,83.1,83.2,81.5,82,29,239
20260402,82.1,82.3,80.5,81.2,53,431
20260407,81.4,84,80.5,82.5,40,329
20260408,83.9,87,83.1,87,71,605
20260409,84,84,81,81,128,1048
20260410,80.6,82.2,80.4,82.2,101,822
20260413,82.2,86.8,82.1,83.5,64,537
20260414,83.8,86.1,83.7,84.2,58,491
20260415,86.2,92.5,86,89.8,448,4031
20260416,89.7,90.7,87.9,89,242,2149
20260417,87.6,97.9,87.6,97.9,619,5924
20260420,107.5,107.5,100.5,107.5,1096,11668
20260421,116,116.5,107.5,113,1503,16934
20260422,118,124,117,124,1300,15995
20260423,136,136,113.5,125.5,3698,46921
20260424,121.5,123.5,113,113.5,460,5364
20260427,109,112,102.5,102.5,309,3239
20260428,99.5,109,98.4,109,156,1607
20260429,107,112,106,107,120,1311
20260430,111,111,106.5,109.5,122,1332
20260504,109.5,120,107.5,113,264,3055
20260505,117,121.5,114.5,119,218,2586
20260506,122,122,115,116.5,188,2209
20260507,116.5,121,116,117.5,167,1978
20260508,116,118,112,114,186,2126
20260511,118.5,124,116,119,465,5555
20260512,119,119,109,116.5,592,6703
20260513,114,118.5,111,112,378,4343
20260514,113,114.5,107.5,110.5,525,5789
20260515,113,113,101.5,103,416,4368
20260518,99.2,101,98,99.9,242,2407
20260519,102,102,97,97.1,233,2299
20260520,97.1,99,96,96.2,115,1117
20260521,98.2,100.5,98,98.9,112,1108
20260522,99.5,101,98.9,100,131,1308
20260525,102,104.5,100,103,149,1526
20260526,105,105,100,101,133,1347
20260527,103.5,103.5,97.5,98.1,169,1692
20260528,99.5,101.5,93.9,94.6,187,1812
20260529,95,97,95,95.5,236,2262
20260601,96.4,96.4,93.2,94.9,147,1389
20260602,93.8,94.9,91.1,92.6,182,1682
20260603,92.7,93.9,91,92.6,360,3324
20260604,92.6,92.6,90,91.5,126,1149
20260605,90.4,91.3,87.5,90.2,156,1396
20260608,83.2,86.3,81.7,84.1,232,1950
20260609,85.1,87.6,84.1,85,92,786
20260610,85,88.1,82,82.9,212,1784
20260611,76.3,82.2,76.3,80,306,2424
20260612,79.4,82,79.2,80.4,161,1295
20260615,80.4,85,80.4,83.3,91,750
20260616,83.1,83.7,81.8,82,96,790
20260617,82,82.8,80.5,80.7,108,881
20260618,80.7,83.4,80.4,82.7,62,513
20260622,83.5,84.8,83.4,84.2,66,555
20260623,82.6,82.8,81.7,81.7,75,618
20260624,81.7,83.9,81.2,83.2,94,772
20260625,83.3,83.3,81.8,81.9,65,535
20260626,81.9,82.4,78.8,78.8,142,1138
20260629,76.6,82,76.5,81,247,1966
20260630,83.4,85,80.3,82.4,118,974
20260701,82.4,84.1,80.7,82.5,308,2553
20260702,82.5,82.7,81.2,82.4,81,663
20260703,82,82.8,81.5,81.7,129,1058
20260706,81.5,83.8,79.1,79.1,133,1086
20260707,79.7,87,79.7,86.8,885,7524
20260708,86.8,92.5,82.5,87.7,880,7636
20260709,89.9,91.7,87,87.5,313,2764
20260713,88.5,88.5,80.1,80.2,301,2499
20260714,80.3,80.3,72.2,73.6,420,3091
20260715,74.5,74.5,72.7,73.8,101,741
20260716,73.8,73.9,72.1,72.3,62,452
20260717,71.9,71.9,66,67,216,1474
20260720,68,68.3,63.3,66.8,113,747
20260721,66.8,70.5,66.8,69.4,35,240
20260722,70.1,73.6,70,71.8,63,450
20260723,71.5,71.7,70.3,70.4,47,333
20260724,69,70.2,69,69.9,23,161
20260727,68.2,70.5,68.2,70.5,37,256
20260728,70.5,70.5,66.6,66.7,117,787
20260729,66.5,66.8,62.5,65.5,152,977
20260730,66,67.1,64.1,66.7,41,270
20260731,68.6,71.7,67.9,71.5,51,356
20260803,71.8,72.4,68.8,70.7,54,384
20260804,73.2,73.2,70,71.5,53,378
20260805,71.1,72.9,71.1,72.9,96,692
20260806,72.3,77.5,71.5,76.1,141,1054
20260807,76.4,77.3,76,76.1,44,337
20260810,82.7,83.7,80,82.4,250,2066
20260811,79.4,81.5,79.4,80.4,45,362
20260812,79.1,82,79,81.1,48,390
20260813,80.3,82,80.3,81.8,22,179
20260814,82.9,83,79,81.4,48,386
20260817,79.3,82.5,79.3,82.4,39,319
20260818,82.4,82.4,77.8,78,39,310
20260819,75.4,79.4,75.3,78.9,42,328
20260820,79,81.1,79,79.3,12,96
20260821,79,80.2,78.9,79.1,20,159
20260824,81.4,81.4,78,79.4,44,350
20260825,78.8,79.6,77.8,79.6,20,157
20260826,80.4,81.7,77.5,81.2,49,393
20260827,81.5,81.5,80.8,81.5,29,235
20260828,81,82,80.9,80.9,23,187
20260831,80.8,81.1,80,81.1,12,96
20260901,80.8,82.8,79.8,82.8,42,343
20260902,83.8,87.6,82.8,85.7,148,1270
20260903,87.5,89,84.5,84.5,155,1342
20260904,84.7,86.3,84.7,85.4,32,274
20260907,86.8,87,83.8,84.4,20,171
20260908,84.4,85.4,83.2,83.8,152,1277
20260909,83.8,85,82.4,84.9,46,383
20260910,83.6,83.6,83.2,83.2,10,83
20260911,81.6,82.3,80,81.5,35,284
20260914,81.5,82.2,81.5,81.6,19,155
20260915,80.8,80.8,79.3,79.7,14,112
20260916,78.7,81,78.7,81,13,104
20260917,81.7,81.7,79.3,79.6,11,88
20260918,81.4,82,79.6,81.8,22,178
