# date,open,high,low,close,lot,wan
20250814,703,739,692,725,8401,601324
20250815,730,797,730,797,8696,657656
20250818,804,874,804,850,10320,866984
20250819,855,873,813,820,8109,680555
20250820,801,830,795,796,5340,432924
20250821,819,845,795,811,6322,520245
20250822,825,834,774,775,5153,412233
20250825,817,852,812,852,4701,392625
20250826,862,882,842,872,8549,738308
20250827,889,925,880,881,7900,712103
20250828,885,897,861,867,3626,318089
20250829,900,943,893,924,7438,680584
20250901,914,979,883,921,10962,1015124
20250902,944,997,928,979,10337,990911
20250903,986,1000,953,989,7497,736840
20250904,1000,1020,957,960,6776,665208
20250905,985,1010,933,934,8364,810209
20250908,960,975,935,946,4616,440086
20250909,956,956,914,917,4065,378834
20250910,928,931,897,912,3875,353989
20250911,913,934,904,905,3964,363077
20250912,917,926,893,901,3071,278548
20250915,906,906,848,864,4780,415107
20250916,872,884,851,854,2516,217369
20250917,856,870,843,844,2493,213112
20250918,848,848,808,815,4061,333265
20250919,819,857,813,813,5620,467401
20250922,820,843,817,840,3577,297149
20250923,857,862,823,826,3419,286142
20250924,830,833,811,828,1914,157537
20250925,824,831,781,781,3469,277325
20250926,780,786,753,765,2672,204442
20250930,771,795,758,793,2085,163001
20251001,797,808,791,800,2321,185967
20251002,807,816,792,799,2065,166226
20251003,800,841,794,829,2853,234436
20251007,836,908,821,878,5359,462661
20251008,870,928,868,909,7414,668366
20251009,925,928,884,887,4485,406386
20251013,840,899,840,885,3900,342338
20251014,904,915,797,797,6712,566489
20251015,805,814,775,778,4017,316774
20251016,779,797,766,771,4447,346707
20251017,766,807,761,793,3921,309178
20251020,800,872,798,857,7308,621446
20251021,872,872,834,834,4815,410659
20251022,830,841,807,809,3683,302292
20251023,800,814,792,794,2239,178942
20251027,815,873,815,873,6132,520917
20251028,880,958,879,946,13492,1246347
20251029,987,994,964,981,8702,854554
20251030,995,1005,920,943,8261,786792
20251031,952,979,937,939,4336,412711
20251103,946,960,932,953,3060,290153
20251104,954,956,890,890,3695,338409
20251105,865,890,857,881,3143,274506
20251106,906,923,891,902,3826,347243
20251107,898,915,888,888,3274,295236
20251110,896,963,882,934,5483,508341
20251111,945,959,903,913,6049,561648
20251112,923,962,920,947,6169,583544
20251113,950,1040,940,1040,9887,979352
20251114,1010,1045,976,995,7226,728291
20251117,1020,1090,991,1090,7179,756033
20251118,1080,1085,1005,1030,6295,661162
20251119,1035,1055,997,1005,4322,441203
20251120,1070,1105,1065,1105,4130,452537
20251121,1055,1145,1050,1120,7972,881712
20251124,1180,1230,1150,1230,4878,584353
20251125,1260,1345,1230,1310,8907,1144830
20251126,1315,1360,1295,1315,5525,733768
20251127,1345,1365,1255,1255,5637,730052
20251128,1245,1250,1185,1190,5129,621916
20251201,1200,1215,1175,1180,992,118675
20251202,1200,1240,1200,1230,1178,144180
20251203,1245,1300,1245,1250,1007,127805
20251204,1265,1265,1200,1200,784,95195
20251205,1210,1230,1185,1185,696,83394
20251208,1200,1225,1175,1200,558,67005
20251209,1205,1240,1185,1200,653,79420
20251210,1225,1250,1210,1250,818,100908
20251211,1225,1310,1225,1260,1258,160291
20251212,1285,1340,1260,1340,1034,134602
20251215,1310,1430,1305,1410,1308,180900
20251216,1435,1435,1270,1335,1680,223856
20251217,1350,1385,1215,1215,5029,651049
20251218,1205,1230,1105,1110,4923,569767
20251219,1190,1220,1135,1155,5432,637901
20251222,1175,1210,1175,1185,2324,276663
20251223,1205,1240,1180,1205,3341,403264
20251224,1220,1315,1210,1295,4928,627006
20251226,1320,1340,1290,1315,3184,417677
20251229,1320,1325,1275,1280,1924,249679
20251230,1275,1395,1275,1375,4711,635927
20251231,1380,1440,1345,1360,4821,668337
20260102,1385,1420,1365,1380,2959,411605
20260105,1390,1395,1320,1325,3014,405544
20260106,1330,1345,1265,1300,3432,446662
20260107,1325,1350,1295,1295,2551,337009
20260108,1300,1380,1285,1330,3421,458899
20260109,1335,1405,1300,1400,3973,538402
20260112,1390,1450,1355,1415,5648,794482
20260113,1445,1455,1330,1340,4526,620616
20260114,1370,1400,1320,1360,3851,519829
20260115,1355,1370,1300,1320,2438,323539
20260116,1330,1355,1240,1255,3743,480987
20260119,1255,1260,1200,1235,2135,262263
20260120,1235,1310,1235,1270,3661,467272
20260121,1270,1355,1250,1250,4650,604049
20260122,1290,1310,1270,1295,2467,318381
20260123,1325,1370,1290,1355,4939,661186
20260126,1365,1375,1295,1300,3291,437371
20260127,1430,1430,1430,1430,2233,319353
20260128,1570,1570,1570,1570,1578,247803
20260129,1630,1725,1620,1725,5914,1007809
20260130,1755,1845,1705,1785,8150,1447580
20260202,1745,1770,1680,1710,4005,692941
20260203,1770,1860,1710,1830,5928,1054675
20260204,1830,1860,1780,1860,1146,207665
20260205,1850,1850,1750,1755,1143,204516
20260206,1660,1710,1595,1695,1160,191827
20260209,1800,1860,1755,1850,1048,190096
20260210,1900,2000,1880,1985,1318,256786
20260211,1930,2000,1900,1950,1009,196137
20260223,1990,2085,1990,2035,984,200866
20260224,2060,2090,1985,2030,918,187538
20260225,2010,2080,1980,2080,985,198070
20260226,2105,2260,2065,2145,1361,294437
20260302,2030,2355,2030,2355,3958,894084
20260303,2430,2540,2300,2330,5487,1328246
20260304,2235,2270,2100,2100,3961,851769
20260305,2220,2220,1960,1985,6795,1409824
20260306,1940,2075,1895,1895,5169,1023967
20260309,1710,1710,1710,1710,222,37895
20260310,1770,1770,1615,1705,1309,217033
20260311,1735,1840,1735,1810,933,169153
20260312,1780,1795,1685,1690,1042,179043
20260313,1625,1695,1625,1690,680,114532
20260316,1710,1800,1700,1735,697,122028
20260317,1740,1755,1680,1685,823,141427
20260318,1725,1850,1725,1850,593,107363
20260319,1850,1940,1850,1930,518,99636
20260320,2005,2045,2005,2045,804,162655
20260323,1905,2020,1850,1850,3093,598091
20260324,1960,2030,1855,1935,3750,735313
20260325,2085,2125,2060,2125,2313,487957
20260326,2085,2270,2070,2080,4950,1070905
20260327,1990,2175,1970,2115,2495,514706
20260330,2070,2135,1980,2110,2405,498469
20260331,2025,2045,1900,1900,2987,588549
20260401,2030,2090,2005,2030,2569,525941
20260402,2095,2180,1985,2000,3800,791262
20260407,2075,2160,2045,2095,2764,581491
20260408,2235,2255,2125,2165,3063,670404
20260409,2180,2245,2110,2115,2783,605739
20260410,2170,2325,2120,2325,3476,779235
20260413,2380,2400,2170,2230,4704,1060245
20260414,2260,2275,2050,2075,4266,909606
20260415,2160,2220,2080,2090,4826,1038964
20260416,2115,2140,2030,2075,2824,586774
20260417,2110,2215,2110,2155,4884,1060100
20260420,2210,2370,2190,2370,4615,1062928
20260421,2405,2460,2240,2340,5606,1314423
20260422,2320,2320,2225,2240,1105,250027
20260423,2295,2310,2020,2020,2224,464337
20260424,2020,2050,1820,1880,2252,427580
20260427,1940,1940,1700,1775,2688,473746
20260428,1835,1930,1835,1905,1633,307902
20260429,1870,2015,1870,2005,1380,273114
20260430,2050,2115,2050,2110,1416,297177
20260504,2220,2220,2060,2085,1222,256702
20260505,2115,2115,2020,2060,910,186025
20260506,2070,2070,1860,2060,1612,316686
20260507,2075,2125,1950,2095,2671,546554
20260508,2050,2065,1965,1965,2514,503855
20260511,1935,1990,1870,1950,3829,736043
20260512,2050,2120,1905,1905,3779,751676
20260513,1870,1930,1725,1805,4461,804885
20260514,1860,1875,1780,1855,2071,381690
20260515,1890,1890,1700,1740,3265,581727
20260518,1700,1840,1690,1815,2268,405395
20260519,1830,1880,1720,1740,2581,460625
20260520,1765,1840,1755,1770,1859,333250
20260521,1825,1830,1730,1785,2943,523328
20260522,1830,1930,1830,1875,3555,667280
20260525,1900,2060,1830,2060,5252,1037760
20260526,2115,2265,1990,2265,7119,1530371
20260527,2280,2305,2040,2040,6268,1363878
20260528,2025,2025,1890,1895,4531,880149
20260529,1940,1940,1845,1845,3193,597949
20260601,1855,1930,1835,1885,1937,366783
20260602,1925,1960,1860,1880,2489,472707
20260603,1985,2065,1985,2065,2930,602046
20260604,1950,2200,1950,2145,5777,1195947
20260605,2120,2170,2000,2055,4582,956972
20260608,1850,1970,1850,1970,1146,217047
20260609,2030,2115,2000,2100,1111,229080
20260610,2075,2090,1890,1890,1710,337322
20260611,1960,1960,1705,1820,1547,274037
20260612,1900,1900,1820,1855,861,159651
20260615,1910,1945,1885,1920,601,115391
20260616,1940,1955,1875,1875,749,142800
20260617,1835,1895,1825,1835,624,115519
20260618,1860,1950,1840,1945,658,127070
20260622,2005,2120,1950,2085,1557,315593
20260623,2100,2180,1975,1980,3745,771445
20260624,1965,2035,1930,1935,2077,409587
20260625,1980,1995,1825,1865,2385,450679
20260626,1830,1950,1680,1680,3965,704681
20260629,1630,1645,1575,1600,2625,422402
20260630,1640,1660,1590,1640,1815,295872
20260701,1665,1675,1570,1575,2080,333440
20260702,1530,1640,1485,1635,2213,346164
20260703,1595,1685,1585,1640,1790,294586
20260706,1675,1690,1580,1595,1362,220990
20260707,1615,1710,1535,1540,2544,416698
20260708,1590,1620,1440,1485,3526,530519
20260709,1525,1555,1460,1480,1368,205912
20260713,1465,1475,1335,1375,2383,332951
20260714,1380,1425,1250,1315,2674,349652
20260715,1360,1430,1305,1430,1913,264651
20260716,1400,1405,1340,1350,1024,139711
20260717,1280,1325,1230,1300,2497,322955
20260720,1300,1305,1170,1220,2422,296460
20260721,1260,1280,1210,1260,1464,181622
20260722,1350,1385,1325,1385,1078,148085
20260723,1385,1495,1370,1390,4019,575699
20260724,1365,1475,1320,1325,3658,511269
20260727,1345,1385,1305,1330,1828,243940
20260728,1250,1300,1230,1230,1917,242255
20260729,1230,1230,1110,1110,1786,202784
20260730,1010,1145,1000,1050,2965,318544
20260731,1155,1155,1120,1155,869,99587
20260803,1175,1270,1175,1270,1374,170743
20260804,1315,1395,1310,1395,2290,310665
20260805,1450,1495,1365,1370,6004,860403
20260806,1370,1420,1335,1415,3472,478106
20260807,1405,1440,1300,1325,2465,336727
20260810,1380,1455,1375,1425,2941,419678
20260811,1380,1470,1365,1450,2269,322661
20260812,1470,1595,1470,1595,2992,466963
20260813,1635,1670,1545,1565,5054,812594
20260814,1550,1620,1530,1560,2590,406547
20260817,1605,1635,1540,1630,2844,451286
20260818,1650,1705,1530,1555,4607,745908
20260819,1480,1575,1475,1530,1998,306070
20260820,1540,1590,1515,1555,2166,336523
20260821,1570,1600,1500,1525,2174,334888
20260824,1510,1540,1460,1460,1112,166246
20260825,1440,1605,1430,1605,2225,337110
20260826,1620,1675,1575,1610,4260,696500
20260827,1645,1695,1585,1595,2934,479531
20260828,1615,1645,1600,1615,1411,228090
20260831,1575,1655,1560,1630,3517,567945
20260901,1630,1655,1610,1635,1814,295623
20260902,1645,1795,1640,1795,5148,895403
20260903,1840,1920,1770,1770,7870,1460577
20260904,1860,1875,1655,1755,4006,703967
20260907,1770,1790,1700,1700,2021,351658
20260908,1705,1775,1690,1695,1851,320041
20260909,1760,1860,1700,1700,3488,620929
20260910,1720,1825,1705,1800,4008,710658
20260911,1740,1750,1670,1670,2086,356209
20260914,1620,1685,1575,1590,1802,291651
20260915,1580,1595,1505,1510,2408,371638
20260916,1515,1610,1515,1575,2503,393163
20260917,1615,1635,1495,1510,2347,365255
20260918,1545,1575,1510,1575,1888,292080
