# date,open,high,low,close,lot,wan
20250814,169.5,176.5,168.5,172.5,4931,85136
20250815,173.5,174,168.5,169.5,2536,43191
20250818,168.5,169,164.5,164.5,1965,32642
20250819,165.5,169,162.5,163,1661,27389
20250820,160.5,161.5,155,155,1550,24371
20250821,156.5,162.5,156.5,158.5,1134,18057
20250822,158.5,160,154.5,154.5,899,14104
20250825,159.5,169,158.5,168,2147,35323
20250826,167.5,172,165,168,2148,36101
20250827,171.5,173,169,170.5,2142,36657
20250828,170,170,164,165,1588,26381
20250829,166.5,171,165,165,1322,22165
20250901,164,166.5,159,160.5,1068,17279
20250902,162,162.5,157,161,796,12715
20250903,159.5,161.5,158,158,492,7837
20250904,162,164,157,157,756,12053
20250905,161,165.5,160.5,161,1177,19139
20250908,165.5,173,165.5,167.5,3588,60819
20250909,166,166,158.5,161,2640,42774
20250910,161.5,162.5,159,159,808,12962
20250911,160,162,157,158,889,14135
20250912,159,168,159,160.5,2088,34122
20250915,159.5,159.5,154.5,156.5,771,12092
20250916,156.5,159,156.5,158,341,5374
20250917,157,161,156,158.5,486,7708
20250918,160,162.5,159,162,675,10869
20250919,161.5,166.5,161.5,162.5,1424,23331
20250922,163,166,162.5,165.5,898,14778
20250923,166,170,164.5,164.5,1981,33215
20250924,165,165,158,159.5,1043,16713
20250925,159.5,161,158,158.5,370,5885
20250926,157.5,157.5,150,152,969,14802
20250930,153,155.5,151.5,155.5,397,6099
20251001,155.5,156.5,152,153,526,8078
20251002,153,155.5,151,151.5,498,7632
20251003,151.5,152,150,150,385,5812
20251007,152,154,149,153,420,6372
20251008,150,153,149,153,361,5445
20251009,154.5,156.5,150,150,460,7050
20251013,138.5,143.5,138.5,141,1284,18153
20251014,145,148.5,136.5,137,1632,23194
20251015,138.5,139,136.5,137.5,429,5918
20251016,139,144.5,139,143,631,9006
20251017,142,142.5,139,139,425,5958
20251020,140,145,140,143.5,637,9145
20251021,144.5,146.5,144,145,563,8172
20251022,143.5,144.5,142,143,332,4747
20251023,141,141.5,139,140,391,5485
20251027,142.5,142.5,140,140.5,311,4393
20251028,140.5,148,139.5,145,1082,15653
20251029,147,148,145,147,651,9524
20251030,148,149.5,141,141.5,828,11905
20251031,142,144,140.5,143.5,313,4462
20251103,143.5,157.5,143.5,157.5,2933,45383
20251104,158.5,161,150,150,2260,35288
20251105,147,150,145,149,789,11598
20251106,150.5,159,150.5,153,1289,19845
20251107,152.5,153.5,147.5,149,568,8525
20251110,154,155,148.5,152.5,886,13429
20251111,152.5,153.5,146,146.5,757,11306
20251112,156,158,151,151.5,1404,21667
20251113,152,154,149.5,153,660,10042
20251114,151,151.5,147,147.5,616,9165
20251117,148,149.5,145,147,546,8055
20251118,145.5,146.5,140,140.5,559,8007
20251119,140,141,135,135.5,610,8379
20251120,140,142.5,138.5,140.5,640,9006
20251121,138,140.5,133,133.5,652,8871
20251124,137,140.5,135,140.5,619,8562
20251125,143,145.5,141.5,143,989,14192
20251126,148,155.5,146.5,150,3027,45865
20251127,156,158,153,154.5,2095,32518
20251128,153.5,169.5,152.5,166,4589,75205
20251201,167,168,156,157,3384,54670
20251202,160,160,155.5,156,1146,18058
20251203,157,161.5,156,161.5,1626,25908
20251204,161.5,162.5,156.5,158.5,1046,16623
20251205,157,158.5,155,157,573,8958
20251208,157,162,156.5,160,805,12877
20251209,159,169,158,167,3422,56909
20251210,170.5,179.5,168.5,172,7495,130813
20251211,176.5,179.5,172.5,172.5,5086,89725
20251212,173.5,176,169,176,2316,39982
20251215,170,171.5,166.5,168,1805,30484
20251216,166,166,157.5,159.5,1504,24263
20251217,161,161,157.5,158,639,10164
20251218,157,159.5,154,154,778,12163
20251219,157,160,155,155.5,801,12584
20251222,157.5,163,157.5,163,783,12608
20251223,165,167,163.5,166.5,1230,20337
20251224,168,171,166,168.5,1411,23782
20251226,169,170.5,164.5,164.5,1325,22113
20251229,165,165,157,157.5,1336,21240
20251230,156.5,162,156.5,160.5,752,11986
20251231,161,168,159.5,166,1557,25736
20260102,167.5,170.5,163,164.5,1473,24564
20260105,165,165.5,157,158.5,1250,19952
20260106,158.5,159.5,156,156.5,770,12129
20260107,158,159.5,154.5,155,909,14163
20260108,155,157,153,154.5,734,11365
20260109,153.5,153.5,149.5,153,832,12606
20260112,155.5,155.5,153,154,467,7183
20260113,155.5,155.5,147.5,148.5,830,12458
20260114,149.5,153.5,149.5,152,511,7765
20260115,152,152,149.5,149.5,337,5065
20260116,151,152.5,148,148,543,8126
20260119,147.5,150.5,145.5,146,728,10691
20260120,146,151.5,145,146.5,1032,15329
20260121,146,158,145.5,152.5,1857,28374
20260122,154,156.5,150,152,1133,17300
20260123,151.5,152.5,147,148,706,10508
20260126,148,150,146.5,146.5,518,7634
20260127,149,152.5,148,148.5,962,14414
20260128,150.5,160.5,150.5,159.5,2932,45972
20260129,162,170,159,169.5,6090,100158
20260130,169,176.5,160.5,161,5777,96689
20260202,158.5,173.5,153,172.5,4100,67322
20260203,183.5,189.5,179.5,189.5,4253,79738
20260204,195.5,208,191,208,10470,212284
20260205,205.5,222,196.5,198,17121,358347
20260206,192.5,198,178.5,178.5,6756,124827
20260209,185,186,173,173,4532,80903
20260210,174,178,169,177.5,3446,60015
20260211,177.5,177.5,166,166,3253,54982
20260223,169,182.5,167.5,182.5,2800,49752
20260224,182.5,200.5,180,200.5,6053,117923
20260225,215,218,205.5,211,6443,136880
20260226,217,222,209,209,7343,157658
20260302,200,215.5,196,204.5,5195,107329
20260303,209.5,219,197,207.5,8055,167756
20260304,201.5,202,187,187,3801,72487
20260305,195.5,202,185.5,195,5561,108267
20260306,187,196.5,184,190,3137,60020
20260309,171,175,171,171,2479,42437
20260310,175,177,167.5,172.5,2951,50981
20260311,177,189.5,176.5,189.5,2014,37091
20260312,192,203.5,191.5,196,4021,79383
20260313,188,215.5,188,215.5,6107,126689
20260316,220,237,206,237,12507,280781
20260317,259,260.5,254,260.5,3391,88114
20260318,263.5,286,241.5,279,15936,422508
20260319,266,283,262,272,8967,245948
20260320,280,287,269,274.5,2272,62992
20260323,261.5,281.5,261.5,280.5,2643,72811
20260324,298,301.5,266,290,4177,121271
20260325,310,319,310,319,1649,52153
20260326,319,350.5,319,332,3686,124163
20260327,319,365,317.5,365,2594,89766
20260330,347,350,328.5,328.5,3822,127084
20260331,310,320,296,296,2411,72966
20260401,319,322.5,297,305,2599,80193
20260402,307.5,317,295.5,295.5,1815,54721
20260407,316,325,288,325,8929,277163
20260408,357.5,357.5,357,357.5,1159,41423
20260409,393,393,393,393,1228,48259
20260410,412.5,432,396,432,12125,504243
20260413,442,475,417,475,9990,449144
20260414,499,520,467.5,476,11152,546285
20260415,467,470,456,456,915,42222
20260416,460,501,454,494,1107,53514
20260417,501,530,501,505,969,49875
20260420,500,507,488,507,922,46052
20260421,516,516,474,474,1023,49172
20260422,474,503,474,496,642,31614
20260423,493.5,493.5,446.5,446.5,789,36087
20260424,441,448,402,402,1408,57936
20260427,396,396,362,379.5,1650,60723
20260428,383.5,409.5,363.5,405,771,29850
20260429,399.5,415,397,397.5,672,27130
20260430,410,431.5,410,431,921,39201
20260504,456,474,435,474,1270,58210
20260505,521,521,484.5,521,10742,549007
20260506,531,556,469,477.5,9570,477641
20260507,480,512,455.5,490,6310,308004
20260508,478,490,441,441,5839,266478
20260511,423,468,423,455.5,3986,180105
20260512,465,479,443.5,456.5,6956,322995
20260513,446,481,446,478,6745,316207
20260514,484,525,471.5,525,10570,539832
20260515,546,577,546,577,6260,356519
20260518,569,583,520,520,7779,425249
20260519,520,520,472,484,7176,352491
20260520,485,494,476,485.5,4243,206085
20260521,495.5,523,492.5,499,4554,229986
20260522,516,533,502,524,4693,244099
20260525,549,576,544,576,3614,205919
20260526,600,633,556,632,9342,558056
20260527,634,653,583,602,7795,480645
20260528,602,617,563,569,5291,310695
20260529,587,591,561,570,4137,237439
20260601,573,627,573,627,5781,357100
20260602,656,689,645,659,10771,727410
20260603,702,724,702,724,3420,245909
20260604,700,756,676,680,11188,802574
20260605,660,739,644,666,10262,705367
20260608,600,615,600,600,2760,166219
20260609,608,635,588,616,6576,403109
20260610,583,613,555,555,5744,330120
20260611,545,545,499.5,499.5,7505,383727
20260612,530,530,500,502,4236,217341
20260615,530,544,508,524,3462,180957
20260616,540,576,535,549,8528,477785
20260617,539,555,535,543,2658,144778
20260618,543,573,534,561,4037,224555
20260622,570,617,561,617,7204,426381
20260623,636,648,595,596,8726,542101
20260624,589,643,589,631,7621,474774
20260625,645,678,605,614,8931,572775
20260626,609,646,553,598,11870,716355
20260629,597,638,563,563,8466,510827
20260630,578,585,563,568,3995,229236
20260701,582,583,522,524,4917,267199
20260702,512,537,504,522,3344,174680
20260703,512,555,510,543,4119,221322
20260706,547,552,513,521,3064,162802
20260707,526,570,492,496.5,5730,305488
20260708,506,540,481,525,5618,286921
20260709,530,544,517,518,3553,187846
20260713,524,529,478.5,490,3636,181930
20260714,491.5,502,441,446.5,4192,192361
20260715,461.5,491,449,491,2591,123675
20260716,493.5,510,477,477,3649,177725
20260717,458,461.5,429.5,429.5,1959,85540
20260720,413,421,387,395.5,3819,152013
20260721,404.5,435,402.5,435,2245,94565
20260722,473,477.5,443,444,2714,124379
20260723,454.5,479,440,445.5,2929,134458
20260724,441.5,484,434,437.5,4638,214384
20260727,440,443.5,415.5,422.5,2714,116963
20260728,381,409.5,380.5,380.5,2754,108027
20260729,380.5,385.5,342.5,342.5,2948,104603
20260730,308.5,351.5,308.5,322,4829,158618
20260731,354,354,335,341,3847,131794
20260803,338,375,338,374.5,3330,121814
20260804,384,398,372,391,5223,201572
20260805,430,430,430,430,1939,83357
20260806,428,468.5,411.5,452,9223,406025
20260807,452,475,419.5,421,7328,325900
20260810,439.5,462.5,439.5,456,4550,205810
20260811,437,446,420,433,1159,50017
20260812,433.5,455,428.5,451,1158,51590
20260813,458,458,436,436,1275,56535
20260814,436,436,420.5,425.5,825,35052
20260817,433.5,458.5,426.5,458.5,1447,64532
20260818,470.5,474.5,419.5,421,6411,285963
20260819,391.5,457.5,391.5,414,6896,296284
20260820,420,441.5,411.5,437,6391,274196
20260821,431,438,413,418,4509,190128
20260824,416,423.5,400,400,2696,110255
20260825,396,426.5,384.5,423,2792,112519
20260826,423,463.5,420,454.5,6516,293943
20260827,456,471.5,434,452,10343,469934
20260828,456,462.5,441,453.5,5525,250005
20260831,443.5,456,426,456,3770,166558
20260901,453.5,469.5,442,455,5338,243850
20260902,453,500,447.5,500,10313,497039
20260903,505,505,450,450,13900,657919
20260904,455.5,459.5,440.5,449,5030,226687
20260907,459,477,447,448.5,5515,253523
20260908,457,458,433,435,2690,119360
20260909,435,451.5,423.5,427,3734,162423
20260910,427,441,421,425,2690,115866
20260911,420,420,408,409.5,1880,77720
20260914,400,428,397,417.5,2234,92342
20260915,412.5,418.5,393.5,394,2302,93243
20260916,400.5,427,399.5,421,3128,130766
20260917,423,442,418,419,4393,187994
20260918,427.5,443.5,421,443.5,4028,175054
20260921,443.5,444.5,434,434,1711,74884
20260922,446.5,450,425,425,2127,92732
20260923,430,432.5,415,416,1320,55516
