# date,open,high,low,close,lot,wan
20250814,318,323,317.5,321.5,452,14540
20250815,322.5,325,319,322.5,329,10625
20250818,322.5,323,316,317.5,316,10078
20250819,317.5,319,315.5,316,155,4923
20250820,315,316,310,310.5,247,7724
20250821,310.5,316,310.5,315,74,2341
20250822,314,318,312,316.5,199,6275
20250825,317,319.5,316.5,318.5,156,4957
20250826,317,319.5,316.5,317.5,165,5245
20250827,318,320,317,317.5,132,4187
20250828,317.5,323.5,317.5,322,484,15580
20250829,323,323.5,318,318.5,226,7233
20250901,317.5,317.5,310.5,312.5,223,6983
20250902,312.5,318.5,312.5,318,219,6924
20250903,320,326,318,325.5,572,18526
20250904,326.5,327.5,322,323.5,279,9032
20250905,324.5,326,321.5,323,216,6961
20250908,323,329,323,326.5,540,17653
20250909,327,327.5,316.5,319,526,16799
20250910,318.5,320,314.5,316,344,10867
20250911,317,317,310,311,476,14855
20250912,311.5,312,308.5,310,339,10522
20250915,311,312.5,308.5,309,130,4046
20250916,309,311,304,307,298,9179
20250917,307,311,306,306.5,201,6180
20250918,308,317.5,308,316,363,11391
20250919,316,320,315.5,318,296,9403
20250922,318,318.5,314.5,317.5,138,4355
20250923,317,318,315,316,133,4224
20250924,317,320.5,313.5,314,223,7050
20250925,314.5,319.5,314.5,319,171,5421
20250926,319,319,314,315,146,4599
20250930,316,321.5,316,319.5,208,6630
20251001,319,320.5,316,316,105,3350
20251002,317,318,315.5,317,62,1979
20251003,317,321,316.5,317,232,7401
20251007,317,319.5,312.5,312.5,312,9809
20251008,312,312,308.5,310.5,173,5368
20251009,312,314.5,309,309.5,217,6752
20251013,301.5,307,296.5,306,278,8368
20251014,307,309.5,301,302,205,6259
20251015,303,303,299,299.5,231,6947
20251016,304,306,302,306,119,3629
20251017,306,308,303.5,305.5,104,3171
20251020,305,307.5,303.5,306,167,5098
20251021,307.5,317.5,307.5,314,517,16236
20251022,314,317.5,314,317,166,5252
20251023,315.5,319,314.5,318.5,209,6633
20251027,321,329,320,325.5,1049,34077
20251028,319,319.5,311.5,314,809,25478
20251029,318.5,322.5,317,321.5,384,12278
20251030,324,334.5,324,330,1176,38960
20251031,335,345,332,340.5,673,22792
20251103,349,352.5,341,349,858,29846
20251104,352,352,344.5,348,719,25052
20251105,343,348,340,348,447,15383
20251106,351,351,337,337.5,488,16611
20251107,335,339,333.5,336,167,5604
20251110,336,336,332,336,276,9235
20251111,336.5,342.5,336.5,339.5,269,9125
20251112,340,340.5,337.5,339.5,157,5331
20251113,339,339,333,335,219,7344
20251114,335,335,330.5,330.5,162,5367
20251117,330.5,330.5,320,322,285,9232
20251118,321,322,313.5,316.5,326,10326
20251119,316.5,316.5,310.5,310.5,203,6358
20251120,317,317,312.5,315.5,165,5178
20251121,310.5,310.5,302,305.5,272,8298
20251124,310,310.5,303.5,308,209,6440
20251125,310,311.5,308,311,142,4418
20251126,310.5,316,310.5,314,135,4217
20251127,315.5,316,311.5,313.5,142,4446
20251128,313.5,313.5,309.5,310.5,210,6519
20251201,309,310.5,305.5,307,144,4436
20251202,307,312,306.5,308,164,5077
20251203,307,307,303,305,245,7459
20251204,305,306,303.5,305,124,3788
20251205,305,305,299,300,414,12442
20251208,299,299,292,292.5,544,16028
20251209,292.5,293.5,289,290,376,10921
20251210,288,290.5,288,288.5,245,7075
20251211,289,292,287.5,289.5,248,7172
20251212,290.5,293,287,288,224,6486
20251215,285.5,286.5,283,286.5,132,3768
20251216,283,288,281.5,282,342,9691
20251217,283.5,284.5,279.5,280,283,7946
20251218,280,280.5,277.5,278,157,4381
20251219,278.5,282.5,278.5,281.5,98,2749
20251222,282.5,283,279.5,280.5,210,5911
20251223,281,284.5,280,281.5,163,4579
20251224,282,283.5,279,280,174,4863
20251226,280.5,282,278,282,114,3177
20251229,282,282,278.5,281.5,297,8319
20251230,280,285.5,277,283.5,388,10855
20251231,282,285.5,279.5,285,394,11130
20260102,286,286,281,281,230,6497
20260105,283,283,277,278,335,9332
20260106,278.5,281.5,278,280,194,5416
20260107,280.5,284,280.5,283,235,6648
20260108,285,293,283,290,505,14571
20260109,289,291,285.5,288,181,5203
20260112,288,288,285.5,287,157,4498
20260113,287,288.5,283,283,243,6930
20260114,285,288.5,285,287.5,230,6597
20260115,287,288.5,285.5,285.5,95,2712
20260116,286,286,283,283,191,5425
20260119,282.5,285.5,281.5,282,200,5661
20260120,283,286,282,282.5,206,5832
20260121,282,282.5,279,279,310,8687
20260122,281.5,281.5,277,280,263,7344
20260123,280,286.5,280,286.5,194,5528
20260126,286,288,283,287.5,130,3734
20260127,289,293,287,287,228,6588
20260128,288,288.5,283,283.5,253,7200
20260129,285.5,287.5,281,286,282,8026
20260130,284,290,280.5,290,520,14898
20260202,289.5,289.5,280.5,282,445,12560
20260203,290,294,286,289.5,412,11928
20260204,293,296,285,285.5,568,16486
20260205,284,290,284,287.5,174,5011
20260206,288.5,289,281,288.5,311,8875
20260209,290.5,291,283.5,283.5,205,5883
20260210,286.5,291.5,285.5,291,320,9271
20260211,286.5,287.5,283,284.5,503,14295
20260223,287,295,286,294.5,527,15378
20260224,295.5,298,292.5,294.5,223,6552
20260225,295.5,298,293.5,294.5,223,6561
20260226,298,302,295,296,417,12465
20260302,290,293.5,286.5,293,260,7582
20260303,293,293.5,286,286,290,8351
20260304,282.5,283.5,277,277.5,445,12399
20260305,285,286,280,285.5,213,6050
20260306,282.5,285,281,282.5,111,3136
20260309,275,278.5,270.5,277,354,9746
20260310,282,282.5,278.5,280,172,4836
20260311,281,284.5,281,281,90,2537
20260312,280,282,278,280,141,3933
20260313,277,279.5,275,278,132,3687
20260316,278,282.5,277,279,139,3879
20260317,283.5,285.5,282,283,188,5324
20260318,285.5,286.5,280,280.5,230,6501
20260319,281,281,274,274.5,558,15383
20260320,274.5,283,273.5,281,567,15793
20260323,274.5,281.5,274,280,306,8547
20260324,284,287,281,284.5,540,15329
20260325,288,288,278.5,278.5,448,12551
20260326,281,281,276.5,278.5,251,6971
20260327,276,281,276,279.5,221,6147
20260330,276,281,276,280,247,6889
20260331,281.5,281.5,274,277,285,7926
20260401,279.5,282,277.5,281.5,195,5460
20260402,284,290,281.5,290,471,13523
20260407,290.5,296,289,290.5,504,14693
20260408,293.5,294.5,287.5,293,401,11652
20260409,294.5,296.5,291.5,293,468,13741
20260410,294.5,298,287,287,419,12275
20260413,289,289,284.5,286,212,6059
20260414,286.5,292,286,288.5,522,15073
20260415,292,292,288,291.5,342,9914
20260416,292.5,294.5,289.5,294.5,378,11035
20260417,296,297.5,292,293.5,478,14075
20260420,293,294.5,287,288,321,9329
20260421,289,289,281,283.5,547,15581
20260422,282,288.5,279,287.5,548,15506
20260423,287.5,290.5,280,286,524,14867
20260424,286.5,289.5,281.5,283.5,284,8082
20260427,284,288,280.5,286.5,286,8130
20260428,286.5,286.5,281.5,282,338,9564
20260429,282,282.5,280,281.5,317,8924
20260430,282,283.5,279.5,279.5,286,8014
20260504,284,285,278.5,279,454,12758
20260505,282,282.5,278,278.5,378,10541
20260506,281.5,285,278.5,281.5,545,15327
20260507,286,286.5,280.5,284,312,8826
20260508,281.5,285.5,280,283,362,10194
20260511,286,288,284,285.5,462,13195
20260512,285.5,287.5,283.5,287.5,286,8148
20260513,284.5,287.5,283.5,285,390,11122
20260514,286.5,289.5,286,289.5,427,12279
20260515,292,299,292,294.5,739,21896
20260518,294.5,294.5,289.5,293,305,8906
20260519,295.5,313,294.5,305.5,1999,61263
20260520,305,305,301,303,636,19260
20260521,302,307.5,300,307,617,18781
20260522,307,309,305,308,440,13490
20260525,309,309,304.5,307.5,703,21569
20260526,310,326.5,310,325,1502,48297
20260527,325,327,318,325,776,25104
20260528,325,325,315,319,496,15825
20260529,320.5,326,320,321.5,388,12508
20260601,323.5,323.5,315.5,322.5,366,11684
20260602,325,325,320,324.5,338,10910
20260603,330.5,330.5,323,325,543,17701
20260604,324,330,322.5,328,591,19359
20260605,331,331,323.5,324.5,452,14739
20260608,307,320,307,320,661,20854
20260609,318.5,329,318.5,329,324,10511
20260610,327,331,325,326,583,19099
20260611,325,326.5,319.5,323.5,496,15994
20260612,327.5,327.5,316,317.5,479,15324
20260615,319.5,320,310,311,584,18342
20260616,315.5,315.5,307,311,447,13816
20260617,314,316.5,310,311.5,312,9732
20260618,315,328.5,314,327.5,750,24214
20260622,332,332.5,323.5,327,292,9585
20260623,328,329,325,325.5,224,7316
20260624,322,327,322,326,413,13405
20260625,329,330,323,325,192,6273
20260626,325,325,319,322,211,6780
20260629,322,332,322,331,639,21092
20260630,335.5,345,330,345,975,33069
20260701,348.5,353,336,340,714,24582
20260702,337.5,349.5,337.5,347,610,21021
20260703,347,381.5,346.5,372.5,4291,159660
20260706,375,390,373.5,374,2038,77661
20260707,374.5,387,374.5,378,1218,46451
20260708,386.5,386.5,371,375,710,26744
20260709,381.5,382,373,375,534,20173
20260713,375,376.5,362,365.5,612,22392
20260714,367.5,367.5,350,357.5,764,27092
20260715,358,365,354.5,365,375,13544
20260716,367,367,356.5,359.5,370,13370
20260717,353,356.5,333,335,614,20995
20260720,335,340,330,335.5,329,11040
20260721,335.5,338,333,335,224,7520
20260722,337.5,345,336,338,331,11264
20260723,338,339,333,336,315,10538
20260724,333,337,330,331.5,203,6749
20260727,334.5,338.5,332,338,409,13761
20260728,329,335,321,323.5,515,16850
20260729,325,330,309,322,565,17946
20260730,317.5,324,314,321.5,486,15495
20260731,329,341,324,324,1411,46222
20260803,336,356,331,356,834,29341
20260804,351,371.5,351,365.5,856,30930
20260805,365.5,387,365.5,379,1035,39269
20260806,380,381,369,379,817,30816
20260807,369.5,379.5,369.5,373,751,28177
20260810,375,379,368,379,543,20270
20260811,379.5,380.5,373.5,378,349,13157
20260812,383,386.5,374,378,477,18124
20260813,384,384,368,370,329,12231
20260814,372.5,378,368,369,375,13917
20260817,368.5,370.5,357,363.5,270,9795
20260818,363,365,358,361.5,226,8167
20260819,361.5,377.5,359,375.5,516,19123
20260820,379.5,390,372.5,374,835,31675
20260821,374,374.5,367,372,226,8350
20260824,372.5,372.5,364,366,200,7337
20260825,363,372.5,362.5,372.5,160,5884
20260826,371.5,379,368.5,379,196,7346
20260827,375.5,382,373.5,375,239,9025
20260828,375,378.5,370,377,275,10290
20260831,375.5,399.5,374.5,399.5,1321,51704
20260901,392,409.5,388,396.5,946,37709
20260902,399,399.5,390,394,325,12772
20260903,396,396,380,380.5,584,22389
20260904,388,388.5,377,385,208,7975
20260907,388,388,377,379.5,200,7594
20260908,379.5,381,375,376,128,4842
20260909,375,375,371,373,139,5163
20260910,371.5,373,366.5,366.5,159,5839
20260911,366,369,359,367.5,274,9962
20260914,367.5,381.5,363.5,381.5,225,8389
20260915,378,395,376.5,390,590,22979
20260916,389.5,396.5,382.5,393,371,14434
20260917,392.5,401,391,401,506,20114
20260918,401,401,391,396,432,17169
20260921,395,411,394,407,690,28024
