# date,open,high,low,close,lot,wan
20250814,35.15,36.4,35.15,35.8,180,647
20250815,36.2,38.15,36.2,36.95,446,1660
20250818,37.35,37.35,36.75,37.2,125,463
20250819,36.9,36.9,36.5,36.5,104,381
20250820,36.9,37.3,36,36.5,176,643
20250821,36.65,37.35,36.5,37.2,115,425
20250822,37.05,37.1,36.65,36.8,62,229
20250825,36.85,37.2,36.5,36.55,101,372
20250826,36.35,36.5,36.1,36.25,95,345
20250827,36.25,36.7,36.25,36.4,122,446
20250828,36.75,36.8,36.15,36.2,138,502
20250829,36.6,36.6,35.55,35.7,115,412
20250901,36.1,36.55,35.1,35.55,117,416
20250902,35.4,37.7,35.4,37.1,346,1271
20250903,37,37.1,36.55,37.1,111,409
20250904,37.1,37.2,36.7,36.8,152,561
20250905,37.25,37.25,35.7,35.75,204,735
20250908,38.5,39.3,38.5,39.3,375,1469
20250909,41.3,42,38.2,38.7,1907,7684
20250910,38.15,38.7,37.55,38,334,1270
20250911,38.25,38.25,36.55,36.6,316,1173
20250912,36.6,37.05,36.15,36.15,136,497
20250915,36.5,36.8,35.85,36.1,130,472
20250916,35.95,36.1,35.55,35.9,116,415
20250917,39.45,39.45,39.45,39.45,388,1531
20250918,41.55,41.55,37.7,37.7,1659,6614
20250919,37.75,41.45,37.75,39.9,2199,8913
20250922,39.5,42.3,39.15,39.2,927,3758
20250923,39.2,39.75,38.85,39.45,282,1108
20250924,39.35,40.5,39.3,40,368,1470
20250925,40.1,40.55,39.7,39.9,273,1092
20250926,39.95,41.75,39.05,41.3,701,2845
20250930,41.7,41.95,40.5,41.05,439,1803
20251001,41,41.75,40.7,41.05,319,1315
20251002,41.15,42.2,40.75,41.25,460,1906
20251003,41.3,41.3,39.8,39.85,436,1751
20251007,39.85,40.2,38.5,38.8,538,2106
20251008,38.8,39,38.5,38.7,166,642
20251009,39.1,39.3,37.8,38.8,240,923
20251013,37.3,38,37.3,37.6,344,1292
20251014,39,39,37.5,37.5,296,1133
20251015,38,38.2,37.4,37.5,96,361
20251016,39.7,41.1,39.2,39.95,806,3230
20251017,41.95,43.9,41.95,43.9,1342,5800
20251020,48.25,48.25,48.25,48.25,666,3213
20251021,53,53,49.8,51.6,4956,25688
20251022,51.5,52.4,48.1,48.1,2007,10012
20251023,48,51.1,47.8,48.6,2160,10665
20251027,48.6,49.1,47,47.8,1093,5239
20251028,47.8,47.8,46.8,46.85,472,2230
20251029,46.4,47.05,44,44.5,1094,4929
20251030,45.5,47.6,44.75,45.2,1050,4830
20251031,45.5,46.7,44.7,45.5,591,2698
20251103,45.8,46.25,45.3,45.75,350,1604
20251104,45.5,47.2,45.25,45.9,370,1706
20251105,45.3,48.3,44.2,46.6,1013,4753
20251106,46.85,47,45.4,46.25,481,2222
20251107,46.5,46.6,44.8,44.85,550,2496
20251110,44.4,44.4,40.4,41.05,1276,5320
20251111,41.2,41.8,41.2,41.45,209,867
20251112,41.2,42.4,41.2,42.1,289,1211
20251113,43.7,44.9,43.4,44.5,765,3375
20251114,45.05,45.05,42.55,42.9,432,1887
20251117,42.3,42.3,41.4,41.45,269,1127
20251118,42.55,42.55,40.9,41.55,183,759
20251119,41.1,41.9,41.1,41.5,173,718
20251120,41.95,42,40.9,40.9,152,627
20251121,40.25,40.9,39.6,40,296,1186
20251124,40,40.85,40,40.7,76,308
20251125,40.6,41.25,40.4,41.25,90,367
20251126,41.7,42.4,41,41.5,161,675
20251127,41.5,42,41.45,41.65,161,671
20251128,42,42.2,41.7,42.05,120,504
20251201,41.55,43,41.5,42.05,116,489
20251202,42,42.4,41.5,42.2,132,555
20251203,42.65,42.7,41.3,41.5,147,617
20251204,41.8,41.8,41.05,41.25,103,426
20251205,41.2,41.5,40.35,40.4,168,685
20251208,40,40.35,39.8,40.1,198,793
20251209,40,40.8,39.9,40.75,108,435
20251210,40.55,41.35,40.2,40.35,112,456
20251211,41.5,41.55,40.7,41.55,199,819
20251212,41.55,42.15,40.8,41.4,110,456
20251215,41.5,42.8,41.1,41.6,178,748
20251216,41.35,42.75,41.15,41.6,247,1033
20251217,41.65,42.65,41.65,42.65,232,982
20251218,42.65,43.25,42.2,42.75,273,1169
20251219,42.85,42.85,41.6,41.6,197,828
20251222,41.4,41.4,40.65,40.7,263,1075
20251223,41.7,43.35,41.7,42.2,312,1325
20251224,41.7,42.2,41.4,42,186,776
20251226,42.3,42.3,41.35,41.5,94,391
20251229,41.95,43.25,41.5,42.75,354,1500
20251230,42.5,43.05,42.4,42.85,263,1126
20251231,42.6,44.15,42.2,44,363,1576
20260102,44.2,45.2,43.5,43.6,269,1188
20260105,42.7,43.4,41.85,42.6,253,1070
20260106,42.4,42.8,42.15,42.7,149,633
20260107,43.1,43.6,42.5,43.6,286,1228
20260108,44.1,44.95,44.1,44.35,313,1393
20260109,44.05,44.35,42.8,43.7,216,938
20260112,43.7,44.1,43.1,43.3,148,646
20260113,43.05,43.75,42.8,43.75,186,807
20260114,43.8,44.8,43.55,44.6,200,888
20260115,44,44.85,44,44.85,143,637
20260116,44.85,46.25,43.95,44,377,1698
20260119,44.2,45.85,44.2,45.1,302,1357
20260120,45.85,46.5,45.2,45.95,414,1905
20260121,45.45,46.45,45,46,394,1811
20260122,46.4,50.6,45.85,50.6,747,3637
20260123,55.6,55.6,54.2,55.6,1278,7104
20260126,61.1,61.1,61.1,61.1,2406,14701
20260127,64.6,64.6,59.7,62.5,3758,23382
20260128,62.5,62.5,58.2,61.1,1953,11741
20260129,61.2,62,58.8,59,1323,7927
20260130,58.5,59.6,54.7,59.6,1678,9498
20260202,61.5,65.5,61.5,65.5,2729,17490
20260203,66.1,66.5,61.7,62,2982,19140
20260204,61,61.2,57.7,58,1704,10065
20260205,58.3,62.2,57.5,58.1,1170,6992
20260206,55.5,56.5,53.6,54.6,1011,5546
20260209,56.4,56.4,52,52.3,1152,6135
20260210,52.9,53.7,51.6,53.1,579,3054
20260211,51.7,53.5,51.2,51.5,646,3359
20260223,51.5,52.1,49.6,52.1,501,2561
20260224,51.5,52.2,50.8,51.5,436,2233
20260225,51.8,52.3,50.2,50.3,616,3122
20260226,50.7,51.3,49.9,50.2,403,2028
20260302,49.2,52.2,49.2,50.6,599,3057
20260303,51.6,51.6,49.5,49.7,456,2287
20260304,49.75,54.6,48.8,52.9,1081,5627
20260305,53.7,54.6,52.2,52.5,600,3185
20260306,51.6,52.3,51.4,51.8,230,1193
20260309,49.85,49.85,48.1,48.6,511,2495
20260310,49.85,50,49.1,49.5,169,835
20260311,49.5,50.9,49.5,50.4,212,1067
20260312,50.4,50.4,48.6,49.2,264,1298
20260313,48.05,49.2,48.05,49.15,150,733
20260316,49,51.3,48.25,50.1,257,1285
20260317,50.2,52.6,50.2,51.4,373,1922
20260318,51.7,54.9,51.7,54.9,715,3823
20260319,54.9,57.4,53.4,54.4,989,5473
20260320,54.6,58.2,53.5,57.2,1052,5907
20260323,59.4,59.4,55.4,55.5,710,4038
20260324,56.1,57.2,54,54.1,469,2579
20260325,54.8,54.9,52.3,53.9,519,2759
20260326,53.9,54.2,52.6,53.6,297,1587
20260327,53.7,54.5,52.4,54.5,243,1299
20260330,53.2,54,51,51.1,463,2409
20260331,50.6,51.2,49.3,50.4,654,3265
20260401,51.1,51.1,50.1,50.3,192,970
20260402,50.9,50.9,48.9,48.9,649,3211
20260407,49.1,49.1,47.8,48.6,332,1609
20260408,48.6,49.4,48.3,49.3,384,1878
20260409,51,54.1,49.3,52.8,513,2661
20260410,52.8,53.2,50.9,51.7,344,1781
20260413,49.85,51.5,49.85,51.5,347,1746
20260414,51,51.5,50.7,50.7,172,878
20260415,52.3,53.9,52,53.9,736,3919
20260416,53.3,55.6,52.7,54.5,489,2643
20260417,54.4,55.4,53.8,54.6,434,2366
20260420,54.8,55.7,53.5,54.2,425,2309
20260421,54.8,56,54.1,55.5,550,3032
20260422,56.1,57,54.4,54.6,463,2566
20260423,54.6,54.6,51,52.6,613,3224
20260424,52.6,52.6,50.1,50.9,480,2442
20260427,50.3,51,49.55,50.3,339,1696
20260428,51,51.3,49.85,49.95,263,1318
20260429,50.5,52.1,49.8,50.4,443,2230
20260430,50.5,50.7,49.8,49.9,295,1475
20260504,50.5,52.3,49.95,50.7,397,2019
20260505,50.7,50.8,50,50.7,177,892
20260506,50.4,50.4,49.4,49.6,306,1521
20260507,49.5,52,49.2,52,347,1750
20260508,52.4,52.4,50,51.4,408,2073
20260511,50.9,50.9,49.8,50.3,244,1224
20260512,50.4,50.5,49.75,49.95,228,1140
20260513,49.6,49.6,49,49.2,288,1420
20260514,48.75,48.95,48,48.25,510,2467
20260515,48.3,48.8,47.65,47.85,294,1417
20260518,47.25,47.25,45.5,45.6,347,1597
20260519,44.9,45.5,44.4,44.95,245,1103
20260520,45,46.35,44.8,45.8,144,654
20260521,46,46.35,45.6,46.35,93,428
20260522,47,47,45.9,46.35,189,874
20260525,46.35,46.4,45,45.1,305,1377
20260526,45.1,45.2,44.5,44.6,206,923
20260527,44.6,44.75,43.5,44.3,275,1212
20260528,44.4,44.5,43.65,44,252,1109
20260529,44.5,46,43.8,45.2,294,1319
20260601,44.05,45.15,43,45.15,335,1476
20260602,45,45,43.5,43.9,279,1225
20260603,46.3,46.6,44.8,45,315,1430
20260604,44,45.65,44,44.5,179,799
20260605,44.5,44.7,44.05,44.5,135,599
20260608,42.1,44.6,42.1,44.4,239,1033
20260609,44.15,44.35,43.55,44.1,213,936
20260610,44,44.15,43.05,43.1,177,771
20260611,43.1,43.55,42.5,43.4,181,776
20260612,43.95,44.75,43.4,44.3,128,563
20260615,45,45,44,44.7,203,906
20260616,44.7,44.7,43.6,44.3,148,652
20260617,43.45,44.45,43.3,44.45,166,725
20260618,44.6,44.6,43.75,44,119,525
20260622,43.55,44,42.8,43,304,1311
20260623,43,43.15,42.55,42.6,146,625
20260624,42.6,43.55,42.6,43,83,357
20260625,43,43.3,42.7,43,132,566
20260626,42.8,43,42,42.25,135,574
20260629,41.8,43,41.8,42.6,84,358
20260630,43.55,43.55,42.2,42.6,170,725
20260701,43.4,43.4,42.55,42.7,72,308
20260702,42.6,43.3,42.6,43,95,408
20260703,43.4,44.5,43.4,44.5,181,798
20260706,44.7,45,43.5,43.7,256,1132
20260707,44.05,45.9,44.05,44.6,289,1300
20260708,44.55,45.2,44.1,44.9,212,947
20260709,44.75,44.75,43.85,44.4,132,583
20260713,44.4,44.4,43.5,44.3,145,637
20260714,43.95,43.95,42,43.7,237,1016
20260715,43.25,43.85,43,43.5,174,756
20260716,43,44.3,43,44.3,131,574
20260717,44,44,42.3,43.25,192,822
20260720,43.6,43.6,42.5,43,101,435
20260721,43,43.5,42.5,42.6,136,581
20260722,42.25,42.8,40.9,42.2,293,1218
20260723,41.7,42.1,41.1,41.95,238,989
20260724,41.6,41.75,40.1,40.75,321,1310
20260727,40.8,40.8,39.45,40.6,151,604
20260728,40,40,39.05,39.4,237,936
20260729,39.4,39.5,38.05,39.4,387,1502
20260730,39,39.55,38,39,280,1088
20260731,39,39.25,38.45,38.95,284,1104
20260803,38.6,38.95,38.5,38.95,189,734
20260804,38.95,42.3,38.5,41.1,366,1459
20260805,40.3,40.3,39.25,39.3,271,1073
20260806,39.5,39.9,38.2,38.7,300,1165
20260807,38.7,38.7,37,37.7,538,2022
20260810,37.5,37.75,36.9,37.45,358,1337
20260811,37.2,37.95,37.2,37.9,222,836
20260812,37.95,38.1,37.1,37.85,423,1594
20260813,37.85,39.65,37.85,38.7,355,1386
20260814,39.25,39.25,38.05,38.8,155,596
20260817,38.8,38.8,38.1,38.5,103,395
20260818,38.5,38.5,37.55,37.55,71,269
20260819,37.55,38.5,37.55,37.55,132,501
20260820,38.4,38.45,37.7,37.7,158,601
20260821,33.95,35,33.95,34.8,2112,7256
20260824,35,35,34.5,34.65,475,1650
20260825,35,35.75,34.7,35.5,497,1749
20260826,35.85,36.8,35.6,35.7,452,1631
20260827,35.7,35.8,34.65,35,584,2043
20260828,35,35.05,34.7,34.95,287,1001
20260831,34.95,34.95,34.05,34.5,367,1261
20260901,34.5,34.5,34.25,34.35,148,509
20260902,34.25,34.3,34.05,34.2,160,547
20260903,34.2,34.35,33.8,33.8,272,925
20260904,33.8,34.15,33.35,33.65,287,964
20260907,33.9,34.4,33.4,34.35,415,1404
20260908,34.2,34.35,33.65,34.25,236,801
20260909,34.25,34.25,33.85,34,113,384
20260910,34.1,34.25,33.7,33.9,168,569
20260911,33.8,33.9,33.5,33.6,132,444
20260914,33.8,34,33.5,33.5,152,513
20260915,33.25,33.6,33.15,33.3,174,580
20260916,33.45,33.8,33.25,33.8,92,309
20260917,33.8,34.95,33.8,34.35,328,1130
20260918,34.3,34.45,33.7,33.7,200,678
20260921,33.95,34.7,33.7,34.2,145,495
