# date,open,high,low,close,lot,wan
20250814,27.8,27.9,27.7,27.9,10,28
20250815,27.9,27.9,27.9,27.9,6,17
20250818,27.9,28.4,27.7,28.25,10,28
20250820,28,28.85,28,28.5,31,88
20250821,28.25,28.5,28.25,28.5,5,14
20250822,28.5,28.5,28.25,28.5,7,20
20250825,28.5,28.75,28.5,28.65,14,40
20250826,28.6,28.7,28.5,28.7,10,29
20250827,28.8,28.8,28.8,28.8,8,23
20250828,28.75,28.8,28.75,28.8,5,14
20250829,28.8,28.85,28.8,28.8,16,46
20250901,28.55,28.85,28.55,28.85,3,9
20250902,28.75,28.9,28.75,28.85,30,87
20250903,28.85,28.95,28.85,28.95,9,26
20250904,28.9,29,28.8,28.95,20,58
20250905,29.05,29.95,29,29.9,47,138
20250908,29.9,30.3,29.8,30,35,105
20250909,29.55,30.05,29.55,30,27,81
20250910,29.95,30.05,29.7,30,51,153
20250911,30,30,29.9,30,32,96
20250912,29.9,30.2,29.9,30.2,24,72
20250915,30.1,30.1,29.8,29.95,9,27
20250916,29.7,30,29.7,29.8,18,54
20250917,29.95,30,29,29.4,46,136
20250918,29.45,29.45,29.45,29.45,2,6
20250919,29.25,29.45,29.25,29.45,13,38
20250922,29.45,29.75,29.45,29.75,3,9
20250923,29.65,29.85,29,29.55,22,65
20250924,29.8,29.8,29.1,29.3,20,59
20250925,29.3,29.4,29.3,29.35,12,35
20250926,29,29.4,29,29.2,11,32
20250930,29.2,30.25,29.2,29.45,16,47
20251001,29.1,29.95,29,29.5,14,41
20251002,30.3,30.3,29.4,29.4,15,44
20251003,29.2,29.4,29.1,29.25,24,70
20251007,29,29.1,28.8,28.85,29,84
20251008,28.5,28.55,28.5,28.5,16,46
20251009,28.5,28.5,28.3,28.3,23,65
20251013,28.45,28.45,27.9,28.25,27,76
20251014,27.5,28.15,27.5,27.95,19,53
20251015,27.95,28.8,27.95,28.3,7,20
20251016,28.7,28.9,28.3,28.75,21,60
20251017,28.75,29.75,28.75,29.75,7,20
20251020,28.6,29.2,28.6,29.2,9,26
20251021,29.15,29.45,28.95,29,31,90
20251022,28.95,29,28.8,28.8,22,64
20251023,28.8,28.95,28.8,28.9,14,40
20251027,29,29.95,28.95,29.1,30,88
20251028,29.2,29.2,29,29,5,15
20251029,29,29.05,28.95,28.95,15,44
20251030,29.05,29.05,28.8,28.9,21,61
20251031,28.9,28.9,28.9,28.9,20,58
20251103,28.5,28.6,28.5,28.6,7,20
20251104,28.7,28.75,28.5,28.75,9,26
20251105,28.5,28.65,28.5,28.65,3,9
20251106,28.9,28.9,28.85,28.85,3,9
20251107,28.85,28.85,28.85,28.85,5,14
20251110,28.95,29.8,28.95,29.8,5,15
20251111,29.4,29.4,29,29.35,9,26
20251112,29.35,29.35,29.15,29.35,14,41
20251113,29.1,29.1,29,29.05,7,20
20251114,29,29.2,29,29.15,14,41
20251117,29.15,29.2,29.15,29.15,9,26
20251118,28.9,29.05,28.9,29,16,46
20251119,29,29,28.7,28.7,29,84
20251120,28.7,29.45,28.7,29.1,12,35
20251121,28.9,29.2,28.9,29.2,16,47
20251124,29.15,29.95,29.15,29.65,11,32
20251125,29.2,29.45,29.05,29.35,20,58
20251126,29.45,29.45,29.1,29.1,11,32
20251127,29,29.85,29,29.2,26,76
20251128,29.2,29.2,28.3,29.1,13,38
20251201,29.1,29.45,29.1,29.1,11,32
20251202,29,29.1,29,29.05,11,32
20251203,29.35,29.35,29.15,29.2,7,20
20251204,29.25,29.3,29.25,29.25,8,23
20251205,29.85,29.85,29.45,29.45,3,9
20251208,29.45,29.45,29.4,29.4,11,32
20251209,29.4,29.4,29.2,29.2,17,50
20251210,29.5,30.2,28.8,29.55,87,257
20251211,29.3,29.65,29.3,29.45,4,12
20251212,29.45,29.45,29.1,29.1,7,21
20251215,28.6,29.1,28,28.9,15,43
20251216,28.55,28.85,28.5,28.8,8,23
20251217,29.8,29.8,28.95,28.95,5,15
20251218,29.8,29.8,29.3,29.3,4,12
20251219,29.8,29.85,29.5,29.5,15,45
20251222,29.5,29.6,29.3,29.3,13,38
20251223,29.3,29.3,29,29.3,18,53
20251224,29,29.35,28.9,29.15,17,49
20251226,29.15,29.15,28.9,29.1,6,17
20251229,29.1,29.1,28.8,29,34,98
20251230,28.8,29.15,28.8,29.15,7,20
20251231,29.15,29.4,29,29.25,16,47
20260102,29.25,29.25,29,29.15,11,32
20260105,28.6,29.45,28.6,28.75,196,568
20260106,30.55,30.55,29.45,29.7,32,96
20260107,29.85,29.85,29.3,29.75,17,50
20260108,29.3,29.4,29.1,29.4,7,20
20260109,28.9,29.35,28.9,29.25,13,38
20260112,29,29.6,28.9,29.6,42,123
20260113,29.65,29.9,29.3,29.6,14,42
20260114,29.6,30.1,29.6,30,19,57
20260115,29.2,30.05,29.2,30.05,6,18
20260116,30.45,30.45,29.65,30.05,7,21
20260119,29.7,30.2,29.65,29.95,11,33
20260120,30.2,30.5,29.5,30.1,170,510
20260121,29.6,30.15,28.8,28.8,154,456
20260122,29.2,29.2,28.65,28.85,10,29
20260123,28.35,28.35,27.85,28.2,15,42
20260126,28.2,28.2,27.85,28.2,11,31
20260127,28.25,28.65,28,28.3,12,34
20260128,27.9,28.55,27.55,27.75,19,53
20260129,27.75,27.75,27.55,27.65,6,17
20260130,27.65,28.95,27.6,27.65,166,465
20260202,26.7,26.8,26.7,26.8,7,19
20260203,26.65,27.45,26.65,27.45,5,14
20260204,27.95,27.95,27.1,27.75,7,19
20260205,27.1,27.5,26.85,27.15,15,41
20260206,26.95,27.65,26.9,26.9,4,11
20260209,27,27,26.45,26.45,16,43
20260210,26.8,26.8,26.1,26.5,8,21
20260211,26.35,26.35,26.3,26.3,2,5
20260223,25.8,26.95,25.8,26.85,8,21
20260224,26.3,27.75,26.25,27.75,12,32
20260225,27.75,27.75,27,27.3,21,57
20260226,26.7,27.25,26.65,27.15,7,19
20260302,26.25,26.75,26.1,26.3,16,42
20260303,26.25,27.5,26.25,27.1,9,24
20260304,26.8,26.8,26.8,26.8,2,5
20260305,26.8,26.8,26.5,26.5,2,5
20260306,27.4,27.4,27.05,27.05,2,5
20260309,26.35,27,26.05,26.2,14,37
20260310,26.2,26.2,25.5,25.95,30,77
20260311,26.5,26.5,26.5,26.5,1,3
20260312,28.4,28.4,27.65,27.65,3,8
20260313,27.65,28.2,26.7,27,58,160
20260316,26.75,26.75,26.75,26.75,1,3
20260317,27.05,27.05,27.05,27.05,1,3
20260318,26.8,26.8,26.5,26.5,3,8
20260319,26.5,26.5,25.95,26.2,7,18
20260320,26,26.6,25.85,26,13,34
20260323,26.4,26.4,26.4,26.4,1,3
20260324,26.4,26.4,26.4,26.4,1,3
20260325,26.35,27.4,26.35,27.4,9,24
20260326,26.4,27.15,26.4,27.15,4,11
20260327,27.1,27.1,27.1,27.1,1,3
20260331,27.7,27.7,26.4,27.05,8,22
20260401,27.5,27.5,27,27,2,5
20260402,27.5,27.5,26.5,26.55,6,16
20260407,27.4,27.4,26.8,27.1,3,8
20260408,26.75,26.75,26.15,26.65,11,29
20260413,26.7,27.5,26.1,26.6,11,29
20260414,27,27,26.8,26.8,2,5
20260415,26.15,26.25,26.1,26.2,12,31
20260416,26.2,26.65,25.9,26.3,12,32
20260417,26.3,26.4,26.1,26.4,4,11
20260420,25.65,26.15,25.45,25.8,20,51
20260421,25.25,25.6,25.25,25.5,8,20
20260422,25.1,25.55,25.1,25.55,11,28
20260423,25.8,25.8,25.05,25.25,7,18
20260424,25.55,25.55,25.4,25.4,2,5
20260427,25.75,25.75,25.35,25.35,2,5
20260428,25.55,25.55,25.55,25.55,1,3
20260429,25.45,25.45,25.45,25.45,1,3
20260430,25.85,25.85,24.8,25.3,11,28
20260504,24.85,25.35,24.65,24.75,9,22
20260505,24.6,25.15,24.05,24.25,13,32
20260506,25.2,25.2,24.35,24.75,4,10
20260507,24.25,24.45,24.1,24.25,16,39
20260508,24.25,24.45,24,24.45,14,34
20260511,24.95,24.95,24.6,24.6,3,7
20260512,24.6,24.6,24.15,24.2,10,24
20260513,24,24.3,24,24.3,9,22
20260514,24.3,25.15,23.6,23.8,131,320
20260515,23.75,24,23.55,23.8,12,28
20260518,23.8,24.35,23.8,24.15,6,14
20260519,23.65,23.95,23.65,23.95,3,7
20260520,23.55,24.15,23.55,24.15,16,38
20260521,24.1,25.75,24.1,24.7,84,209
20260522,24,24.35,24,24.35,6,15
20260525,24,24.2,23.5,23.95,19,45
20260526,23.6,23.7,23.55,23.7,5,12
20260527,23.55,23.65,23.2,23.2,17,40
20260528,23.15,23.15,22.9,23.1,9,21
20260529,22.85,23.3,22.7,22.85,16,37
20260601,22.8,24.5,22.5,24.1,58,134
20260602,24.1,24.1,23.8,23.8,9,22
20260603,23.8,24.6,23.8,24.05,10,24
20260604,23.45,24.05,23.45,24.05,6,14
20260605,23.9,25.2,23.9,24.25,9,22
20260608,24.1,24.15,24.1,24.1,7,17
20260609,23.2,24.5,23.2,24.5,11,26
20260610,24.4,24.45,23.6,23.6,7,17
20260611,23.9,23.9,23.9,23.9,1,2
20260612,24.65,24.65,24.25,24.4,5,12
20260615,24.95,24.95,24.95,24.95,1,2
20260616,24.6,24.6,24.3,24.3,9,22
20260617,24.9,24.9,24.2,24.5,5,12
20260618,24.95,24.95,24.9,24.9,2,5
20260622,24.5,25.4,24.05,25.4,5,12
20260623,24.55,25,24.5,24.5,18,44
20260624,24.5,24.9,24.5,24.9,8,20
20260625,25.45,25.45,24.5,24.5,10,25
20260626,24.85,25.3,24.4,25.3,11,27
20260629,25.8,25.8,25.8,25.8,1,3
20260630,24.9,25.5,24.65,25.3,9,23
20260701,24.55,24.7,24.55,24.65,8,20
20260702,24.2,24.6,24.2,24.6,4,10
20260703,24.4,24.4,23.25,24.2,25,59
20260706,24.2,24.2,23.8,24.1,8,19
20260707,25.1,25.1,23.9,24.75,12,29
20260708,25.15,25.15,24.9,24.9,7,17
20260709,25,25.45,24.55,25.35,7,17
20260713,25.45,25.45,25.4,25.4,3,8
20260714,24.35,25.1,24.35,25.1,4,10
20260715,24.25,25.05,24.25,25,6,15
20260716,25,25,25,25,2,5
20260717,24.3,24.9,24.3,24.75,11,27
20260720,25.2,25.2,25.2,25.2,1,3
20260721,24.2,25.55,24.2,25.55,4,10
20260722,24.35,25,24.2,24.2,21,52
20260723,24.55,24.55,24.55,24.55,1,2
20260724,24.2,24.2,24.2,24.2,1,2
20260727,24.7,24.7,24.7,24.7,1,2
20260728,23.95,24.4,23.8,24.35,12,29
20260729,24.1,24.3,24,24.25,17,41
20260730,23.7,24.35,23.7,24.35,2,5
20260731,23.85,24.6,23.85,24.6,3,7
20260803,24.85,24.85,24.05,24.25,6,15
20260804,23.65,24.2,23.65,24.2,6,14
20260805,24.25,24.25,23.7,23.85,12,29
20260806,24.4,24.4,23.55,24.3,11,26
20260807,23.9,24.35,23.85,24.35,8,19
20260810,25.15,25.15,23.95,24.15,5,12
20260811,24.95,24.95,24.95,24.95,1,2
20260812,24.15,24.5,23.9,24.2,29,70
20260813,24.95,24.95,23.95,24.3,6,15
20260814,24.45,24.75,24.2,24.2,5,12
20260817,24.5,24.75,24.5,24.75,2,5
20260818,25.15,25.15,24.5,24.9,4,10
20260819,24.1,25,23.95,25,16,39
20260821,24.9,24.9,24,24.2,12,29
20260824,24.25,24.25,24.25,24.25,1,2
20260825,24.55,24.55,24.2,24.5,6,15
20260826,24.6,24.95,24.5,24.9,7,17
20260827,24.05,24.6,24,24.6,10,24
20260828,25.25,25.25,24.6,24.6,2,5
20260831,24.95,25.1,23.9,24.3,23,56
20260901,24.85,24.9,24.05,24.35,5,12
20260902,24,24.3,23.8,24.3,9,22
20260903,24.3,24.45,24.3,24.45,8,19
20260907,24,24.65,24,24.65,2,5
20260909,24.05,24.3,24.05,24.3,2,5
20260910,24.65,24.65,24.65,24.65,1,2
20260914,24.4,24.4,23.75,24.25,5,12
20260915,24.5,24.7,24.5,24.7,2,5
20260916,24.05,24.65,24.05,24.65,14,34
20260917,24.1,24.45,24.1,24.45,2,5
20260918,24.4,24.65,24.15,24.65,9,22
20260921,24,24.5,24,24.05,15,36
20260922,24.05,24.05,23.7,24,12,29
