# date,open,high,low,close,lot,wan
20250814,67.5,68,67.4,67.4,61,412
20250815,67.5,68.7,67.5,68,40,272
20250818,68,69,66.9,67.6,118,796
20250819,67.6,67.7,66.4,67,66,443
20250820,67,67.2,66.5,67,33,220
20250821,67.2,68,67.2,67.4,64,432
20250822,67.4,67.6,66.6,67.4,54,362
20250825,67.7,68,66.9,67.8,92,618
20250826,68,68.1,66.6,67,100,673
20250827,67.7,68.5,67,67.6,54,366
20250828,67.7,69.1,67.2,68,104,707
20250829,69,69,66.9,67.4,94,634
20250901,67.4,68.1,66.9,67.3,72,485
20250902,67.5,67.5,66.2,67,98,654
20250903,66.8,66.9,65.8,66.1,126,836
20250904,66.2,67.2,66,66.3,111,737
20250905,66.3,66.7,65.7,66.5,97,641
20250908,66.9,67.1,66,66.3,94,623
20250909,66.9,67,66.4,66.4,40,267
20250910,66.7,67.3,66.1,66.5,15,100
20250911,67,68.9,66.5,67.2,93,626
20250912,67.8,68,66.7,67,61,410
20250915,67,67,65.9,66.3,93,615
20250916,66.3,66.5,65.8,66.4,33,218
20250917,66.2,66.7,66,66.3,33,219
20250918,66.4,66.9,66.2,66.4,30,199
20250919,66.4,66.4,65.7,66.2,80,527
20250922,65.7,66.1,65.4,66.1,54,354
20250923,65.9,65.9,65.3,65.6,49,322
20250924,66,66.2,65.3,65.5,37,243
20250925,65.7,65.8,65.2,65.8,26,170
20250926,65.2,65.9,63,65.9,159,1016
20250930,66,66.1,65.3,65.5,52,342
20251001,66.3,66.8,65.4,65.5,41,270
20251002,66.6,66.6,64.9,65.4,46,300
20251003,65,65.2,64.4,64.7,44,284
20251007,64.7,65,64.1,64.7,52,336
20251008,64.8,65.4,64.5,65,32,208
20251009,65.8,65.8,64.8,65,46,300
20251013,64.7,64.7,63.6,64.5,52,333
20251014,64.7,64.7,63.2,64.4,64,410
20251015,64.6,64.6,63.9,64.3,25,161
20251016,64.3,64.3,63.3,63.7,71,451
20251017,63.7,63.9,63.2,63.7,33,210
20251020,63.7,63.9,63.4,63.4,30,191
20251021,63.6,64.3,63.2,63.4,44,280
20251022,63.3,63.7,63.1,63.4,38,241
20251023,64,64,63.3,63.9,50,318
20251027,64,64.5,63.5,64.3,61,390
20251028,66.4,66.4,63.6,64.3,66,426
20251029,64.3,64.6,63.6,64.2,35,225
20251030,63.5,64,63.5,64,51,324
20251031,64.3,64.3,63.5,64,17,109
20251103,63.4,64,63.1,63.3,36,228
20251104,63,63,61,61.6,179,1105
20251105,61.3,61.9,61.1,61.4,34,209
20251106,61.6,62.8,61.6,62.4,29,180
20251107,62,62.3,61.5,62.3,31,192
20251110,62.5,62.5,62,62.3,11,68
20251111,62,62.3,60.6,62.3,48,295
20251112,62.6,62.6,61.5,62.2,30,186
20251113,61.4,61.7,61,61.7,47,288
20251114,61.7,61.7,60.4,60.4,91,553
20251117,60.8,60.8,60,60,71,428
20251118,59.9,60.4,59.4,59.6,51,305
20251119,59.6,59.6,59.1,59.1,27,160
20251120,60,60.2,58.9,60.2,44,262
20251121,59.6,60.2,59,60.2,43,256
20251124,59.3,60.1,59.3,60,13,78
20251125,60.5,60.6,59.5,59.9,26,156
20251126,60.1,60.6,59.3,59.7,45,269
20251127,59.5,59.8,59.5,59.7,3,18
20251128,59.7,60.2,59.4,60,30,179
20251201,60.3,60.7,59.7,59.9,14,84
20251202,59.9,60.3,59.6,60,20,120
20251203,59.8,60.7,59.6,60,27,162
20251204,60.3,60.3,59.6,60.2,16,96
20251205,61.3,61.3,59.6,60.1,30,181
20251208,60.2,60.2,59.3,59.9,43,256
20251209,60,60.3,59.4,60.2,52,311
20251210,60.9,60.9,59.8,60.2,9,54
20251211,60,60.2,59.7,60,22,132
20251212,59.6,60.1,59.5,60.1,14,84
20251215,60,60.8,60,60.5,26,157
20251216,60.5,60.5,59.7,60.3,19,114
20251217,60.3,60.7,60,60.4,13,78
20251218,60.4,60.7,60.4,60.7,10,61
20251219,60.4,62,60.4,62,57,350
20251222,62.5,64.2,62.5,64.1,86,548
20251223,64.1,64.2,63,63.2,37,235
20251224,63.2,63.8,62.8,63.3,42,266
20251226,63.9,63.9,62.5,62.5,22,139
20251229,63.1,63.1,62.2,62.7,20,125
20251230,62,64.2,62,62.7,7,44
20251231,63.3,63.6,62.5,62.5,50,316
20260102,62.5,62.7,62.2,62.7,13,81
20260105,62.4,62.6,62.1,62.6,37,230
20260106,63.5,63.5,62.2,62.6,24,150
20260107,63.8,65.6,63.1,65.2,102,655
20260108,64.1,64.9,63.7,64.2,33,212
20260109,64.5,70.6,64.4,67,881,6110
20260112,66.3,67.5,65.1,65.2,237,1561
20260113,66,66.8,65.3,65.9,85,562
20260114,66,66.2,65.5,65.9,34,224
20260115,65.5,65.7,64.4,65.7,49,320
20260116,65.9,68.2,65,65.9,110,730
20260119,66.5,66.5,65.4,65.4,32,211
20260120,65.4,65.9,64.9,65.9,43,281
20260121,66.4,66.4,64.2,64.4,45,291
20260122,65.9,65.9,64.5,65.7,33,214
20260123,65.9,65.9,64.6,65.4,25,164
20260126,65.4,66,65,65.4,28,184
20260127,65.4,65.6,65.3,65.3,13,85
20260128,65.8,65.8,64.4,65.1,44,286
20260129,65,65.1,64.2,64.6,38,245
20260130,64.4,64.4,62.3,62.3,64,406
20260202,62,62.3,61,61.5,57,350
20260203,63,63.3,62,63.2,49,308
20260204,63,63.7,62.4,63.7,37,233
20260205,63.3,63.7,62.5,63.7,30,189
20260206,62.8,63.6,62.7,63.4,34,214
20260209,64.7,64.7,63.3,63.6,23,146
20260210,63.8,64.5,63.6,63.8,49,313
20260211,63.5,64.1,63.5,63.8,55,351
20260223,63.8,65,63.8,65,30,194
20260224,64.8,65.2,63.4,64.9,47,302
20260225,64.9,64.9,63.8,64.5,45,290
20260226,66.6,66.6,64.1,64.9,53,343
20260302,64.2,65,64.2,64.3,43,277
20260303,65,65,62,63.6,76,483
20260304,62.5,62.5,61.1,61.5,64,394
20260305,62,63.5,62,62.9,43,269
20260306,61.8,62.9,61.8,62.8,40,249
20260309,61.2,61.9,60.8,61.8,53,324
20260310,62.5,62.6,60.1,60.8,56,342
20260311,61,61.5,60.9,61,32,196
20260312,60.4,61.2,60.3,61,19,116
20260313,59.9,62,59.9,62,56,344
20260316,62.5,62.5,61.5,62,30,186
20260317,63.1,63.2,61.6,62.1,19,118
20260318,62.9,62.9,61.2,62,66,408
20260319,62,62,61.5,61.9,44,271
20260320,61.5,61.9,61.3,61.4,27,166
20260323,61.5,61.5,60.1,61.3,39,237
20260324,61.5,61.5,60.5,61.4,5,31
20260325,61.5,61.8,61.1,61.8,25,154
20260326,61.8,61.8,60.7,61.2,24,147
20260327,62,62,60.3,61.2,28,171
20260330,61,61,59.9,60.7,56,337
20260331,60.2,60.8,60,60.8,43,259
20260401,60.9,60.9,60.2,60.3,36,217
20260402,60.4,60.4,59.9,60.4,46,277
20260407,62.6,64,61.5,61.5,49,307
20260408,61.7,62.5,61.5,62,35,216
20260409,62.3,62.3,61.5,61.9,26,161
20260410,61.5,62.3,61.4,62.1,40,247
20260413,62.4,62.6,61.5,62.3,17,106
20260414,62.4,62.4,61.3,62,38,235
20260415,61.2,61.3,60.5,61.3,89,541
20260416,61.8,61.8,60.6,61.3,35,214
20260417,61.3,61.3,60.7,61.2,36,220
20260420,61.2,61.2,60.6,61,61,371
20260421,59.3,60.8,59.3,60.7,107,642
20260422,60.9,63.5,60.7,62.9,82,509
20260423,62.9,63.5,60.3,61.7,83,513
20260424,61.5,62,60.9,61.2,39,239
20260427,61.3,61.3,60.2,61.2,50,304
20260428,61,61.3,60.8,61,53,324
20260429,61,62.2,61,61.1,34,209
20260430,61.6,61.6,60.4,60.8,90,547
20260504,60,60.5,59.9,60,86,517
20260505,60,60.3,59.7,60.3,65,390
20260506,59.7,60.3,59.7,60.1,83,497
20260507,60.1,60.2,59.5,60.1,69,413
20260508,59.8,59.8,58,58.5,239,1402
20260511,58.8,59.4,58.6,58.6,65,383
20260512,58.6,58.6,57.2,57.8,110,634
20260513,56.7,57.5,55,57.2,254,1426
20260514,58.5,58.5,55.5,56.2,218,1222
20260515,56.2,57.8,56.2,56.7,106,601
20260518,56.4,56.8,55.8,56,68,382
20260519,56.2,56.2,55.7,55.9,51,285
20260520,55.9,57.1,55.7,57.1,39,220
20260521,57.4,58,56,57.1,85,483
20260522,56.7,58,56.2,56.8,77,437
20260525,56.8,56.8,55,55.6,232,1284
20260526,56.1,56.1,55.1,55.3,97,538
20260527,55.4,55.8,55,55.4,95,525
20260528,55.4,56,54.6,55.4,153,843
20260529,54.8,56.8,54.8,56.6,170,952
20260601,56.6,58.9,56.6,58.1,157,903
20260602,57.6,58.6,56.9,58.2,144,829
20260603,58.3,59.9,58.1,59.9,243,1432
20260604,59.9,61,59.9,60.1,146,883
20260605,60.6,60.7,59.1,60.2,81,483
20260608,57.9,60.7,57.2,60.3,151,886
20260609,59.9,59.9,57.1,57.1,195,1123
20260610,56.2,57.2,55.7,55.7,90,506
20260611,57,57,54.6,55.8,81,447
20260612,56,56.5,55.8,56.2,30,168
20260615,57.1,57.5,56.1,56.7,76,431
20260616,56.8,56.8,56,56,50,282
20260617,56.6,57.4,56.2,56.9,28,159
20260618,56.9,57.3,56.2,56.8,147,833
20260622,57.2,58.5,56.2,58.4,175,1004
20260623,59.3,59.3,57.9,58.4,116,678
20260624,58.1,58.3,57.3,57.4,42,243
20260625,58.4,58.4,57,57.2,37,212
20260626,56.9,57.6,55.5,55.5,80,450
20260629,56.3,56.3,56.3,56.3,3,17
20260630,56.2,57,56.1,56.6,23,130
20260701,56.6,58.6,56.6,57.3,63,364
20260702,57.7,57.7,57.2,57.7,20,115
20260703,57.7,58,57.2,57.7,47,271
20260706,57.7,58.4,57.4,57.8,17,98
20260707,58,59.9,57.6,57.9,131,767
20260708,57.5,57.8,56.7,57.8,48,274
20260709,56.9,57.8,56.7,57.8,42,239
20260713,57.7,58.7,56.7,57.8,162,940
20260714,57.1,58,57.1,57.9,63,362
20260715,58.2,58.3,57.8,58.1,44,255
20260716,58.1,58.1,57.5,57.8,16,93
20260717,57,57.4,56.4,56.9,57,324
20260720,56.9,57.1,56.6,57,20,114
20260721,58,58,57.2,57.7,10,58
20260722,58.3,58.3,57.1,57.4,20,115
20260723,58.3,58.3,57.1,57.6,14,80
20260724,59.1,59.1,57.2,57.3,23,132
20260727,57.3,57.8,57.2,57.6,18,104
20260728,57,57.7,56.6,57.3,37,211
20260729,57,57.5,55.5,55.6,95,534
20260730,55.6,56.2,55.2,56,30,167
20260731,57.3,57.3,56.2,56.9,34,192
20260803,57.5,58,57,57.9,24,138
20260804,57.9,58.8,57.7,58.4,99,578
20260805,63.6,64.1,62,63,501,3157
20260806,62,63.4,60.6,61.3,137,845
20260807,62,62,60.5,61.1,57,348
20260810,60.8,60.9,60.5,60.7,29,176
20260811,60.5,61.1,60,60.6,42,254
20260812,60.7,61.5,60.2,60.8,52,317
20260813,61.3,61.3,59.3,59.4,72,432
20260814,59.9,59.9,58.6,59.1,40,236
20260817,58.6,59.1,58.3,58.7,21,123
20260818,58.5,59.2,58.1,58.6,49,287
20260819,58.8,58.9,57.5,58.5,57,330
20260820,58.7,58.7,57.7,58.5,22,128
20260821,58,58,57.6,57.9,19,110
20260824,58.3,58.3,57.9,57.9,9,52
20260825,57.4,57.7,56.9,57.5,30,172
20260826,57.8,57.8,57,57.5,36,206
20260827,57.5,59.4,57.4,58.1,98,571
20260828,58.7,58.7,57.4,58.3,29,168
20260831,59.4,59.4,57.5,57.9,21,122
20260901,58.7,58.7,57.4,58.3,30,174
20260902,58.3,58.6,57.4,58.6,21,122
20260903,57.7,58.5,57.6,58,23,133
20260904,58.1,58.1,57.3,57.3,40,230
20260907,58.9,58.9,57.5,57.5,37,214
20260908,57.2,58,57.2,57.3,30,172
20260909,57.3,57.7,56.4,56.9,34,193
20260910,57.1,57.1,56.5,56.9,19,108
20260911,56.5,57,56.2,56.8,17,96
20260914,56.2,56.3,55.8,56.2,28,157
20260915,55.9,56.9,54.9,56.9,153,846
20260916,56.9,56.9,55.5,56.7,55,309
20260917,56.7,58.4,56.3,57.6,52,300
20260918,57.2,59,57.2,58.6,53,309
20260921,59.6,59.6,58.2,58.3,23,135
20260922,59.6,59.6,57.4,57.5,27,157
