# date,open,high,low,close,lot,wan
20250814,161,166,158,164,587,9460
20250815,165,176,164,170.5,688,11698
20250818,168.5,178.5,168.5,173.5,599,10433
20250819,173.5,184,173.5,181,763,13788
20250820,181.5,183,173,181,781,13896
20250821,182,199,182,199,844,16482
20250822,201.5,203,193,197,1105,21851
20250825,199,199.5,190,192,666,12834
20250826,192,200,192,192.5,412,8010
20250827,195,199,184,193,909,17447
20250828,193,198.5,188.5,188.5,618,11968
20250829,192.5,194.5,188.5,191,348,6656
20250901,183,205,183,204.5,904,17780
20250902,215.5,224.5,208,224.5,1711,37679
20250903,233.5,244,230,240,1931,45757
20250904,241,248,233,238.5,1079,26000
20250905,236,243,235,242,580,13894
20250908,250.5,266,242.5,262,1137,29323
20250909,262,268,257.5,261.5,872,22789
20250910,265,287.5,265,287.5,1366,38624
20250911,298,298,273.5,277,1300,36718
20250912,281,295,280,285.5,779,22473
20250915,281,298,278,295.5,727,20758
20250916,300,322,294,319,1315,41012
20250917,319,322.5,312.5,318,768,24304
20250918,318,329.5,316.5,318.5,822,26562
20250919,307,318,307,312,839,26172
20250922,315,315,300,300.5,725,22097
20250923,301,316,301,303,540,16594
20250924,305,311,294.5,294.5,575,17222
20250925,274.5,296,274.5,293,1063,30505
20250926,289,291.5,279.5,286,704,20032
20250930,284,298,282.5,288.5,537,15513
20251001,288.5,308,288.5,296,571,17054
20251002,294,302.5,291,291.5,403,11947
20251003,297,298.5,291.5,294,320,9469
20251007,294,299,266,279,1079,30288
20251008,275,279,267.5,270,504,13677
20251009,276.5,279,268.5,271,497,13572
20251013,260,285.5,260,284.5,751,20694
20251014,285,295,282.5,285,564,16336
20251015,286.5,298,286,297,501,14665
20251016,297,300,286.5,288.5,553,16042
20251017,288,292,284,290,189,5458
20251020,291.5,307.5,291.5,296.5,789,23742
20251021,302,319.5,299,319,1486,46445
20251022,315,317,302,310,1141,35299
20251023,296.5,298,279,279,1369,38417
20251027,267,275,251.5,271,1906,49518
20251028,260,260,244,245,1681,41406
20251029,231,243.5,223.5,227.5,1383,31802
20251030,228,228,205,205,1499,31767
20251031,200,215,193,210,1312,27000
20251103,209,218,209,211.5,330,7029
20251104,211,211,200,200,329,6677
20251105,200,203,194,202,206,4071
20251106,204.5,206,200.5,206,136,2754
20251107,206,207,200,201,155,3137
20251110,201,203,181,182,613,11317
20251111,184.5,188,182,187,240,4435
20251112,189.5,191.5,186.5,190,154,2908
20251113,189,189.5,185.5,188,142,2661
20251114,190,190,188,189,106,1998
20251117,189.5,200,186.5,188,407,7855
20251118,182.5,189.5,182.5,185.5,221,4131
20251119,188,189.5,184,188.5,185,3466
20251120,188.5,194.5,182,182,349,6427
20251121,182,186,175,180,341,6150
20251124,185,189,183,189,332,6213
20251125,191,191,188,188.5,128,2415
20251126,194.5,202.5,192,194.5,404,7982
20251127,196,198,191,198,202,3926
20251128,215,217.5,201.5,217.5,925,19726
20251201,219.5,222,201,202,817,17199
20251202,200,200.5,190,193,435,8451
20251203,193,197,191.5,194.5,241,4690
20251204,196,200,194,194,134,2630
20251205,198,198,191.5,192,132,2537
20251208,196.5,196.5,190,194,161,3106
20251209,194,194,190,190,155,2962
20251210,190,192,188,189,131,2481
20251211,189,191,188,188.5,110,2084
20251212,189,190.5,187,188.5,131,2469
20251215,189.5,192,187,189,116,2201
20251216,191.5,191.5,185,186,146,2731
20251217,189.5,189.5,186,186,58,1086
20251218,185.5,187,184,186,138,2554
20251219,184,186,182.5,183.5,144,2645
20251222,183.5,192,182,190,149,2811
20251223,190.5,190.5,184,184.5,124,2307
20251224,184.5,187,184,184.5,81,1498
20251226,187,193,185,190.5,154,2911
20251229,190.5,194.5,185.5,189.5,249,4738
20251230,192.5,192.5,184,189,287,5350
20251231,186,198,186,194.5,433,8385
20260102,193.5,194.5,187.5,188,277,5242
20260105,186,188.5,182.5,185.5,295,5433
20260106,185.5,186.5,182.5,183,116,2133
20260107,183,185.5,181.5,183,218,3979
20260108,184.5,185,182,182,182,3333
20260109,184.5,188,178,188,340,6239
20260112,186,187,181.5,182.5,183,3350
20260113,181.5,183.5,180.5,181,145,2633
20260114,181,183,181,181.5,78,1419
20260115,183,186,181.5,183.5,147,2703
20260116,184.5,190.5,183,185.5,329,6150
20260119,188.5,188.5,180.5,182,291,5287
20260120,182,183.5,180.5,181,154,2790
20260121,181,181,178,178,205,3680
20260122,179,181,178.5,180.5,87,1560
20260123,180,180.5,178,179.5,105,1884
20260126,181.5,184.5,179.5,180,172,3122
20260127,180,180,176.5,176.5,329,5857
20260128,177,178.5,175.5,176,154,2718
20260129,177,184,177,181.5,282,5096
20260130,183.5,183.5,175.5,175.5,269,4766
20260202,175.5,175.5,170,170,191,3312
20260203,172,174.5,169.5,170,147,2516
20260204,171,187,170.5,186,418,7563
20260205,182.5,186.5,178,179,267,4870
20260206,181,196,174.5,193.5,631,11828
20260209,193.5,193.5,178,181.5,594,10981
20260210,181.5,181.5,176,178.5,180,3199
20260211,179,180.5,176,179,124,2205
20260223,185,185,179,180,138,2488
20260224,180,180.5,177,177,154,2748
20260225,177.5,180,176,177,168,2976
20260226,179,179,173,173,218,3807
20260302,171,171,166.5,169,280,4700
20260303,169,169,160,168,375,6160
20260304,164,164,158,158,303,4847
20260305,161,163.5,159.5,161,126,2035
20260306,161,161,155.5,156.5,176,2776
20260309,156.5,156.5,148,151.5,228,3418
20260310,153.5,156,152.5,153.5,102,1569
20260311,153.5,161.5,153.5,156.5,143,2259
20260312,159.5,159.5,152,152,88,1357
20260313,150,153,149.5,151,102,1540
20260316,161.5,161.5,151,154,116,1775
20260317,153,153.5,150,151,133,2017
20260318,150.5,152.5,150.5,150.5,108,1630
20260319,151,151,144,144,403,5909
20260320,145,146.5,143,145,196,2827
20260323,150,150,141,145,130,1876
20260324,145,146,141,142.5,166,2377
20260325,145,147,142,146.5,203,2937
20260326,148.5,152,146.5,150.5,169,2527
20260327,146.5,149,143.5,144.5,137,1983
20260330,143.5,143.5,140,141,245,3455
20260331,141.5,148.5,141,143,214,3083
20260401,147,149,144,148.5,108,1587
20260402,148.5,149.5,141.5,142.5,130,1871
20260407,142.5,142.5,138,139,162,2264
20260408,140,144.5,140,141,115,1631
20260409,141,141,137,138,144,1993
20260410,138,140.5,137.5,139,121,1679
20260413,138,138,132.5,134.5,277,3728
20260414,135,137,132,137,196,2628
20260415,140.5,140.5,133.5,135,201,2712
20260416,135,138,135,135,126,1715
20260417,137.5,137.5,129.5,131,231,3056
20260420,130,133,128,131,259,3375
20260421,130.5,133,130,133,154,2020
20260422,133,134,129,130,266,3476
20260423,128,130,124.5,128.5,331,4217
20260424,130,130,123,125,247,3104
20260427,123,126.5,121,126,207,2569
20260428,123,126.5,123,126,113,1413
20260429,126,138.5,126,138.5,331,4525
20260430,152,152,148,152,469,7120
20260504,161,161,142,142.5,834,12457
20260505,135.5,140.5,134.5,138.5,152,2097
20260506,141,141,134,134.5,177,2402
20260507,133.5,139.5,133.5,136,124,1694
20260508,137,138.5,134,136,108,1469
20260511,131.5,136,131.5,133,130,1731
20260512,133,133,129,132,175,2279
20260513,131,131,128.5,128.5,104,1345
20260514,129,130.5,127,128,104,1332
20260515,128.5,135,127,132,177,2308
20260518,131,131.5,126,126.5,201,2569
20260519,127,130,127,129.5,126,1615
20260520,128,129.5,127.5,128,58,743
20260521,129.5,130.5,128,129,73,945
20260522,129,129,125,127.5,242,3066
20260525,126.5,128,125,127,177,2225
20260526,127,127.5,124,125,173,2164
20260527,127,129.5,122.5,124,267,3333
20260528,124,126,121.5,121.5,233,2857
20260529,125,129,122,122,254,3175
20260601,127,133,123,124,491,6244
20260602,126,126,120.5,121.5,358,4365
20260603,120,120,115.5,118,479,5610
20260604,117.5,121.5,115.5,115.5,364,4285
20260605,116,117,112,115,324,3696
20260608,109,113,106.5,111,195,2152
20260609,115,115,110,110.5,147,1637
20260610,109.5,110.5,106.5,108,172,1863
20260611,106,107.5,104.5,106.5,213,2244
20260612,107,108,104.5,107,185,1973
20260615,108,108,105,105,143,1520
20260616,106.5,106.5,104,106,194,2038
20260617,105,106.5,103.5,104,120,1251
20260618,103,104.5,101,103,379,3902
20260622,103,103,99,100.5,463,4657
20260623,102,103.5,99.7,100,245,2459
20260624,99.1,103,98,102.5,278,2809
20260625,103,103,99.8,99.8,128,1286
20260626,99.4,100,97,97,253,2487
20260629,97,101.5,96.9,100,170,1700
20260630,101,101,99.1,100.5,113,1131
20260701,100.5,101.5,99.3,99.5,110,1100
20260702,98.8,99.2,97.8,98.1,119,1169
20260703,98.1,107.5,98.1,107.5,348,3695
20260706,110,116.5,106,106.5,678,7508
20260707,105,105,101,101.5,181,1856
20260708,101.5,105,99.4,100,207,2093
20260709,103,103,99.2,100.5,130,1308
20260713,103,103,98.1,98.3,134,1326
20260714,98,98,93.8,95.6,258,2474
20260715,96,97.1,95.2,96.4,129,1238
20260716,96.4,96.9,95.4,96,114,1094
20260717,94.8,94.8,90,90.2,246,2254
20260720,89.1,91,87.2,87.2,272,2407
20260721,86.2,89.2,85.8,86.9,331,2873
20260722,87.3,91.2,87.1,89.4,155,1387
20260723,89.4,91.2,87.5,88.7,116,1031
20260724,89,94.5,89,90.1,175,1603
20260727,91.1,94.3,88,94,177,1625
20260728,94.5,95.9,92.1,92.6,170,1600
20260729,94.6,94.6,86.8,88.1,171,1527
20260730,88.1,90.1,86.1,88.3,129,1131
20260731,89,90.1,87,87,177,1551
20260803,86.9,89.4,86,87.9,129,1131
20260804,87,87.8,85.9,87.7,143,1238
20260805,87.7,89.8,87.7,89.7,142,1261
20260806,90.6,90.6,88,90.1,96,854
20260807,90.7,92.4,89.6,91.1,158,1435
20260810,92,92,89.4,90.8,119,1074
20260811,89.2,93,87.8,92.1,162,1465
20260812,90.2,90.6,88,88.1,213,1892
20260813,88.4,89.1,86.6,87.9,137,1202
20260814,87.8,87.8,86,86.1,155,1344
20260817,86.9,87.6,85.7,85.9,142,1225
20260818,85.6,85.8,83.1,83.1,285,2394
20260819,83.1,83.3,80.7,81,366,2984
20260820,81.2,82,80.4,81.2,210,1700
20260821,83.1,83.4,80.4,80.9,185,1501
20260824,81,81.1,77.4,77.4,313,2472
20260825,77.4,78.1,73.8,77.5,597,4491
20260826,78.5,84.6,76.9,82.5,446,3591
20260827,82.5,82.5,78.6,79.4,404,3232
20260828,81.4,81.4,78.4,78.6,244,1932
20260831,78,80.2,74.8,74.8,2016,15141
20260901,73.7,77.3,73.7,74.8,646,4875
20260902,74.1,82.2,74,82.2,469,3763
20260903,83,86,75.2,75.5,898,7138
20260904,75.5,79.8,73.8,79.7,351,2709
20260907,78.4,79,77.2,78.1,169,1317
20260908,74.5,79,74.5,77.8,260,1993
20260909,80.7,83.5,78.7,81.9,342,2783
20260910,80.2,80.3,77.9,78.2,276,2171
20260911,77.1,78.1,75.4,75.4,228,1750
20260914,75.5,77,74.5,75.8,145,1089
20260915,75.8,76.6,75.2,75.2,112,850
20260916,75.3,76,74.4,74.6,140,1049
20260917,75.2,77,75.1,76.2,193,1472
20260918,76.2,78.9,76.2,78.9,356,2771
20260921,79.5,79.5,76.8,78.2,164,1273
20260922,77.5,78.1,76.7,78,104,803
20260923,79.1,82.8,77.9,82.3,373,3008
