# date,open,high,low,close,lot,wan
20250814,52.3,55.5,51.7,54.8,3209,17215
20250815,55.4,56.1,54,55,1229,6758
20250818,55,57.5,54.7,55.9,1294,7320
20250819,56.4,57,55,55.4,745,4172
20250820,55.2,55.7,54,54.1,954,5199
20250821,54.7,55.7,54.3,55.5,536,2950
20250822,55.3,57.2,55,57,977,5504
20250825,57.6,58,55.4,55.5,1046,5878
20250826,55.6,56.6,55.2,55.6,431,2400
20250827,55.7,56.2,55.2,55.5,421,2341
20250828,55.5,55.5,54,54.2,670,3653
20250829,54.4,55.2,53.3,53.3,504,2713
20250901,53.2,53.5,52,53,558,2939
20250902,53,53.6,52.1,52.8,691,3649
20250903,52.8,54.3,52.1,52.6,692,3663
20250904,52.5,53.2,52.4,52.5,339,1786
20250905,52.5,52.8,51.1,51.4,893,4608
20250908,51.6,52.5,51.4,51.6,351,1820
20250909,52,52,50.7,50.7,636,3254
20250910,50.9,51.4,50.6,51,498,2541
20250911,51.3,51.3,49.9,50.1,601,3023
20250912,50.5,50.9,50.1,50.2,292,1476
20250915,50.2,50.5,49.75,50,281,1408
20250916,50.2,50.2,49.6,49.7,408,2031
20250917,49.7,50.2,49.25,49.3,412,2044
20250918,49.5,50,49.4,49.5,240,1190
20250919,49.6,49.95,49.2,49.75,598,2958
20250922,49.95,49.95,48.55,48.65,706,3452
20250923,48.7,49.45,48.6,48.8,282,1377
20250924,49,49.85,48.8,48.85,237,1166
20250925,49.5,53.3,49.2,52.2,1931,9970
20250926,54,54.7,51.3,51.8,2826,15039
20250930,52.2,53.3,50.8,51.7,895,4639
20251001,52.2,54.3,51.6,52.9,1086,5760
20251002,52.7,53.2,51.8,52.5,542,2842
20251003,52.5,53.1,52.3,52.5,354,1863
20251007,53.1,53.2,52,52.5,483,2532
20251008,52.4,53.2,52.2,52.8,345,1820
20251009,56.7,58,55.7,58,3427,19728
20251013,58,63.8,56.7,63.8,6469,39157
20251014,67,68,64,65.3,7156,47513
20251015,65,66,63.4,63.7,2998,19431
20251016,63.2,65.8,62.5,62.7,2067,13153
20251017,63,64,61.5,61.5,1407,8803
20251020,61.1,61.9,59.7,60,1249,7547
20251021,60.4,61.5,59.9,60,1192,7220
20251022,60.2,61,59.5,59.7,764,4602
20251023,60.2,60.2,57,57.4,1634,9462
20251027,57.4,58,56.4,57.1,757,4318
20251028,57.2,59.1,56.7,58.9,1118,6499
20251029,58.9,59,57.8,58,721,4207
20251030,58,58.9,55.6,55.9,900,5093
20251031,56.4,58.1,56,56.1,759,4321
20251103,56.1,56.4,54.9,55.2,458,2539
20251104,55.1,57.1,55.1,55.5,570,3198
20251105,55.5,56.7,54.6,56.3,509,2843
20251106,56.1,56.9,55.6,56.9,381,2145
20251107,57,57.5,56.1,57,430,2447
20251110,56.4,56.8,54.5,54.5,872,4812
20251111,54.5,55.4,54.2,54.7,444,2423
20251112,54.7,56.4,54.7,55.3,476,2647
20251113,55.8,55.9,54.9,55.7,344,1904
20251114,55,57.8,54.5,55.5,723,4074
20251117,55.9,56,55,55.3,399,2212
20251118,56,56,53.5,53.8,776,4225
20251119,53.9,53.9,52,52,698,3682
20251120,52.8,53.6,52.3,53.4,271,1437
20251121,53,55,51.8,52,816,4347
20251124,52.3,53.7,50.5,51.6,631,3287
20251125,52.3,52.5,51.5,52.1,378,1969
20251126,52.4,54.8,52.4,53.5,523,2815
20251127,53.5,53.9,53,53.7,290,1550
20251128,53.8,55,53.3,54.5,368,2001
20251201,54.3,54.9,53.6,54.6,401,2179
20251202,54.6,56.1,54.4,56.1,432,2395
20251203,56.2,56.6,54.8,55.9,373,2080
20251204,56,57.6,56,56.8,482,2740
20251205,57,57.5,55.7,56.5,354,1999
20251208,57.1,58.4,57.1,57.6,479,2762
20251209,61.3,63.3,60,63.3,2498,15565
20251210,63,65.5,58.6,58.6,3981,24530
20251211,58.9,59.6,57.5,57.6,851,4972
20251212,58.3,59.9,57.6,59.2,798,4710
20251215,59.2,62,58,59.9,903,5462
20251216,61,62.4,60.3,60.6,1331,8173
20251217,61,61.9,59.8,60,875,5309
20251218,60.5,61.3,59.8,61.3,601,3652
20251219,61.8,63.9,60.4,60.6,909,5593
20251222,61.5,61.8,60.1,61.3,687,4196
20251223,61.5,61.9,59.5,60.1,744,4499
20251224,60.5,60.5,57.5,57.9,1862,10958
20251226,58,58.8,57,58,736,4259
20251229,58.3,59.3,57.7,58.8,572,3353
20251230,58.9,58.9,56.3,56.4,778,4440
20251231,56.5,57,55,55,621,3451
20260102,55.4,56.5,55,55.3,423,2349
20260105,55,55.2,53,53,829,4472
20260106,53,53.5,51.9,52.2,750,3929
20260107,52.3,53,52,52.5,407,2136
20260108,53.8,54.5,52.6,54,734,3937
20260109,54.1,54.1,52.5,52.7,573,3036
20260112,51,51.7,50.1,51,1226,6230
20260113,51.5,51.6,50.3,50.7,747,3793
20260114,50.7,51.3,50.7,51.3,462,2358
20260115,51.3,52.1,51,52.1,359,1855
20260116,52.2,53.5,52.1,52.5,692,3652
20260119,52.3,53.3,52,52,676,3552
20260120,52.2,52.3,51,51.1,632,3259
20260121,51,51,50.3,50.5,555,2803
20260122,50.6,51,49.85,50.1,707,3549
20260123,50.9,52.5,50.9,51.5,618,3192
20260126,52,53.4,52,52.8,610,3218
20260127,53.4,55.1,52.5,54.1,1203,6478
20260128,54.7,54.7,51.7,52.3,972,5113
20260129,53.4,56.8,53.4,55.8,2844,15724
20260130,55.3,55.8,52.3,52.3,1354,7246
20260202,51.9,52.3,50.5,50.7,911,4657
20260203,51.4,51.5,50.2,50.4,616,3122
20260204,51.1,51.6,50.5,51.6,354,1806
20260205,51.6,52.1,50.7,50.9,471,2406
20260206,50.6,50.6,49.1,49.35,1029,5108
20260209,50.1,50.5,49.1,49.1,544,2684
20260210,48.85,49.35,47.8,49,774,3766
20260211,49,49,47.7,48.1,890,4279
20260223,48.95,49.45,48.35,49.25,461,2259
20260224,49.25,50,48.7,49,477,2345
20260225,49.05,49.7,48.95,49,290,1421
20260226,49.5,49.5,48.9,48.95,275,1352
20260302,48.5,48.8,48.3,48.6,267,1298
20260303,48.6,48.6,47.4,47.7,584,2789
20260304,47.4,47.4,44.4,44.6,1179,5342
20260305,45,45.75,44.35,44.8,462,2074
20260306,44.7,45.85,44.4,44.8,320,1435
20260309,43.05,43.25,41.6,42.25,604,2556
20260310,43.9,43.9,42.5,42.8,341,1466
20260311,43.8,44.25,43.2,44,297,1300
20260312,43.45,43.7,42.65,42.75,327,1402
20260313,42.1,42.45,41.8,42.05,468,1966
20260316,42.4,42.4,41.05,41.4,610,2530
20260317,41.45,42.45,41.45,42.1,309,1299
20260318,42.85,43.9,42.6,43.35,620,2681
20260319,42.7,42.7,40.85,41.25,523,2184
20260320,42.55,44,42.1,42.6,742,3187
20260323,41.6,42.45,41.1,41.6,329,1371
20260324,42.15,42.25,41.3,41.6,284,1186
20260325,42.8,42.8,41.8,41.95,186,782
20260326,42.35,42.35,41.45,41.55,374,1560
20260327,41.55,42.1,41,41.6,315,1302
20260330,41,41,40.25,41,294,1198
20260331,40.4,41.1,39.9,39.9,611,2466
20260401,40.75,41.5,40.4,41.3,342,1402
20260402,41.35,42.95,41.35,41.9,466,1965
20260407,43.3,43.3,41.95,42.4,274,1159
20260408,43.2,43.45,42.6,42.8,414,1775
20260409,43.1,43.6,40.35,41,1078,4458
20260410,41.15,41.65,40.65,40.8,325,1333
20260413,40.65,41.35,40.5,41.15,291,1193
20260414,41.45,41.6,40.55,40.55,373,1531
20260415,40.6,41.4,40.5,40.75,334,1364
20260416,40.8,41.45,40.5,40.7,397,1616
20260417,40.9,41.25,40.45,41,281,1145
20260420,41.1,41.3,40.4,40.4,351,1431
20260421,40.6,40.85,40.2,40.3,283,1145
20260422,40.4,41.45,40.4,41.2,477,1963
20260423,42.4,42.4,40.4,40.85,711,2923
20260424,41.5,41.5,39.9,40.1,615,2475
20260427,40.2,40.4,39.3,40.1,339,1347
20260428,40.15,40.3,39.65,40.2,303,1212
20260429,40.4,40.75,39.7,39.75,366,1465
20260430,39.7,40.1,39.55,39.6,249,992
20260504,40,40.05,39.25,39.25,346,1365
20260505,39.3,40,39.3,39.85,259,1025
20260506,40.35,40.55,39.65,40.15,261,1049
20260507,39.95,40.45,39.65,39.95,314,1255
20260508,40.05,40.65,39.3,39.3,395,1574
20260511,40.3,41.9,39.65,39.85,616,2484
20260512,40.15,40.35,39,39.3,391,1546
20260513,39.25,41.25,39.25,40.85,470,1891
20260514,40,40.3,38.55,38.55,1109,4344
20260515,38.6,40.1,38.25,38.35,547,2144
20260518,38.75,39.45,38.1,38.7,418,1618
20260519,38.8,39.7,38.3,38.3,274,1062
20260520,38.35,38.75,37.85,37.95,270,1032
20260521,38.2,39,38.2,38.95,292,1132
20260522,38.9,39.1,37.95,38.6,344,1319
20260525,38.85,38.85,37.75,38,509,1934
20260526,38,38.55,38,38.25,239,914
20260527,38.45,38.6,37.65,37.9,485,1845
20260528,37.9,38.35,37.3,37.4,392,1475
20260529,37.9,39.4,37.9,39,513,1996
20260601,39.55,41.4,39,41.4,920,3731
20260602,41.35,42.4,40.3,41.85,716,2963
20260603,41.9,42.7,41.15,41.3,544,2282
20260604,41.3,41.95,41.15,41.15,280,1159
20260605,41.1,42.3,40.5,41.9,361,1494
20260608,41.8,43,40.7,41.75,562,2344
20260609,41.5,42.95,41.05,41.25,437,1825
20260610,40.8,41,39.5,39.55,581,2323
20260611,40,40,38.3,38.4,254,984
20260612,39,39.7,38.9,39.45,233,917
20260615,40.15,40.5,39.45,40.15,332,1331
20260616,40.15,40.75,39.6,40.5,263,1064
20260617,40.45,41.2,40.05,40.45,280,1135
20260618,40.85,41.35,40.4,40.45,338,1377
20260622,40.45,42.75,40.05,42.55,655,2725
20260623,42.55,44.55,42.35,43.85,886,3856
20260624,44,45.6,43.5,45.25,902,4042
20260625,42.55,42.55,40.75,40.75,1875,7698
20260626,39.35,39.95,38.3,38.55,1099,4267
20260629,38.25,41.35,38.25,39.3,683,2715
20260630,39.85,40.1,38.9,40.1,389,1531
20260701,40.5,40.9,40.1,40.55,397,1610
20260702,40.6,41.45,40.1,40.55,315,1279
20260703,40.4,42.4,40.4,41.4,593,2471
20260706,42.2,42.7,41.3,41.65,432,1812
20260707,41.8,41.8,40.8,41.3,458,1891
20260708,41.45,41.8,40.3,40.5,418,1708
20260709,40.95,40.95,40.3,40.8,265,1077
20260713,41.5,41.85,40,40.1,412,1673
20260714,40.8,40.8,39.1,39.65,344,1360
20260715,40.05,40.3,39.75,40.2,332,1329
20260716,40.4,40.85,39.8,40.3,330,1331
20260717,39.75,39.75,38.3,38.4,656,2544
20260720,38.45,39.25,38.05,39.1,408,1578
20260721,39.1,40.45,38.9,40.4,338,1346
20260722,40.4,40.4,39.65,40,388,1552
20260723,40.5,40.5,39.2,39.95,374,1485
20260724,39.35,39.95,38.65,38.65,303,1186
20260727,39.3,40.75,38.65,39.5,297,1172
20260728,39.7,40.1,38.2,38.4,451,1748
20260729,38.8,38.8,36.7,37.8,621,2338
20260730,37.85,38.05,36.5,36.6,412,1528
20260731,37.1,37.7,37.1,37.3,201,753
20260803,37.1,38.45,37.05,38,230,870
20260804,37.25,37.5,36.6,37.15,364,1349
20260805,37.15,37.95,37.15,37.95,311,1168
20260806,37.55,37.85,36.7,37.85,381,1423
20260807,37.9,38.45,37.85,38.05,171,653
20260810,38.05,39.1,37.5,38.8,227,862
20260811,38.65,39.5,38.5,39.2,191,744
20260812,39.7,40,38.85,38.9,170,669
20260813,38.75,38.85,37.85,38.1,392,1495
20260814,38.05,38.05,37.3,37.65,298,1118
20260817,37.5,37.9,37.3,37.3,157,590
20260818,37.3,37.3,35.5,35.5,708,2565
20260819,35.2,36.25,34.85,35.95,325,1160
20260820,36.65,37.45,36.25,37.1,300,1109
20260821,36.95,37.35,36.5,36.95,250,926
20260824,36.8,37.05,36.25,36.35,140,511
20260825,36.4,36.7,36.15,36.25,170,619
20260826,36.25,37,36.25,36.8,176,648
20260827,36.95,37.3,36.65,36.9,216,798
20260828,36.75,37.45,36.1,36.1,397,1447
20260831,35.85,36.05,33.6,34,1180,4051
20260901,33.85,34.2,32.5,32.5,873,2892
20260902,32.6,32.7,32.1,32.55,367,1193
20260903,32.55,32.65,31.2,31.25,557,1765
20260904,31.4,31.9,30.8,31.7,442,1386
20260907,31.7,32.4,31.25,31.6,284,901
20260908,32.1,32.1,31.35,31.8,204,648
20260909,31.8,31.9,31.35,31.55,221,697
20260910,31.5,31.75,31.15,31.55,327,1029
20260911,31.55,31.95,30.6,30.8,512,1587
20260914,30.4,31.05,30.4,30.75,282,866
20260915,30.45,31.2,30.3,30.3,293,898
20260916,30.7,30.9,30.4,30.55,208,638
20260917,30.6,30.8,30.3,30.8,307,939
20260918,31.5,33.5,31.5,32.5,966,3159
20260921,32.8,32.8,31.25,31.35,451,1428
20260922,31.5,31.5,30.85,31.1,229,710
20260923,31.7,32.05,31,31.45,396,1246
20260924,31.45,31.45,30.3,30.3,501,1534
