# date,open,high,low,close,lot,wan
20250814,26.4,26.4,25.9,26.15,107,279
20250815,26.6,26.6,25.9,26.35,71,185
20250818,26.85,27.6,26.7,27.45,326,888
20250819,28.45,30.15,28.45,30.15,612,1829
20250820,30.2,30.35,28.25,28.35,981,2882
20250821,29.1,29.3,28.7,29.1,165,479
20250822,29.1,29.1,28.15,28.3,140,400
20250825,29.15,29.15,28.3,29,108,308
20250826,30.4,30.4,29.5,29.6,288,862
20250827,29.5,29.9,29.5,29.7,140,417
20250828,30,30,29.3,29.7,348,1034
20250829,29.75,29.75,29.45,29.55,170,506
20250901,29.25,29.25,28.6,28.6,78,226
20250902,28.15,28.15,27.35,28.05,81,224
20250903,27.7,28.4,27.6,28.35,55,153
20250904,28.4,28.9,28.3,28.45,28,80
20250905,27.8,28.45,27.8,28.3,36,100
20250908,28.5,28.6,28.35,28.35,31,89
20250909,28.5,28.5,27.75,28.1,39,110
20250910,28.4,28.4,27.8,28,32,90
20250911,28.9,28.9,28,28.1,43,122
20250912,28,28.1,27.5,27.5,46,129
20250915,28,28,27.35,27.6,11,31
20250916,27.5,28.05,27.5,27.95,162,451
20250917,28,28.75,27.85,28.5,262,748
20250918,28.95,29.95,28.8,29.1,125,367
20250919,29.45,29.55,28.6,29,241,694
20250922,29.25,29.45,28.75,28.9,58,170
20250923,28.7,28.9,28.55,28.75,74,213
20250924,28.6,29.1,28.05,29,235,670
20250925,29.15,29.15,28.75,28.85,62,179
20250926,28.7,29,27.8,27.9,151,427
20250930,27.95,28.85,27.95,28.45,41,118
20251001,28.45,29.15,28.45,28.55,65,188
20251002,28.9,29.2,28.4,28.55,31,89
20251003,28.25,29.1,28.25,28.4,28,81
20251007,28.95,28.95,28.5,28.65,44,125
20251008,28.85,29.5,28.65,29.1,176,513
20251009,29.65,29.65,28.8,28.8,46,134
20251013,27.9,28.25,27,28.25,63,174
20251014,29.2,29.2,27.75,28.35,53,150
20251015,28.35,28.35,27.4,27.6,57,159
20251016,27.45,27.7,27.45,27.55,102,282
20251017,27.6,27.6,26.85,26.95,115,311
20251020,26.55,26.95,26.2,26.4,52,139
20251021,26.9,27,25.9,26.55,176,465
20251022,27.05,27.05,25.95,25.95,176,460
20251023,26.25,27.05,25.8,25.8,106,280
20251027,25.8,26.5,25.8,26.2,105,273
20251028,26.25,26.25,25.65,25.65,199,514
20251029,26,26.05,25.6,25.65,90,231
20251030,25.65,25.65,25.3,25.5,101,257
20251031,25.5,25.55,25.15,25.2,64,161
20251103,25.2,25.3,25.2,25.25,74,188
20251104,25.3,25.4,25.3,25.35,32,80
20251105,25.35,25.4,25.3,25.4,12,32
20251106,25.8,25.8,25,25.4,42,107
20251107,25.05,25.4,24.95,24.95,61,152
20251110,25.05,25.05,24.1,24.35,143,348
20251111,24.6,24.95,24.4,24.6,51,126
20251112,24.6,26.1,24.6,25.9,97,247
20251113,25.9,26.35,25.3,25.4,67,172
20251114,25.3,25.3,25,25.2,33,84
20251117,25.2,25.2,24.5,24.5,56,137
20251118,24.55,24.85,24.3,24.6,42,104
20251119,24.1,24.5,24.1,24.25,40,97
20251120,24.25,25,23.95,24.1,30,72
20251121,24,24,23.7,23.8,58,137
20251124,25.75,25.8,24,24,76,187
20251125,24.25,24.65,24.05,24.05,66,161
20251126,24.25,24.65,24.1,24.55,60,147
20251127,24.55,24.55,24.15,24.45,31,75
20251128,24.9,25.25,24.8,25.1,79,198
20251201,24,24.35,23.95,24.25,164,396
20251202,24.3,24.35,24.2,24.3,36,88
20251203,24.85,24.85,24.5,24.5,54,134
20251204,24.5,25.2,24.45,24.85,65,161
20251205,24.95,25.15,24.8,25.1,87,217
20251208,25.05,25.55,24.9,25.2,98,247
20251209,25.2,25.45,25.2,25.35,94,239
20251210,25.15,25.8,25.15,25.35,74,187
20251211,25.15,25.3,25.1,25.15,59,149
20251212,25.45,25.5,25,25,100,251
20251215,24.9,25.2,24.9,25.05,74,187
20251216,25.05,25.35,24.5,24.75,75,188
20251217,25.1,25.1,24.75,24.9,49,123
20251218,24.5,25,24.5,24.9,41,101
20251219,25,25.25,24.55,24.85,77,192
20251222,24.65,24.9,24.5,24.75,69,170
20251223,24.75,25.35,24.75,25.2,88,221
20251224,24.95,25.3,24.95,25.05,75,188
20251226,25.3,25.3,25,25.05,42,106
20251229,25.1,25.2,24.65,24.95,114,285
20251230,24.95,25.35,24.95,25.3,110,276
20251231,25.15,25.5,25.15,25.2,72,181
20260102,25.3,25.35,25.2,25.25,55,138
20260105,25.25,25.4,25.2,25.2,85,215
20260106,25.25,26.3,25.15,25.65,307,782
20260107,26,27.65,25.95,26.4,397,1063
20260108,26.45,26.45,25.2,25.4,195,499
20260109,25.5,25.8,25,25.6,53,134
20260112,26.3,26.3,25.45,25.8,149,384
20260113,25.8,25.9,25.4,25.5,107,273
20260114,25.5,25.8,25.35,25.8,87,224
20260115,25.9,25.95,25.6,25.8,71,183
20260116,25.95,27.5,25.8,26.9,372,1000
20260119,27.7,28.85,27.45,28.05,522,1470
20260120,28.45,28.45,27.65,28,243,681
20260121,27.85,28,26.95,27,250,680
20260122,27.15,27.35,26.8,26.85,187,506
20260123,26.9,27.05,26.3,26.65,174,462
20260126,26.2,27.05,25.8,27,134,356
20260127,26.95,27.5,26.95,27.45,171,468
20260128,28.2,30.15,28.2,30.15,773,2307
20260129,30.75,32.75,30.45,31.8,2510,7928
20260130,31.8,31.8,29.95,30.5,682,2080
20260202,30.2,33.55,30,33.55,1563,5113
20260203,35,36.2,33.05,33.85,2671,9310
20260204,33.5,33.5,31.8,32.05,860,2781
20260205,31.85,33,30.8,32.7,526,1672
20260206,33,33,31,31.25,427,1351
20260209,31.85,31.85,30.55,30.55,276,854
20260210,30.9,31.15,30.05,30.1,142,431
20260211,30.2,30.2,29.15,29.15,394,1165
20260223,29.05,29.6,28.85,29.4,286,838
20260224,29.4,31.3,29.4,30.9,265,814
20260225,31.8,31.8,29.8,30,274,835
20260226,30.2,30.45,29.9,30.05,294,887
20260302,30,30.05,29.25,29.55,222,659
20260303,29.5,29.95,28.2,28.85,287,833
20260304,28.8,28.8,26.6,26.85,358,974
20260305,27.35,27.9,27.1,27.4,187,514
20260306,27.4,27.8,26.95,27.3,137,374
20260309,26,26.3,25,25.35,362,924
20260310,25.5,26.35,25.5,25.8,166,434
20260311,26.8,26.9,26.5,26.8,87,232
20260312,26.55,27.25,26.55,26.8,105,282
20260313,26.15,26.7,26.15,26.4,90,239
20260316,27.9,27.9,26.4,27.05,141,375
20260317,28,28.2,27.3,27.55,251,698
20260318,28.15,28.15,26.85,28,146,402
20260319,27.9,28.1,27.4,27.5,146,404
20260320,27.5,28.45,27.4,27.4,163,455
20260323,27.05,27.45,26.5,27,112,304
20260324,28.65,28.65,26.45,26.75,115,310
20260325,27.8,27.8,27.05,27.6,83,226
20260326,27.7,27.8,26.95,26.95,106,290
20260327,26.95,27.35,25.75,27.15,64,171
20260330,26.5,27.1,26.35,27.1,120,320
20260331,27.05,27.05,25,25.65,200,520
20260401,26,26.75,25.85,25.85,68,177
20260402,25.9,26,25.6,25.7,58,149
20260407,25.75,25.75,25.3,25.5,73,186
20260408,26.25,26.9,25.3,26.45,94,247
20260409,27,27.1,26.05,26.2,53,141
20260410,26.6,26.6,25.55,26,136,354
20260413,26.1,26.15,25.3,25.8,111,286
20260414,28.2,28.2,26.2,27.15,270,737
20260415,28.55,28.8,27.15,27.4,322,889
20260416,27.6,27.75,26.8,27.2,135,366
20260417,27.45,28.15,27.25,27.6,168,464
20260420,27.65,28.2,27.5,27.65,229,635
20260421,28.05,30.4,27.6,30.4,679,2008
20260422,31.5,32.95,30.95,31.95,1958,6293
20260423,31.95,31.95,29,30.15,805,2447
20260424,30.85,31.8,30,30.35,359,1098
20260427,30.3,31.7,28.8,30.05,558,1689
20260428,30.2,30.5,29.8,29.9,151,453
20260429,30.85,32.85,30.75,32.85,651,2095
20260430,33.1,35.6,31.7,32.2,2515,8608
20260504,31.8,33.85,30.8,32.65,948,3068
20260505,32.65,32.7,32.05,32.2,257,833
20260506,32.4,32.6,31,31.1,371,1171
20260507,31.1,31.4,30.85,31,209,648
20260508,30.5,30.65,28.9,29.6,428,1272
20260511,29.55,30.9,29.55,30.5,363,1103
20260512,30.6,30.6,29.65,30,218,650
20260513,29.6,29.6,28.75,29,246,711
20260514,29.15,29.5,28.8,28.9,200,581
20260515,28.85,29,28.2,28.4,201,573
20260518,28,29.75,27.8,28.65,119,338
20260519,29.45,29.45,27.5,28,174,490
20260520,27.85,28.25,27.6,28,126,353
20260521,28.75,29.1,28.55,28.7,159,457
20260522,28.8,31.55,28.8,31.55,1392,4355
20260525,32,34.7,32,34.7,2018,6893
20260526,34.8,37.7,33.8,36.9,2647,9398
20260527,36.9,38,36.1,36.55,1528,5637
20260528,36.2,37.45,34,34.1,1144,4069
20260529,34.85,35.3,33.7,34.75,707,2435
20260601,35.35,35.35,33.2,33.65,557,1892
20260602,33.65,34.9,33.05,34.55,562,1903
20260603,35.5,36.55,34.2,36.25,709,2500
20260604,34.95,36.15,33.8,33.85,578,1989
20260605,34.05,34.05,32.55,32.9,296,979
20260608,29.65,30.65,29.65,29.65,514,1527
20260609,29.65,30.4,29.35,30.05,386,1156
20260610,29.9,30.35,28.9,28.9,288,854
20260611,28.8,29.1,27.85,28.95,374,1068
20260612,29.5,30.15,29.5,30,220,655
20260615,30.3,30.4,29.75,29.8,304,913
20260616,30,30.3,29.05,29.25,197,583
20260617,29.25,29.7,29.05,29.7,127,374
20260618,30.2,31.9,29.75,31.05,444,1377
20260622,31.9,33.4,31.55,33.05,640,2088
20260623,33.95,33.95,31.5,31.7,502,1627
20260624,31.65,32.05,31,31.55,285,898
20260625,31.8,32.25,30.4,30.4,353,1090
20260626,30.4,30.4,28.95,29.4,245,723
20260629,28.4,29.7,28.4,29,143,417
20260630,29.55,30.45,29.5,30,137,411
20260701,30.5,31.45,29.6,29.6,127,386
20260702,29.9,31.4,29.45,30.8,216,660
20260703,30.45,31.8,30.3,31.05,227,705
20260706,31.75,32.6,31.5,31.8,270,868
20260707,31.8,31.9,29.7,30.05,230,704
20260708,30.25,30.25,29,29.25,217,634
20260709,29.3,30,29.05,29.45,170,501
20260713,29.85,29.85,28.2,28.3,227,653
20260714,28.7,28.7,26.3,27.65,332,901
20260715,28.3,28.35,27.8,28.2,146,411
20260716,28.6,29.25,27.4,27.4,131,364
20260717,27.4,27.4,25.65,25.75,261,685
20260720,26,26.05,24.75,25.2,237,599
20260721,25.85,25.85,25.3,25.45,149,379
20260722,26.75,26.75,25.5,25.95,128,331
20260723,26.3,26.3,25.35,25.4,120,307
20260724,25.4,25.65,25,25.3,107,269
20260727,25.25,25.3,24.8,25.25,141,352
20260728,24.7,24.7,23.9,23.95,242,584
20260729,24.65,24.7,22.7,23.9,340,788
20260730,22.95,23.65,22.8,22.95,217,501
20260731,24.5,24.75,23.7,24.1,136,330
20260803,23.4,24.5,23.15,23.8,156,372
20260804,23.65,24.4,23.65,24.35,106,255
20260805,24.85,24.9,24.3,24.45,108,266
20260806,24.5,24.65,24.35,24.6,103,253
20260807,25.2,25.25,24.35,24.4,111,275
20260810,24.4,25,24.4,24.9,43,106
20260811,24.95,25.2,24.2,24.4,78,191
20260812,24.7,25.9,24.5,25.3,242,614
20260813,25.25,25.65,25.05,25.15,59,148
20260814,25.55,25.65,24.7,24.85,119,300
20260817,24.85,24.9,24.4,24.7,52,127
20260818,24.7,24.7,24.25,24.35,46,112
20260819,24.65,25.1,24.45,24.6,130,322
20260820,24.8,24.9,24.25,24.85,74,183
20260821,24.55,24.85,24.55,24.85,37,91
20260824,24.75,25.2,24.75,25.2,116,291
20260825,24.95,25.35,24.8,25.35,63,158
20260826,25.2,25.65,25.2,25.6,84,214
20260827,25.65,25.85,25.3,25.35,73,187
20260828,25.3,25.3,25,25.3,38,95
20260831,25.1,25.1,24.5,24.7,92,227
20260901,24.85,24.85,24.5,24.55,119,292
20260902,24.4,24.6,24.25,24.55,51,125
20260903,24.5,24.5,24.2,24.25,83,203
20260904,24.15,24.25,23.65,24.25,72,172
20260907,24.6,24.6,24,24,62,149
20260908,24.1,24.1,23.7,23.75,29,68
20260909,23.75,23.85,23.65,23.65,36,86
20260910,23.55,23.55,23.15,23.3,94,219
20260911,23.2,23.4,23,23.3,74,171
20260914,23.3,23.8,23.05,23.35,35,82
20260915,23.25,23.6,23.05,23.35,28,65
20260916,23.65,23.65,23.35,23.4,26,61
20260917,24,24.2,23.75,23.95,90,215
20260918,24.2,24.35,23.9,24.2,55,133
20260921,24.2,24.55,24.2,24.5,48,117
20260922,24.5,24.5,24.25,24.25,35,85
20260923,24.2,25.25,24.2,24.9,85,211
