# date,open,high,low,close,lot,wan
20250814,74.7,74.7,73.5,74,16,118
20250815,73,74.1,73,73.7,26,191
20250818,73.3,73.9,72.8,73.2,24,176
20250819,74.4,74.5,73.8,73.8,41,304
20250820,73,73.9,73,73.4,14,102
20250821,73.4,73.5,72.8,73.1,40,292
20250822,74.2,75.2,74.1,74.5,47,351
20250825,75.4,75.6,75.1,75.2,34,256
20250826,74.3,75,74.3,74.4,16,119
20250827,74.3,74.4,74,74.2,13,96
20250828,73.9,75,73.9,74.3,26,193
20250829,74.7,74.7,74,74.4,24,179
20250901,74.4,75,74,74.2,34,253
20250902,74.4,74.8,74.1,74.1,23,171
20250903,73.2,74.1,73.2,73.7,19,140
20250904,74.2,77.6,74.2,75.4,39,296
20250905,75.4,75.4,74.7,74.7,4,30
20250908,74.3,74.6,74,74.6,15,112
20250909,74.9,75,74.1,74.2,13,97
20250910,74.3,76,71.2,73.8,69,509
20250911,73.8,73.8,72.8,72.8,6,44
20250912,72.1,73.9,71.3,71.5,79,568
20250915,72.9,72.9,71.7,71.8,12,87
20250916,72.9,72.9,72,72.2,15,109
20250917,72,72.1,71.6,71.8,13,93
20250918,71.9,72.6,71.9,72.2,24,173
20250919,72.3,73.5,72.3,72.6,15,109
20250922,71.7,73.8,71.7,71.9,10,72
20250923,72,72,71.8,71.8,15,108
20250924,72.5,72.5,71.7,71.8,46,332
20250925,71.6,72,71.6,72,8,57
20250926,71.9,72,71.5,71.5,28,201
20250930,71.6,72,71.5,71.7,12,86
20251001,71.4,72,71.4,71.6,16,115
20251002,71,71.9,71,71,15,107
20251003,71.1,71.6,70.5,71.2,40,284
20251007,71.2,71.2,70.8,71,20,142
20251008,71,71,70.4,70.8,15,106
20251009,70.5,70.5,69.8,70.4,70,490
20251013,69.6,69.8,68.8,68.8,49,339
20251014,69.1,69.1,68.5,68.5,52,358
20251015,68.5,68.5,67.5,67.9,34,230
20251016,67.5,68.5,67.5,68,23,156
20251017,68.8,69,68,68.9,23,157
20251020,68.2,68.2,66.8,67.5,45,303
20251021,67.3,68.4,67.3,67.9,44,299
20251022,69.4,70.4,68.9,69.4,57,395
20251023,68.3,69,68.3,68.4,17,116
20251027,68.5,69.8,68,69.8,49,337
20251028,68.2,71.8,68.1,71.8,30,210
20251029,71.7,71.7,70.3,70.8,21,149
20251030,70,70.1,69,69.5,29,201
20251031,68.8,69.4,68.8,69.4,3,21
20251103,69.1,69.3,68.8,69.3,9,62
20251104,69.4,69.4,68,68.5,12,82
20251105,68.3,68.3,68,68.3,18,123
20251106,69.1,69.5,69.1,69.5,10,69
20251107,69.5,69.5,67.8,68.8,16,110
20251110,68.5,68.5,67.8,68.4,23,157
20251111,68.4,70,68.4,69.5,37,257
20251112,70.8,71.6,70.4,71,20,142
20251113,71,71,69.8,69.9,16,112
20251114,70,72.9,70,71.5,49,351
20251117,70,71.2,69.6,69.8,21,147
20251118,69.1,69.5,67.1,68,35,241
20251119,68,69.1,67.8,67.9,16,109
20251120,69.1,70,68,68.2,20,138
20251121,68.1,69.8,68.1,68.6,25,171
20251124,69.6,70.2,69.6,69.6,12,84
20251125,70.2,70.6,69.5,70.6,25,175
20251126,70.6,70.6,69.6,70.1,15,105
20251127,70.3,70.3,69.7,70.2,8,56
20251128,70,70,70,70,13,91
20251201,66.1,69.3,66.1,68.5,66,447
20251202,68,68.9,67.5,68.1,43,292
20251203,68,68.7,68,68.4,33,225
20251204,68.5,68.5,68,68.3,16,109
20251205,68.3,68.3,68.1,68.1,9,61
20251208,69,69.2,68.1,68.2,22,151
20251209,68.2,69.1,67.6,68,37,253
20251210,68,68,67.6,67.9,21,143
20251211,67.9,68.7,67.8,68.2,44,299
20251212,68.3,68.5,68.1,68.3,20,137
20251215,68.1,68.2,67.8,68.2,20,136
20251216,68.2,68.2,67.8,67.9,34,232
20251217,68,68.2,68,68,7,48
20251218,69.8,69.8,68,68.1,14,96
20251219,68.1,68.3,68,68.1,10,68
20251222,68.1,69.2,68.1,68.6,37,254
20251223,68.5,68.6,68.3,68.3,7,48
20251224,69,70.8,68.6,69.1,30,208
20251226,71.1,71.1,68.7,69.1,14,97
20251229,69,69,68.8,68.8,7,48
20251230,69,69.1,68.8,69,10,69
20251231,69,69,68.6,69,13,90
20260102,69,69,68,68.4,37,253
20260105,68.5,68.6,68.3,68.4,24,164
20260106,68.1,68.7,67.1,68.7,15,102
20260107,68.7,69.5,68.7,69.3,24,165
20260108,69.8,69.8,69,69,12,83
20260109,69,69.5,68.9,69.2,30,207
20260112,69.2,70.5,69.2,70.1,32,224
20260113,70.5,71.2,70.2,71.2,47,332
20260114,72.3,72.3,71.2,72.3,46,330
20260115,71.8,72.3,71.7,71.8,20,144
20260116,71.9,72.5,71.7,72,30,216
20260119,72.5,73.3,72,72.7,26,189
20260120,72.6,72.7,72.4,72.6,22,160
20260121,72,72,71.2,71.2,30,214
20260122,71.9,73.1,71.9,72.6,49,356
20260123,72.1,72.5,72.1,72.4,8,58
20260126,72.5,72.5,72.4,72.4,10,72
20260127,72.2,72.8,72.2,72.6,20,145
20260128,72.4,72.4,71.5,71.6,38,273
20260129,71.5,71.5,70,70.8,28,198
20260130,70.1,70.8,70.1,70.7,17,120
20260202,70.9,71.6,70.1,70.3,37,261
20260203,70.3,71.4,70.3,71.4,18,128
20260204,71.9,72.5,71.5,71.7,24,173
20260205,71.3,71.6,71.1,71.5,17,121
20260206,71.5,71.5,70.7,71.1,24,170
20260209,71.2,71.2,70.7,70.7,24,170
20260210,70.7,71.2,70.6,70.7,43,304
20260211,70.7,71.5,70.7,71.5,35,249
20260223,70.7,71.7,70.1,71.1,29,206
20260224,70.7,72.5,70.5,72,79,564
20260225,72.7,73.7,71.2,73.5,83,603
20260226,73.4,75.5,71.9,74.8,98,727
20260302,74.7,78.5,73.6,76.6,102,776
20260303,75.2,78.4,74.7,77,137,1053
20260304,74.4,74.4,72.3,73.8,28,206
20260305,75.2,75.5,74.1,74.5,24,179
20260306,76,76,73.6,74.3,22,163
20260309,72,72,71.4,72,20,143
20260310,72.7,73,72.1,72.9,29,210
20260311,74,75,74,74.9,38,283
20260312,75.6,76.2,75,75.5,33,249
20260313,76.4,76.9,75.5,76.6,28,214
20260316,77.3,77.8,76.9,77.2,37,286
20260317,77.2,77.8,77.2,77.2,27,209
20260318,77.1,77.3,76.9,76.9,25,193
20260319,76.9,77.9,76,77,47,362
20260320,80.1,80.1,77.1,77.1,34,264
20260323,74.6,77.1,74.6,76,12,92
20260324,77,77.1,76.8,76.8,48,369
20260325,76.4,76.7,76.3,76.7,9,69
20260326,76.7,77,76.3,77,10,77
20260327,76,77,76,76.5,12,92
20260330,76.5,76.8,76.5,76.7,17,130
20260331,76.7,76.9,75.3,75.3,15,114
20260401,77,77,76.5,76.8,11,84
20260402,76.9,76.9,76,76,16,122
20260407,77.3,77.3,75.5,75.7,17,130
20260408,76,76,76,76,5,38
20260409,76,76.2,76,76.2,7,53
20260410,76.5,77.6,76.5,76.6,24,184
20260413,77,79,77,78.9,35,274
20260414,79.8,80.1,79.1,79.1,31,246
20260415,79.3,79.3,78.5,78.5,23,181
20260416,78.2,79,78.2,78.5,22,173
20260417,78.5,78.5,78.3,78.3,31,243
20260420,78.5,78.5,78,78.4,36,281
20260421,78.1,78.3,77.9,77.9,25,195
20260422,78,80.9,78,80.4,89,710
20260423,81.8,81.8,78.6,79.7,64,513
20260424,79.7,80.5,79.7,80.3,29,232
20260427,80.7,80.7,79,79,18,144
20260428,79,80,79,79.9,11,88
20260429,79,79.4,79,79.4,5,40
20260430,79,79,78.6,78.9,19,150
20260504,80.1,80.2,79.3,79.8,27,215
20260505,83.6,83.6,80.7,81.4,48,392
20260506,81.4,82.1,81.1,81.6,40,325
20260507,80,82.7,80,82.1,38,312
20260508,82.5,82.5,81.8,82,17,140
20260511,82,82,80.6,80.8,58,470
20260512,80.4,80.7,80,80,45,361
20260513,79.3,79.3,78.1,78.3,53,416
20260514,80.2,80.9,79.2,79.2,45,359
20260515,79.2,79.8,77.6,77.6,68,533
20260518,76.5,77.2,75.6,77.1,26,199
20260519,76.6,77.5,76.6,77.5,5,38
20260520,77.5,78.5,77.5,78.5,14,109
20260521,78.6,80,78.6,79.7,64,509
20260522,81,82,80.8,81,96,780
20260525,81,81.1,80.6,80.7,31,250
20260526,80.7,81,80.3,80.3,59,475
20260527,80.5,80.5,79.9,79.9,44,353
20260528,80,80.5,79.4,79.6,43,344
20260529,81,81,80.2,80.4,25,201
20260601,80.5,80.9,80.4,80.4,50,403
20260602,80,80.4,80,80.1,44,353
20260603,80.3,81.6,80.2,81.2,52,421
20260604,81.2,82.2,81.2,81.9,42,343
20260605,81.9,83.6,80.6,82.2,114,939
20260608,77.6,81.3,77.6,80.2,32,255
20260609,80.3,82,80,80.6,48,386
20260610,80.5,81.3,79.5,79.5,69,552
20260611,78.3,79.8,78.3,79.8,75,593
20260612,79.6,80.3,79.6,80,40,320
20260615,80.5,80.6,79.6,79.7,81,647
20260616,79.6,80.1,79,79.3,108,859
20260617,74.6,81.7,74.6,77.2,295,2304
20260618,76,76,75,75.7,99,749
20260622,76.1,76.1,75.1,75.3,48,363
20260623,76,76,74.8,74.8,68,511
20260624,74.8,75.1,74,74.1,72,538
20260625,74.2,75,73.6,74,43,319
20260626,73.8,74,72.3,72.3,88,643
20260629,72.5,72.6,72.1,72.3,27,195
20260630,72.7,72.9,72.1,72.9,38,275
20260701,72.9,75.5,72.6,75.3,99,736
20260702,74.8,74.8,74.2,74.4,12,89
20260703,74.4,75.1,74.2,74.9,18,135
20260706,75,75.7,75,75.7,59,444
20260707,75.5,76.3,75.5,76.3,48,364
20260708,75.6,79.9,75.4,79.9,137,1071
20260709,81.3,82.7,78.9,80,124,1000
20260713,80.1,80.2,79.1,79.5,46,367
20260714,78.9,79.9,77.3,78.6,103,809
20260715,79.1,79.1,77.7,78.1,27,211
20260716,77.6,77.8,76.7,77.5,33,255
20260717,76.6,76.7,74.1,74.2,68,514
20260720,74.2,75.5,74,75.5,25,187
20260721,74.3,76.5,74.3,76.5,22,167
20260722,77.8,79,77.8,78.1,65,509
20260723,78.5,85.9,78.3,85.9,612,5216
20260724,89,94.4,88.8,94.4,1984,18494
20260727,96,96.8,86.6,89.5,2602,23998
20260728,88,88.8,80.7,83.4,622,5219
20260729,83.5,83.6,77.2,81.8,349,2783
20260730,79.6,80.8,77.7,78,205,1617
20260731,80.6,81.5,78.7,79,181,1436
20260803,79,80.7,79,79.3,131,1043
20260804,79.1,79.6,78,79,88,693
20260805,80,80.5,79.2,80,93,743
20260806,79.5,79.6,78.5,78.8,83,654
20260807,78.5,79,78.3,78.7,57,449
20260810,79,80.8,79,80.3,46,366
20260811,79,80.8,79,80.3,36,289
20260812,80.5,81.5,80.1,80.4,69,557
20260813,80.4,80.8,79.4,79.5,69,551
20260814,79.6,79.6,78.3,78.3,70,551
20260817,80.5,85,80.5,82,268,2208
20260818,81.7,81.7,80,80.2,46,370
20260819,80.5,80.7,79.3,80.7,37,297
20260820,81.3,81.3,80.3,80.7,23,185
20260821,79.6,80.9,79.5,80.7,23,185
20260824,81.4,82.6,80.8,81.4,84,689
20260825,80,80.7,79.6,80,46,368
20260826,80.7,80.8,80.1,80.8,31,249
20260827,80.3,81,80.3,80.3,32,258
20260828,80.3,80.8,80.1,80.8,22,177
20260831,80,80.7,78,80.7,95,759
20260901,80.9,81.2,80,80,44,354
20260902,79.7,80.4,79.7,80.3,9,72
20260903,79.6,80.5,79.5,79.9,27,215
20260904,79.3,80.6,79.3,80.3,25,200
20260907,80.3,80.3,79.4,80,31,247
20260908,80,80.5,79.5,80.3,40,319
20260909,79,79.9,77.5,78.3,152,1193
20260910,78,78.3,77.5,78.2,28,218
20260911,78.2,78.7,78.2,78.7,3,24
20260914,78.5,79,78.5,79,13,102
20260915,79,79.4,78.5,79.4,18,142
20260916,78.9,79.7,78.9,79.7,15,119
20260917,79.8,80.2,79.3,79.3,15,119
20260918,78.8,79.6,78.6,79,44,347
20260921,78.8,79.9,78.8,79.1,30,238
20260922,79.5,79.8,79.2,79.7,43,342
20260923,80.1,80.4,79.3,79.8,36,288
20260924,79.5,80,79.5,79.8,12,96
