# date,open,high,low,close,lot,wan
20250814,219,236,216.5,227,2188,49976
20250815,229,230.5,222.5,225.5,646,14567
20250818,226,238.5,224.5,237.5,1703,39877
20250819,241,241.5,229,229.5,1003,23430
20250820,227.5,227.5,218,218,1003,22188
20250821,220,223.5,219.5,222,347,7682
20250822,224,225.5,218,218.5,287,6342
20250825,222.5,229,222.5,226.5,604,13682
20250826,227.5,235.5,224.5,231.5,652,15088
20250827,232.5,236,231,235,512,11979
20250828,236.5,241,234,236,880,20894
20250829,238.5,259.5,236.5,259.5,2946,74554
20250901,265,285,263,274,6416,177243
20250902,280.5,289,262,282,4983,137805
20250903,290,292,282,286.5,2887,82645
20250904,286.5,289,274,274.5,2090,58545
20250905,278.5,280,273,279.5,1095,30378
20250908,285,285,273.5,284.5,1861,52102
20250909,287,287,275,278,1168,32656
20250910,277.5,281.5,276,279.5,713,19870
20250911,280.5,300,276.5,281,4363,125758
20250912,284.5,298.5,264,269,4201,118419
20250915,268,269,252.5,254,1940,50262
20250916,253.5,256,244,248,1392,34585
20250917,249.5,251,244,248.5,601,14903
20250918,250,254,248,254,516,12973
20250919,253,254,245,247.5,904,22446
20250922,254,265,254,264.5,1472,38310
20250923,263.5,269,259,261.5,1032,27202
20250924,267,274,259,261,1923,50974
20250925,262.5,265.5,253,254,740,19153
20250926,256,256.5,244,248.5,627,15568
20250930,249.5,254,249.5,253.5,267,6737
20251001,256.5,259,254.5,254.5,306,7857
20251002,259,259,253,253,250,6364
20251003,253.5,253.5,247,247.5,381,9494
20251007,251.5,255.5,249,250.5,371,9358
20251008,249.5,249.5,245.5,247,241,5957
20251009,251,253,246.5,246.5,489,12155
20251013,245,271,239,271,2997,79295
20251014,274.5,279,263.5,267.5,2982,80669
20251015,269,278,269,278,1371,37457
20251016,282,289.5,276.5,283,2189,61799
20251017,280,282,274,276,1050,29084
20251020,276.5,278,270,275,692,18939
20251021,275,279,274,276,587,16218
20251022,276.5,278,273.5,276,354,9750
20251023,276.5,276.5,272,274,437,11956
20251027,277.5,278.5,272,272,559,15338
20251028,274,274,268.5,268.5,330,8906
20251029,271,282,271,274,922,25513
20251030,275.5,278,269,271.5,529,14433
20251031,272.5,283.5,271.5,278.5,817,22748
20251103,281,282.5,279,280.5,715,20070
20251104,281.5,281.5,270,271,741,20348
20251105,265.5,269,262,268.5,416,11070
20251106,271,271.5,266,267,316,8478
20251107,263.5,267,258,263.5,502,13169
20251110,264,264,258.5,264,307,7997
20251111,268.5,274,263.5,269,537,14417
20251112,258,258,251,255,1298,32959
20251113,256,256,251.5,252,326,8239
20251114,249,249.5,245,246,507,12518
20251117,247,247.5,241.5,242.5,369,8967
20251118,241,245.5,235,240,436,10465
20251119,237,242,237,238,247,5918
20251120,248.5,254.5,248,254.5,481,12093
20251121,249,256.5,246,250,530,13261
20251124,253,253,245,245,344,8540
20251125,248,252,247.5,251.5,144,3598
20251126,252.5,258,252.5,255,232,5937
20251127,258.5,258.5,254,255.5,173,4429
20251128,255.5,259,253,258.5,205,5278
20251201,258,269.5,254,269,462,12142
20251202,272,278,265.5,265.5,726,19708
20251203,269.5,272,267.5,268,348,9382
20251204,270,270.5,267,268,174,4675
20251205,269.5,269.5,264.5,265.5,144,3837
20251208,267,278.5,267,276.5,901,24858
20251209,277,282,274.5,281,714,19992
20251210,284,309,283,309,3997,120091
20251211,316,323.5,306.5,316.5,4028,127297
20251212,318,318,305,307.5,1408,43697
20251215,298.5,310,298.5,304,831,25300
20251216,306,313.5,297.5,313.5,1325,40576
20251217,310.5,310.5,282.5,283.5,3071,88851
20251218,283.5,287,280.5,282,691,19590
20251219,285.5,291,283.5,287,451,12957
20251222,291,292,283.5,284,479,13750
20251223,284,288,283,285.5,357,10211
20251224,286.5,292,286.5,288.5,404,11684
20251226,290,305,289.5,294.5,1274,38013
20251229,297,305,295,304.5,1082,32591
20251230,300.5,301,292,298,683,20220
20251231,298,301.5,293,299,566,16848
20260102,298,311.5,298,307,851,26147
20260105,313.5,323.5,312,313.5,1870,59243
20260106,314,314,302,304,826,25376
20260107,307,310,300.5,301.5,602,18355
20260108,301.5,303,294,294,572,17013
20260109,293,294,287.5,293.5,456,13271
20260112,301.5,303.5,294.5,295,567,16890
20260113,299,304.5,295,299,941,28265
20260114,302,309,297.5,299,659,19955
20260115,300,303.5,292,300,661,19651
20260116,304,309.5,294,295,890,26599
20260119,293,293,287.5,288,692,20009
20260120,288,297,285,289.5,511,14939
20260121,286,290,281,281.5,596,16918
20260122,284,286.5,282,284.5,307,8725
20260123,286,289,282,284.5,342,9735
20260126,283.5,285.5,281,281.5,350,9884
20260127,283,285.5,280,284.5,309,8741
20260128,285,291,285,290.5,512,14770
20260129,293,293,282.5,286,454,12951
20260130,283.5,284.5,277,278.5,417,11659
20260202,276,282,272,282,334,9288
20260203,285,289,282,288.5,364,10401
20260204,285,289,285,287.5,223,6400
20260205,286.5,293.5,282,286.5,414,11985
20260206,286,288,275.5,288,453,12738
20260209,294.5,300,290.5,297,714,21146
20260210,299.5,300.5,287.5,288.5,490,14321
20260211,285,285,272,274.5,1332,36723
20260223,277,285.5,276,282,522,14742
20260224,283.5,285,278.5,284.5,472,13298
20260225,288,297.5,285.5,295,883,25827
20260226,297,311,293.5,303.5,1707,52239
20260302,287,297.5,285,293.5,941,27433
20260303,293.5,299.5,285.5,287,667,19307
20260304,281.5,282,262.5,265,1089,29523
20260305,274,281,273.5,279.5,437,12136
20260306,274.5,277.5,270,271,493,13465
20260309,247,252.5,247,252.5,634,15810
20260310,260.5,264,258,260,353,9201
20260311,267.5,273.5,265,271.5,335,9049
20260312,271.5,274,265.5,267,216,5803
20260313,263,277.5,261,273.5,667,18142
20260316,282,285,271,278,676,18841
20260317,280.5,289,278.5,286,618,17556
20260318,286.5,289,281.5,285.5,425,12114
20260319,280,287.5,279.5,280,308,8705
20260320,283.5,285,277.5,278,343,9663
20260323,272.5,283.5,268,276.5,285,7887
20260324,283.5,284.5,268.5,274.5,293,8094
20260325,278,288,278,287,580,16576
20260326,292.5,313.5,292.5,292.5,1147,34426
20260327,289,292,284.5,291.5,291,8391
20260330,286,302.5,280,300.5,876,25666
20260331,305,312,285,293.5,2219,65641
20260401,309,322.5,305.5,322.5,2744,87578
20260402,345.5,354.5,345,354.5,2428,85664
20260407,377.5,383,350.5,359.5,4917,180708
20260408,370,373,348,351,2957,106190
20260409,351,386,347.5,386,2946,109446
20260410,413,416,362,385.5,5156,196936
20260413,384,424,384,411.5,4001,165112
20260414,415.5,419,390,399.5,2570,103170
20260415,398,439,386,430,4103,172816
20260416,431,444.5,420,434,3596,155713
20260417,434,457.5,430,438.5,2896,127971
20260420,438,445,426,426,1945,84309
20260421,428.5,433,415,426,1606,68377
20260422,428.5,432,410,415.5,2261,94682
20260423,422,423,384.5,402,2216,89198
20260424,415,423.5,401,415,1871,77472
20260427,419,425,406.5,419.5,1626,67852
20260428,420.5,425,411.5,424,1029,43143
20260429,425.5,466,416.5,458,5201,234624
20260430,455,497.5,447,464.5,4983,232093
20260504,464.5,469,436,462.5,3278,148453
20260505,458.5,484,453,462.5,2218,103170
20260506,470,476.5,437.5,461,2530,116035
20260507,466,478,453,455,1866,86640
20260508,450.5,458,435.5,443,1309,58238
20260511,443,450,431,439.5,1304,57463
20260512,449,469.5,443,467,2417,110352
20260513,472,484,450,480,3110,146141
20260514,486,486.5,455,463.5,2808,130653
20260515,446,448.5,417.5,417.5,3192,136444
20260518,406,426.5,396,420,1642,67780
20260519,412.5,419,400.5,404,905,36961
20260520,402,409.5,392.5,392.5,729,29014
20260521,403,414.5,400,406,609,24911
20260522,412,435,409.5,432.5,1491,63762
20260525,447,454.5,439,444,1627,73044
20260526,449.5,472,443,466.5,2274,104700
20260527,475,475,449.5,454.5,1386,63828
20260528,456,468,436,441,1257,56881
20260529,457,457,436,436,1533,67358
20260601,438,444,429.5,429.5,744,32253
20260602,433,433,405,409,936,38618
20260603,414,418.5,407,408,664,27316
20260604,407,418,404.5,409,546,22461
20260605,408,413,395.5,408.5,561,22658
20260608,368.5,394,368,392,568,21539
20260609,398.5,400,390.5,391.5,606,23826
20260610,391.5,402,366.5,367.5,852,32655
20260611,363.5,372.5,342.5,356,1038,36782
20260612,375,375,362.5,368,303,11143
20260615,382,382.5,370.5,370.5,320,11964
20260616,377,379,369.5,376,338,12681
20260617,378.5,378.5,371.5,375.5,209,7837
20260618,375.5,384.5,373,384.5,395,15017
20260622,394.5,396.5,387,388.5,566,22130
20260623,390.5,390.5,375,376.5,445,16892
20260624,371.5,390.5,371.5,389.5,443,16910
20260625,392,394,380,382,386,14848
20260626,382,393.5,368,368,505,18995
20260629,364,384.5,363,382,367,13902
20260630,387,396.5,385,391,511,20040
20260701,397,419,395.5,397.5,959,39024
20260702,399,415,394.5,408,670,27350
20260703,402,404,395,395.5,414,16496
20260706,403,405.5,391.5,391.5,362,14375
20260707,394.5,394.5,368,370,554,20901
20260708,377.5,377.5,358,362,399,14458
20260709,370,379,366.5,373.5,280,10461
20260713,378,402,378,387,759,29813
20260714,392,392,361,383.5,561,20910
20260715,389,397,381,394.5,415,16216
20260716,393.5,396.5,383.5,390,344,13440
20260717,382,385,361,362.5,524,19336
20260720,362.5,366.5,343,359,657,23183
20260721,359,365,354.5,357,256,9186
20260722,363,372,359.5,371,267,9774
20260723,371,371.5,359,362,219,7943
20260724,359,365,352,352,225,7989
20260727,352.5,374,352,371,424,15354
20260728,357,358.5,327.5,330.5,506,17154
20260729,330.5,336,302.5,313.5,585,18345
20260730,313.5,328,308,309.5,457,14474
20260731,331,340,324.5,339,367,12268
20260803,338,345,331.5,334.5,235,7975
20260804,336,343,334,340,189,6428
20260805,355,357,349,352,241,8521
20260806,355.5,355.5,339.5,345,143,4936
20260807,350,350,332,332,261,8840
20260810,339,356.5,338,348,272,9503
20260811,357.5,362,349,352,343,12137
20260812,355,371,355,366.5,335,12205
20260813,374.5,374.5,358.5,358.5,221,8023
20260814,360,360,345,348.5,383,13436
20260817,347,347.5,340,342,167,5727
20260818,346,347,327.5,328.5,271,9008
20260819,323.5,333.5,320,333.5,130,4274
20260820,338,338,327,331.5,120,3968
20260821,337,364.5,337,364.5,973,35127
20260824,374,380,353,353,2075,76372
20260825,346,352,333.5,346,556,18886
20260826,346,358,343.5,355.5,319,11201
20260827,356,361,353,355,301,10738
20260828,359.5,362,352,359.5,247,8838
20260831,357,357,342.5,347.5,428,14857
20260901,351,373,351,365,520,19064
20260902,365,377,360.5,362.5,558,20672
20260903,371,392.5,362.5,363,1290,48893
20260904,368,370,348,355.5,719,25659
20260907,360,363,353,356.5,346,12362
20260908,356,367.5,355,356.5,234,8410
20260909,360,366.5,353.5,353.5,376,13509
20260910,354,354,346.5,346.5,260,9064
20260911,342.5,342.5,334,336,317,10708
20260914,330,338,328,336,238,7921
20260915,332.5,339.5,332,333,111,3710
20260916,334.5,337,332.5,336,132,4418
20260917,336,343,332,332,263,8859
20260918,338,340,333,339.5,178,6002
20260921,340,341.5,336,340.5,156,5302
20260922,348.5,348.5,342,347,223,7703
20260923,350.5,352,346,346,147,5119
