# date,open,high,low,close,lot,wan
20251230,294,319.5,285,317.5,2298,68795
20251231,313,313,288,291,1491,44434
20260102,291,296.5,282,284.5,808,23357
20260105,288,296.5,270,290,1164,32893
20260106,291,294.5,281.5,281.5,831,23982
20260107,285,285,270,270,649,17900
20260108,267.5,272,254.5,255,768,20188
20260109,250,250.5,240,243,1433,35167
20260112,244.5,258,244,255,750,18751
20260113,259,280.5,259,280.5,1427,38848
20260114,296,297.5,280,281,2030,58578
20260115,282,282,271.5,275,489,13439
20260116,283.5,284,268,272,498,13630
20260119,278,278,264,266.5,394,10595
20260120,269.5,269.5,262.5,263,229,6056
20260121,263,263,252,252,264,6784
20260122,257,258.5,252.5,254,268,6842
20260123,260,262,255,257,211,5448
20260126,257,257,248,255.5,240,6030
20260127,256,269,256,263,474,12544
20260128,263,263.5,259,260,200,5225
20260129,261,267.5,253,254,160,4099
20260130,255.5,255.5,246,248.5,156,3865
20260202,243,247.5,243,246,132,3229
20260203,250,251,239,241,194,4735
20260204,241,251.5,238.5,247,194,4787
20260205,244.5,246,241,241.5,129,3137
20260206,244.5,247,239,244,127,3079
20260209,248,248,242,242,81,1972
20260210,242,243.5,240,240,80,1934
20260211,244,250,240,241,243,5954
20260223,244,251.5,242,246,174,4311
20260224,246,251,241.5,251,196,4828
20260225,252.5,260.5,250.5,255,295,7547
20260226,254.5,265,252,257,343,8880
20260302,249,252.5,244.5,247,293,7242
20260303,247.5,247.5,238,238.5,261,6277
20260304,235.5,235.5,215,215.5,478,10536
20260305,223,233.5,221.5,228,181,4106
20260306,228.5,230.5,225,230,127,2894
20260309,218,220,207.5,214.5,191,4059
20260310,220,230.5,220,230.5,232,5222
20260311,231,242,230,241.5,191,4542
20260312,244,244,226.5,226.5,321,7441
20260313,226.5,226.5,219.5,223.5,301,6665
20260316,223,226,219.5,220,116,2566
20260317,224.5,239,222.5,233.5,267,6219
20260318,238.5,246,236.5,240,340,8184
20260319,232,243,232,234.5,165,3915
20260320,238,238,228.5,232.5,117,2733
20260323,232,255.5,229,255.5,406,10221
20260324,281,281,268.5,281,2281,63609
20260325,293,309,277.5,294,3240,95284
20260326,294,305,273.5,274.5,2318,65948
20260327,266,277,260,267,827,22076
20260330,261.5,265,252,258,463,11886
20260331,260,276.5,245,248,979,25505
20260401,264.5,264.5,250.5,252,540,13920
20260402,259.5,264,253,262,671,17404
20260407,265,273.5,265,267,555,14895
20260408,274,287.5,269.5,282,1015,28372
20260409,286,310,274,310,2734,82500
20260410,330,341,329,341,2816,95207
20260413,348,359,336.5,341.5,3163,109747
20260414,343,346,321,333.5,1726,57577
20260415,341.5,366.5,341,366.5,2811,99686
20260416,385,403,370,375.5,3899,150312
20260417,370.5,399,366,390.5,2276,88385
20260420,396,424,396,409,1598,65742
20260421,415.5,421.5,386,387.5,2142,84320
20260422,393.5,399.5,376,377.5,1278,49607
20260423,382.5,382.5,340,357,1673,60264
20260424,368,375,355,355,921,33582
20260427,354,354,327.5,348.5,904,30783
20260428,343.5,354,340,346,456,15799
20260429,348,348.5,340.5,340.5,339,11662
20260430,344.5,356.5,340.5,354,767,26844
20260504,356.5,357,345.5,350.5,581,20356
20260505,351,351,339,339,512,17500
20260506,342,347,330,331,477,16056
20260507,334,343.5,331.5,335,345,11581
20260508,341,342,320,327,495,16189
20260511,327,329,321,324,320,10379
20260512,324,337,316.5,328,495,16119
20260513,323,332.5,316.5,316.5,302,9661
20260514,320,328,307,307.5,381,11901
20260515,310,315.5,295,295.5,414,12465
20260518,292,306.5,292,298,373,11140
20260519,298,304,290,290,240,7051
20260520,290,292,284,285.5,233,6686
20260521,289,295,289,293,194,5686
20260522,296.5,322,296.5,322,448,14213
20260525,328.5,339.5,325,331.5,656,21774
20260526,333,348,323,346,808,27422
20260527,353,360.5,334,340.5,985,34235
20260528,340.5,345,322,323,456,15123
20260529,331,334,323,333,201,6591
20260601,337,337,325,325.5,204,6689
20260602,334,336,324,327.5,280,9235
20260603,334.5,334.5,324.5,324.5,151,4932
20260604,324,324,310.5,310.5,229,7214
20260605,310.5,310.5,292.5,300,298,8967
20260608,276,284,274,281.5,266,7421
20260609,295,295.5,281.5,284.5,158,4503
20260610,280,293,278,278,199,5702
20260611,278.5,279,273,273,171,4720
20260612,277,289,277,283.5,149,4223
20260615,294,306.5,294,301,199,5978
20260616,307,327.5,302,320,514,16225
20260617,320,341,317,334,836,27928
20260618,334,367,328,367,1499,53800
20260622,367,388.5,346,346,1175,42666
20260623,348,349,333.5,341,370,12584
20260624,335,342.5,331,340,220,7407
20260625,341.5,352,335,336,344,11773
20260626,336,336,316.5,317.5,240,7825
20260629,311.5,326,311.5,318,183,5834
20260630,325,349,321,349,414,14063
20260701,352,360,338.5,343.5,643,22712
20260702,342.5,347.5,335.5,345,131,4474
20260703,345,345,336.5,340,105,3572
20260706,340,342,331,331,119,3989
20260707,332,334,312,313,131,4216
20260708,313.5,313.5,304.5,306.5,56,1718
20260709,316,316,305.5,305.5,73,2246
20260713,315,332.5,313.5,325.5,230,7457
20260714,323.5,324,300,309,255,7895
20260715,309.5,318.5,309,316,101,3166
20260716,317,331.5,309.5,320,147,4714
20260717,320,322,300,300,288,8882
20260720,300,300.5,282,294.5,148,4298
20260721,298.5,307,298.5,301,42,1269
20260722,308.5,321,307,315,95,2987
20260723,317.5,317.5,304,304,59,1810
20260724,299.5,307,296,299.5,68,2035
20260727,299.5,299.5,286,290,132,3833
20260728,282,282,265,265,140,3813
20260729,268,268,241.5,245.5,261,6497
20260730,245,246,222.5,232.5,309,7314
20260731,248.5,253,241,247,105,2597
20260803,247,252.5,245,248.5,172,4269
20260804,248.5,258.5,248.5,256,138,3490
20260805,251.5,255.5,250,250,129,3251
20260806,250,255,245,253.5,73,1833
20260807,254,254,245,245.5,70,1730
20260810,246.5,253,245,247.5,85,2121
20260811,251,251,239,243,103,2497
20260812,241,249.5,241,246.5,55,1357
20260813,250.5,255,245,245,242,6056
20260814,245,245,237,238,108,2592
20260817,240,240,235,235,44,1041
20260818,235,237.5,231.5,232,38,886
20260819,230,230,223,228,96,2179
20260820,231,231,223,226.5,63,1423
20260821,227.5,231,226,229,63,1437
20260824,229,232,222.5,223,87,1964
20260825,223,226.5,218,223,58,1279
20260826,228,230,223.5,226,52,1178
20260827,228.5,241.5,228.5,237.5,134,3170
20260828,238.5,238.5,231,231,53,1235
20260831,226.5,229.5,220,222,84,1872
20260901,221,230,220,229,61,1386
20260902,225.5,227,225,225,16,361
20260903,224,225,219,219,86,1912
20260904,220.5,227,217,225,89,1971
20260907,225,232.5,225,227.5,63,1442
20260908,225.5,226.5,222.5,223,62,1391
20260909,223,228,223,226.5,43,970
20260910,223.5,223.5,219,222,49,1083
20260911,218,222,210.5,213,167,3607
20260914,211.5,213,206,206.5,76,1587
20260915,205.5,210,205.5,207,35,730
20260916,206,210,206,207.5,27,561
20260917,210,218,210,216,127,2735
20260918,220.5,223,216,223,54,1183
20260921,233.5,233.5,220,220,53,1197
