# date,open,high,low,close,lot,wan
20250814,30.3,32,30.25,31,246,759
20250815,31.5,32.45,31.3,32.4,549,1761
20250818,32.4,32.5,31.2,31.25,291,922
20250819,31.5,31.9,31.3,31.8,153,484
20250820,31.85,31.85,30.95,31,144,450
20250821,31.45,32.3,31.45,31.9,190,608
20250822,31.85,31.85,31.05,31.1,132,413
20250825,31.8,31.8,30.95,31.5,142,442
20250826,31.35,32.1,31.25,32.1,146,465
20250827,32.1,32.5,31.65,32.4,284,918
20250828,32.4,32.5,31.85,32.25,205,659
20250829,32.5,35.45,32.5,34.4,1796,6261
20250901,34.35,35.2,32.5,32.6,549,1838
20250902,33,33.6,32.65,33.05,274,909
20250903,33.05,34.55,33.05,33.65,332,1124
20250904,33.75,34.35,32.8,33,286,947
20250905,33.4,34.55,33.05,34.5,368,1251
20250908,34.8,35.65,33.8,34.1,396,1372
20250909,34.5,34.5,33.55,34.05,201,682
20250910,34.5,34.5,33.4,33.6,160,540
20250911,33.85,34.05,32.7,32.9,275,913
20250912,32.9,33.55,32.75,33.2,76,253
20250915,33.6,33.8,33.15,33.55,104,347
20250916,34.3,34.75,33.55,34.7,183,631
20250917,34.95,35.2,34.5,34.95,232,809
20250918,34.9,35.5,34.25,34.3,293,1023
20250919,34.5,34.5,33.75,34,143,486
20250922,33.55,33.6,33,33.1,219,730
20250923,33.2,33.55,32.45,33.4,212,695
20250924,33.4,33.4,32.6,32.7,75,247
20250925,33,33.2,32,32.05,121,391
20250926,32,32,31.2,31.4,203,638
20250930,31.6,31.6,31.1,31.55,67,212
20251001,31.6,31.7,31.3,31.3,88,278
20251002,31.85,31.85,31.15,31.15,78,245
20251003,31.2,31.35,31,31.05,47,145
20251007,31.1,31.2,30.8,30.85,130,403
20251008,30.9,31.2,30.85,31.05,103,318
20251009,31,31.5,30.7,31.1,166,515
20251013,30.8,30.8,29.7,30.25,191,578
20251014,30.35,30.6,29.95,30,263,795
20251015,30,30,29.25,29.9,237,704
20251016,30,30.7,29.9,29.9,116,352
20251017,29.95,30.4,29.95,29.95,132,398
20251020,30,30.1,29.95,30.1,84,252
20251021,30.05,30.45,30,30.15,121,366
20251022,30.15,30.4,29.7,30.1,90,271
20251023,29.95,30.4,29.85,30.1,134,404
20251027,30.15,30.45,29.8,29.85,136,407
20251028,30.05,30.3,29.65,29.75,103,309
20251029,30.1,30.1,29.65,29.75,78,234
20251030,30,30,29.6,29.75,91,270
20251031,29.6,29.7,29.25,29.35,117,345
20251103,29.6,29.6,28.95,29,168,490
20251104,29.5,29.8,28.5,28.75,253,729
20251105,28.7,29,28,28.95,168,481
20251106,29.1,29.6,28.7,29.6,102,300
20251107,29.95,30,29,29.5,95,280
20251110,29.1,29.35,29,29.1,45,132
20251111,29.45,30,29.45,29.7,121,361
20251112,30.1,30.1,29.5,29.95,72,214
20251113,29.8,29.9,29.35,29.9,108,318
20251114,29.9,29.9,28.9,28.9,143,418
20251117,28.8,28.8,28,28,152,429
20251118,28,28.5,27.5,28.3,132,371
20251119,28.3,28.3,27.95,27.95,97,271
20251120,28.4,29.5,28.4,28.55,129,372
20251121,28.1,29.8,28.1,29.8,164,478
20251124,29.8,29.85,28.5,28.75,188,541
20251125,29,30,28.5,30,211,614
20251126,29.95,29.95,29.55,29.7,129,385
20251127,29.7,29.7,29.35,29.55,76,225
20251128,29.5,29.6,29.25,29.5,144,425
20251201,29.6,29.6,29,29.2,78,229
20251202,29.2,29.4,29,29.2,73,214
20251203,29.5,29.5,29.2,29.25,48,140
20251204,29.25,29.4,29.1,29.2,50,146
20251205,29.2,29.25,28.75,28.9,88,255
20251208,29,29.15,28.75,28.9,38,110
20251209,29,29,28.05,28.15,210,594
20251210,28.15,28.3,27.95,28.3,105,294
20251211,28,28.2,27.85,28.2,151,424
20251212,28.2,28.3,27.8,27.9,165,462
20251215,27.7,27.8,27.4,27.4,188,518
20251216,27.4,27.4,26.9,27.2,191,517
20251217,27.5,28.15,27.4,27.8,104,289
20251218,27.8,27.8,27.45,27.75,69,191
20251219,28,28,27.65,27.8,48,133
20251222,27.8,28,27.75,27.8,107,299
20251223,27.8,27.8,27.7,27.75,33,91
20251224,27.6,28,27.55,27.8,45,125
20251226,28,28,27.5,27.9,48,134
20251229,27.9,27.9,27.1,27.55,150,411
20251230,27.5,27.55,27.2,27.55,69,189
20251231,27.5,28,27.3,27.95,100,277
20260102,27.55,27.95,27.5,27.5,106,294
20260105,27.5,27.5,26.8,27,238,642
20260106,27,27.4,26.7,27.2,109,295
20260107,27.2,27.3,27,27.05,155,420
20260108,27.15,28.4,27.15,27.95,262,728
20260109,28.1,28.5,27.35,27.45,163,454
20260112,27.45,27.55,27.2,27.2,96,264
20260113,27.2,27.2,26.8,26.85,147,397
20260114,26.85,27.95,26.85,27.85,117,323
20260115,27.5,27.5,27.15,27.5,104,283
20260116,27.5,27.9,27.15,27.15,93,256
20260119,27,27.75,26.9,27.3,210,570
20260120,27.1,27.95,27.1,27.2,135,371
20260121,27.2,27.3,26.85,27.15,161,436
20260122,27.1,27.3,26.7,26.95,190,511
20260123,27.05,28.6,27,28.5,480,1338
20260126,28.95,29.45,28,28.05,357,1017
20260127,28.2,28.2,27.8,27.85,140,391
20260128,28.2,28.7,28,28.5,152,430
20260129,28.65,29.65,28.3,28.4,299,861
20260130,28,28.4,27.65,27.75,149,417
20260202,26.55,27.35,26.5,26.95,204,547
20260203,27.25,27.25,26.65,26.85,112,300
20260204,27,27.35,27,27.1,81,219
20260205,27,27.15,27,27.1,46,125
20260206,26.7,26.7,26.2,26.3,243,640
20260209,26.3,26.6,26.2,26.2,125,329
20260210,26.5,26.9,26.3,26.8,117,312
20260211,26.85,26.95,26.75,26.75,95,254
20260223,27.2,27.55,26.5,27.1,174,472
20260224,27.1,27.7,26.95,27,129,351
20260225,26.9,27.25,26.55,26.8,180,480
20260226,26.55,27,26.5,26.5,186,496
20260302,27.15,27.15,26.1,26.55,173,456
20260303,26.5,26.5,25.45,25.85,293,755
20260304,25,25.25,24.7,24.85,205,513
20260305,25.15,25.45,25,25.15,135,340
20260306,24.95,25.3,24.85,24.9,167,417
20260309,24.1,24.1,23.5,23.7,203,482
20260310,24.4,24.4,23.85,24.15,167,403
20260311,24.3,24.55,24.05,24.15,128,310
20260312,24.3,24.3,23.5,23.6,217,516
20260313,23.6,23.65,23,23.15,292,678
20260316,23.8,23.9,23.2,23.5,124,291
20260317,23.7,24.95,23.7,24.55,253,620
20260318,24.9,25.95,24.7,25,178,446
20260319,25.8,26.5,25.35,25.6,443,1146
20260320,26.25,26.45,24.75,24.8,309,781
20260323,24.6,24.8,23.95,24,216,524
20260324,24.3,24.45,23.65,23.75,89,213
20260325,24.7,24.7,23.65,23.75,91,216
20260326,23.75,23.8,23.6,23.8,69,164
20260327,23.8,23.8,23.2,23.45,125,291
20260330,23.4,23.4,23,23.1,113,262
20260331,23.7,23.7,22,22.35,220,499
20260401,22.35,22.9,22.35,22.55,117,264
20260402,22.55,22.6,22.1,22.2,107,239
20260407,22.5,22.5,22.2,22.2,107,239
20260408,22.45,23.4,22.25,23.25,202,458
20260409,23.4,25,23,23.9,340,811
20260410,24,25.5,24,24.35,374,925
20260413,24.35,24.9,23.65,24,211,506
20260414,24.45,24.5,22.9,23.55,521,1228
20260415,23.8,24.3,23.35,23.35,211,497
20260416,23.4,24,23.05,23.05,320,746
20260417,23.3,23.3,22.65,22.9,282,648
20260420,22.9,23.35,22.2,22.7,738,1676
20260421,22.95,23.25,22.85,23.05,250,574
20260422,23.2,23.55,23,23.5,254,588
20260423,24.7,24.7,22.7,23,547,1273
20260424,25.3,25.3,25.3,25.3,365,924
20260427,27.8,27.8,27.8,27.8,406,1130
20260428,30.55,30.55,29.5,30.55,3318,10078
20260429,30,31.7,29.6,30.7,3900,11970
20260430,30.8,31.45,29.7,29.7,1972,6015
20260504,30.3,30.55,29.05,29.3,960,2847
20260505,29.15,29.4,28.5,28.85,701,2019
20260506,29.55,29.55,28.5,29.15,549,1593
20260507,29.1,30.5,29.1,29.95,857,2567
20260508,30.3,30.3,29.2,29.8,608,1804
20260511,29.85,30.5,29.85,29.95,719,2172
20260512,29.95,30.4,29.55,29.95,370,1112
20260513,29.95,30.1,29.35,29.4,427,1264
20260514,29.45,29.75,29.35,29.65,351,1034
20260515,30,30.1,28.8,28.85,459,1341
20260518,28.9,28.9,28.1,28.2,300,853
20260519,28.5,28.85,28.05,28.35,249,707
20260520,28.05,29,28.05,28.85,257,730
20260521,29,29.75,28.85,28.9,328,954
20260522,29.1,29.55,28.9,29.15,369,1079
20260525,29.2,29.4,28.85,28.9,425,1235
20260526,29.15,29.45,28.85,29.15,406,1181
20260527,29.5,29.65,28.9,28.9,478,1394
20260528,29.1,29.8,29,29.35,553,1622
20260529,29.8,30,29.25,29.35,552,1627
20260601,29.9,30.4,29.7,30.05,737,2216
20260602,30.25,30.25,29.2,29.9,450,1334
20260603,30.1,30.75,30.1,30.4,639,1942
20260604,30.6,30.9,30.05,30.3,637,1937
20260605,30.5,30.6,29.7,30.25,364,1099
20260608,28.8,29.75,28.5,29.6,391,1133
20260609,29.6,30.5,29.6,30.2,311,940
20260610,30.05,30.5,30,30.05,498,1502
20260611,29.75,29.75,28.8,29.25,532,1550
20260612,29.7,29.9,28.85,28.9,653,1916
20260615,29.35,29.35,28.8,28.9,213,620
20260616,29.3,29.3,28.65,28.8,241,696
20260617,28.65,29.2,28.65,29,442,1273
20260618,29,29.3,28.85,29,192,557
20260622,29.1,29.55,29.1,29.3,253,739
20260623,29.35,30.4,29.3,29.8,527,1565
20260624,30.3,30.4,29.2,29.85,422,1256
20260625,30.05,30.05,29.2,29.25,269,790
20260626,29.05,31.55,29.05,31.15,1717,5262
20260629,32.25,33.8,30.6,30.75,1477,4681
20260630,30.75,31,30.05,30.3,497,1512
20260701,30.65,32.6,30,32,1663,5277
20260702,32.85,33,31.3,31.5,1227,3913
20260703,31.5,31.85,31.2,31.3,334,1053
20260706,30.95,32,30.95,31.45,408,1285
20260707,31.6,31.6,30.5,30.8,435,1347
20260708,30.85,30.95,30.5,30.75,196,602
20260709,31.35,31.35,30.4,30.9,226,696
20260713,31.4,31.7,30.2,30.35,302,932
20260714,30.8,30.8,29.9,30.45,352,1061
20260715,30.65,30.75,30.15,30.25,267,811
20260716,30.25,30.7,30.1,30.3,232,703
20260717,30.05,30.4,29.4,29.5,362,1076
20260720,30.25,30.25,29.6,29.65,230,688
20260721,30.05,30.5,29.95,30.5,154,465
20260722,30.6,30.6,30,30.05,225,678
20260723,30,30.2,29.8,30.1,120,360
20260724,30.1,30.5,30.1,30.5,187,566
20260727,30.5,30.9,30.15,30.9,176,540
20260728,30.8,30.8,29.65,29.8,336,1009
20260729,30.25,30.25,29.1,29.85,419,1238
20260730,30,30,29.4,29.6,301,894
20260731,30.1,30.35,29.85,29.85,346,1040
20260803,30.3,30.5,29.8,30.3,722,2182
20260804,27.1,27.1,25.9,26.2,529,1388
20260805,26.25,26.7,26.2,26.4,294,777
20260806,26.25,26.25,25.05,25.15,526,1337
20260807,25.35,25.4,24.85,24.95,330,826
20260810,24.95,25.95,24.8,25.95,262,671
20260811,27.1,28.3,27,28.1,837,2302
20260812,28,28,27.45,27.5,266,736
20260813,27.5,27.5,26.85,26.85,257,697
20260814,27,27,26.1,26.2,223,589
20260817,26.15,26.15,25.6,25.6,139,358
20260818,25.55,26.2,24.9,24.95,225,566
20260819,25,25.45,24.7,24.85,155,386
20260820,24.9,25.1,24.75,25.1,73,183
20260821,25,25.4,25,25.2,76,192
20260824,25.2,25.3,25,25.05,88,221
20260825,25.1,25.55,25.05,25.4,67,169
20260826,25.4,27.25,25.35,27.1,271,716
20260827,27.5,27.7,27.15,27.45,361,989
20260828,27.5,28.55,27.5,27.85,486,1356
20260831,27.85,27.9,27.1,27.6,263,721
20260901,27.3,28,27.3,28,213,592
20260902,28.1,28.5,27.7,28.5,313,883
20260903,28.45,28.55,27.95,28.5,264,745
20260904,28.8,28.9,28.25,28.6,258,735
20260907,28.45,28.85,28.25,28.65,246,702
20260908,28.5,29.05,28.4,29,275,792
20260909,29,29.1,28.8,29.1,185,537
20260910,29.15,29.4,28.9,29.35,281,819
20260911,29,29.5,28.5,29.3,466,1357
20260914,29.5,29.5,28.8,29.25,156,454
20260915,29.35,29.8,28.75,29.5,393,1155
20260916,29.9,29.9,29.05,29.15,314,923
20260917,28.35,29.4,28.1,29.3,299,864
20260918,29.2,29.5,28.95,29.4,272,798
20260921,29.6,30,29.35,29.5,298,886
20260922,29.55,30.15,29.3,29.85,387,1154
20260923,30,30.45,29.9,30.35,536,1616
20260924,30.2,30.7,30.05,30.6,535,1628
