# date,open,high,low,close,lot,wan
20250814,48.8,48.8,46.05,47.6,17,80
20250815,46.6,47.1,46.6,46.7,11,52
20250818,46.8,47.5,46.8,47.25,11,52
20250819,47,47,46.85,47,7,33
20250820,47.2,47.2,46.9,46.9,16,75
20250821,47,47.05,46.8,46.9,11,52
20250822,47.3,47.8,47,47.8,22,104
20250825,47.4,47.4,46.9,46.9,8,38
20250826,46.9,47.15,46.9,47.1,13,61
20250827,47,49.5,46.9,48,49,233
20250828,48,48,47.9,47.9,14,67
20250829,47.9,47.95,47.5,47.5,9,43
20250901,47.5,47.5,46.25,46.5,14,65
20250902,45.25,46.65,45.2,46.65,11,50
20250903,46.5,46.5,46.05,46.2,8,37
20250904,46.25,46.6,46.1,46.3,18,83
20250905,46.3,46.3,45.25,46.1,25,114
20250908,46.15,46.15,45.65,45.85,12,55
20250909,45.85,46.1,45.85,46.1,5,23
20250910,46.3,46.3,46,46,15,69
20250911,46,46,45.7,45.7,7,32
20250912,45.45,45.85,45.45,45.85,4,18
20250915,45.9,45.9,45,45,12,55
20250916,45.1,45.1,45,45,5,23
20250917,45.1,45.8,44.55,45.8,3,14
20250918,44.7,46,44.7,44.8,18,82
20250919,45,45.15,44.8,44.9,9,40
20250922,45,45.5,45,45.1,7,32
20250923,45.1,45.8,45,45,16,72
20250924,44.9,45.5,43.85,44.55,24,106
20250925,43.95,44.9,43.8,44.3,17,75
20250926,44,44.3,43.8,43.8,8,35
20250930,43.8,44.8,43.8,44.8,2,9
20251001,45.45,45.45,44.8,44.9,12,54
20251002,44.85,44.9,44.6,44.6,6,27
20251003,45.4,45.5,44.05,44.05,15,67
20251007,44.1,44.5,44.05,44.05,12,53
20251008,44,44.05,43.85,44,13,57
20251009,44,44,43.7,43.7,8,35
20251013,43.3,43.3,43.3,43.3,1,4
20251014,43.15,43.3,43.05,43.05,16,69
20251015,43.05,43.1,42.6,43.1,14,60
20251016,43.25,43.5,43.1,43.1,9,39
20251017,43,43.6,43,43.55,6,26
20251020,43.6,44.35,43.45,43.45,8,35
20251021,43.6,43.9,43.2,43.9,14,61
20251022,43.9,43.9,43.5,43.55,8,35
20251023,43.55,43.55,43.25,43.25,9,39
20251027,43.25,43.6,43.25,43.3,9,39
20251028,43.8,43.8,43.5,43.5,4,17
20251029,43.2,43.2,43.2,43.2,2,9
20251030,43.2,43.2,43.2,43.2,3,13
20251031,43.2,44.2,43.2,43.8,19,83
20251103,44.05,44.1,44,44.1,6,26
20251104,44,44.3,42.65,42.65,11,48
20251105,46.9,46.9,46.9,46.9,46,216
20251106,51.5,51.5,51.5,51.5,100,515
20251107,56.6,56.6,55,56.6,465,2631
20251110,58,58,52.5,52.6,314,1708
20251111,51.6,57.8,51.6,57.6,300,1658
20251112,55.1,59.1,54.1,56,236,1325
20251113,54.6,56.4,54.4,56.3,146,807
20251114,56.5,61.9,55.4,61.9,253,1508
20251117,63.5,64.8,62,62.9,230,1459
20251118,61.3,64,61,63,163,1020
20251119,60,67.4,60,65,249,1640
20251120,68,68,62.2,62.6,118,758
20251121,62.6,62.6,56.4,56.9,144,834
20251124,56.9,59,54.9,55.6,115,645
20251125,56,57.4,55.9,56.5,47,265
20251126,56.6,57.2,55.2,55.5,61,340
20251127,55,56.8,54.6,56.5,75,420
20251128,56.5,57.1,55.6,56.2,50,280
20251201,55.4,55.6,54.2,55.6,52,284
20251202,55.6,55.6,53.8,53.9,47,256
20251203,53.1,56.8,53.1,55.3,71,391
20251204,55.2,55.2,53.6,54,44,239
20251205,53.5,53.7,52.1,52.3,75,396
20251208,52.9,52.9,51.4,51.4,39,203
20251209,51.4,55.5,50.8,54.9,80,425
20251210,54.8,54.8,53.1,53.1,25,134
20251211,52,52.8,51.8,52.1,55,287
20251212,51.9,52.9,51.5,51.8,34,176
20251215,51.2,51.8,51.1,51.7,22,113
20251216,51.7,52.2,51.2,51.8,46,238
20251217,52,53.3,51.9,52.6,43,226
20251218,52.6,53.5,52,52,33,173
20251219,52.2,53,52.2,53,40,211
20251222,53.1,53.2,51.6,51.9,75,391
20251223,51.7,52.6,51.7,52.3,31,162
20251224,53.1,53.2,52.1,52.1,47,246
20251226,52.3,52.4,51.8,52,18,94
20251229,52.1,52.5,51.8,51.8,37,192
20251230,51.6,52.3,51.5,51.8,23,119
20251231,52,56.4,51.7,55,148,801
20260102,55.3,59.7,55.3,58.3,346,2009
20260105,58.5,58.5,56,56.3,144,823
20260106,56.2,56.3,54.9,55.1,62,344
20260107,56,56.1,55.1,55.3,32,178
20260108,55.6,55.6,53.6,53.9,66,358
20260109,54.8,54.8,53,54.5,34,183
20260112,54.9,55,54.2,54.6,32,175
20260113,54.3,54.3,53.6,54.1,27,146
20260114,54.3,57.9,54.3,56.4,116,654
20260115,56.4,62,56.4,59.5,297,1787
20260116,60,62.9,59,59.6,200,1211
20260119,59.6,60.3,58.5,59.4,98,579
20260120,58.5,65.3,57.2,65.3,361,2269
20260121,62.8,66.6,62.6,63.3,286,1845
20260122,64.7,69.6,62,69.6,530,3587
20260123,68.9,71,66.5,66.9,269,1838
20260126,66.9,71.1,66.3,68.8,259,1805
20260127,68.8,68.8,65.7,65.7,152,1017
20260128,65.3,70.7,65.3,67.8,221,1516
20260129,68,68.3,65.6,66.3,85,567
20260130,66.2,66.9,64,64,97,635
20260202,62.9,62.9,60.7,61.3,91,561
20260203,62.6,62.6,57.3,57.5,318,1882
20260204,58,59.1,57.8,58,97,567
20260205,57.7,59,56,56.4,112,642
20260206,56.5,56.8,55.6,55.8,32,180
20260209,56.5,57,56.2,56.6,28,159
20260210,55.6,56.3,55.5,55.6,35,195
20260211,55.2,57.1,54.7,55.7,50,281
20260223,56.9,56.9,55.1,55.2,109,606
20260224,56.5,56.7,55.3,56.3,40,224
20260225,56.4,56.5,54.3,55.2,76,420
20260226,55.1,57.8,55,57.2,85,478
20260302,57.2,57.3,56.1,56.9,69,392
20260303,57.8,57.8,55.5,55.8,51,286
20260304,55.5,55.7,54,54.2,49,267
20260305,57.5,57.5,55.1,56.5,28,158
20260306,55.5,55.5,54.6,55.3,21,115
20260309,53.5,53.5,51,51.7,35,181
20260310,52,52.6,51,51,28,145
20260311,51.5,53,51,52.7,33,172
20260312,52.8,53.3,52,52.5,7,37
20260313,52.5,53,52.5,52.5,16,84
20260316,54.6,54.6,52.3,53.3,38,201
20260317,55.6,55.6,54.1,54.5,15,82
20260318,54.3,54.3,53.6,54,46,248
20260319,54.3,54.3,53.1,53.2,20,107
20260320,53.2,54,53.2,54,10,54
20260323,52.6,52.6,52.6,52.6,2,11
20260324,52.7,52.9,52,52.1,10,52
20260325,52.5,52.5,51.3,51.6,40,207
20260326,51.7,53.4,51.5,52.5,34,179
20260327,52,52.1,52,52,12,62
20260330,51.2,52,51.1,51.3,41,211
20260331,51.7,51.7,50.1,50.1,45,228
20260401,50.5,50.6,50.1,50.4,27,136
20260402,50.8,50.8,50.2,50.5,9,45
20260407,50.5,51,49.95,50.4,37,186
20260408,51,51,50.1,50.6,40,202
20260409,53.6,53.6,51.5,51.9,69,359
20260410,51.9,51.9,51.2,51.2,46,236
20260413,51.9,52.2,51.2,51.6,32,166
20260414,51.7,52,51.5,52,45,232
20260415,52.2,52.4,52,52.2,58,303
20260416,52.8,52.8,51.6,51.7,65,339
20260417,51.7,51.8,50.8,51,71,364
20260420,51.3,51.9,49.55,50,116,583
20260421,50,51,50,50.6,23,116
20260422,52.5,52.5,51.5,52.3,80,418
20260423,52.9,52.9,51.5,52,66,344
20260424,52.7,52.7,52,52.4,27,142
20260427,55.2,55.2,52.1,52.1,31,164
20260428,52.3,52.5,51.9,52.1,14,73
20260429,52.1,52.1,51.9,51.9,18,94
20260430,51.5,52,51.5,51.8,12,62
20260504,52.6,52.6,51.5,51.8,28,145
20260505,52.5,52.9,52,52.9,37,195
20260506,52.2,52.2,51.3,51.3,36,186
20260507,51.1,51.2,50.9,51,31,158
20260508,51,51,50,50,72,362
20260511,50,50,49.35,49.4,52,258
20260512,48.8,49,48.65,48.8,26,127
20260513,48.5,48.75,48.1,48.3,17,82
20260514,48.05,48.5,47.7,48,25,120
20260515,47.8,47.8,46.1,46.1,94,440
20260518,47,47,45.6,45.6,23,106
20260519,46.9,46.9,46.1,46.65,13,61
20260520,46.65,47.25,46.65,47,21,99
20260521,46.6,47.85,46.6,47.7,44,207
20260522,47.25,48,46.35,47.5,57,269
20260525,46.95,47.8,46.95,47.55,18,85
20260526,47.55,47.85,47.45,47.5,13,62
20260527,47.8,48,47.6,47.65,8,38
20260528,47.75,48.05,47,47.05,25,119
20260529,47.05,48.15,46.9,46.95,33,156
20260601,47.9,51.6,46.95,50.5,131,656
20260602,51.4,51.4,49.05,50.9,66,333
20260603,51.9,52,51,51.5,66,339
20260604,51.4,51.5,50.4,50.6,25,127
20260605,49.6,50.1,49.55,49.7,20,100
20260608,48.7,48.7,47.65,48.2,32,154
20260609,48.4,49.5,48.4,49.5,9,44
20260610,50.7,50.8,48.35,48.35,20,99
20260611,48.35,48.35,44.75,47.25,87,405
20260612,47.7,48.7,47.7,48.7,26,126
20260615,49,49,48.35,48.5,13,63
20260616,48.5,48.85,47.4,48.85,25,120
20260617,48,48.6,47.85,48.35,31,149
20260618,47.8,48.5,47.8,48.45,24,115
20260622,49,49,48.05,48.85,19,92
20260623,48.1,48.6,48,48.4,11,53
20260624,48.9,49.5,48.85,49.5,30,147
20260625,45.1,45.8,45.1,45.35,38,173
20260626,45.1,45.7,44.85,44.9,34,153
20260629,44.3,44.8,44.3,44.7,14,62
20260630,44.75,45,44.45,44.9,23,103
20260701,44.9,45,44.4,44.4,12,54
20260702,45.85,45.85,44.35,44.35,17,76
20260703,45.1,45.1,44.65,44.7,14,63
20260706,45,45,44.4,44.4,14,63
20260707,44.5,44.5,43.2,43.3,39,171
20260708,43.3,43.3,42.6,42.6,18,77
20260709,43.75,43.75,42.75,43.2,5,22
20260713,43.1,43.1,41.65,41.85,27,115
20260714,41.7,41.8,40.5,40.7,27,111
20260715,40.8,40.85,40.8,40.85,3,12
20260716,40.85,40.85,40.85,40.85,6,25
20260717,41.9,41.9,40.05,40.05,17,69
20260720,40.05,40.05,39.8,40,6,24
20260721,40,40.9,40,40.9,10,40
20260722,40.9,40.9,40.9,40.9,3,12
20260723,40.9,41.4,40.9,41.4,4,16
20260724,40.4,40.45,40.35,40.35,8,32
20260727,40.4,40.4,40.4,40.4,13,53
20260728,40.4,40.4,40.3,40.3,2,8
20260729,40,40.3,39.5,39.95,31,124
20260730,40,40,39.15,39.15,9,36
20260731,39.55,39.55,39.55,39.55,2,8
20260803,39.6,40.4,39.6,40.4,4,16
20260804,41.1,41.5,41.1,41.5,5,21
20260805,41.95,41.95,40.95,41,41,169
20260806,41.2,41.65,41.2,41.65,5,21
20260807,42,42,41.85,41.85,5,21
20260810,41.85,42.2,41.55,41.55,4,17
20260811,41.1,41.35,41.1,41.35,3,12
20260812,42.2,42.2,42.2,42.2,1,4
20260813,41.7,41.75,41.6,41.75,4,17
20260814,41.3,42,41.3,41.45,7,29
20260817,41.55,41.55,40.85,41.35,10,41
20260818,41.2,41.45,41.2,41.45,2,8
20260819,41.3,41.3,41.3,41.3,3,12
20260820,40.3,40.95,40.3,40.95,14,57
20260821,40.95,40.95,40.95,40.95,1,4
20260824,41.35,41.45,41,41.45,9,37
20260825,41.4,41.4,41.4,41.4,1,4
20260826,41.4,41.75,41,41.75,12,50
20260827,41.5,42.95,41.5,42.95,2,8
20260831,42.75,42.75,42.75,42.75,5,21
20260901,43,43,41.8,41.8,18,76
20260902,42,42.5,42,42.2,7,30
20260903,42.3,42.3,41.7,41.7,9,38
20260904,41.05,41.05,41.05,41.05,1,4
20260907,41.4,41.8,41.35,41.4,10,41
20260908,41.1,41.5,41.1,41.5,7,29
20260909,41.5,41.5,40.9,41.25,7,29
20260910,41.3,41.3,41,41,3,12
20260911,41,41,41,41,6,25
20260914,42,42.4,41.65,41.65,4,17
20260915,41.3,41.5,41.3,41.5,2,8
20260916,41.5,42,41.45,42,10,42
20260917,41.8,42,41.8,42,4,17
20260918,42.6,42.85,42,42.8,12,51
20260921,43.55,44.2,42.85,43.8,13,57
