# date,open,high,low,close,lot,wan
20250814,160,162,157.5,159,152,2423
20250815,162,163,157.5,157.5,155,2476
20250818,157.5,157.5,153.5,154,115,1780
20250819,155,156,153,154.5,117,1804
20250820,155,155.5,150.5,154.5,148,2268
20250821,155,156,153,153,83,1282
20250822,154,160,154,158,279,4406
20250825,163,163,157,158.5,238,3795
20250826,152,152,146.5,147,212,3139
20250827,147,152,147,149,108,1615
20250828,150,152,147.5,147.5,105,1562
20250829,148.5,150,147,147,98,1454
20250901,148.5,148.5,143,144,120,1736
20250902,144.5,146,141,143.5,105,1498
20250903,143.5,144.5,142,142,64,915
20250904,144,145,141.5,142,66,944
20250905,144,144,141.5,142.5,73,1041
20250908,143.5,146.5,143.5,144.5,84,1216
20250909,145.5,145.5,142,142,92,1314
20250910,141.5,147.5,141.5,142.5,190,2746
20250911,143,144,141.5,141.5,114,1630
20250912,142.5,142.5,138.5,139,143,2005
20250915,140,140,134,134,202,2742
20250916,134,135.5,134,134.5,62,835
20250917,134.5,136.5,134.5,135,80,1086
20250918,135,136,135,135.5,53,719
20250919,136,136,133,136,85,1144
20250922,136.5,137,135.5,137,33,450
20250923,138,138,136,136.5,47,642
20250924,136.5,137.5,135,136.5,38,516
20250925,137,138,135,136,39,532
20250926,136,136,132.5,132.5,82,1096
20250930,133,136,133,135.5,49,661
20251001,136,137,135,135.5,24,325
20251002,136,136,134,134,55,743
20251003,133.5,135,133.5,134,38,510
20251007,134,134,133,133.5,50,667
20251008,136,139,135.5,136,123,1685
20251009,135.5,137,135.5,136,41,559
20251013,131.5,135,131.5,132.5,72,957
20251014,136,136,130,130,100,1313
20251015,131.5,131.5,130,130.5,38,497
20251016,131,132,129.5,130,114,1486
20251017,130,131,128.5,129,54,698
20251020,128.5,130,128,129,32,412
20251021,128.5,131,128.5,130.5,44,574
20251022,131,132.5,130.5,130.5,40,524
20251023,130.5,131,129,129.5,48,624
20251027,130,130,128,129,52,670
20251028,130.5,133.5,128.5,128.5,96,1252
20251029,129,130.5,128.5,130.5,53,687
20251030,132,133.5,129,130,57,743
20251031,129.5,131,129,129,32,415
20251103,129,133.5,129,133.5,118,1561
20251104,135.5,136.5,130.5,130.5,130,1728
20251105,128.5,128.5,124.5,126.5,192,2418
20251106,128,128,126.5,126.5,36,456
20251107,126,129.5,123,123.5,253,3173
20251110,126,126.5,121.5,126.5,93,1158
20251111,127.5,128.5,125.5,127,49,625
20251112,129,129.5,125.5,125.5,83,1055
20251113,126,126,124,124.5,22,274
20251114,123,124,122.5,122.5,50,616
20251117,122.5,122.5,118,118.5,155,1854
20251118,118.5,120,115.5,116,146,1715
20251119,117.5,117.5,115.5,117,36,421
20251120,117.5,121,117.5,118,72,858
20251121,117,118.5,114.5,115.5,90,1045
20251124,114.5,120,114.5,118,50,588
20251125,119.5,124.5,119,121.5,240,2908
20251126,121.5,122.5,119.5,119.5,51,617
20251127,121,122.5,120.5,120.5,40,485
20251128,120.5,121.5,119.5,120,19,228
20251201,120.5,120.5,120.5,120.5,14,169
20251202,121,121.5,120,121.5,51,615
20251203,121.5,124,121.5,124,44,542
20251204,124.5,124.5,121.5,121.5,41,503
20251205,122.5,122.5,120,121.5,46,557
20251208,125.5,132.5,125.5,128.5,244,3144
20251209,129.5,130,125.5,129.5,98,1258
20251210,129.5,129.5,126.5,126.5,48,611
20251211,128,128,124,125,63,791
20251212,124.5,128,124.5,125,39,491
20251215,123.5,124.5,122.5,123.5,42,520
20251216,123,123,120,120.5,49,592
20251217,122.5,122.5,120.5,121.5,35,425
20251218,121.5,122.5,121.5,122.5,28,342
20251219,123,124,122.5,122.5,13,160
20251222,122.5,125,122.5,125,31,386
20251223,127,127,125,125,27,339
20251224,125,125.5,124,124,19,236
20251226,125,125,122,123,50,613
20251229,123.5,126,122.5,125.5,64,795
20251230,126,126,123,123,42,520
20251231,123.5,125,123.5,123.5,30,372
20260102,124,127,124,127,82,1029
20260105,130,130,123,123,131,1642
20260106,123,125,123,124.5,27,336
20260107,125,126.5,124,126.5,24,302
20260108,122,124.5,120.5,122.5,178,2171
20260109,122.5,124,121,124,69,849
20260112,124,124,122.5,123,42,517
20260113,123,125,122.5,125,53,656
20260114,126,127.5,125,126,55,696
20260115,126.5,126.5,124.5,125,40,502
20260116,126.5,127,122.5,123,51,631
20260119,125,125,124,124,47,585
20260120,125,125,122.5,123,36,444
20260121,123,123,120,120.5,74,896
20260122,120.5,121.5,120.5,121.5,53,640
20260123,122,122.5,121,121,22,268
20260126,122.5,125.5,121.5,123.5,98,1213
20260127,124.5,126.5,121.5,122.5,95,1176
20260128,122.5,122.5,121,121.5,40,487
20260129,121,121.5,120,120,86,1034
20260130,119.5,119.5,116,116.5,148,1728
20260202,115.5,116,114,115,60,687
20260203,116.5,116.5,115,116.5,32,370
20260204,116.5,117.5,115.5,116,41,477
20260205,115.5,117,114.5,114.5,52,600
20260206,114.5,114.5,112,113.5,41,462
20260209,116.5,117.5,114,115,44,508
20260210,115,116.5,115,116.5,29,337
20260211,116.5,116.5,114,115,65,748
20260223,116,116.5,115,115.5,42,485
20260224,115,115.5,113.5,115.5,69,789
20260225,114.5,116,114.5,116,47,542
20260226,123,126,122,124.5,321,3972
20260302,125,126,123,125.5,156,1944
20260303,126,126,120.5,120.5,91,1114
20260304,119,119,113,113.5,118,1351
20260305,115.5,118.5,115.5,118.5,54,631
20260306,119,119,117,117,63,742
20260309,113,115,112,112.5,128,1449
20260310,115,116.5,114.5,116.5,53,614
20260311,117,119.5,117,118.5,56,664
20260312,118.5,120,118.5,118.5,53,631
20260313,118.5,118.5,117.5,117.5,22,259
20260316,117,118,115.5,118,27,316
20260317,119,121.5,118,118,31,369
20260318,118.5,120.5,118,119.5,23,274
20260319,117.5,119.5,117,118,36,425
20260320,117,117,115.5,116.5,45,523
20260323,113.5,115.5,113.5,114.5,52,595
20260324,115,116.5,114,114.5,65,749
20260325,115,117.5,114.5,117,24,279
20260326,117,119,117,118.5,51,602
20260327,114,114.5,111.5,113,103,1162
20260330,110.5,111.5,109.5,109.5,36,397
20260331,107,108,102,102,172,1801
20260401,104.5,107.5,104,106.5,58,615
20260402,107,108.5,105,105,64,680
20260407,108,108,105.5,106,25,266
20260408,107,107.5,106.5,107,38,407
20260409,106,107,104.5,104.5,67,705
20260410,109,109,104.5,105,36,378
20260413,105,105,102,102.5,53,546
20260414,103.5,104,102.5,103,60,620
20260415,104,105,102.5,103.5,31,322
20260416,103.5,105.5,103.5,105,58,607
20260417,105,106,104,105.5,50,526
20260420,105,105.5,103,104,57,593
20260421,105,108,103.5,105,72,757
20260422,106,110.5,105.5,108.5,131,1418
20260423,110,110,103,105,111,1170
20260424,105,105,103.5,104.5,27,281
20260427,104.5,104.5,102.5,102.5,51,524
20260428,103.5,105.5,103.5,105,26,272
20260429,106,106,103.5,104,32,333
20260430,105,107.5,105,105,71,756
20260504,107,107,104.5,105,41,430
20260505,105.5,107.5,104,106.5,78,828
20260506,108,108,105,105,59,627
20260507,104,105.5,103,103.5,62,643
20260508,103,105,103,103,70,724
20260511,103.5,103.5,102.5,103,51,524
20260512,103,103,102,102.5,70,717
20260513,102.5,102.5,101.5,101.5,38,388
20260514,101.5,101.5,99.5,100,87,875
20260515,100,100.5,97.5,98.1,105,1039
20260518,96.7,101,95.3,101,102,986
20260519,100,101.5,99,100.5,59,590
20260520,100,100,98.6,100,34,338
20260521,102.5,102.5,100,101,35,353
20260522,100,100.5,99.3,100.5,45,449
20260525,100.5,100.5,98.6,98.7,50,495
20260526,97,99.8,97,99,28,275
20260527,98.3,99.5,98,98,44,433
20260528,99,99,97.1,98.7,20,196
20260529,98.5,102.5,97.5,101,101,1016
20260601,101,109,101,106.5,260,2761
20260602,108,113.5,107,107.5,194,2118
20260603,109.5,110,107.5,107.5,126,1367
20260604,107.5,107.5,104.5,105,61,643
20260605,104,105,103,103.5,73,757
20260608,96.5,100.5,96.5,100.5,80,790
20260609,101,101.5,101,101.5,20,202
20260610,99.8,101,98.4,98.4,47,468
20260611,98.4,100,98.1,100,41,405
20260612,100,100,99,100,9,90
20260615,99.9,101,99.8,100.5,29,291
20260616,102,102,101,101.5,32,325
20260617,100.5,102,100.5,102,22,223
20260618,103,103.5,101.5,102,54,552
20260622,103,103,99.5,100.5,57,573
20260623,99.6,100.5,98.7,99.3,44,436
20260624,98.8,99,98.1,98.6,16,158
20260625,98.8,99,98.8,99,7,69
20260626,97.8,98,97,97.2,49,478
20260629,99.9,99.9,98.1,98.1,13,129
20260630,97.5,99.9,97,99,12,118
20260701,100,100,98.4,99.9,11,110
20260702,100.5,101.5,100,101,51,514
20260703,102.5,104.5,101.5,103.5,94,972
20260706,104.5,105,101.5,103.5,62,641
20260707,103,103,99.4,99.4,39,394
20260708,100,100,98.6,99.7,14,139
20260709,100,100.5,99.6,100.5,11,110
20260713,100.5,101.5,99.5,99.7,12,120
20260714,99,99,97,97.5,33,323
20260715,100.5,100.5,98.1,99.2,6,60
20260716,101.5,101.5,99.2,99.9,17,170
20260717,99.9,101.5,97.8,97.8,65,647
20260720,100.5,100.5,97.5,99.6,13,128
20260721,99.9,100,99.9,100,2,20
20260722,102,102,98.7,100,14,140
20260723,100.5,100.5,98.8,99.3,4,40
20260724,98.7,98.7,98.6,98.6,3,30
20260727,99.9,99.9,98,98.8,7,69
20260728,97.5,97.6,97,97.4,29,282
20260729,93.3,97.4,92.6,93.2,57,533
20260730,94,96.4,93.2,94,23,216
20260731,94.9,95.8,94,94.9,27,255
20260803,94.5,96,94.2,96,6,57
20260804,97,97,96,97,23,221
20260805,96.3,98.4,96.3,98.4,14,137
20260806,98,99.6,98,99.6,18,177
20260807,99,100,99,99.5,12,119
20260810,99.5,99.5,97.1,98.6,12,118
20260811,108,108,101,101.5,81,836
20260812,102.5,102.5,100,100.5,12,121
20260813,100,101,100,101,7,71
20260814,101.5,101.5,99.3,100,14,140
20260817,99.1,100.5,99,100,7,70
20260818,100,101.5,100,100.5,31,312
20260819,100.5,101,100.5,101,31,312
20260820,101,101,100,100,11,111
20260821,100,101,100,100.5,17,171
20260824,100,100,99.8,99.8,10,100
20260825,96.5,96.8,94.1,96.8,21,201
20260826,96.5,96.5,96.5,96.5,2,19
20260827,96,97.3,96,96.5,9,87
20260828,96.6,96.6,96.6,96.6,1,10
20260831,93.1,97,93.1,97,7,67
20260902,97,97.2,97,97,9,87
20260903,97,97,97,97,10,97
20260904,96,97.9,96,96.3,7,68
20260907,96,97.7,96,97.1,3,29
20260908,95.2,96,95.1,95.2,17,162
20260909,97.1,97.1,97.1,97.1,1,10
20260910,95.5,95.5,95.1,95.1,7,67
20260911,95,96,95,95,9,86
20260914,96,97.4,95.8,96.6,37,359
20260915,96.6,105.5,96.6,99,195,1979
20260916,101,104.5,96.6,96.6,117,1182
20260917,96.6,98.5,96.1,96.1,28,271
20260918,98.7,98.7,97,97.2,15,147
20260921,98.8,98.8,96.5,96.5,21,204
