# date,open,high,low,close,lot,wan
20250814,61.7,61.7,60.5,60.9,665,4052
20250815,61.4,61.4,60.2,60.3,863,5219
20250818,60.4,61.7,59.9,60.5,745,4530
20250819,60.8,61.3,60,60,635,3838
20250820,60.1,60.1,58.3,58.6,1219,7177
20250821,59.1,60.8,59.1,59.6,576,3451
20250822,60.2,61.2,59.9,60.4,801,4845
20250825,61.2,61.6,61,61.1,675,4135
20250826,61.2,61.3,60.3,60.5,426,2580
20250827,60.8,61.3,60.6,60.9,579,3525
20250828,61,63.3,60.7,62.7,1692,10531
20250829,63,63.1,61.1,61.1,961,5948
20250901,61.1,61.1,59,59.3,1035,6179
20250902,59.6,59.8,57.7,58.4,926,5413
20250903,58.3,59.2,58.3,58.6,272,1597
20250904,59,59.3,58.4,58.9,420,2471
20250905,59.5,59.5,58.7,59.3,384,2266
20250908,59.5,60.5,59.2,59.5,486,2897
20250909,60.2,60.2,58.5,59,670,3957
20250910,59.4,60.8,59.2,60.5,1060,6386
20250911,60.5,60.5,58.6,58.7,777,4612
20250912,59.1,59.3,58.4,58.5,455,2670
20250915,58.5,58.5,56.8,57.4,649,3732
20250916,57.7,59.4,57.7,57.8,649,3794
20250917,58,58.2,57.5,57.8,265,1533
20250918,57.8,58.4,57.5,57.9,284,1641
20250919,58.2,58.7,57.8,57.9,321,1867
20250922,57.9,58.1,57.1,57.3,509,2917
20250923,58,58,57,57.4,348,1995
20250924,57.5,58.1,57,57.5,283,1624
20250925,57.9,58.4,57.4,57.8,383,2217
20250926,58.4,59.2,56.2,56.9,941,5386
20250930,56.6,58,56,57.8,383,2182
20251001,58,58.9,57.6,57.6,418,2431
20251002,58.5,58.7,57.8,58.7,377,2195
20251003,58.6,60.3,58.5,58.6,989,5879
20251007,58.7,59.4,58.1,59.2,377,2214
20251008,59.4,61,58.8,60.9,1041,6266
20251009,61.2,64.4,60.5,63.3,3193,20130
20251013,62,64.2,61.5,62.4,2056,12946
20251014,63,63.7,60.9,61,1240,7734
20251015,62.2,62.2,60.1,61.1,1082,6566
20251016,61.1,61.8,60.3,61.1,818,4989
20251017,61.1,63.6,61.1,62.7,1449,9047
20251020,63.9,63.9,61,61.9,1706,10592
20251021,62,63.9,62,62.4,1141,7181
20251022,62.5,64.2,62.5,63.2,967,6140
20251023,63.2,64,62.1,62.4,1136,7152
20251027,63.1,63.2,60.5,61,1196,7351
20251028,60.7,60.9,60.3,60.5,560,3393
20251029,61,61.8,60,60.2,713,4317
20251030,60.7,60.9,59,59.4,818,4879
20251031,59.6,60.6,59.6,59.6,394,2363
20251103,60.3,60.7,59.6,59.7,344,2065
20251104,60.4,65.6,60,65.6,5774,37571
20251105,65.6,71.9,64.9,66.1,32249,220303
20251106,68.6,70.6,66.5,67.9,12651,86151
20251107,66.6,67.7,65.1,65.1,4290,28331
20251110,65.1,65.1,61.5,61.6,3065,19124
20251111,60.9,62.4,60.3,60.5,1726,10560
20251112,60.7,64.8,60.7,62.7,2294,14454
20251113,63.3,64.5,61.4,63.7,2348,14767
20251114,64.5,64.6,61,61,2727,17049
20251117,61.3,61.3,59.6,59.6,1270,7662
20251118,59.5,60,57.3,57.6,1701,9947
20251119,57.5,58.9,57.5,57.7,825,4796
20251120,58.3,58.8,57.8,57.9,561,3265
20251121,57.5,58.1,56.1,56.2,795,4522
20251124,56.4,56.8,55.8,56.4,690,3881
20251125,56.4,57.3,56.4,57,540,3075
20251126,57.2,59.7,57.2,58.2,910,5332
20251127,58.6,58.6,57.8,58,379,2201
20251128,58.1,59.2,58.1,58.7,375,2202
20251201,59.2,59.3,58.5,59.3,424,2499
20251202,59.3,59.3,58.1,58.1,631,3692
20251203,58.8,59.4,58.6,58.7,391,2305
20251204,59.3,59.5,58.5,58.6,393,2311
20251205,59.1,59.5,58.5,58.6,370,2177
20251208,59.3,59.5,58.6,59,350,2069
20251209,59.1,59.1,58.1,58.3,364,2126
20251210,58.5,58.8,58,58.3,207,1209
20251211,58.8,58.8,57.7,58,309,1797
20251212,58.1,59,57.8,57.8,412,2400
20251215,57.5,58.3,56.8,57.9,317,1830
20251216,57.9,58.3,56.5,57.1,398,2270
20251217,57.1,58.5,57.1,57.1,345,1991
20251218,57.1,57.3,56.9,56.9,218,1244
20251219,57.6,58.3,57.5,58.2,329,1907
20251222,58.3,58.5,57.9,58,405,2356
20251223,59,59,57.7,57.8,271,1573
20251224,58,58.6,57.5,57.5,369,2132
20251226,57.7,57.9,56.8,56.8,590,3372
20251229,56.9,57.7,56.8,56.9,368,2108
20251230,56.9,57.3,56.3,56.8,410,2322
20251231,56.8,57.9,56.6,57.5,548,3141
20260102,57.5,58.6,57.5,58.5,489,2848
20260105,58.5,58.5,56.7,56.9,600,3429
20260106,57.3,57.4,56.7,57,276,1574
20260107,57,57.4,56.5,57.2,537,3053
20260108,57.1,57.6,56.8,57.2,424,2422
20260109,57.4,58,56.7,57.9,590,3385
20260112,57.5,57.9,56.7,56.7,659,3762
20260113,57,57,56.1,56.2,471,2656
20260114,56.2,57.5,56.2,57.4,545,3105
20260115,57.7,57.7,56.6,56.6,386,2193
20260116,57.1,58,56.2,56.3,703,3994
20260119,56.3,56.3,55.2,55.6,1045,5801
20260120,55.7,55.7,55.2,55.4,654,3622
20260121,55.5,55.5,54.5,54.5,560,3064
20260122,54.6,55,54,54.2,712,3867
20260123,54.3,56.2,54.3,55.7,745,4125
20260126,56.1,56.1,54.8,54.9,393,2166
20260127,55,55.1,54.5,54.6,361,1975
20260128,54.6,55,54.2,54.3,335,1825
20260129,54.2,54.9,54,54,424,2299
20260130,54,54.1,52.6,53,895,4752
20260202,52.5,53,51.8,51.9,494,2575
20260203,52.2,52.9,52.2,52.6,277,1456
20260204,52.8,53.2,52.7,53,189,1000
20260205,53,53.4,52.5,53,257,1359
20260206,53,53,51.2,51.9,332,1726
20260209,52.3,52.9,51.2,51.8,349,1812
20260210,51.8,52.2,51.5,52.2,216,1122
20260211,52.2,52.2,51.7,51.9,266,1381
20260223,52.1,53,51.6,52.8,440,2310
20260224,53,53.3,52.3,52.5,402,2116
20260225,52.5,52.9,52,52,498,2603
20260226,52.1,53.6,52.1,53.2,660,3496
20260302,52,52.7,52,52,369,1926
20260303,52.4,52.9,50.5,51.2,618,3170
20260304,50.5,50.5,48.75,49.15,617,3049
20260305,49.95,50.3,49.3,49.8,428,2125
20260306,50.3,51.4,50.3,51.4,370,1887
20260309,49.5,49.5,48.4,49.05,554,2708
20260310,49.8,50.2,49.05,49.3,255,1266
20260311,49.5,50.4,49.5,50.2,268,1345
20260312,50.2,50.3,49.5,49.85,298,1484
20260313,50.2,50.2,48.6,49.9,519,2557
20260316,49.9,50.5,49.6,50.2,193,966
20260317,50.3,50.7,49.95,50.4,368,1852
20260318,50.4,50.6,49.8,50.3,369,1853
20260319,50.1,50.2,48.75,48.8,659,3248
20260320,48.85,49.15,48.35,48.8,312,1523
20260323,47.5,48.4,47.05,47.05,580,2769
20260324,47.6,47.8,47,47.3,434,2059
20260325,47.75,48.75,47.6,48.65,246,1186
20260326,48.75,48.85,48.15,48.25,214,1038
20260327,47.8,48.25,47.4,47.95,294,1406
20260330,47.95,47.95,47.1,47.15,246,1165
20260331,47.2,47.75,46.15,46.15,294,1373
20260401,46.5,47.35,46.5,47.15,152,716
20260402,47.15,47.2,46.75,46.9,149,698
20260407,47,50,47,47.55,348,1668
20260408,48,48.25,47.65,47.85,283,1357
20260409,47.85,47.85,46.7,46.7,378,1774
20260410,47.2,47.35,46.9,47.1,211,994
20260413,47.1,47.8,46.95,47.7,210,995
20260414,47.8,50.3,47.5,50,760,3755
20260415,50,50,49,49.3,486,2404
20260416,49.3,49.6,48.95,49.35,318,1566
20260417,49.4,49.85,48.4,48.6,316,1546
20260420,48.8,49.45,48.6,49.05,326,1602
20260421,48.8,49.15,48.35,48.75,498,2431
20260422,48.8,49.3,48.6,48.85,313,1534
20260423,49.3,49.45,47.2,47.85,500,2402
20260424,47.85,48.15,47,47,436,2063
20260427,47,47,46.4,46.65,390,1819
20260428,47.2,47.7,46.7,47.45,256,1209
20260429,47.3,47.3,46.95,47,140,659
20260430,47.35,49,47.35,47.9,391,1885
20260504,48,49.5,48,48.35,295,1434
20260505,48.5,49,48,48.35,303,1471
20260506,48.5,48.6,47.95,47.95,313,1510
20260507,48.65,48.65,47.75,48.45,396,1907
20260508,48.4,48.5,47.25,47.45,338,1613
20260511,47.3,47.9,46.95,47.05,312,1475
20260512,47.1,47.1,46.5,46.8,423,1977
20260513,46.8,46.8,46.25,46.25,353,1639
20260514,46.3,46.5,45.7,45.7,369,1698
20260515,46.25,46.6,45,45,432,1979
20260518,45,45.2,44,44.95,389,1737
20260519,44.95,45.3,44.5,44.6,291,1306
20260520,44.6,44.8,44.15,44.15,257,1140
20260521,44.75,45.6,44.7,45.6,328,1486
20260522,45.7,45.95,44.9,45.3,403,1823
20260525,45.6,45.7,44.2,44.4,676,3004
20260526,44.55,44.9,43.75,43.85,505,2221
20260527,43.95,44.1,42.85,43.3,939,4060
20260528,43.3,43.4,42.6,42.75,635,2719
20260529,42.85,43.5,42.75,43.25,456,1966
20260601,43.25,44.8,42.75,44.45,772,3390
20260602,44.35,45.25,44,44.7,530,2361
20260603,45.2,45.95,44.25,45.8,858,3855
20260604,46.3,46.7,45.8,45.85,676,3111
20260605,46.35,50.4,46.35,50.4,6716,33599
20260608,49.8,51.5,47.1,49,5391,26757
20260609,49.2,50.6,48.8,48.8,2693,13281
20260610,48.7,51.5,47.55,47.85,3004,14802
20260611,47.85,48.5,47,48.3,1253,5971
20260612,49.2,49.2,48,48.2,833,4021
20260615,48.75,48.75,47.6,47.7,587,2813
20260616,48,48,47,47.3,593,2806
20260617,47.15,47.9,47.15,47.45,320,1517
20260618,47.45,47.7,46.95,47.4,536,2535
20260622,47.55,47.75,47.05,47.2,820,3892
20260623,47.4,47.4,46,46.25,637,2967
20260624,46.25,47.2,45.8,46.7,241,1123
20260625,46.7,48.7,46.5,47.45,708,3387
20260626,48.15,48.15,46.5,46.5,547,2570
20260629,46.55,47.45,46.3,46.8,316,1483
20260630,46.95,47.6,46.85,47.45,826,3896
20260701,47.7,47.7,46.65,46.65,556,2604
20260702,46.25,46.85,46.25,46.35,422,1958
20260703,46.5,47.6,46.3,47.05,864,4079
20260706,47.4,48,46.8,46.85,835,3963
20260707,46.9,46.95,46.15,46.2,423,1967
20260708,46.55,46.55,45.85,46.1,293,1350
20260709,46.1,46.15,45.7,45.9,457,2099
20260713,45,45,43.6,43.7,463,2036
20260714,43.8,44.5,42.2,42.7,624,2667
20260715,42.75,43.7,42.75,43.7,177,766
20260716,43.4,43.7,43.1,43.4,158,686
20260717,42,43.15,41.75,41.8,664,2798
20260720,41.8,42.55,40.95,42.25,273,1137
20260721,42.5,42.85,42.5,42.55,154,658
20260722,42.6,43.05,42.4,42.9,239,1022
20260723,42.9,42.9,42.2,42.4,103,438
20260724,42.4,42.9,42.3,42.9,160,682
20260727,42.7,42.7,42.3,42.55,81,344
20260728,42.1,42.25,41.55,41.6,260,1090
20260729,41.65,41.65,40.05,40.45,541,2204
20260730,40.1,40.95,40,40.2,342,1382
20260731,41.4,41.5,40.3,40.75,587,2386
20260803,40.9,41.8,40.75,41.7,197,818
20260804,41.9,41.9,41.3,41.65,223,926
20260805,41.8,42.35,41.8,42.2,261,1101
20260806,42.6,42.6,41.95,42.5,177,749
20260807,42.8,44.35,42.5,43.65,588,2564
20260810,44.3,44.3,43.1,43.35,212,918
20260811,43.45,43.55,42.7,43,156,672
20260812,43.1,43.5,43,43.25,140,605
20260813,43.35,43.35,42.75,42.85,133,570
20260814,43.3,43.3,42.1,42.2,158,668
20260817,42.2,42.25,41.85,41.85,108,454
20260818,41.65,42.15,41.65,41.85,114,477
20260819,41.95,42.1,41.7,41.9,97,406
20260820,41.95,42.15,41.85,41.9,106,445
20260821,41.9,42.45,41.9,42.1,73,308
20260824,42.2,42.45,41.9,41.9,99,416
20260825,41.9,41.9,41.3,41.7,94,390
20260826,41.7,42.1,41.5,41.85,139,580
20260827,41.5,42.5,41.45,42.2,170,716
20260828,42.05,42.05,41.75,41.85,153,640
20260831,41.85,42,41.5,41.55,127,529
20260901,41.55,41.55,41.3,41.35,221,915
20260902,41.35,41.35,41,41,134,551
20260903,41.4,41.4,40.8,40.8,190,779
20260904,40.9,41.35,40.6,41.25,161,658
20260907,41.2,41.2,40.75,40.9,178,728
20260908,40.75,41,40.6,41,136,554
20260909,41.4,42,40.7,40.9,170,697
20260910,40.8,40.8,40.6,40.65,143,581
20260911,41,41,40.5,40.55,158,641
20260914,40.5,41.3,40.1,41.1,146,594
20260915,41.4,41.4,40.7,40.9,69,282
20260916,41.15,41.3,40.9,41,73,299
20260917,41,41.3,40.95,41.3,153,630
20260918,41.4,41.4,40.9,41.35,147,606
20260921,41.35,41.6,41.1,41.35,138,571
