# date,open,high,low,close,lot,wan
20250814,15.3,15.7,15.3,15.6,17599,27408
20250815,15.7,15.7,15.4,15.6,12628,19610
20250818,15.65,15.9,15.55,15.9,19005,29975
20250819,16,16.25,15.7,15.9,13939,22220
20250820,15.9,15.9,15.35,15.45,13145,20493
20250821,15.5,16,15.5,15.9,13533,21447
20250822,15.9,15.95,15.6,15.7,8200,12871
20250825,15.95,16.2,15.8,15.8,14111,22546
20250826,15.75,15.9,15.7,15.8,8063,12750
20250827,15.95,16.15,15.8,15.85,12712,20323
20250828,15.95,16.1,15.85,16.05,11202,17936
20250829,16.15,16.5,15.9,15.9,16473,26571
20250901,15.9,15.95,15.65,15.75,8642,13643
20250902,15.85,16.05,15.35,15.4,10566,16520
20250903,15.45,15.7,15.3,15.35,9066,14041
20250904,15.5,15.9,15.45,15.7,10903,17141
20250905,15.8,16.2,15.75,16.05,18322,29390
20250908,16.25,16.95,16.25,16.55,50801,84301
20250909,16.55,16.7,16.25,16.5,15532,25555
20250910,16.65,16.9,16.3,16.7,24495,40797
20250911,16.8,17.4,16.6,17.2,46595,79421
20250912,17.5,18.9,17.45,17.95,201622,372359
20250915,18.1,18.25,17.6,17.85,54124,97031
20250916,17.85,18.9,17.6,18.55,75709,139650
20250917,18.6,20.4,18.6,20.4,163960,326793
20250918,21.25,22.4,20.95,22.4,325494,711094
20250919,22.8,23.15,22,22.1,314213,712660
20250922,22.05,22.6,21.15,21.35,137319,297882
20250923,21.65,23.45,21.65,23.45,259556,599204
20250924,23.7,24.7,22.9,23.85,362242,860927
20250925,23,24,22.95,23.1,122209,285500
20250926,22.75,23.5,22.2,23.1,121113,277676
20250930,25.35,25.4,24.95,25.4,152664,387064
20251001,25.4,27.9,25.2,27.9,404767,1102753
20251002,30.1,30.1,27.4,27.7,439718,1257082
20251003,27.5,28.4,26.85,27.2,253575,696854
20251007,27.8,29.9,27.65,29.9,366194,1077221
20251008,29.1,31.35,28.55,31,384463,1144854
20251009,31.5,32,30.2,30.3,329805,1019792
20251013,27.55,29.3,27.45,29.25,205760,589774
20251014,30.6,31,27.3,27.3,294354,846723
20251015,28.35,28.45,27.4,27.8,138777,386730
20251016,28.5,30.25,28.45,28.8,292728,861128
20251017,28.5,30.75,28.3,29.5,250894,746010
20251020,30.5,31.3,29.45,30.3,246606,746147
20251021,30.45,30.75,29.45,30.7,182443,547502
20251022,28.5,29.2,28,28,277460,793194
20251023,27.4,28.9,27.35,28.65,186812,528743
20251027,30.5,31.5,30.5,31.5,347846,1084338
20251028,32.15,33.6,31.5,31.95,588996,1907442
20251029,32,33.4,30.55,32.25,388352,1241266
20251030,32.9,34.1,32.4,33.05,407145,1356837
20251031,32.95,33,31.5,31.5,197456,632240
20251103,31.85,32.45,30.1,30.1,235953,737110
20251104,30.3,30.65,29,29.05,177476,526664
20251105,28,30.15,27.9,29.95,176872,517080
20251106,30.65,31.5,30.15,31.25,209910,649988
20251107,30.8,31.35,30.2,30.55,121063,371822
20251110,30.95,32.1,30,31.55,233705,732273
20251111,31.85,34.4,31.5,33.2,529164,1740032
20251112,33.45,36.5,32.75,36.5,499496,1762199
20251113,36.9,37.75,34.8,35.65,617710,2245766
20251114,33.8,35.3,33,34.15,248326,849632
20251117,35.85,36.65,34.2,35,265535,937653
20251118,34.8,37,34.55,35.9,467809,1674741
20251119,35.5,38.45,34.95,35.35,519343,1899272
20251120,36.85,37.55,33.45,35.4,497717,1775225
20251121,33.5,34.25,32,33,271985,897508
20251124,33.7,34.3,32,32.1,217049,714474
20251125,33.6,34.2,33,33.3,174398,584512
20251126,33.75,33.75,31,31.65,230261,739614
20251127,32.25,33.3,32.25,33.15,136640,447162
20251128,33.3,34.9,32.8,34.1,208218,708854
20251201,34.5,35,33.1,34,164700,561083
20251202,34.4,34.5,32.75,32.8,214310,713695
20251203,33,33.35,32.05,32.1,123098,402300
20251204,32.2,32.5,31.45,32.3,101700,325590
20251205,32.15,33.1,31.7,32.9,109411,355270
20251208,33.35,34.75,33.25,34.15,251293,855865
20251209,34.65,35.5,34.3,35.3,261045,910229
20251210,35.8,36.5,34.2,34.7,259847,918965
20251211,35.2,35.5,33.8,33.8,149125,513736
20251212,34,35.8,34,35.1,222708,781146
20251215,34.3,35.25,33.1,34.95,127423,435905
20251216,34.7,34.7,33.2,33.8,123835,420031
20251217,34.1,35,33.3,34.8,156274,536021
20251218,34.75,35.9,34.7,35.5,221716,785633
20251219,36.65,37.35,35.2,36.8,336341,1224469
20251222,38.8,40.45,38.75,40.45,477377,1910617
20251223,41.95,42.2,38.8,39,539300,2165444
20251224,39.35,40.4,38.5,40.4,261731,1040409
20251226,41.55,42.2,40,40.05,314497,1283070
20251229,40.45,40.65,39.2,39.65,155446,619943
20251230,39.7,41.1,39.5,40.25,210185,847242
20251231,40.8,41.3,39.55,39.55,194157,781189
20260102,39.85,42.2,39.3,42.1,352858,1460080
20260105,43.6,44.7,42.6,43.45,389178,1698287
20260106,43.5,47.75,43.1,47.75,447327,2065160
20260107,50,50.5,48,49.2,535326,2636601
20260108,48.6,50.2,47.3,49.65,310714,1512314
20260109,48,49.45,44.7,47.5,101243,479741
20260112,49,50,48,49.8,70940,350155
20260113,51,51,48,50.7,73961,369403
20260114,50.7,51.3,50.1,50.6,46510,235668
20260115,51,51.3,49.85,51.3,54236,275484
20260116,53,56.4,52.5,56.4,110873,615089
20260119,62,62,62,62,24160,149789
20260120,58.5,68.2,58.5,68.2,195267,1261458
20260121,67,68.5,61.6,62.6,182416,1178593
20260122,66.1,66.2,62.7,63.6,102573,661226
20260123,64.8,64.8,58.2,58.5,335348,2023389
20260126,58.5,63.7,58.5,60.6,316572,1933756
20260127,60.6,62.1,57.7,59.5,265558,1587014
20260128,61.7,65.4,61.7,65.4,361651,2317291
20260129,67,69.5,63.3,65.1,592076,3930885
20260130,65.1,70.7,65.1,69.5,502281,3423511
20260202,66.3,66.9,62.6,62.6,282567,1809003
20260203,66,67.4,57.9,59.7,308535,1947338
20260204,60,65.6,59.9,65.6,223557,1427780
20260205,63,64.7,61.5,62.8,203499,1283380
20260206,62.7,66.3,60,63.5,340736,2164089
20260209,67.8,68.5,63.7,63.8,294169,1949194
20260210,64.3,65.9,62.6,64.3,192704,1235414
20260211,63,65.5,62.8,63.1,214396,1373546
20260223,65.8,68.9,65.3,67,257715,1738890
20260224,67.9,73.7,66.1,73.7,337048,2397765
20260225,74.7,77,72.6,76.8,487503,3651911
20260226,76.8,78.9,75.4,76.7,322304,2476086
20260302,71.4,77.8,71.4,74.8,248095,1865537
20260303,76.2,77,67.4,68.2,373534,2647366
20260304,63.2,65.4,61.4,61.4,210779,1324316
20260305,66.4,67.4,63.4,64.4,211843,1388033
20260306,63.9,66.3,63.3,64.3,144135,933116
20260309,58,59.4,57.9,59.4,135415,791332
20260310,63.8,64.2,60.5,62.2,140297,880738
20260311,64,67.5,63.5,66.3,169993,1126062
20260312,66.6,66.8,63.1,63.1,171086,1108454
20260313,62,64.8,61.9,64.3,135963,865893
20260316,65.7,67.4,65.1,65.2,254597,1686136
20260317,67.1,71.7,66.8,71.7,393355,2760271
20260318,76,76.2,70.7,71.9,404267,2961511
20260319,70.1,77.8,68.6,75,513363,3815468
20260320,77.1,78,71.7,75.5,529033,3971452
20260323,71,72.3,68.6,69.1,243486,1714469
20260324,71.3,71.4,62.5,62.7,369690,2406244
20260325,64.1,66.2,62.1,65,278833,1791355
20260326,65.3,67.5,62.8,62.8,289191,1872300
20260327,60.5,61.2,57.1,59.2,222664,1311130
20260330,57.5,60.1,57,58.1,206032,1203695
20260331,55,55.7,52.4,53.1,207092,1113398
20260401,57,57,54.3,54.9,148152,818929
20260402,56.5,57.2,53.5,53.5,155763,858332
20260407,55,55.4,52.7,54,96303,518834
20260408,55.9,57.9,55.8,57.6,115254,658732
20260409,58,58,53.8,54,134072,741055
20260410,54.9,57,54.1,55.4,134035,744114
20260413,55.4,55.5,53.6,54.5,101938,554070
20260414,55.5,56.4,54.5,54.6,109787,605880
20260415,55.8,56.2,53.1,53.2,101747,552595
20260416,53.3,54.3,52.4,54,85975,461014
20260417,53.6,54.3,52.5,52.6,87075,461590
20260420,52.7,52.9,51,51.4,99369,514032
20260421,52.5,54.3,52.5,54,109356,587344
20260422,56,58.5,54.9,57,219997,1248768
20260423,58.9,59.1,52,52.9,209440,1158229
20260424,53.8,53.8,51.6,52.9,81283,429008
20260427,53.3,56.2,53,54.5,145172,794550
20260428,55.2,55.7,54.2,55,101666,559728
20260429,54.8,55.2,53.5,53.5,63667,344272
20260430,53.9,54,51.8,51.9,94428,496219
20260504,52.7,53.5,51.6,53.1,97020,512722
20260505,53.4,55.5,52.9,55.4,106346,580343
20260506,58.8,59.8,56.3,58.1,255771,1485074
20260507,60.5,63.9,58,63.9,312339,1948701
20260508,65,66.5,60.1,61.4,442180,2815555
20260511,64.9,66,62.5,62.5,283121,1809049
20260512,63,63.3,60.4,62.1,170377,1052680
20260513,60.7,60.8,59,60.5,118112,705825
20260514,61.8,63.4,60.8,62.2,196451,1222016
20260515,63,67,62.3,62.8,356822,2297444
20260518,62,63.1,59.2,62,127532,778499
20260519,61.5,62.3,58.1,58.5,143821,860014
20260520,58.7,59.4,56.6,57.8,84342,487262
20260521,59.3,61.2,58.9,59.1,96108,574649
20260522,60.3,64.8,60.2,63.8,218295,1378956
20260525,65,68.2,62.3,67.6,321963,2129984
20260526,69.9,73.6,68,70.8,354361,2520379
20260527,75.9,77,72.6,74.8,414941,3109840
20260528,75.6,82.2,73.5,80.7,742970,5922584
20260529,85.4,88.7,78.8,88.7,829646,7011230
20260601,93.2,94.5,87,87,770942,6944010
20260602,87,88.6,83.7,85.9,106203,909960
20260603,88,88,84.1,84.6,64659,551986
20260604,82.9,83.4,80.2,81,73514,599940
20260605,77,77,73,74.6,112133,833680
20260608,67.2,68.3,67.2,67.5,104481,705062
20260609,70.4,71.5,69.9,71.5,57681,408040
20260610,67,67.8,64.4,64.4,132801,874337
20260611,62.6,65.1,62.1,64.4,70707,449241
20260612,68,68,67,67.2,65105,440063
20260615,69.6,73.9,69.6,73.3,87140,627806
20260616,75,77.6,71,71,291491,2165802
20260617,70.1,72.5,69.4,70.2,187706,1327162
20260618,71.5,75.3,70.7,74.2,245700,1794770
20260622,79.5,81.6,78.5,81.6,133237,1077645
20260623,82.8,86.1,78.3,78.6,504938,4143324
20260624,78,85.7,77.2,85.7,476043,3934192
20260625,89.3,89.3,82.8,83.2,479668,4096907
20260626,83.2,85.2,78.1,78.3,332913,2723998
20260629,79.9,82.3,77.6,78.9,220164,1754008
20260630,79.9,80.4,77.8,79.7,197058,1562225
20260701,80.2,80.5,72.7,74.3,264775,2007701
20260702,70.4,75.8,70.3,74.7,155505,1144317
20260703,73.3,75.1,72.1,73.4,101737,752022
20260706,74.2,77.4,72.5,72.6,153798,1145497
20260707,73,74.3,69.7,70.1,161281,1160884
20260708,70.8,71.5,67.1,71.2,139718,975563
20260709,71.5,74.3,70.9,71.1,156987,1136186
20260713,72.4,73,68.1,69,117783,827944
20260714,69,70.4,63.4,69.2,175281,1175501
20260715,74,76.1,73.8,76.1,197628,1498905
20260716,74.9,79.5,74.8,76.5,446263,3456458
20260717,72.4,73.4,68.9,68.9,273270,1926989
20260720,68.3,68.3,62.2,63,179761,1158391
20260721,64,65.1,63,65.1,126328,810227
20260722,67.8,69.6,67.1,67.9,169363,1157983
20260723,68.1,68.5,64.3,66,117399,777558
20260724,64.1,64.4,61.5,61.6,152852,956059
20260727,61.6,62.1,59,61.9,104654,633833
20260728,57.5,58.1,55.8,55.8,113517,637244
20260729,55.1,55.2,50.3,50.4,158698,815611
20260730,48,54.7,48,49.55,192112,990336
20260731,54.5,54.5,54.5,54.5,25422,138551
20260803,54,56.6,53.9,54.7,207280,1146186
20260804,55,60.1,54.4,60.1,186379,1083183
20260805,63.4,66.1,62.2,66.1,240808,1553515
20260806,66.4,68.5,65,66.6,444029,2953041
20260807,67.5,68.4,65,65.5,218297,1458591
20260810,66.6,69.4,66.6,67.6,231527,1575672
20260811,66.4,67.5,65.3,67,110831,736351
20260812,68,73.7,67.9,73.7,428615,3107068
20260813,75,77.4,72.7,74.9,471309,3539914
20260814,76.6,81.8,76.3,78.4,527933,4170911
20260817,79.9,79.9,74.2,74.6,259955,1972631
20260818,75,75.7,69.5,69.7,226495,1631729
20260819,67.3,69.6,66.5,66.6,176389,1189590
20260820,68.1,69.5,66.2,67.3,165662,1119562
20260821,67,68.5,66.5,68.4,116273,785263
20260824,68.4,72.9,67.6,70.8,162099,1154989
20260825,70.5,71,66.6,69,158026,1079764
20260826,69.8,71.4,69.2,70.2,109501,772542
20260827,71.3,72.1,69.6,69.6,118626,840856
20260828,70.8,73.3,69.9,70,127517,907025
20260831,69,73.2,68,73,207577,1498341
20260901,73.6,73.7,70.4,70.8,151879,1084137
20260902,70.1,71.4,69.2,70.4,68830,483950
20260903,71.2,72,67.5,67.8,115197,801760
20260904,69.3,70,67,68.5,85248,580783
20260907,70,73.5,69.3,72.9,242830,1751725
20260908,73.2,75.3,71.9,72.4,172802,1265803
20260909,72.8,74.3,71.4,72.4,114261,831172
20260910,72.1,74.2,71.3,73.5,144134,1050893
20260911,72.1,72.1,69.8,70.7,131561,929488
20260914,69,71.4,68.1,70.7,90533,631504
20260915,70,70.1,66.7,66.9,162023,1103456
20260916,67.8,70,67.8,69.9,91881,636563
20260917,70.5,72,70.1,71.2,119461,851423
20260918,73,74,72.7,74,175588,1290210
20260921,74.4,74.5,72.5,72.7,93490,684488
20260922,73.9,74.7,71.8,71.8,95975,702816
20260923,73,74,71.9,73.1,118631,869586
20260924,72,72.1,70.5,72,95568,679324
