# date,open,high,low,close,lot,wan
20250814,79.6,80.5,79.6,80.1,18,146
20250815,80.2,80.9,80.1,80.7,16,129
20250818,81.5,81.5,80.1,80.6,39,310
20250819,72.8,74.4,72,73,81,591
20250820,75,75.1,72.7,72.8,26,196
20250821,72.8,73.5,72.7,73.2,18,132
20250822,73.2,73.5,73.2,73.5,6,44
20250825,74,74,72.9,72.9,26,191
20250826,73.5,73.5,72.9,73,25,183
20250827,73,74,73,73.1,21,156
20250828,73.5,74,72.9,72.9,27,199
20250829,73,74.6,72.1,73.1,33,240
20250901,73.1,74.5,73.1,74.5,31,230
20250902,74.5,74.5,73.6,74,8,56
20250903,74.8,74.8,73.9,74,9,68
20250904,74.1,74.8,73.9,73.9,21,159
20250905,73.2,73.2,72.8,72.8,13,96
20250908,73,73,72.3,72.3,20,147
20250909,72.3,73.2,72.3,73.2,28,204
20250910,72.6,72.8,72.6,72.8,3,22
20250911,73.6,73.6,72.8,72.8,14,100
20250912,72.8,72.8,72.6,72.8,6,43
20250915,73.1,74,73,73.1,10,74
20250916,72.3,73.4,72.3,72.4,19,142
20250917,73,74.7,72.6,74,31,225
20250918,74,74,73.3,73.3,20,147
20250919,73.3,73.5,72.9,73.2,35,255
20250922,73.2,73.5,72.3,72.3,34,244
20250923,72.5,72.7,72,72.3,36,259
20250924,72.5,72.7,72.5,72.6,21,154
20250925,73,73,72.6,72.8,12,90
20250926,72.8,72.8,72,72.1,36,258
20250930,73,73,72,72.2,7,50
20251001,72.5,73,72.4,72.4,9,68
20251002,72.5,73.1,72.3,72.8,21,154
20251003,73.3,73.3,72.8,72.9,8,61
20251007,73,73.6,72.9,73.6,26,192
20251008,74,74.6,74,74.6,22,163
20251009,75,82,75,81,145,1163
20251013,81,86.5,80.3,85.5,198,1656
20251014,88,88,82.6,82.9,98,830
20251015,82.5,84.2,82.5,83.5,45,376
20251016,82.9,84.3,82.9,84,33,277
20251017,85.8,86.5,84.2,85.3,87,740
20251020,86.5,86.9,85.3,86,94,813
20251021,86.9,93.2,86.9,92,359,3221
20251022,93.9,94,90,92.4,161,1477
20251023,93,95.8,93,94.7,217,2051
20251027,95.9,96,94.3,94.7,138,1310
20251028,93.3,93.3,90.3,91.2,136,1241
20251029,91.2,92,90.5,91.8,56,508
20251030,99.9,99.9,92,92.6,109,1042
20251031,92.6,92.6,90.6,91.6,52,475
20251103,91.5,92.9,91.5,92.9,46,423
20251104,92.5,92.9,91.1,91.1,36,327
20251105,90.8,91.1,90.2,91,34,311
20251106,93.5,94.5,92.5,93,49,453
20251107,92.9,93,91.7,92.1,36,335
20251110,92.1,92.1,90.8,91.5,32,290
20251111,92,92.6,91.5,91.8,74,679
20251112,91.8,92,91,91.1,27,246
20251113,92,92,91.1,91.1,21,194
20251114,90.6,90.6,89.2,90,55,492
20251117,89.2,89.2,86.2,86.3,80,695
20251118,86.4,86.4,83.8,86.3,86,735
20251119,87,88,86.3,86.6,22,188
20251120,86.8,86.8,83.9,85.8,18,152
20251121,86,86,85.2,85.6,13,114
20251124,86.4,87.8,85.7,87.8,30,260
20251125,87.5,92.9,87.5,91.9,89,805
20251126,92,93,91.9,92.1,33,303
20251127,91.6,92.9,91.6,92.5,36,334
20251128,95.5,95.7,93.2,94.1,166,1568
20251201,93.5,94,93,93.8,69,650
20251202,94.2,94.9,94.2,94.4,78,741
20251203,94.9,94.9,94.3,94.3,37,350
20251204,94.4,94.7,94.1,94.1,43,401
20251205,94.1,94.5,93.6,94.2,43,402
20251208,95.3,96.7,94.4,94.9,134,1278
20251209,95.1,96.4,94.8,96.2,133,1272
20251210,96.3,99,96,99,261,2556
20251211,99.4,99.5,97.3,97.4,156,1534
20251212,97.4,98.1,97,97.4,75,730
20251215,97.2,97.4,96.1,96.2,23,227
20251216,96.2,96.2,93.8,95.1,42,403
20251217,95,99.5,95,96.7,82,791
20251218,97.6,97.8,96,96,47,455
20251219,97,99.5,96.3,99.5,208,2052
20251222,98.5,99.9,98.5,99.9,133,1320
20251223,100,106,100,105,266,2753
20251224,106.5,106.5,100.5,101,173,1783
20251226,101,106,101,104.5,271,2819
20251229,102.5,103,96.9,96.9,368,3644
20251230,96.1,96.1,92,94.9,124,1168
20251231,96,96,93.6,94.2,64,605
20260102,94.9,96.4,94.7,95.2,47,447
20260105,95,95,93.5,93.7,72,676
20260106,94,94.3,92.9,92.9,69,651
20260107,92.7,93.5,92.5,92.8,55,511
20260108,91.2,99,91,91.7,200,1868
20260109,91.7,91.9,90,91.3,118,1068
20260112,93.2,93.2,91.1,91.8,44,401
20260113,90.2,90.7,88.2,89,139,1239
20260114,88.8,95.8,88.8,92.7,104,966
20260115,92.6,92.6,90,90,97,883
20260116,90,90.9,89.8,90.5,67,606
20260119,91,91,88.5,88.6,85,761
20260120,89.7,89.8,88.3,88.3,41,364
20260121,88.2,88.2,86.8,87,60,523
20260122,86.6,89.9,86.6,88.7,29,252
20260123,88,89,87.7,87.8,18,154
20260126,87.8,89.9,87.6,88.4,91,812
20260127,88.4,89.8,87.5,89.2,60,532
20260128,88.9,90.9,88.5,88.9,63,564
20260129,88.2,89.8,85.8,87.8,396,3476
20260130,88.9,88.9,87.1,88.1,180,1580
20260202,87.7,88.9,87.7,88.5,101,893
20260203,88.6,88.9,88,88.1,58,516
20260204,88.1,88.4,88,88,46,405
20260205,87.2,88.5,87.1,87.6,45,398
20260206,87,87.6,84.9,87.5,125,1077
20260209,87.7,89.5,86.9,88.8,131,1156
20260210,88.2,88.3,86.7,87,64,559
20260211,86,86,83.7,85,166,1406
20260223,85,85,83.2,84.4,78,650
20260224,84.4,84.9,83.7,83.8,45,378
20260225,84.4,84.4,83.3,83.5,112,933
20260226,83.6,83.7,81.9,82.4,139,1152
20260302,82.4,84.7,81.6,83.3,115,952
20260303,87.5,87.5,82.3,82.9,73,612
20260304,82,83.5,79.6,80.2,124,1013
20260305,81.1,83.5,81.1,81.3,45,367
20260306,80.6,81.5,80,80.8,55,449
20260309,78.5,78.7,77,77.5,129,998
20260310,77.6,80.1,77.6,78.4,56,440
20260311,78.5,80,77,78.6,157,1234
20260312,77.3,78.2,77,77.6,78,603
20260313,78.6,78.6,76.3,76.3,66,503
20260316,76.4,77.4,75.5,77.4,87,666
20260317,77.5,77.5,74.8,76,99,750
20260318,75.1,75.8,74.5,75.4,120,896
20260319,75.4,75.4,73.8,73.8,109,812
20260320,73.6,74.2,73,73.1,146,1072
20260323,72.7,73.8,71.7,71.7,118,857
20260324,72.5,73.7,71.2,71.3,37,269
20260325,71.3,72,71,72,64,455
20260326,72.1,73.2,71.8,72.8,54,392
20260327,72.8,75,72.8,75,45,331
20260330,75,78.9,73.8,75.6,99,745
20260331,77.6,77.6,73.8,73.8,76,567
20260401,74.5,75.6,73.8,73.8,31,230
20260402,75.8,75.8,72,72.2,54,395
20260407,70.1,72.5,70.1,71.2,68,485
20260408,71.3,73,71.2,71.8,42,299
20260409,71.1,72.8,71,71.4,33,237
20260410,71.5,72,70.7,71,81,575
20260413,71,72.9,71,72.5,32,230
20260414,72.7,72.7,71.5,71.6,34,248
20260415,72.1,76,71.7,74,78,574
20260416,76,77.7,75.5,77.7,81,619
20260417,77.9,79.5,75.1,75.5,72,553
20260420,73.5,74.6,73.2,73.3,52,385
20260421,73.1,74,72,72.2,79,573
20260422,72.2,72.6,71.6,72.5,51,369
20260423,72.1,72.5,71.3,71.5,64,462
20260424,71.6,71.6,71,71,19,136
20260427,73.4,73.4,68.5,70.3,150,1037
20260428,70,70.9,69.2,70.6,41,286
20260429,70.1,71.3,69.9,70.2,58,410
20260430,69.9,70,69.3,69.5,40,276
20260504,70,72.2,69.6,72,70,498
20260505,72,72,70,70.3,66,468
20260506,70.3,70.7,68.3,68.6,138,958
20260507,70,70,68.3,69.7,108,745
20260508,69.7,70.9,68.7,69.7,111,771
20260511,69,69,66,66,230,1541
20260512,67.9,68,65.7,67.2,97,649
20260513,66.8,67.6,66.4,66.7,111,741
20260514,66.5,66.5,64.5,64.6,111,726
20260515,64.4,64.4,60.8,60.9,279,1731
20260518,61,62,60.1,60.4,135,822
20260519,60.4,63.6,60.4,62.5,124,773
20260520,62,63,61.2,62.9,42,263
20260521,61.9,62.9,61.7,62.9,29,178
20260522,62,62,61,61.6,46,284
20260525,61.6,61.9,58.5,60.5,197,1178
20260526,61.5,63.4,60.9,61.4,151,934
20260527,61.8,62.9,60.5,62,77,475
20260528,63,63,61.5,62.2,61,380
20260529,60.8,62,60.1,60.9,181,1100
20260601,61.3,62.3,60.5,61.9,140,859
20260602,62,62.7,60,60.1,140,858
20260603,61.5,61.5,59.7,61,97,588
20260604,61.6,63.1,60.8,62.7,232,1436
20260605,63,63,60.9,61,119,727
20260608,59.7,61.3,58.8,59.6,45,268
20260609,59.6,60.8,59.3,59.6,82,490
20260610,60.3,60.5,59.6,59.7,78,470
20260611,60.3,60.4,57.4,57.4,99,583
20260612,58.3,59.5,58.3,58.8,58,343
20260615,61.8,61.9,60.1,60.7,114,692
20260616,62,62,59.9,59.9,44,265
20260617,59.7,60.5,59.7,59.8,73,440
20260618,60,60.1,58.9,59.3,61,365
20260622,59.5,59.7,58.8,59,71,420
20260623,59.3,60.3,58.6,59.2,65,386
20260624,59,59,58.2,58.2,41,241
20260625,57.9,58.4,56.5,57.9,49,280
20260626,58.7,58.7,56.5,56.5,79,452
20260629,56.5,56.9,55.6,55.7,74,414
20260630,59.5,59.5,56.8,56.9,44,253
20260701,58.8,58.8,56.5,57.3,38,218
20260702,56.9,58.7,56.9,58.1,23,136
20260703,59.7,60.8,59.5,60.5,52,312
20260706,60.6,60.6,58.8,59.2,38,226
20260707,60.8,60.8,57.5,58,59,342
20260708,59.9,59.9,56.5,57.9,36,206
20260709,58.7,59.5,57.3,59.2,55,321
20260713,60.6,60.6,57.8,58.4,39,228
20260714,59.2,59.2,56.5,57.7,112,640
20260715,57.7,60,57.7,59.7,49,290
20260716,61.1,61.1,58.8,59,31,182
20260717,59.2,59.9,57.3,57.4,73,422
20260720,58.3,58.3,56.7,57.6,20,115
20260721,58.8,58.8,57.2,57.9,27,153
20260722,59,60.1,57.9,59.4,52,305
20260723,60.4,60.4,58.7,60,37,218
20260724,58.2,59.9,58.2,58.9,52,309
20260727,57.5,59,57.5,58.2,19,111
20260728,59,59,55.3,56.9,55,308
20260729,58.8,58.8,52.5,56,122,677
20260730,54.5,57.2,54.2,54.7,64,356
20260731,57.4,57.4,55,56.3,36,199
20260803,56.9,56.9,55.6,55.6,24,136
20260804,55.6,56.5,55.2,56.4,16,91
20260805,56.2,57,56,56.6,33,186
20260806,58.2,58.2,55.9,56.8,17,94
20260807,56.4,57,55.6,56.3,19,108
20260810,55.2,59.8,55.2,59.8,44,254
20260811,62.6,62.8,60,60,111,682
20260812,58.9,61.7,58.9,60.8,34,206
20260813,59.1,63,59.1,60,59,352
20260814,60.8,60.8,59.1,60.1,37,220
20260817,60.1,62,58.6,59.1,43,254
20260818,59.1,60.9,59.1,59.6,44,262
20260819,59.6,62,59.6,61.4,90,551
20260820,60.2,62.9,60.2,62.5,124,767
20260821,62.5,67.2,61,65.3,197,1279
20260824,64,64.6,62.5,62.5,104,659
20260825,61.7,63.7,60.6,61.8,96,595
20260826,60.8,62.2,60.1,61.7,88,537
20260827,61.6,62.5,61.4,62.5,46,286
20260828,61,63.5,61,61.6,46,284
20260831,60.7,61.2,60.2,60.6,75,456
20260901,60.3,61,59.5,59.7,95,568
20260902,60,60.4,58.6,59.1,86,507
20260903,59.5,61.3,59.3,59.3,70,416
20260904,59.3,59.8,58.5,59.7,45,264
20260907,59.1,59.7,56,58.6,225,1298
20260908,59.7,59.7,56.7,56.8,92,531
20260909,56.3,57,55.2,55.7,149,836
20260910,57.6,57.6,55.2,55.6,47,263
20260911,55.4,55.4,51.6,51.7,202,1062
20260914,51.7,51.8,49.5,50.2,136,692
20260915,51.8,51.8,49.7,50.9,44,220
20260916,50.7,50.7,50,50.2,46,230
20260917,50.3,51.7,50.2,50.4,76,385
20260918,51.2,52.2,50.5,52,40,204
20260921,51.4,51.9,51.3,51.3,19,100
