# date,open,high,low,close,lot,wan
20250814,91.4,93.5,91.4,92.1,287,2647
20250815,92.4,92.6,91.2,92.3,253,2324
20250818,90.3,91.3,90.2,90.4,118,1072
20250819,90.4,90.5,88.2,88.2,249,2216
20250820,87,87,84.5,85.3,305,2604
20250821,86,87.2,86,86.6,212,1839
20250822,86.6,86.6,84.8,85.2,209,1786
20250825,86.5,88.5,86.3,86.7,199,1740
20250826,86.4,89,86.3,88.3,134,1180
20250827,89.1,91.5,89.1,90.2,319,2887
20250828,91,91.5,89.8,89.8,253,2288
20250829,90.7,91,88.3,89,307,2736
20250901,88.1,88.5,84.4,85,441,3786
20250902,85.2,86.8,83.8,84.2,264,2238
20250903,84.6,85.9,84.6,84.8,123,1050
20250904,85.5,88.6,85.5,87,443,3888
20250905,88.7,88.7,86.2,86.6,152,1322
20250908,86.4,87.5,85.9,86.2,272,2347
20250909,87.5,89,86.5,87.9,275,2404
20250910,89.1,90.4,87.9,87.9,351,3132
20250911,88.2,88.5,84.6,85.2,404,3470
20250912,85.9,89.5,85.9,87.5,526,4645
20250915,87.5,87.5,85.3,86.1,200,1723
20250916,86.4,88.5,86.4,87.7,263,2310
20250917,87.7,92,87.7,88.6,539,4853
20250918,89.4,97.4,89.4,94.2,2212,20934
20250919,94.2,94.8,90.7,91,848,7810
20250922,92.2,92.6,90.6,90.9,277,2525
20250923,91.1,91.2,89.4,90.3,290,2613
20250924,91,91,87.9,88.3,425,3764
20250925,88.3,89.2,85.9,86.3,485,4228
20250926,86.8,86.8,83.2,83.5,545,4578
20250930,83.9,87,83.2,86.9,416,3544
20251001,87.9,88.2,85.5,85.9,151,1308
20251002,86.4,87,85.5,85.6,178,1532
20251003,85.9,88,85.4,85.4,177,1534
20251007,85.7,87.8,85.1,86.7,305,2645
20251008,85.5,85.8,83.9,84.6,472,3992
20251009,85.1,85.9,84.4,84.5,267,2267
20251013,83.1,83.1,80.8,81.7,496,4039
20251014,81.4,83.3,78.8,79.3,602,4868
20251015,79.7,80,79.1,79.3,272,2164
20251016,80.5,80.6,79,80,160,1274
20251017,79.9,80.6,79,79.1,193,1539
20251020,80,80.6,79.1,80.6,144,1149
20251021,80.6,83.5,80.6,81.7,316,2600
20251022,82.5,84.5,81.8,83.2,302,2514
20251023,82.4,82.5,81.6,82.2,160,1309
20251027,82.7,83.2,82,83,144,1190
20251028,83.4,83.4,81,81.3,151,1229
20251029,81.4,82,80.1,80.2,144,1163
20251030,80.1,81.2,79.5,79.7,166,1326
20251031,81,84.3,81,83.3,584,4864
20251103,83.5,88.1,83.5,87.5,831,7211
20251104,88.8,90.3,86,86,581,5103
20251105,86,86.6,83.5,84.8,308,2610
20251106,85.1,86.1,83.2,85,260,2197
20251107,84.2,84.2,80.6,80.6,464,3787
20251110,80.7,81.7,78.5,81.1,447,3566
20251111,81.8,82.2,79.3,80,230,1855
20251112,80.2,81.8,80.2,81,159,1293
20251113,80.6,80.8,79.5,80.1,195,1562
20251114,80,80.3,77.5,77.6,517,4072
20251117,77.9,78.5,76.8,77.1,207,1605
20251118,76.1,76.9,74.9,75.1,371,2809
20251119,75.1,75.6,73.5,73.7,196,1454
20251120,75.8,75.8,73.7,74.7,183,1364
20251121,72.9,74,71.2,71.7,332,2403
20251124,73.3,73.5,72,72.5,209,1524
20251125,73.8,75.8,73.8,75,226,1694
20251126,75.4,76.9,75.4,76.2,146,1112
20251127,76.7,78.6,76.7,78.6,224,1750
20251128,77.9,79.8,77.9,79.5,215,1699
20251201,79.8,82.5,79.8,80,320,2594
20251202,80.8,81,80,80.5,144,1156
20251203,80.7,87.8,80.6,85.4,739,6272
20251204,86.3,87.3,84.7,85.3,347,2976
20251205,85.2,85.2,82.5,83.1,219,1832
20251208,83.7,84.9,82,82.7,150,1247
20251209,82.8,83.9,81.7,83.3,214,1777
20251210,83.3,84.4,82.3,82.5,124,1027
20251211,82.5,83.3,82.1,83.1,91,757
20251212,83.3,86,83.3,83.9,226,1917
20251215,83.1,85.7,82.2,84.6,266,2242
20251216,84.2,86,83.9,85.6,212,1801
20251217,86.3,88,85.6,85.6,294,2547
20251218,85.7,85.7,82.4,83.9,175,1474
20251219,84,84.5,83.4,83.7,76,638
20251222,84,84.6,83.2,84,118,986
20251223,85.2,86.4,83.4,83.7,157,1333
20251224,84.3,84.9,83.1,83.6,119,995
20251226,83.5,84.3,81.6,81.9,274,2257
20251229,81.9,83.1,81.9,82.8,63,522
20251230,82.7,82.7,80.2,80.9,128,1032
20251231,81,81.3,80.2,81,127,1026
20260102,81.6,82.3,80.8,80.9,130,1058
20260105,80.9,80.9,78.2,79.2,354,2792
20260106,81.5,82.8,80,81.4,239,1950
20260107,82.8,87,82.8,85,514,4363
20260108,86.5,86.5,81.1,82.5,236,1991
20260109,82.5,84.5,82,83.8,185,1546
20260112,84.9,86.7,84.4,85.5,361,3093
20260113,86.8,86.8,83.8,84.7,158,1344
20260114,85,86.6,84.9,86,314,2701
20260115,86.7,88.8,86.3,87.3,505,4425
20260116,89.1,89.2,85.6,86.6,298,2590
20260119,87,88.4,86.5,87.5,393,3456
20260120,87.6,89.5,87.4,89.1,362,3217
20260121,88.1,89.5,86.2,86.3,323,2835
20260122,87.9,89.4,87.3,87.7,421,3720
20260123,88.7,89.8,87.5,87.5,285,2522
20260126,87.5,89,87.4,88.7,191,1689
20260127,89.3,91,89.1,89.9,343,3085
20260128,90.5,91.4,88.4,88.8,295,2646
20260129,89,90.3,88,89.5,278,2473
20260130,89.5,89.5,85.4,85.5,348,3005
20260202,85,85,81.5,82.5,242,1991
20260203,84.8,85.3,82.6,83.3,131,1094
20260204,82.6,84.4,82.5,84.4,120,1005
20260205,83.5,87,83.5,84.5,119,1013
20260206,84.6,84.6,79.2,80.4,411,3306
20260209,82.8,82.8,80.8,82.7,106,865
20260210,83,83.4,81,82.5,210,1725
20260211,82,82.3,81.1,82.2,152,1244
20260223,83,83.8,82.4,83.2,124,1031
20260224,83.1,85,83.1,84.3,223,1881
20260225,84.4,84.7,82.6,83.4,94,781
20260226,84.9,85.3,81.5,81.8,406,3369
20260302,80,81.1,79.4,80.2,268,2155
20260303,80.4,80.8,77.5,78.5,274,2161
20260304,77.3,77.4,72.7,73.2,448,3314
20260305,74.3,76.9,74.3,76.7,251,1909
20260306,76.2,77,75.6,76.7,107,816
20260309,73,73,70.6,72.5,266,1923
20260310,73.8,75.4,73.4,74.1,123,914
20260311,75.4,77,74.7,76.5,114,871
20260312,76.2,76.4,75.3,75.6,101,763
20260313,74.6,76.8,74.6,76.8,75,571
20260316,78,80.5,78,79.3,201,1595
20260317,81,84.1,79.4,83.9,396,3256
20260318,84.5,86.4,82.4,82.5,383,3216
20260319,82.5,83.8,80.7,80.8,193,1572
20260320,81.1,81.1,79,79,136,1083
20260323,77.6,81.8,77,78.8,109,857
20260324,80.6,80.6,77.9,78.4,123,979
20260325,79.5,79.9,78.3,78.9,105,826
20260326,79,80,77.7,77.8,73,570
20260327,77.5,77.5,76,77.5,138,1064
20260330,74,76.8,74,76.4,74,565
20260331,74.5,76.3,73,73.6,218,1623
20260401,75.1,75.5,74,74.7,78,582
20260402,74.6,74.6,73.2,73.8,150,1105
20260407,74.7,74.7,73.8,73.8,38,280
20260408,75.8,75.8,74.7,75.6,60,448
20260409,76.1,76.6,75,75.1,124,940
20260410,75.6,76.1,75.2,75.3,116,877
20260413,75.4,77.9,74.8,77.8,125,961
20260414,78.1,78.4,76.7,77.4,170,1319
20260415,78.4,80.8,78,78.5,272,2154
20260416,78.3,79.3,77.5,79.3,127,997
20260417,80,80.8,79.1,80.2,203,1628
20260420,81.2,82.7,81.2,81.9,275,2253
20260421,82,88.4,81.9,87.9,763,6560
20260422,88.4,92.2,87.2,91.1,1079,9766
20260423,92.9,93.7,83,85.6,895,7913
20260424,87.8,93.7,87.5,92.7,1546,14151
20260427,96,96,88.1,90.1,1070,9743
20260428,88.3,90.5,87.6,88.8,394,3503
20260429,88,90.4,87.5,89.5,279,2492
20260430,89,90.7,87.2,88,300,2662
20260504,89.1,91.3,88.8,89.8,470,4237
20260505,91,93,90.3,91.5,442,4050
20260506,92.7,93.2,88.4,88.5,505,4566
20260507,90.4,90.4,88.6,88.9,309,2761
20260508,88.8,90.7,87,88.9,364,3241
20260511,89.7,91.7,89.4,90.8,511,4638
20260512,91.7,94.8,90.8,94.4,963,8960
20260513,94.9,95.5,92.2,93.8,677,6349
20260514,95.1,96.5,93.1,94.4,564,5337
20260515,95.6,99.2,91.5,92.3,1302,12511
20260518,90.5,95.9,90.3,95.5,574,5392
20260519,97,97.1,90.6,92.1,661,6180
20260520,92.1,95.7,91,94.7,523,4914
20260521,96,98,95,96.5,557,5375
20260522,98.3,102.5,97.7,100.5,1207,12072
20260525,103,104,100.5,101,747,7617
20260526,103.5,111,100.5,111,3407,36400
20260527,115,118,107,109.5,3924,44058
20260528,109.5,118,109.5,111.5,2546,28861
20260529,115.5,115.5,108.5,110,1656,18353
20260601,112.5,115,107,107.5,1183,13028
20260602,107.5,107.5,101,104.5,1021,10637
20260603,105,106,103,104,543,5663
20260604,102,102.5,95.1,97,2228,21722
20260605,98,98.7,94.8,97,724,6977
20260608,88.1,90.7,87.3,90.1,749,6633
20260609,89.4,90.9,87.6,89.9,548,4908
20260610,88.2,91.7,84.3,84.5,842,7351
20260611,84,85.6,81.1,83.8,491,4085
20260612,85.8,87.4,85.2,86.5,402,3479
20260615,88.2,91.8,88,90.3,502,4535
20260616,91,92.5,90.3,90.3,417,3803
20260617,89.7,91.3,88.8,90.9,295,2652
20260618,90.9,99.9,90.9,99.9,1149,11277
20260622,104,109.5,101,109.5,2627,27719
20260623,107,109.5,103.5,105,1631,17371
20260624,104.5,108.5,104,106.5,1448,15386
20260625,107,109.5,103,104,943,9962
20260626,103,103,96.8,97.2,889,8874
20260629,98,99,96,96.7,357,3475
20260630,98.5,100,96.9,98.8,510,5030
20260701,100.5,104,99,99.1,610,6168
20260702,98.9,104,97.3,102.5,788,8049
20260703,101.5,103,99.9,101.5,553,5581
20260706,102.5,111.5,102.5,111.5,1326,14616
20260707,112.5,112.5,100.5,102,2119,22616
20260708,102,104.5,99.9,102,665,6751
20260709,102.5,103,97.6,98.6,566,5642
20260713,100,103,95.1,95.8,610,5990
20260714,96,97.1,87.5,91.1,739,6762
20260715,91.3,92.6,90.8,92.5,459,4216
20260716,92.5,92.5,89.7,89.8,262,2376
20260717,88.8,88.8,82,82.2,606,5144
20260720,82.1,83,78,81.4,686,5490
20260721,81.9,84.4,81.9,84.2,183,1527
20260722,85,86.2,84.7,84.8,276,2358
20260723,84.8,85.3,82.5,83.1,320,2677
20260724,82.5,84,81.2,82.1,203,1671
20260727,82.2,82.2,80.2,81.8,185,1497
20260728,80.7,80.7,76.8,77.5,412,3215
20260729,77.5,77.6,70.1,72.2,1069,7735
20260730,71,73.8,70.8,71.5,356,2562
20260731,78,78,75.8,77.6,269,2071
20260803,75.6,78.6,75.6,77.8,341,2659
20260804,78,79.7,77.1,79.1,215,1690
20260805,81.2,87,80.4,87,457,3870
20260806,89.3,93.5,86.3,91.4,1970,17855
20260807,90.1,92,86.2,86.3,668,5888
20260810,88,89.7,87.1,88,259,2273
20260811,87,87.4,84.6,85.6,281,2403
20260812,85.6,86.5,85.5,85.5,198,1704
20260813,86.2,87.2,85.8,86.1,128,1109
20260814,86.2,86.2,84.5,84.6,208,1767
20260817,84.6,84.8,83.9,84.1,119,1003
20260818,81.8,82.3,78.7,78.8,287,2293
20260819,77.7,79.6,77.4,78.1,254,1984
20260820,79.7,79.7,78.2,79.2,149,1175
20260821,78.4,80.7,78.4,79.1,83,655
20260824,79.1,79.4,78.5,78.6,112,887
20260825,78,79.3,77,79.3,225,1751
20260826,79.3,81.6,79.3,81.4,192,1550
20260827,81.8,82,80.4,81.9,158,1283
20260828,82.6,82.6,80.5,80.5,205,1662
20260831,80.8,81.4,79.7,81,135,1090
20260901,80.6,83,80.6,81.9,163,1332
20260902,80.7,82.5,80.7,81.6,89,727
20260903,82.6,83.1,80,80.2,148,1207
20260904,81.6,81.6,80,80.6,105,845
20260907,80.8,80.8,79.1,79.6,111,890
20260908,79.4,79.4,78.3,78.3,126,990
20260909,78.4,80.4,78.3,80.4,126,1002
20260910,80,80,78.5,78.8,116,918
20260911,78.2,79.2,77.9,78.7,126,985
20260914,77.9,79.5,77.3,78.7,104,820
20260915,78.3,78.3,77.3,77.5,82,640
20260916,77.7,79.1,77.7,78.4,97,766
20260917,79.5,82.3,79.4,81.2,274,2225
20260918,81.4,85.1,81.4,84.1,459,3826
20260921,84.7,84.7,83.1,83.8,126,1053
