# date,open,high,low,close,lot,wan
20250814,1050,1130,1050,1070,3154,343299
20250815,1075,1080,1050,1060,992,105671
20250818,1060,1125,1055,1110,2346,257642
20250819,1120,1150,1045,1050,2928,314494
20250820,1020,1055,999,1000,2402,244080
20250821,1035,1070,1035,1060,2312,243557
20250822,1060,1065,1035,1040,952,99817
20250825,1085,1140,1070,1140,3052,341527
20250826,1150,1160,1110,1145,2128,241567
20250827,1175,1180,1125,1155,1923,220815
20250828,1145,1150,1110,1145,1448,163797
20250829,1155,1160,1120,1140,1774,202128
20250901,1130,1130,1030,1030,2922,310407
20250902,1055,1055,999,1015,3286,334722
20250903,1010,1020,965,977,2924,288216
20250904,989,998,967,982,2598,255878
20250905,995,1065,978,1040,4446,451441
20250908,1070,1080,1020,1035,1784,186066
20250909,1035,1045,996,1000,2361,238303
20250910,1030,1060,1010,1045,2368,245788
20250911,1050,1085,1030,1040,2433,257318
20250912,1055,1060,1020,1020,1462,151259
20250915,1025,1050,1000,1005,1579,161006
20250916,1015,1020,991,996,1811,181365
20250917,1000,1005,975,980,1614,159151
20250918,986,1015,968,1000,2342,232645
20250919,1025,1040,991,998,1957,197212
20250922,1005,1005,970,973,2186,214369
20250923,987,1035,986,1010,3081,311621
20250924,1020,1060,976,1055,4030,413377
20250925,1045,1060,984,986,3930,398615
20250926,982,990,956,967,1866,180924
20250930,983,1030,980,996,2120,212141
20251001,1005,1025,990,1015,2190,220342
20251002,1040,1070,1005,1005,3006,309817
20251003,1010,1105,1000,1105,5249,559529
20251007,1110,1125,1075,1120,4194,464304
20251008,1100,1190,1065,1155,4616,524613
20251009,1175,1195,1145,1185,3608,423724
20251013,1105,1155,1105,1155,3115,353455
20251014,1180,1225,1155,1165,4826,572001
20251015,1190,1230,1170,1220,2662,321451
20251016,1230,1230,1170,1190,2264,270817
20251017,1190,1200,1140,1185,2086,244148
20251020,1190,1235,1170,1200,2058,248993
20251021,1220,1320,1215,1320,4179,537311
20251022,1300,1365,1295,1325,3729,495908
20251023,1355,1385,1320,1350,2631,355113
20251027,1405,1425,1380,1400,2188,306703
20251028,1415,1440,1385,1425,1575,224018
20251029,1440,1445,1400,1425,1186,168471
20251030,1430,1450,1400,1425,2089,296643
20251031,1430,1465,1415,1455,1256,180473
20251103,1465,1500,1450,1465,2050,302679
20251104,1505,1520,1435,1435,1920,282860
20251105,1385,1440,1380,1405,2646,373158
20251106,1430,1465,1395,1460,1993,285117
20251107,1430,1445,1385,1400,1998,281230
20251110,1420,1460,1340,1435,3333,470081
20251111,1450,1575,1405,1560,5118,763544
20251112,1575,1705,1500,1530,7277,1160988
20251113,1560,1575,1480,1495,2280,346739
20251114,1450,1490,1415,1465,1377,200840
20251117,1495,1530,1465,1495,1786,267747
20251118,1470,1495,1435,1435,1908,278370
20251119,1420,1520,1415,1480,2475,369120
20251120,1555,1570,1450,1450,2548,383083
20251121,1395,1420,1305,1345,2765,372136
20251124,1375,1375,1310,1340,1571,209626
20251125,1370,1390,1315,1370,2259,305197
20251126,1395,1445,1385,1445,1850,262181
20251127,1470,1580,1440,1560,3237,496761
20251128,1570,1615,1560,1570,1983,313486
20251201,1570,1595,1490,1585,2172,334897
20251202,1610,1640,1545,1550,2061,328416
20251203,1590,1635,1545,1595,2062,327687
20251204,1610,1680,1500,1535,5046,804411
20251205,1560,1610,1535,1550,2956,463822
20251208,1545,1585,1525,1570,2115,330284
20251209,1585,1585,1500,1505,3105,476225
20251210,1520,1555,1500,1535,1525,233099
20251211,1540,1610,1525,1590,3412,537272
20251212,1605,1615,1560,1605,2174,346144
20251215,1570,1570,1530,1550,1699,263178
20251216,1525,1575,1455,1480,1832,274742
20251217,1475,1500,1450,1450,1207,177374
20251218,1430,1475,1425,1450,1112,161513
20251219,1485,1545,1485,1545,1948,295827
20251222,1580,1590,1535,1545,1244,193736
20251223,1555,1610,1545,1600,1352,214046
20251224,1600,1600,1555,1585,1765,278999
20251226,1585,1640,1580,1605,1349,217131
20251229,1620,1635,1580,1615,1319,212590
20251230,1600,1640,1590,1625,1105,178866
20251231,1635,1690,1605,1625,1967,322649
20260102,1635,1635,1520,1535,2345,364987
20260105,1530,1535,1465,1490,1999,299405
20260106,1515,1520,1465,1470,1453,215469
20260107,1470,1485,1400,1405,2192,313526
20260108,1365,1420,1355,1365,2730,377485
20260109,1370,1420,1360,1365,2131,294779
20260112,1390,1400,1320,1330,2369,318705
20260113,1345,1365,1295,1295,2603,342430
20260114,1305,1350,1285,1300,4038,526443
20260115,1320,1320,1265,1280,1797,231792
20260116,1300,1340,1265,1320,2474,325184
20260119,1320,1370,1280,1280,2181,286170
20260120,1280,1320,1275,1285,1170,151447
20260121,1275,1345,1250,1285,2509,324173
20260122,1315,1410,1270,1410,4079,560863
20260123,1420,1445,1355,1380,2947,414292
20260126,1400,1435,1375,1410,1807,254390
20260127,1410,1470,1400,1420,2252,324329
20260128,1440,1505,1420,1490,2871,423952
20260129,1495,1505,1445,1485,2189,323686
20260130,1480,1480,1400,1425,1725,246569
20260202,1410,1460,1370,1405,1706,241923
20260203,1450,1540,1450,1535,3774,570306
20260204,1540,1555,1500,1525,2088,319026
20260205,1510,1590,1505,1550,2581,401315
20260206,1530,1575,1480,1545,1923,294512
20260209,1600,1620,1520,1550,2196,345057
20260210,1575,1590,1540,1580,1381,216633
20260211,1585,1585,1530,1545,1128,174765
20260223,1555,1565,1475,1480,1666,250646
20260224,1485,1515,1460,1480,1752,260237
20260225,1495,1585,1480,1555,2182,337997
20260226,1570,1710,1540,1710,3775,624829
20260302,1715,1840,1685,1745,4281,755396
20260303,1755,1860,1740,1760,3061,548490
20260304,1700,1735,1610,1645,2062,343512
20260305,1730,1750,1670,1715,1350,231025
20260306,1710,1885,1705,1845,4013,728086
20260309,1665,1730,1665,1665,1323,222477
20260310,1735,1820,1705,1750,2508,443013
20260311,1800,1910,1790,1865,2178,406507
20260312,1865,1920,1815,1840,2130,397113
20260313,1795,1815,1755,1755,1799,319601
20260316,1780,1815,1745,1750,1532,273329
20260317,1800,1840,1740,1745,2366,420178
20260318,1780,1905,1770,1840,2275,418762
20260319,1865,2020,1865,1975,2892,567114
20260320,1980,2015,1920,2000,1519,300154
20260323,1930,1965,1855,1865,1198,227139
20260324,1920,1920,1795,1835,905,168326
20260325,1900,1945,1840,1905,2270,431510
20260326,1930,2045,1905,1905,1881,370530
20260327,1865,1930,1850,1905,983,186306
20260330,1850,1855,1785,1830,1086,197706
20260331,1780,1820,1735,1750,1255,222292
20260401,1855,1925,1855,1925,1022,194663
20260402,1940,2005,1880,1885,1699,328933
20260407,1935,1945,1835,1850,1079,202628
20260408,1900,1970,1870,1890,2755,528422
20260409,1930,1945,1830,1840,1897,354751
20260410,1870,1890,1800,1865,1691,311068
20260413,1855,1855,1685,1765,3258,569203
20260414,1785,1795,1725,1730,2261,395817
20260415,1760,1850,1750,1825,2186,393690
20260416,1860,1960,1845,1900,2746,521043
20260417,1875,1930,1840,1870,1742,327438
20260420,1880,1930,1845,1895,1606,303843
20260421,1915,1965,1855,1915,2109,404366
20260422,1945,2015,1930,1985,2385,472232
20260423,2055,2100,1850,1910,3002,585746
20260424,1950,2045,1875,1915,3542,689319
20260427,1930,2105,1880,2070,3913,780860
20260428,2095,2180,2005,2085,2119,441352
20260429,2065,2160,2045,2070,1537,322588
20260430,2080,2115,1995,2070,1768,363050
20260504,2180,2275,2110,2215,2588,570828
20260505,2160,2165,1995,1995,3283,667166
20260506,2015,2015,1805,1880,5138,960907
20260507,1925,1950,1875,1920,1764,338232
20260508,1925,2035,1900,1980,2787,554138
20260511,2020,2055,1965,1995,1946,390807
20260512,2020,2035,1845,1850,2905,550300
20260513,1835,1890,1805,1830,2137,391153
20260514,1875,1885,1780,1780,2192,395687
20260515,1820,1840,1725,1735,1692,300702
20260518,1700,1745,1645,1735,982,167402
20260519,1735,1815,1695,1770,1131,200226
20260520,1770,1810,1710,1720,1088,190546
20260521,1770,1810,1755,1810,760,136281
20260522,1830,1845,1785,1795,989,179159
20260525,1825,1825,1740,1745,1813,321105
20260526,1750,1820,1705,1785,2440,431039
20260527,1805,1840,1720,1740,1613,286109
20260528,1765,1865,1730,1765,3126,560182
20260529,1835,1940,1800,1930,4063,768617
20260601,2040,2120,2040,2120,2968,624640
20260602,2150,2245,2100,2190,4686,1025365
20260603,2240,2260,2020,2085,3384,720647
20260604,2020,2055,1955,1985,1192,237838
20260605,1925,2065,1890,1950,1437,283271
20260608,1760,1935,1760,1895,1292,242462
20260609,1900,1950,1850,1950,1734,329827
20260610,1890,1900,1755,1755,2532,454569
20260611,1700,1790,1690,1750,1000,174198
20260612,1805,1855,1745,1825,1759,317915
20260615,1880,1880,1735,1735,2232,394702
20260616,1740,1765,1720,1725,1041,181099
20260617,1710,1760,1690,1715,1053,180535
20260618,1745,1765,1720,1755,873,152876
20260622,1775,1830,1750,1820,1122,202364
20260623,1820,1840,1760,1765,682,121933
20260624,1750,1830,1730,1805,783,139672
20260625,1820,1865,1750,1750,950,170653
20260626,1750,1775,1630,1640,1174,197401
20260629,1660,1690,1610,1625,587,96136
20260630,1570,1725,1570,1680,1260,209513
20260701,1710,1745,1680,1700,701,120295
20260702,1640,1700,1615,1670,1398,231999
20260703,1660,1700,1615,1630,1001,163899
20260706,1645,1650,1560,1570,1609,255046
20260707,1570,1630,1470,1490,1547,236638
20260708,1495,1495,1345,1395,3453,476172
20260709,1420,1520,1385,1460,1917,279530
20260713,1465,1485,1395,1410,769,109252
20260714,1375,1405,1270,1320,1063,139911
20260715,1355,1415,1335,1395,803,111587
20260716,1370,1435,1370,1415,717,101011
20260717,1350,1440,1340,1345,967,133774
20260720,1370,1370,1270,1305,746,97993
20260721,1325,1425,1325,1415,987,137620
20260722,1470,1470,1390,1395,608,86038
20260723,1415,1475,1415,1455,1521,220793
20260724,1420,1475,1405,1410,795,113803
20260727,1410,1455,1360,1455,567,80704
20260728,1350,1400,1335,1340,1282,174400
20260729,1365,1400,1210,1265,1723,217231
20260730,1240,1295,1205,1230,1071,133241
20260731,1350,1350,1335,1350,547,73766
20260803,1340,1485,1340,1470,1303,187151
20260804,1490,1615,1490,1590,1919,302757
20260805,1720,1725,1570,1600,3251,528803
20260806,1650,1760,1635,1760,3155,544771
20260807,1790,1825,1645,1670,3125,542037
20260810,1720,1825,1680,1755,2683,476763
20260811,1725,1840,1725,1790,3277,591162
20260812,1790,1860,1780,1835,1879,343968
20260813,1850,1915,1825,1830,2139,398333
20260814,1860,1895,1785,1805,1184,217015
20260817,1795,1950,1785,1925,2567,488189
20260818,1950,1995,1900,1960,2058,402294
20260819,1860,1935,1770,1800,1867,342737
20260820,1800,1875,1750,1850,1663,303189
20260821,1870,1875,1760,1765,881,158361
20260824,1765,1765,1690,1710,870,149798
20260825,1680,1845,1665,1845,1157,203301
20260826,1830,2025,1825,2025,3229,641669
20260827,2090,2225,2075,2225,4402,958414
20260828,2265,2435,2255,2345,3661,861452
20260831,2360,2375,2230,2305,2865,657024
20260901,2305,2320,2130,2285,2619,586959
20260902,2240,2240,2110,2110,1239,265444
20260903,2130,2170,2030,2095,870,182027
20260904,2150,2200,2080,2200,564,121982
20260907,2260,2265,2210,2265,536,120206
20260908,2235,2235,2145,2155,326,71093
20260909,2170,2325,2155,2295,1576,357044
20260910,2260,2310,2155,2190,1487,329351
20260911,2135,2230,2110,2150,1018,219925
20260914,2095,2210,2085,2165,917,198670
20260915,2175,2195,2010,2025,1304,269787
20260916,2035,2070,2010,2045,1047,213443
20260917,2095,2200,2080,2090,1108,236959
20260918,2195,2295,2155,2295,1519,343065
20260921,2325,2445,2300,2415,2483,587665
20260922,2500,2565,2470,2500,1915,482744
20260923,2490,2750,2475,2600,2551,672504
