# date,open,high,low,close,lot,wan
20250814,49.15,49.5,49.1,49.15,16,81
20250815,49.3,49.5,49.1,49.1,43,213
20250818,48.55,49.3,48.55,49.1,22,109
20250819,48.7,49.4,48.6,48.9,37,182
20250820,49.8,49.8,48.6,48.95,34,167
20250821,49.75,49.75,48.65,48.95,57,279
20250822,49.6,49.75,49,49.45,25,124
20250825,49.5,50,49,49.85,66,327
20250826,49.85,50.7,49.85,50.6,56,282
20250827,50.9,50.9,49.2,50,55,276
20250828,50.9,50.9,50,50.1,22,111
20250829,50.1,50.5,49.85,50.5,22,110
20250901,50.2,50.8,50.1,50.8,37,184
20250902,50.2,50.7,49.85,50.2,28,141
20250903,50.1,50.8,50.1,50.2,11,56
20250904,50.8,50.8,50.2,50.3,18,91
20250905,50.7,50.7,50.1,50.1,12,61
20250908,50.9,50.9,50.3,50.3,8,41
20250909,50.2,50.3,50,50.3,11,55
20250910,50,50.6,49.95,50.4,16,81
20250911,50.2,50.4,50,50.1,19,95
20250912,50.1,50.4,49.9,50.3,39,195
20250915,50.3,50.3,50.3,50.3,1,5
20250916,50.2,50.3,49.7,50.2,6,28
20250917,49.7,49.7,49.7,49.7,3,16
20250918,49.7,50.3,49.7,49.75,11,55
20250919,49.75,50.6,49.75,50.4,7,35
20250922,50,50.2,49.95,50,14,70
20250923,49.4,50.7,49.4,50,23,117
20250924,50.3,50.3,50,50,18,91
20250925,49.9,51.9,49.9,50,102,516
20250926,49.85,50.6,49.5,49.65,30,149
20250930,49.5,50.4,49.5,50.2,21,104
20251001,50.8,50.8,49.5,50.1,7,35
20251002,49.5,49.9,48.7,49.8,13,65
20251003,49.3,49.75,49.3,49.75,5,26
20251007,48.75,49.95,48.75,49.85,14,67
20251008,48.8,49.85,48.8,49.85,9,42
20251009,49.85,50.8,49.85,50.3,29,143
20251013,50.2,50.2,50.2,50.2,1,6
20251014,50.8,50.8,49,49.75,24,122
20251015,50.2,50.2,49.45,49.45,2,12
20251016,50.4,50.4,49.25,49.95,8,39
20251017,49.6,49.9,49.5,49.5,27,135
20251020,50.2,50.2,49.2,49.5,24,119
20251021,49.3,49.5,49.25,49.35,15,74
20251022,49.35,49.55,49.05,49.35,19,94
20251023,49.65,49.65,48.8,48.85,42,207
20251027,48.9,48.9,48.6,48.7,24,118
20251028,48.5,48.7,48.05,48.7,22,107
20251029,48.3,48.8,47.8,48.15,46,219
20251030,47.8,48.05,47.65,48.05,10,48
20251031,48.05,48.3,47.6,47.95,24,116
20251103,47.65,47.65,47.05,47.05,26,125
20251104,46.85,46.85,46.55,46.8,15,70
20251105,46.5,47.1,46,46.55,24,112
20251107,46.25,46.45,46,46.15,19,88
20251110,46.2,46.2,46.1,46.2,6,29
20251111,46.35,46.4,46.2,46.4,12,56
20251112,46.5,46.8,46.5,46.6,8,40
20251113,46.6,47.7,46.6,47.3,17,78
20251114,47.25,47.25,46.55,46.55,10,47
20251117,46,46.55,46,46,8,39
20251118,45.65,46.9,45.65,45.75,11,51
20251119,45.6,45.7,45.3,45.65,21,95
20251120,47,47,45.5,45.5,11,50
20251121,45.3,45.6,45.1,45.5,18,83
20251124,45.5,45.9,45.25,45.9,12,53
20251126,46,46.3,45.45,45.9,7,32
20251127,46.3,46.3,45.8,46,7,32
20251201,45.7,45.8,45.7,45.8,5,24
20251202,46.9,46.95,46,46.15,8,39
20251204,46.05,46.05,45.8,45.95,16,74
20251205,46,46.35,45.85,46.1,22,101
20251208,45.6,46,45.5,46,6,28
20251209,45.8,46.25,45.8,46.25,3,16
20251210,46.15,46.15,45.65,45.95,7,32
20251211,45.85,45.9,45.85,45.9,4,19
20251212,45.8,45.8,45.8,45.8,5,23
20251215,45.65,46,45.65,46,6,27
20251216,45.8,45.8,45.65,45.8,6,27
20251217,45.8,45.95,45.7,45.95,12,55
20251219,45.7,46,45.65,45.85,26,120
20251222,45.6,46.3,45.6,46.3,14,64
20251223,45.35,45.5,45.3,45.5,4,18
20251224,45.45,46.75,45.25,45.8,22,100
20251229,45.6,45.6,45.25,45.25,4,18
20251230,45.1,45.8,44.85,45.8,19,87
20251231,45.2,45.65,45.2,45.65,3,14
20260102,46,46,45.2,45.2,12,55
20260105,45.2,45.65,44.8,45.05,16,73
20260106,44.9,45.2,44.9,45.1,12,55
20260107,45.05,45.75,45.05,45.3,26,118
20260108,45.3,45.3,45.1,45.3,13,59
20260109,45.5,46,45.2,45.35,16,75
20260112,46,46.1,45.35,45.35,12,55
20260113,46,46,45.3,45.45,17,77
20260114,45.5,45.85,45.45,45.85,18,82
20260115,46,46.2,45.85,46.2,19,89
20260116,45.3,46.55,45.3,46.35,8,37
20260119,45.7,46.35,45.7,45.95,8,38
20260120,45.95,45.95,45.9,45.95,4,18
20260121,45.95,46.15,45.75,46.15,11,51
20260122,45.55,46.15,45.55,46.15,2,9
20260123,45.8,46.2,45.4,45.85,15,69
20260126,45.65,46.05,45.55,45.75,9,42
20260127,45.55,45.7,45.55,45.55,5,23
20260128,45.6,45.6,45.45,45.45,18,83
20260129,46.1,46.1,45.45,45.45,4,18
20260130,45.45,45.6,45.4,45.45,6,27
20260202,45.95,45.95,45.5,45.5,6,27
20260203,45.6,45.85,45.45,45.45,16,74
20260204,45.4,45.55,45.4,45.55,12,52
20260205,45.15,45.85,45.1,45.85,13,59
20260206,45.35,46,45.3,45.55,30,135
20260209,45.55,45.65,45.25,45.65,5,23
20260210,45.5,45.7,45.45,45.55,7,30
20260211,45.55,45.65,45.15,45.55,16,74
20260223,44.8,47.35,44.8,46.35,16,74
20260224,45.1,46.8,45.1,45.8,10,48
20260225,45.55,46.6,45.55,46.3,8,37
20260226,46.3,46.3,46.3,46.3,1,6
20260302,47.95,47.95,45.8,46.45,13,62
20260303,45.7,46.65,45.5,46.1,21,97
20260304,44.8,46.05,44.6,46.05,9,42
20260305,46,46,45.9,45.9,5,21
20260306,45.2,45.4,45.2,45.4,7,32
20260309,42.6,45.35,42.55,43.8,22,95
20260310,43.65,43.85,43.65,43.85,15,66
20260311,43.85,44,43.8,43.85,30,132
20260312,43.6,43.9,43.55,43.9,23,101
20260313,43.4,44,43.05,43.9,11,49
20260316,43.2,43.65,43.1,43.1,23,101
20260317,43.9,43.9,43.2,43.85,6,27
20260318,44,44,42.9,43.6,10,43
20260319,43.15,43.3,43.1,43.3,3,14
20260320,43.3,43.45,43.2,43.45,4,18
20260323,42.5,43.4,42.5,42.95,10,43
20260324,43,43.1,42.85,42.85,7,31
20260325,42.9,43.1,42.9,43.1,2,10
20260326,43.1,43.6,43.1,43.2,3,13
20260327,42.5,42.65,42.5,42.65,3,13
20260330,42.3,43,42.3,42.95,21,91
20260331,42.35,42.5,42.2,42.35,6,25
20260401,42.85,42.85,42.3,42.35,19,81
20260402,42.2,42.2,42.05,42.05,3,13
20260407,42,42.25,41.8,41.8,7,30
20260408,42.9,43,41.95,42.15,26,111
20260409,42.1,42.15,41.95,42.15,20,85
20260410,41.15,42,40.05,41.7,46,192
20260413,41.7,41.7,40.65,41.25,46,189
20260414,41,41.1,40.65,40.8,50,206
20260415,40.8,41,40.6,40.7,57,233
20260416,39.9,39.9,38.15,39.1,39,153
20260417,39.45,39.45,38.55,38.6,23,88
20260420,39.05,39.05,38.6,38.95,15,59
20260421,38.95,39.2,38,38.25,29,111
20260422,38.25,38.55,38,38.25,28,107
20260423,37.85,38.05,37.05,37.25,20,76
20260424,37.3,37.3,36.5,36.9,15,53
20260427,36.9,36.9,33.35,34.5,67,233
20260428,34.5,37.55,34.5,36.15,24,84
20260429,35.3,36.6,35.3,36.6,5,18
20260430,36.75,37,36.5,36.9,13,49
20260504,36.55,36.55,35.3,35.7,20,73
20260505,35.35,36.5,35.2,36.5,5,19
20260506,37.4,37.4,35.45,36.2,27,97
20260507,35.8,36.2,35.1,36.1,11,40
20260508,35,35.8,34.9,35.4,13,45
20260511,35.1,35.2,34.5,35.05,17,60
20260512,34.5,34.5,33.55,34.25,43,147
20260513,33.5,33.6,33.15,33.4,17,58
20260514,34.45,34.5,33.15,33.9,21,71
20260515,34.75,34.75,33,33.7,13,44
20260518,33.6,33.65,33,33.6,11,37
20260519,32.65,33.45,32.55,33.45,8,27
20260520,33.6,33.6,33,33,22,73
20260521,33.15,33.35,32.8,33.35,5,17
20260522,33,33.6,33,33.3,8,27
20260525,33.35,33.75,33.1,33.55,15,49
20260526,33.5,33.5,32.85,33.1,17,56
20260527,32.1,33,32.1,33,21,69
20260528,32.95,33.9,32.95,33.05,6,20
20260529,33.1,33.4,32.8,32.95,28,93
20260601,32.8,33.55,32.8,33.45,32,104
20260602,33.05,33.5,33,33.45,12,41
20260603,33.8,33.85,33.1,33.5,10,33
20260604,34,34,33.5,33.85,14,47
20260605,34.05,34.05,33.5,33.8,22,74
20260608,33.7,33.8,33.15,33.5,9,31
20260609,33.35,34.1,33.3,33.3,18,61
20260610,33.1,33.3,32.15,33.3,32,106
20260611,33.4,34.1,33.4,34.1,6,19
20260612,33.6,34.3,33.15,33.6,12,40
20260615,33.15,33.4,32.95,33.4,45,149
20260616,33.8,33.8,32.5,33.25,50,166
20260617,32.6,33.45,32.6,33.45,10,33
20260618,33.25,33.75,33.25,33.65,11,37
20260622,33,33.4,33,33.4,6,21
20260623,33.05,33.35,33.05,33.2,3,10
20260624,33.65,33.8,32.8,33.8,19,63
20260625,33.55,33.55,33,33.2,4,13
20260626,33.55,33.85,32.7,32.8,23,76
20260629,33.65,33.7,32.8,33.45,14,47
20260630,33.5,33.5,32.75,33.45,10,33
20260701,33.7,34,32.95,34,18,60
20260702,33.1,33.7,33,33.2,6,20
20260703,33.05,33.2,33,33.2,7,23
20260706,33.2,33.65,33.05,33.65,9,31
20260707,33.15,33.6,32.5,33.6,36,118
20260708,33.15,33.55,33.15,33.25,6,20
20260709,33.05,33.35,33.05,33.35,5,17
20260713,33,33.3,33,33.3,8,26
20260714,33.6,33.6,33,33.3,8,27
20260715,32.8,33.55,32.8,33.55,25,83
20260716,33.55,33.55,33.05,33.45,7,23
20260717,33.3,33.55,32.5,33.55,31,103
20260720,34.35,34.35,33.45,33.8,13,44
20260721,34.2,34.2,33.95,33.95,3,10
20260722,33.7,34.2,33.1,34.2,5,17
20260723,34.2,34.2,34.2,34.2,1,3
20260724,33.5,33.95,33.3,33.95,9,30
20260727,34.1,34.15,33.5,33.85,8,27
20260728,34.1,34.1,34.1,34.1,2,7
20260729,35.2,35.2,34.5,35,9,30
20260730,34.65,34.65,34.65,34.65,1,3
20260731,34.65,35.25,34.65,35.2,6,21
20260803,35.2,35.2,34,34.9,12,42
20260804,34.9,35.65,34.3,35.3,26,91
20260805,36.15,36.15,34.8,35.2,16,57
20260806,34.95,36.4,34.6,36.4,10,35
20260807,36.6,37.4,36.6,37.35,20,72
20260810,37.35,38,37.05,37.9,4,16
20260811,38,38,37.95,37.95,6,23
20260812,38,38.45,37.6,38.45,7,28
20260813,38.3,38.3,36.9,38,10,39
20260814,37.8,38,37.55,38,9,34
20260817,37.95,37.95,37.25,37.25,2,8
20260818,38,38,36.95,37.9,10,38
20260819,38,38,36.25,37.9,10,37
20260820,38,38.45,37.15,38.2,6,23
20260821,37.3,38,37,38,6,23
20260824,36.05,36.5,35.15,35.15,30,108
20260825,34.1,34.5,34.1,34.4,11,38
20260826,34,34,33.05,33.7,17,57
20260827,33.9,33.95,33.9,33.95,2,7
20260828,34.65,34.65,33.25,33.5,5,17
20260831,33,33,32.25,32.8,8,25
20260901,33.35,33.35,32.55,32.9,17,56
20260902,32.55,32.7,32.55,32.7,9,29
20260903,32.6,32.7,32.5,32.7,14,46
20260904,32.45,33,32.3,32.75,10,33
20260907,33.1,33.75,32.2,33.75,27,89
20260908,33.35,33.35,33.35,33.35,1,5
20260909,34,34.2,33.8,34.2,6,21
20260911,33.15,33.45,33.15,33.45,2,7
20260914,33.2,33.75,32.8,33.75,6,21
20260915,32.4,32.6,32.4,32.6,2,6
20260916,33,33,33,33,1,4
20260917,32.7,32.9,32.6,32.9,9,30
20260918,33.3,33.5,33.3,33.5,3,10
20260921,32.45,32.55,32.3,32.5,14,45
20260922,32.5,32.5,31.9,32.45,21,67
20260923,33.35,33.35,32.4,32.85,8,26
