# date,open,high,low,close,lot,wan
20250814,148,153,148,152,698,10538
20250815,153,154,149.5,150,380,5719
20250818,150,159.5,150,156.5,1474,23018
20250819,156.5,160,153,156.5,892,13924
20250820,154,154.5,149,149,854,12891
20250821,151,154,148.5,149.5,409,6186
20250822,149.5,150.5,147.5,148.5,356,5305
20250825,151,153.5,151,151.5,360,5472
20250826,153,156.5,149.5,153,888,13591
20250827,155,158,153,155.5,773,12035
20250828,156,163,155.5,159,1637,26197
20250829,159.5,174.5,159,174.5,3531,60691
20250901,174.5,179.5,170,176,4465,78274
20250902,178.5,181.5,172,173,2701,47782
20250903,173.5,180,172,180,1526,26971
20250904,186,186,176,178.5,1943,35032
20250905,178.5,178.5,173.5,175,934,16383
20250908,176.5,180,172,177,937,16526
20250909,179,179.5,174.5,175.5,830,14649
20250910,175,178,174.5,175,774,13646
20250911,176,179,174.5,175.5,1189,21004
20250912,181,187,177,177.5,4710,85273
20250915,177,177,168,171.5,1230,21044
20250916,171.5,172,168.5,170.5,571,9717
20250917,171,171.5,167.5,168,431,7292
20250918,170,171.5,167.5,168.5,414,7011
20250919,168.5,172,168,170.5,370,6297
20250922,171,174,170.5,174,421,7247
20250923,173.5,178.5,173.5,177,1009,17846
20250924,176,177,174,174.5,579,10129
20250925,175.5,175.5,170,171,626,10756
20250926,171,171,165,165,655,10914
20250930,166,167,163.5,166,300,4954
20251001,166,168.5,165.5,166,212,3531
20251002,168,170,164,164.5,364,6053
20251003,165.5,166,164,164.5,148,2445
20251007,166,167.5,164.5,164.5,227,3763
20251008,165,165,160.5,162,300,4859
20251009,167,167,161.5,162,388,6341
20251013,159,162,154.5,161.5,436,6940
20251014,163,167,160,161,495,8069
20251015,161.5,164,161,163,243,3956
20251016,165,167,163.5,164.5,285,4710
20251017,165,165,160.5,160.5,203,3278
20251020,161.5,164.5,160.5,164.5,205,3341
20251021,166,172.5,165.5,171,657,11172
20251022,170.5,172.5,169.5,170.5,289,4945
20251023,169.5,170.5,167.5,170,350,5904
20251027,172,172,166.5,167.5,289,4870
20251028,169,169,164.5,164.5,361,5967
20251029,166.5,169.5,166,167,327,5468
20251030,167.5,169,166,167,176,2942
20251031,167.5,171.5,167.5,171.5,315,5369
20251103,172,174,170,172,292,5031
20251104,172.5,173,165,168,441,7389
20251105,165,166,161,162.5,542,8818
20251106,164,164,155,158,597,9485
20251107,158,159,153,154.5,358,5549
20251110,159.5,159.5,152,156,202,3122
20251111,158,158,150.5,151,231,3535
20251112,150.5,154,150.5,152,141,2154
20251113,156,156,151,152,171,2606
20251114,150,154.5,149,150,170,2564
20251117,150.5,158,150,155.5,384,5953
20251118,153,154.5,150.5,151.5,212,3216
20251119,150.5,152.5,145,149,319,4717
20251120,151,154.5,151,153.5,151,2304
20251121,151.5,152,146,146.5,198,2945
20251124,148.5,148.5,146,148,74,1095
20251125,151.5,153.5,151,153,186,2839
20251126,154,155.5,153,155,110,1697
20251127,155.5,157,154,157,87,1361
20251128,158.5,161,156.5,161,228,3640
20251201,161,163.5,161,163,177,2876
20251202,164,166,161.5,164.5,204,3355
20251203,165.5,169,165.5,168.5,377,6328
20251204,169,172.5,168.5,169,362,6165
20251205,169.5,169.5,166.5,169,177,2980
20251208,170.5,172,168.5,171,217,3711
20251209,173,173,167,168,361,6108
20251210,169,169.5,166.5,167.5,162,2715
20251211,169,172,168.5,169,358,6072
20251212,171,171,166,167,175,2926
20251215,164.5,169,161,169,278,4602
20251216,168,181.5,166.5,179,2071,36371
20251217,186,186,170,170,2465,43671
20251218,169.5,172,166.5,169.5,423,7140
20251219,171.5,171.5,166.5,166.5,335,5624
20251222,169.5,177.5,169,176.5,938,16321
20251223,180,180,173.5,175,723,12850
20251224,177.5,177.5,170,172.5,519,8943
20251226,173,178,171.5,175,485,8514
20251229,177.5,177.5,170.5,172,390,6720
20251230,170.5,172,167,171,440,7440
20251231,171,175.5,171,174,427,7420
20260102,175,183,175,179,1315,23618
20260105,183,184.5,176.5,180,1267,22936
20260106,182,187,178.5,180,1502,27481
20260107,181,185,178.5,181.5,893,16268
20260108,181.5,184,180.5,183,833,15201
20260109,184.5,186,178,184.5,1438,26354
20260112,185,192,183,189,1412,26542
20260113,192.5,192.5,178,179,1596,29220
20260114,180,184,177.5,182,771,13996
20260115,182,187,179.5,185,648,11888
20260116,187,190,182.5,188.5,1112,20832
20260119,190.5,190.5,181.5,182,922,16999
20260120,180,187,180,186,628,11597
20260121,183,184,180.5,182,540,9815
20260122,183.5,184.5,178.5,178.5,657,11861
20260123,179,181,176.5,177.5,413,7372
20260126,177.5,181,174,175,592,10485
20260127,178,187,176,179,1276,23260
20260128,180,182.5,178.5,179.5,391,7036
20260129,181.5,181.5,175.5,176,522,9300
20260130,174.5,177,170,176.5,524,9053
20260202,181,187,176.5,183.5,2477,45189
20260203,189,195,185.5,188.5,3621,68729
20260204,189,207,189,207,4883,98430
20260205,213.5,227.5,211,227.5,5551,122184
20260206,224.5,227,205,205,6181,130001
20260209,210.5,225.5,197,225.5,6574,139386
20260210,227,231.5,220.5,222,5425,122302
20260211,222.5,229,212.5,218.5,3870,85091
20260223,224,240,224,226.5,6273,146110
20260224,224.5,239,221.5,236,4814,112590
20260225,250,259.5,249.5,259.5,2838,73107
20260226,279,285,274,285,3976,112760
20260302,283,313.5,281,313.5,7599,229550
20260303,312,325,292,310.5,7612,235003
20260304,300,332,288,329,7992,251998
20260305,335,361.5,335,361.5,2438,86437
20260306,381,397.5,381,397.5,2657,104061
20260309,369,411,367,386.5,2431,95111
20260310,404,404,375,377,639,24331
20260311,375,396,375,393,798,30706
20260312,395,396,386,388,908,35748
20260313,380.5,383,349.5,349.5,1285,47337
20260316,333,360,333,355,839,28926
20260317,370,387,370,371.5,475,17866
20260318,385,385,376.5,384.5,365,13895
20260319,387.5,422.5,387.5,419,636,26182
20260320,450,450,420,450,551,24215
20260323,438,470,436,456,525,23592
20260324,484,501,410.5,410.5,7124,317357
20260325,433,448,400.5,431,6310,270489
20260326,469,474,459.5,474,2350,110946
20260327,441,456,427,434.5,5131,225852
20260330,418.5,455,398.5,452,3836,162625
20260331,467,496.5,452.5,467.5,9105,432072
20260401,505,514,502,514,2985,152982
20260402,533,565,533,565,5760,319841
20260407,611,620,585,602,4269,258548
20260408,640,662,633,662,2579,167940
20260409,633,650,626,648,616,39404
20260410,659,712,659,700,522,36431
20260413,701,770,701,770,433,32857
20260414,820,842,770,800,670,54035
20260415,796,818,783,793,413,33141
20260416,803,805,790,805,230,18365
20260417,847,885,847,885,315,27426
20260420,900,963,865,866,574,52746
20260421,890,893,820,876,464,39809
20260422,908,908,890,890,251,22478
20260423,946,946,801,803,683,56475
20260424,782,785,723,723,737,54191
20260427,723,723,651,651,597,39550
20260428,651,716,608,716,4263,285539
20260429,720,786,719,773,5120,383849
20260430,827,850,827,850,1495,126444
20260504,935,935,893,925,2999,277339
20260505,948,998,930,975,2893,276491
20260506,990,1000,878,878,3250,298177
20260507,845,911,830,874,3184,277190
20260508,881,884,787,787,2939,241354
20260511,762,815,752,754,3115,242432
20260512,790,816,770,780,2724,216294
20260513,755,792,728,746,2732,205595
20260514,760,766,705,727,2993,217633
20260515,749,792,711,735,3419,256956
20260518,712,747,694,737,1546,110913
20260519,727,736,704,712,1680,120465
20260520,712,737,678,684,1980,138917
20260521,713,721,678,693,1752,121845
20260522,705,732,702,716,1830,131151
20260525,735,787,735,787,1786,137114
20260526,819,822,765,778,3599,284424
20260527,788,800,710,720,2806,210905
20260528,715,727,679,686,2186,152853
20260529,715,716,675,678,1540,106885
20260601,678,685,650,683,1594,107250
20260602,696,704,660,661,1685,114610
20260603,682,720,682,714,2265,159729
20260604,690,733,676,676,1587,110737
20260605,670,675,620,624,2517,160759
20260608,562,562,562,562,393,22073
20260609,546,586,537,549,3098,172117
20260610,535,546,494.5,499.5,3784,194322
20260611,507,517,473,515,3059,153066
20260612,545,545,495.5,497,2175,111290
20260615,488,514,456,514,1669,80230
20260616,510,520,500,500,584,29742
20260617,500,520,490.5,513,596,30512
20260618,525,564,522,564,851,47051
20260622,580,619,580,608,1058,64399
20260623,595,598,560,560,784,44772
20260624,542,572,538,554,402,22333
20260625,569,569,520,529,403,21563
20260626,512,523,489,496,551,27715
20260629,487.5,514,485,502,408,20370
20260630,504,514,489,496.5,1384,68915
20260701,496.5,507,453,456,2269,106377
20260702,452,462,438,448,1430,64051
20260703,440,458,435,455,982,44081
20260706,461,461,430,439.5,1056,46923
20260707,440,479.5,416.5,424,1912,85395
20260708,424.5,430.5,405,410.5,1347,55536
20260709,417,426,405,416.5,1042,43420
20260713,416,419,390.5,394.5,1236,49365
20260714,392,396.5,355.5,379,2103,77651
20260715,394,396,383,390,860,33473
20260716,380,404.5,375.5,395.5,808,31494
20260717,367.5,383,356,358.5,1052,38621
20260720,360,361.5,330.5,343,1382,47248
20260721,348,351.5,334.5,346.5,665,22909
20260722,362.5,381,358.5,370.5,1154,42733
20260723,380,403,369,376.5,1946,74767
20260724,373,413,363,363.5,3273,126303
20260727,360,386,351.5,374.5,1451,53810
20260728,362,392,356.5,374,3129,118229
20260729,375.5,375.5,337,337,1834,63524
20260730,314,343.5,307,316,2436,78979
20260731,347,347.5,330,346,1314,44848
20260803,353,380.5,348.5,380.5,1317,48620
20260804,390,415,384,403,3022,120919
20260805,430.5,438.5,403.5,404.5,3077,129073
20260806,404.5,438,404.5,425,2956,125313
20260807,418,425,390.5,398,2084,84812
20260810,407,437.5,405.5,424.5,2127,90970
20260811,417.5,424.5,403,408.5,1374,56586
20260812,410.5,433,410.5,432,1772,75357
20260813,441,443,420,420.5,1927,82590
20260814,423.5,423.5,406.5,407,1133,46745
20260817,407,440,406,437,1878,80732
20260818,444,444,420.5,431.5,1775,76915
20260819,420,424,405.5,409.5,1377,56799
20260820,414,422.5,406,420,883,36505
20260821,428.5,462,417.5,462,4328,194025
20260824,480,501,446.5,446.5,5182,246247
20260825,446.5,491,438,491,3450,160345
20260826,501,539,501,526,4626,243073
20260827,540,544,512,530,3490,184022
20260828,521,535,520,525,1537,80881
20260831,522,523,501,520,1637,84199
20260901,527,572,510,572,2997,164782
20260902,570,618,568,598,5478,325231
20260903,615,641,582,590,5312,324431
20260904,610,625,574,597,3051,183119
20260907,609,613,580,582,1563,92932
20260908,580,609,574,576,2067,122648
20260909,588,601,573,576,1747,102186
20260910,581,599,575,591,1691,99662
20260911,579,586,541,551,1180,66788
20260914,540,584,538,556,1625,91914
20260915,553,561,532,532,1006,54823
20260916,533,567,525,529,1669,90880
20260917,541,548,509,512,1600,83816
20260918,523,563,516,563,2581,142222
20260921,576,588,548,553,2636,148388
