# date,open,high,low,close,lot,wan
20250814,29.1,29.65,29.1,29.1,112,330
20250815,29.5,29.5,29.05,29.15,103,301
20250818,29.1,30.45,29.1,29.4,287,850
20250819,29.45,30.3,29.1,29.3,306,904
20250820,29.7,29.7,28.75,28.8,170,494
20250821,28.9,29.5,28.9,29.1,48,140
20250822,29.5,29.5,28.8,28.9,81,235
20250825,29.4,29.95,29.1,29.1,106,312
20250826,29.15,30.1,29.15,29.5,137,407
20250827,29.65,30.25,29.4,30.1,202,604
20250828,31.2,32.4,30.6,30.6,785,2464
20250829,31.25,31.25,30.05,30.15,173,527
20250901,30.15,30.15,29,29.1,150,441
20250902,29.7,29.7,28.1,28.5,212,607
20250903,28.1,29,28.1,28.7,60,172
20250904,28.8,29,28.45,28.5,96,275
20250905,28.6,28.85,28.5,28.6,52,148
20250908,28.7,29.35,28.6,29.3,119,347
20250909,29.5,29.9,28.9,29,99,289
20250910,29.05,29.45,28.65,28.95,98,284
20250911,28.6,29.4,28.3,28.5,253,725
20250912,28.55,29.2,28.45,28.6,129,371
20250915,28.6,29,28.4,28.5,47,133
20250916,28.5,28.65,28.35,28.5,69,195
20250917,29.4,29.4,28.6,28.7,94,273
20250918,28.9,29.8,28.9,29.2,103,300
20250919,29.15,32.1,28.95,29.5,1997,6183
20250922,29.7,30.9,29.7,30,344,1038
20250923,30.4,30.4,29.3,29.4,204,603
20250924,29.75,30.2,28.95,29.7,217,641
20250925,30,30.7,29.4,29.4,246,737
20250926,29.3,30.1,28.9,29.05,268,785
20250930,29.15,29.15,28.75,28.95,89,258
20251001,29.1,29.75,28.8,28.8,122,356
20251002,29.15,29.15,28.7,28.85,65,186
20251003,28.9,29.65,28.9,29,99,291
20251007,28.9,29.6,28.85,29,155,453
20251008,29,29.15,28.75,29,121,352
20251009,29.1,29.15,28.85,28.85,76,219
20251013,28.1,29.05,27.8,28.8,154,444
20251014,28.85,28.85,28.05,28.1,199,565
20251015,28.2,28.25,27.6,27.6,176,489
20251016,27.65,28.1,27.6,27.6,130,361
20251017,27.7,30,27.7,29.4,850,2481
20251020,29.6,30.75,29.35,30.25,1158,3473
20251021,30.55,31.2,29.55,29.55,684,2075
20251022,30.2,30.2,28.8,29.3,167,492
20251023,29,30.9,29,29.55,551,1657
20251027,30.25,30.9,29.5,30.75,682,2073
20251028,30.55,30.75,30,30,382,1156
20251029,30.6,30.75,29.75,29.85,275,828
20251030,29.55,29.9,28.6,28.65,336,974
20251031,29.05,29.05,28.4,28.45,155,444
20251103,28.75,28.75,28.1,28.2,126,357
20251104,28.1,28.2,27.45,27.8,370,1025
20251105,27.7,27.7,26.85,27.45,200,545
20251106,27.6,28.1,27.25,27.95,163,453
20251107,27.9,27.9,27.25,27.5,125,342
20251110,27.5,27.5,26.75,26.85,166,448
20251111,26.9,27.85,26.9,27.15,199,543
20251112,27.2,28.4,27.15,27.95,241,673
20251113,27.85,29.8,27.75,28.25,544,1563
20251114,28.25,28.9,28,28.15,222,630
20251117,28.15,28.2,27.5,28.05,130,362
20251118,27.55,28.25,27.55,27.7,194,541
20251119,27.65,30.2,27.65,29.7,1667,4893
20251120,30.1,30.7,28.5,28.5,1530,4518
20251121,28.5,29.35,28.1,28.2,652,1863
20251124,28.8,28.9,27.7,27.7,282,794
20251125,27.9,27.95,27.4,27.45,203,560
20251126,27.7,27.85,27.35,27.35,156,429
20251127,27.7,27.9,27.4,27.45,177,489
20251128,27.45,28.6,27.3,28.55,190,532
20251201,28.5,28.5,27.65,27.75,117,325
20251202,27.7,28,27.55,27.55,96,267
20251203,28.1,29.5,28.05,28.8,1113,3225
20251204,29,29,28.25,28.4,168,478
20251205,28.7,28.7,27.7,28,171,479
20251208,28.35,28.35,27.85,28.05,96,269
20251209,28.4,28.4,27.55,28,96,269
20251210,28.5,28.75,28.05,28.3,165,467
20251211,28.7,28.7,27.7,27.75,221,619
20251212,28.15,28.45,27.95,28.1,90,254
20251215,28.1,28.85,28,28.3,168,480
20251216,28.3,28.3,27.15,27.35,196,541
20251217,27.35,28,27.35,27.4,108,297
20251218,27.4,28.5,27.25,27.9,146,409
20251219,28.4,28.4,27.9,28,21,59
20251222,28.45,28.65,28.25,28.45,230,654
20251223,29,29.05,28.1,28.7,197,566
20251224,28.7,29.45,28.25,28.8,166,477
20251226,29,29,28.2,28.7,145,415
20251229,29,29,28.25,28.5,103,295
20251230,28.6,28.6,28.2,28.45,83,235
20251231,28.6,28.9,28.05,28.5,266,761
20260102,28.9,30,28.75,29.75,710,2102
20260105,30.7,30.8,29.1,29.65,797,2381
20260106,29.7,30.6,29.55,29.6,738,2223
20260107,29.6,29.9,28.65,28.65,370,1078
20260108,28.6,28.6,27.05,27.15,828,2282
20260109,27.5,29.85,27.05,29.85,2072,6021
20260112,31.3,32.8,30.8,32.8,1629,5239
20260113,32.4,34.8,31.5,32.9,3813,12619
20260114,33.3,34.3,32.25,33.05,1868,6238
20260115,35.5,36.35,33.95,34.2,5792,20499
20260116,34.8,37.25,34.3,36.05,4200,15009
20260119,35.85,37.7,34.5,35.25,4345,15684
20260120,34.5,34.75,33.5,33.9,1627,5530
20260121,33.9,33.9,32.45,33,1385,4571
20260122,33.6,36.3,33.6,36.3,4157,14662
20260123,37.25,37.25,34.4,34.4,2472,8765
20260126,33.75,34.3,33.15,34.2,980,3306
20260127,34.6,34.6,33.7,33.95,570,1948
20260128,33.9,34.2,32.9,33.2,554,1856
20260129,33.7,33.75,32.1,32.3,876,2842
20260130,32.65,32.65,31.1,31.1,476,1501
20260202,30.35,30.95,29.55,29.95,528,1588
20260203,30.3,30.65,29.5,30.05,362,1082
20260204,30.2,30.8,30,30.45,180,547
20260205,30.45,30.85,29.8,29.95,345,1039
20260206,30,30,28.9,29.25,216,631
20260209,30.9,30.95,29.95,30.15,325,986
20260210,30.7,31.55,30.15,30.75,284,876
20260211,30.15,30.45,29.9,30.15,211,635
20260223,30.9,31.95,30.9,31.1,291,912
20260224,31.25,32.1,31.25,31.8,539,1711
20260225,32.25,32.35,31.75,31.8,293,936
20260226,31.85,31.95,31.1,31.45,260,820
20260302,31.4,31.4,30.45,31.05,299,927
20260303,31.05,31.95,30,30.05,273,829
20260304,29.9,29.9,27.85,27.9,634,1804
20260305,28.45,29.35,28.45,29.2,239,693
20260306,28.7,29.2,28.5,28.85,114,331
20260309,26.1,27.25,26.1,27,534,1431
20260310,27.6,28.5,27.35,27.85,172,479
20260311,27.9,29,27.9,28.3,210,599
20260312,27.85,28.95,27.85,28,154,435
20260313,27.95,28.7,27.65,28.35,108,306
20260316,28.9,31.15,28.4,31.15,529,1576
20260317,31.8,34.25,30.8,34.25,4180,13834
20260318,34.25,36.1,30.85,31.85,4038,13402
20260319,31.25,32.65,31.25,31.5,566,1803
20260320,32.25,32.65,31.25,31.3,376,1192
20260323,30.1,30.9,30.1,30.35,206,629
20260324,31.5,31.5,29.85,30.7,239,730
20260325,31.5,31.9,30.5,30.7,222,683
20260326,31.5,31.5,30.4,30.7,174,533
20260327,30.8,30.8,29.75,30.3,186,562
20260330,29.95,30.75,29.95,30.4,122,369
20260331,30.8,31.8,30.2,30.45,548,1692
20260401,31.2,32.75,30.5,31.95,689,2199
20260402,32,32.5,31.25,31.3,196,618
20260407,31.1,31.6,31.05,31.25,128,401
20260408,31.85,32.7,31.85,32.5,455,1474
20260409,35.6,35.6,33.35,33.65,916,3118
20260410,33.65,34.6,33.25,33.5,700,2380
20260413,33.8,36.85,33.8,36.85,1764,6425
20260414,39,39.4,36.85,38.15,3817,14696
20260415,38.55,40,38.25,39,1963,7683
20260416,39.25,39.7,37,37,1183,4529
20260417,37.05,39,36.85,37.3,851,3198
20260420,39,39.35,37.6,38,779,2976
20260421,38.5,38.6,37.35,37.4,532,2012
20260422,37.9,38.2,37.55,37.65,416,1573
20260423,38.05,38.4,34.5,35.4,932,3355
20260424,35.7,36.75,34.35,34.35,366,1286
20260427,36.4,36.4,33.6,34.5,401,1382
20260428,34.9,37.95,34.7,37.95,472,1764
20260429,39.3,39.8,38,38.2,1833,7100
20260430,38.2,39,37.2,37.6,411,1556
20260504,37.95,40.95,37.75,39.35,1550,6142
20260505,39.35,40.5,38.65,38.65,686,2703
20260506,39.5,39.95,38.15,39.8,1337,5257
20260507,40.9,43.75,40.2,43.75,2483,10708
20260508,48,48.1,45.8,48.1,5907,28182
20260511,47.9,49.65,46.05,47.85,7689,37243
20260512,47.35,47.35,43.1,43.4,3929,17332
20260513,43.45,44.55,42.15,43.9,1820,7927
20260514,44.45,48.25,44.45,48.25,5443,25641
20260515,48.2,53,47.45,50.2,10730,55675
20260518,50.5,53.4,48.2,52.7,5107,25956
20260519,52.7,57.9,51.2,55.1,9806,54329
20260520,56.4,60.6,56,60.6,6293,37973
20260521,66.6,66.6,66.6,66.6,1092,7271
20260522,73.2,73.2,68.8,70.5,12289,88220
20260525,68.8,77.5,67,77.5,3223,23591
20260526,76.4,82.7,72,81.9,2886,22109
20260527,81,85,76,77.7,2395,19540
20260528,75.8,80.1,70.5,70.5,1528,11411
20260529,75,75.2,71.6,75.2,862,6364
20260601,78,82.7,76.6,77,812,6488
20260602,72.5,77.5,71,73,1084,7887
20260603,73.3,80,73.3,77.5,828,6468
20260604,70.5,75.3,70.5,72,568,4120
20260605,70,71.9,64.8,70,838,5694
20260608,63,73.3,63,68.2,840,5583
20260609,67,75,67,75,805,5769
20260610,75,79.7,70,70,1237,9337
20260611,73.6,76.5,71,76.5,8498,63663
20260612,82,84.1,79.5,84.1,12970,107640
20260615,89.1,92.5,86.1,90.9,13199,119519
20260616,89,92.5,83.3,84,12563,110091
20260617,90,92.4,89.7,92.4,5074,46619
20260618,101.5,101.5,101.5,101.5,1228,12462
20260622,111.5,111.5,106.5,111.5,9673,107257
20260623,112,116.5,108.5,111.5,11568,129716
20260624,110.5,122.5,107,122.5,5845,67872
20260625,126.5,131,121.5,125.5,15328,193215
20260626,123.5,123.5,116,121,1736,20874
20260629,118,118,109,109,932,10472
20260630,115,119.5,113.5,119,891,10481
20260701,126,127.5,125,127,1074,13602
20260702,135.5,135.5,129.5,130,958,12582
20260703,128.5,135,126,132,749,9844
20260706,140,140,127,128,727,9572
20260707,130.5,132,115.5,118.5,963,11686
20260708,121,126.5,117,126.5,929,11229
20260709,135,135,128,130,1062,13977
20260713,143,143,120.5,129,13161,174636
20260714,126,135.5,116.5,118,9555,117742
20260715,119,119,106.5,111,8531,92937
20260716,106,109.5,104,107,4146,44399
20260717,98.8,102,96.3,96.3,3988,39220
20260720,94.4,97.3,86.8,94.6,3994,36725
20260721,99,104,95.6,99.1,7744,77398
20260722,106,109,100.5,100.5,6347,66258
20260723,101,104.5,95,97,3614,35905
20260724,95,96.1,89.7,90.1,2007,18504
20260727,88.3,96.6,88.1,91.4,3530,32415
20260728,86.1,86.1,82.3,82.3,1843,15370
20260729,80.8,82.5,74.1,74.1,2126,16351
20260730,70.2,78.8,70.2,72.6,3404,25318
20260731,79.8,79.8,79.8,79.8,387,3088
20260803,80.7,87.7,80.4,87.7,3371,28806
20260804,89,95,85.1,93.5,6338,56887
20260805,97.4,98.9,90.5,91.2,4833,45623
20260806,91.1,93.1,87.5,92.1,2019,18320
20260807,92.1,92.6,87.8,87.9,1426,12775
20260810,94.8,96.6,93.4,96.6,4557,43763
20260811,96.6,106,96.4,106,10845,112169
20260812,104,110.5,103,107,8950,95270
20260813,107,116,107,107.5,9946,110081
20260814,108,108,100,101,4297,44501
20260817,99,101,96.8,100,1951,19365
20260818,99.5,102.5,94.2,95.2,2453,24015
20260819,93.4,102,93.4,98,5153,50703
20260820,98.8,99.6,92.3,93.5,2733,25874
20260821,93.4,95,89.7,89.7,2148,19666
20260824,90.2,92.8,89.8,89.9,1390,12650
20260825,88.8,90.8,85.5,90.1,1616,14221
20260826,90,91.8,88.1,90.2,2091,18821
20260827,90.9,93.4,89.1,91.6,2671,24539
20260828,94.5,99.9,93.5,94.2,4841,46462
20260831,92.4,96.4,88.5,89.9,2121,19358
20260901,90.1,93.3,89.4,89.9,2064,18775
20260902,88.5,97.9,88,92.2,4377,41216
20260903,92.1,95,87,87.2,2576,23338
20260904,90,94.4,89.1,94,4355,40375
20260907,95,99.5,94.2,97,5533,53777
20260908,100,105,97.8,98.7,7654,77098
20260909,99.2,107,98.5,101,6749,69288
20260910,99.9,110,96.4,105.5,7261,74872
20260911,102.5,114.5,100.5,108,15066,164769
20260914,104,104.5,98.1,98.2,7659,76864
20260915,98.2,102,97,97.1,5641,55953
20260916,98.8,100.5,97.5,100,2882,28564
20260917,100,107,100,101.5,6365,65697
20260918,104,110.5,100,110.5,6735,71452
20260921,113,119.5,109.5,115,12138,139528
20260922,120,121,110,111.5,6167,70750
20260923,113,116.5,110.5,113.5,5501,62473
