# date,open,high,low,close,lot,wan
20250814,38,38.55,38,38.4,116,445
20250815,38.55,39.05,38.45,38.5,113,436
20250818,38.55,39.15,38.55,38.75,122,474
20250819,39.15,39.15,38.35,38.9,234,908
20250820,39,39.25,38.55,39.2,80,312
20250821,39.55,39.9,39.25,39.8,87,344
20250822,40.15,41.6,40.1,40.5,212,872
20250825,40.9,41.65,40.35,41.1,179,735
20250826,41.45,43.5,41.05,41.1,381,1612
20250827,41.9,41.9,41.15,41.2,92,382
20250828,41.5,41.9,41.25,41.3,64,266
20250829,41.3,41.8,40.55,41.65,183,750
20250901,43.9,45.8,43,44.45,1512,6794
20250902,45.5,46,42.85,42.85,724,3214
20250903,43.4,44.6,41.7,43.55,633,2745
20250904,44.4,44.4,42.1,42.1,237,1010
20250905,42.45,42.65,41.55,41.95,126,528
20250908,41.95,42.35,41.7,41.75,60,252
20250909,41.75,41.75,41.35,41.45,75,312
20250910,40.8,40.95,39.8,40.25,187,752
20250911,39.85,40,39.35,39.95,132,524
20250912,40.15,40.95,39.6,40.2,184,739
20250915,40.15,40.2,39.4,39.65,93,368
20250916,39.35,39.7,39.3,39.45,55,217
20250917,39.85,39.95,39.1,39.25,37,146
20250918,39.7,40,39.25,39.3,82,324
20250919,39.35,39.9,39.35,39.5,26,103
20250922,40,40,39.5,39.5,18,72
20250923,39.5,39.7,39.1,39.25,42,165
20250924,39.45,39.7,39.35,39.65,14,56
20250925,40,40.05,39.5,39.8,46,183
20250926,39.4,39.45,38.6,38.95,59,230
20250930,38.5,39,38.5,38.75,45,175
20251001,38.75,39.5,38.75,38.85,79,309
20251002,39.55,40.7,39,40.4,309,1235
20251003,40.6,41.2,39.5,40.35,420,1700
20251007,40.35,40.95,39.85,40.05,231,929
20251008,39.95,40.25,39.65,39.9,98,390
20251009,40.1,40.3,39.7,39.7,59,237
20251013,39,40.1,38.3,40.1,141,551
20251014,40.95,40.95,39.1,39.35,194,770
20251015,38.9,39.4,38.9,39.2,33,129
20251016,39.8,40.15,39.1,39.4,109,433
20251017,39.2,39.45,38.8,39.2,52,203
20251020,39.5,39.8,39.4,39.55,47,187
20251021,39.8,40.2,39.55,39.55,85,337
20251022,40,40.35,39.8,40,70,281
20251023,40.05,40.05,39.6,39.6,23,93
20251027,39.75,40.15,39.2,39.9,74,293
20251028,39.4,40,39.4,39.65,21,83
20251029,40.15,40.15,39.4,39.5,20,79
20251030,39.5,39.6,39.05,39.05,56,220
20251031,39.5,39.5,39,39,22,87
20251103,39.45,39.45,38.85,39.1,25,98
20251104,39.1,39.1,38.2,38.25,62,240
20251105,38.25,38.25,37.3,37.85,79,297
20251106,38.7,39.2,37.8,38.55,157,603
20251107,38.35,40.35,38.2,38.35,241,937
20251110,39,39,37.25,38.75,125,478
20251111,38.5,39.1,38.3,38.75,69,268
20251112,37.3,39,37.1,38.7,105,403
20251113,39.1,39.2,38.9,39.15,56,221
20251114,39.65,39.65,38.8,38.8,68,266
20251117,39.65,39.65,37.8,38.4,132,510
20251118,38.35,39.6,38.35,38.8,113,440
20251119,39.05,39.35,38.7,38.7,59,229
20251120,39.45,39.5,38.8,38.9,70,273
20251121,39,39.05,38.6,38.6,80,310
20251124,39,39,38.6,38.75,69,268
20251125,39.05,39.65,38.95,39.15,29,114
20251126,39.1,39.7,39,39.5,79,311
20251127,39.55,40.3,39.1,39.85,73,291
20251128,39.9,40.15,39.7,39.9,67,266
20251201,40.25,40.25,39.05,39.45,46,183
20251202,39.7,39.75,39.5,39.7,15,60
20251203,40.25,40.25,39.75,39.75,25,99
20251204,39.95,40.05,39.7,39.9,23,94
20251205,40,40.4,39.3,39.35,100,397
20251208,39.15,40.3,39.1,39.7,64,255
20251209,39.4,40.15,39.1,40,171,680
20251210,40.2,40.3,39.7,39.8,43,173
20251211,39.25,39.9,39.05,39.1,26,103
20251212,39.45,39.5,39.05,39.05,31,122
20251215,39.6,39.7,39.15,39.3,18,71
20251216,39.3,39.75,38.75,38.75,72,282
20251217,39.8,39.8,38.85,38.85,67,262
20251218,39,39.6,38.85,39,53,207
20251219,39.45,39.45,38.7,38.7,110,429
20251222,39.4,39.4,38.5,38.6,126,489
20251223,38.85,39.1,38,38.5,161,621
20251224,38.85,39,38.5,38.6,103,398
20251226,38.75,39,38.5,38.5,112,433
20251229,38.25,39,38.25,38.9,87,338
20251230,39,40.05,38.95,39,80,315
20251231,39,39,38.5,38.7,99,385
20260102,39,39.15,38.9,38.9,46,180
20260105,39,39.1,38.3,38.45,126,484
20260106,38.45,38.9,38.45,38.5,57,221
20260107,38.25,39,38.25,38.8,42,164
20260108,38.6,39.1,38.5,38.85,58,225
20260109,38.8,40,38.65,38.95,173,678
20260112,38.85,39.15,38.4,38.6,108,419
20260113,38.7,39,38.7,38.7,49,190
20260114,38.7,39.25,38.7,39.15,40,157
20260115,39.15,39.5,39,39.3,78,306
20260116,39.1,40,39.05,39.95,176,695
20260119,40,41,39.95,40.7,212,861
20260120,40.7,41.3,39.35,39.35,210,844
20260121,39.7,39.7,38.9,39,66,258
20260122,39.7,39.7,39,39.15,23,91
20260123,39.2,39.2,38.9,38.9,49,192
20260126,39,39.9,39,39.25,47,185
20260127,39.6,40.1,38.6,38.7,84,328
20260128,38.75,38.75,38.3,38.6,65,251
20260129,38.6,38.6,38,38.15,29,111
20260130,39.05,39.05,37.05,37.25,91,342
20260202,39,39.85,38.1,38.2,258,1005
20260203,39.85,39.85,39.15,39.3,121,477
20260204,39.6,40.3,39.6,40,123,491
20260205,40,40.3,39.7,39.75,54,216
20260206,39.35,39.35,38.6,39.2,34,133
20260209,39.15,40.2,38.9,39.3,71,281
20260210,39.55,39.55,38.8,39.5,72,280
20260211,39.5,40.5,39,40.05,312,1247
20260223,40.3,40.5,39.6,40.5,180,722
20260224,40.5,40.55,40,40.15,34,138
20260225,40.4,40.4,39.25,39.25,125,496
20260226,39.15,41.5,38.5,41.5,247,976
20260302,40.9,41.3,39.6,40.8,379,1534
20260303,40.5,40.75,39.3,40.1,313,1249
20260304,40.05,40.05,38.6,38.6,76,297
20260305,39.2,39.2,38.5,39,24,93
20260306,38.95,39.15,38.1,39.15,328,1266
20260309,38,38.8,36.5,38,191,720
20260310,39.6,39.6,37.3,39.2,484,1840
20260311,39.55,39.55,39,39,52,204
20260312,38.35,39.45,38.35,38.7,242,940
20260313,38.15,39.2,37.9,38.8,184,709
20260316,38.5,39.2,38.5,38.95,30,116
20260317,38.8,39.35,38.65,38.95,162,630
20260318,39.15,39.15,38.2,38.55,245,946
20260319,38.25,38.6,37.7,38.05,464,1770
20260320,38,38.55,37.7,37.8,311,1184
20260323,37.75,37.75,37,37,125,465
20260324,37.75,37.75,36.5,37.6,176,649
20260325,37.9,38.8,37,38.8,283,1065
20260326,39,39.1,38.05,38.05,362,1399
20260327,38.1,38.65,37.5,38.2,242,915
20260330,38.7,38.8,37.4,38.1,402,1532
20260331,38,38.55,36.5,36.5,251,944
20260401,37.8,38,37,37.5,250,935
20260402,37.5,37.7,36.8,37.4,226,841
20260407,37.55,37.95,37.1,37.9,219,822
20260408,37.9,38.8,37.7,38.35,505,1929
20260409,38.5,38.5,37.6,38.35,374,1421
20260410,38.5,38.95,38,38.8,393,1514
20260413,38.75,39.6,38.2,39.6,416,1617
20260414,39.6,40.15,38.9,39.6,815,3209
20260415,39.85,39.85,39.55,39.75,132,525
20260416,39.7,39.75,38.1,38.85,482,1870
20260417,38.85,39,38.1,38.35,292,1126
20260420,38.2,40.5,37.9,39.9,1107,4311
20260421,40.1,40.3,39,39.15,272,1073
20260422,39.15,40.15,38.95,40.1,172,684
20260423,40.25,40.35,38,38.2,509,1983
20260424,38.75,39.1,37.95,38.85,383,1476
20260427,38.4,39.2,38.05,38.95,478,1849
20260428,39.1,39.5,38.6,39.4,1067,4158
20260429,39.55,40.25,38.8,39.8,593,2337
20260430,39.3,40.5,37.4,37.95,905,3529
20260504,38.45,38.55,37.2,37.2,155,589
20260505,37.35,37.95,37.2,37.6,92,345
20260506,38.1,38.1,37.35,37.5,116,437
20260507,37.7,38.15,37.1,37.5,272,1024
20260508,37.25,38.5,37.25,38.4,342,1299
20260511,38.4,38.7,37.5,37.5,141,535
20260512,37.8,39.2,37.7,39,587,2258
20260513,38.55,38.95,38,38.5,746,2866
20260514,39,39,37.4,38,712,2724
20260515,38.45,38.5,37.45,37.75,485,1845
20260518,37.7,38.15,37.1,38.05,491,1846
20260519,38.05,38.5,37.65,37.85,568,2157
20260520,37.85,38.1,37.6,38.05,158,600
20260521,38,39.3,37.6,39.2,1068,4114
20260522,39,39.8,38.65,39.3,917,3589
20260525,39.3,39.95,38.05,38.15,453,1753
20260526,38.15,38.65,37.7,38.25,256,979
20260527,38.25,38.8,37.8,38.75,206,788
20260528,38.8,39.2,38.2,39,650,2516
20260529,39,39.2,38.55,39.1,609,2367
20260601,39.3,39.4,38.2,38.2,1357,5269
20260602,38.2,38.35,37.2,37.75,216,815
20260603,37.75,38.5,37.75,38.4,253,965
20260604,38.5,38.5,37.5,37.5,111,419
20260605,38.5,39.15,37.2,38.55,609,2342
20260608,36.85,38.9,36.7,37.45,216,814
20260609,38,38.3,37.05,37.2,129,483
20260610,37,37.65,36.85,36.85,136,504
20260611,36.85,36.95,36.1,36.25,97,352
20260612,36.75,36.75,36.45,36.45,65,237
20260615,36.3,36.95,36.3,36.8,50,184
20260616,36.75,36.9,36.35,36.35,42,154
20260617,36.2,36.55,36.1,36.2,73,265
20260618,36.25,36.7,36.2,36.55,45,166
20260622,37.15,37.15,36.7,36.8,40,148
20260623,37.2,37.2,36.45,36.5,40,146
20260624,36.15,36.95,36.1,36.35,57,209
20260625,36.8,36.8,36.4,36.45,18,66
20260626,36.5,36.5,35.45,35.45,74,266
20260629,35.7,35.8,35,35.15,86,306
20260630,35.15,35.15,34,34.6,40,140
20260701,34.3,35,34.3,34.4,53,184
20260702,35,35,34.25,34.8,45,155
20260703,35.45,35.45,34.25,34.85,67,234
20260706,35.05,36.1,34.7,35.4,193,686
20260707,35.6,35.6,34.35,35.4,137,481
20260708,35.4,35.45,34.55,34.55,53,185
20260709,34.9,34.9,34.2,34.35,52,179
20260713,34.7,34.7,32.75,33.75,230,769
20260714,34.05,34.05,32.4,32.9,134,442
20260715,33.4,33.4,32.4,32.95,130,424
20260716,33.05,33.25,32.45,32.65,98,321
20260717,32.8,32.8,31.75,32.05,124,398
20260720,32.1,32.1,31,31.35,47,149
20260721,31.6,32.2,31.5,32.05,47,151
20260722,32.1,32.1,31.6,31.75,43,137
20260723,32.3,32.3,31.45,31.6,12,39
20260724,31.95,31.95,31,31.2,35,109
20260727,31.7,32.3,31.05,31.65,85,269
20260728,31.2,31.3,30.2,30.2,78,240
20260729,31.1,31.1,28.45,30.6,100,299
20260730,30.2,30.35,29.6,30,31,93
20260731,31.8,31.8,30.2,31.25,35,108
20260803,31.75,31.75,30.6,30.65,43,133
20260804,30.1,31.25,30.1,30.75,24,74
20260805,31.55,31.55,30.5,30.75,30,93
20260806,31.4,31.4,30.4,30.9,22,68
20260807,30.85,31,30.4,30.9,45,138
20260810,31.3,31.5,31,31,34,108
20260811,31.2,31.2,30.9,31.05,5,16
20260812,31.3,31.75,31.25,31.25,20,64
20260813,32,32.15,31.4,31.4,21,68
20260814,31.2,31.7,31.1,31.1,18,57
20260817,32,32.05,31.3,31.3,13,42
20260818,31.6,31.8,30.65,31,23,72
20260819,31.95,31.95,30.7,30.7,23,71
20260820,31.5,31.5,30.7,31,9,28
20260821,31.25,31.35,30.65,31.1,13,40
20260824,31.8,31.85,30.55,30.95,18,56
20260825,30.95,31.45,30.7,30.8,9,28
20260826,31.55,31.55,30.85,31.1,9,28
20260827,31.5,31.5,30.8,30.95,30,94
20260828,30.85,31.45,30.85,31.2,17,53
20260831,30.55,31,30.5,31,17,53
20260901,31.2,31.2,30.7,31,15,47
20260902,31.5,31.5,30.8,31.1,11,35
20260903,31.55,31.55,30.7,31.05,25,78
20260904,30.8,31.7,30.65,31,28,87
20260907,31.1,31.5,31,31.3,19,60
20260908,31.4,31.4,30.4,31.15,38,118
20260909,31.4,31.4,30.65,31.1,12,38
20260910,31.3,31.3,30.65,31,12,37
20260911,31,31,29.9,30.15,37,111
20260914,31.05,31.05,30.1,30.1,8,25
20260915,30.75,30.75,29.9,30.35,15,45
20260916,30.65,30.8,29.9,30.7,15,46
20260917,31.3,31.3,30.4,30.75,33,103
20260918,30.7,31.2,30.7,30.95,9,28
20260921,31.05,31.3,30.85,31.1,20,63
20260922,31.05,31.75,31.05,31.75,71,222
