# date,open,high,low,close,lot,wan
20250814,235,235,234,234,11,258
20250815,231,231,227,227,36,823
20250818,227,228,226,226,20,454
20250819,225,226,225,226,4,90
20250820,227,227,224,224,18,405
20250821,224,224,224,224,6,134
20250822,224,224,222,222,5,111
20250825,223.5,225,223.5,225,2,45
20250826,224.5,226,223.5,226,7,157
20250827,226,226,225.5,225.5,5,113
20250828,227,227,226,226,3,68
20250829,226.5,226.5,226,226,3,68
20250901,224,224,224,224,2,45
20250902,225,225,224,224,8,180
20250903,225,226,224.5,225,16,360
20250904,225,225,225,225,7,158
20250905,226,229,226,229,9,204
20250908,229,230,229,229.5,3,69
20250909,230,231,230,230,8,184
20250910,253,253,236,236,14,345
20250911,236,238,235.5,235.5,13,307
20250912,235,235,235,235,3,70
20250915,236,236,234.5,234.5,3,71
20250916,234.5,234.5,234.5,234.5,2,47
20250917,233.5,233.5,232,232,5,116
20250918,231,231,231,231,3,69
20250922,231,231,231,231,3,69
20250923,230,231,230,231,2,46
20250924,230,231,230,231,3,69
20250925,231,231,230,231,4,92
20251001,231,231,231,231,1,23
20251002,230,230,228,228,4,92
20251003,228,228,228,228,4,91
20251007,228,228,228,228,1,23
20251009,228,229,228,229,4,91
20251013,230,230,229.5,229.5,5,115
20251014,229.5,230,229,229,9,206
20251016,229.5,229.5,228,228,4,92
20251017,229,229,227,227,4,91
20251020,228,228,227.5,227.5,3,68
20251021,227,227,227,227,1,23
20251022,228,229,228,228,3,68
20251023,230,230,230,230,1,23
20251027,228,231,227,229,9,205
20251028,228,228,228,228,1,23
20251029,229,230,229,230,2,46
20251030,228.5,229.5,228,229.5,5,114
20251031,234,234,234,234,1,23
20251105,229,229.5,229,229.5,2,46
20251106,235.5,235.5,235.5,235.5,1,24
20251110,229,230.5,228,230.5,10,229
20251111,230.5,230.5,229.5,230.5,5,115
20251112,230,230.5,230,230.5,4,92
20251113,230,230,227.5,228.5,10,229
20251114,229,229.5,228,229.5,10,229
20251117,229,229,229,229,3,69
20251118,229,229,228,228,7,160
20251119,228,228.5,228,228,6,137
20251120,229,229,228.5,228.5,2,46
20251121,223,228.5,223,228.5,6,136
20251124,228.5,228.5,227.5,227.5,6,137
20251125,228.5,228.5,228,228.5,5,114
20251126,228.5,228.5,227.5,228,5,114
20251127,228.5,228.5,228.5,228.5,3,69
20251128,228.5,228.5,228,228,4,91
20251201,228,229,228,229,3,69
20251202,229,229,229,229,1,23
20251203,229,229,229,229,1,23
20251205,229.5,230,229.5,229.5,4,92
20251208,230,230,229,229,7,160
20251209,229,229,228,228,14,320
20251210,229,229,227.5,227.5,4,91
20251211,229,229,227.5,228,12,274
20251212,229,229,226,228,21,477
20251215,226,227.5,226,227,10,227
20251216,224,226,224,226,3,68
20251217,226,227.5,226,227.5,3,68
20251218,227,227,227,227,5,114
20251219,226,227,226,227,5,113
20251223,227,227,227,227,3,68
20251224,227,227,227,227,4,91
20251226,227,227,227,227,2,45
20251229,227,229,227,228.5,8,183
20251231,228,228,228,228,1,23
20260102,228,228,228,228,1,23
20260105,228,228,228,228,2,46
20260106,229,230,229,229,8,183
20260107,229,229,229,229,3,69
20260108,230,230,229,229,9,207
20260109,228,228.5,228,228.5,3,68
20260112,229,229,228.5,229,11,252
20260113,228,229,228,229,19,435
20260114,229.5,229.5,229,229.5,6,138
20260116,229,230.5,228.5,230.5,11,252
20260119,231,231,230.5,230.5,7,161
20260123,228,228,228,228,1,23
20260126,228.5,229,228.5,229,2,46
20260129,225,229,225,225.5,7,158
20260202,228,228,228,228,3,68
20260203,230.5,230.5,227,227,3,69
20260204,226.5,226.5,226,226,4,91
20260205,226,226,225.5,225.5,7,158
20260209,228,228,227,227,2,46
20260210,227.5,227.5,227,227,3,68
20260211,227,227,227,227,1,23
20260223,228,230,227,230,8,183
20260224,227.5,227.5,227,227,8,182
20260225,227,227,226,226,7,159
20260226,226.5,228,226,228,14,318
20260302,226,228,226,228,13,295
20260303,227,227.5,226,227.5,15,340
20260304,225,225,224.5,224.5,16,360
20260305,225,226,225,225,10,225
20260306,225,226,225,226,4,90
20260309,225,225,224,225,10,224
20260310,226,227,226,227,4,90
20260311,225.5,227.5,225.5,227.5,7,159
20260312,227.5,228,227,227.5,9,205
20260313,232,235,231.5,231.5,22,512
20260316,234.5,240,234.5,240,51,1212
20260317,240.5,240.5,239,240,33,791
20260318,240,242,239.5,241,22,530
20260319,240,241,236,241,50,1198
20260323,233,236,233,236,6,141
20260324,236,236.5,235,236.5,9,212
20260325,236,237,236,237,2,47
20260326,239.5,240,237,237,10,238
20260327,236,236,236,236,6,142
20260330,234.5,234.5,234.5,234.5,1,23
20260331,233,236,233,233.5,10,234
20260401,234,236.5,234,234.5,6,141
20260402,234.5,236,234.5,236,13,306
20260407,229,238,229,238,10,233
20260408,238,239.5,237.5,239.5,6,143
20260410,239.5,240,239.5,240,4,96
20260413,238,243,236.5,241.5,16,384
20260414,241.5,245,241.5,245,25,609
20260415,247,250.5,247,250,26,648
20260416,250,251.5,249.5,251.5,12,300
20260417,251.5,252,251.5,252,9,226
20260420,252,252,250.5,252,12,302
20260421,252.5,252.5,248,250,24,602
20260422,252,253.5,252,253.5,19,481
20260423,252,252,251.5,251.5,2,50
20260424,250.5,253,250.5,253,18,454
20260427,252.5,253,252,253,14,353
20260428,253.5,253.5,253.5,253.5,1,25
20260429,255,266,255,260,23,603
20260430,262,263,262,263,8,210
20260504,263.5,268.5,263.5,268.5,12,319
20260505,284,284,267.5,271,17,466
20260506,272,273.5,271.5,273.5,17,463
20260507,278,278,274,275,8,220
20260508,272,272,263,270,17,458
20260511,270,272.5,270,272.5,4,108
20260513,267,271,267,271,2,54
20260514,270,270,270,270,3,81
20260515,270,271,270,270,13,352
20260518,271,272,271,272,5,136
20260520,271,271,268.5,269.5,8,216
20260521,270.5,272,270.5,272,14,380
20260522,272,273,272,273,18,491
20260525,273,273,272,272,3,82
20260526,268,268,268,268,2,54
20260527,268.5,268.5,266.5,266.5,5,134
20260528,269.5,271.5,269.5,271.5,14,380
20260529,270.5,270.5,270,270.5,6,162
20260601,255,268.5,255,267,13,341
20260602,259.5,268.5,259.5,268.5,23,611
20260603,268,268.5,268,268,3,80
20260604,268,268,264.5,264.5,6,160
20260605,266,269,266,269,9,242
20260608,268,268,268,268,1,27
20260609,269,272,269,272,13,353
20260610,272,272.5,267.5,267.5,8,217
20260611,265,266.5,263,266,21,558
20260612,262,266,262,266,9,238
20260615,267,269,267,268.5,9,241
20260616,268,268.5,268,268.5,3,80
20260617,264,268.5,263,268.5,38,1011
20260618,248,248,241,241,29,708
20260622,242.5,242.5,241.5,242,4,97
20260623,242,242,235,236,20,478
20260624,235,236,235,236,5,118
20260625,235.5,236,234,236,11,258
20260626,234,234,230,231.5,15,348
20260629,227,231.5,227,231.5,5,115
20260630,232,233,232,232,5,116
20260701,232,232,230,230,11,254
20260702,229,232,229,230,24,552
20260703,228,230,227,228,16,366
20260706,228,232,228,230.5,11,252
20260707,230,231,225,225.5,40,912
20260708,225.5,225.5,223.5,223.5,13,292
20260709,224,225,223.5,224,21,471
20260713,223.5,223.5,216,216,35,770
20260714,216,216,209,209,29,615
20260715,209,210,209,210,29,607
20260716,210.5,211,209,209,21,441
20260717,209,209,199,199,47,958
20260720,199.5,199.5,198.5,198.5,9,179
20260721,201.5,205,201.5,205,5,101
20260722,204,205.5,203,204,6,123
20260723,202,203.5,202,203.5,12,243
20260724,203,204,202.5,204,4,81
20260727,204,204,204,204,1,20
20260729,201.5,201.5,199,199,6,120
20260730,199,199,199,199,2,40
20260731,201,201,200,200,10,200
20260803,200,200,200,200,2,40
20260805,200.5,201.5,200.5,200.5,12,241
20260806,200.5,200.5,200.5,200.5,3,60
20260807,200,200.5,199.5,200.5,9,180
20260810,199.5,203,198.5,202.5,12,241
20260811,202.5,202.5,199,199,5,100
20260813,200,200,200,200,5,100
20260814,200,200,200,200,2,40
20260817,200,205,200,205,5,100
20260819,204,207,204,206,9,185
20260820,202,206,202,206,8,163
20260821,207,220,207,220,17,364
20260824,218,218,218,218,3,65
20260826,218,218,218,218,1,22
20260831,220,220,216,216,4,87
20260901,216.5,216.5,216,216,7,151
20260903,215,215,215,215,1,22
20260904,214,214,214,214,2,43
20260907,212,213,212,213,3,64
20260909,213,213,213,213,1,21
20260911,213,215.5,212,215.5,6,128
20260914,212.5,213.5,212,213,9,192
20260915,210,211,210,211,3,63
20260916,211,212.5,211,212,4,85
20260917,212,212,212,212,1,21
20260918,214,216,214,215,8,172
20260921,215,215.5,215,215.5,3,65
