# date,open,high,low,close,lot,wan
20250814,72,72,69.6,71,20,141
20250815,71.2,71.2,68.9,69,49,338
20250818,71,71,68.6,69,24,168
20250819,68.8,69.3,68.5,69.3,23,158
20250820,69,69.4,69,69.4,12,84
20250821,68.7,68.7,68.6,68.6,2,14
20250822,68.6,69.7,68.6,69.7,11,77
20250825,69.8,74.5,69.8,73,52,377
20250826,73,73,71,72.8,13,90
20250827,70,73.8,70,72.8,7,52
20250828,72,73,72,72.5,5,37
20250829,71.6,73.8,71,71.3,18,130
20250901,71.3,71.3,71.3,71.3,4,25
20250902,71.3,71.3,70.3,70.4,11,79
20250903,72,74.6,70,71.9,33,241
20250904,72.4,72.4,71.5,71.8,11,79
20250905,71.1,71.7,71,71.7,11,79
20250908,71.5,71.9,69.8,71.9,38,268
20250909,71.9,71.9,70,71.5,13,92
20250910,71.2,71.2,70.9,71.2,13,93
20250911,70.1,71.1,69.7,70.9,12,85
20250912,69.7,70.5,69.7,70.5,16,113
20250915,70.5,70.5,70,70.3,6,42
20250916,70.2,71.8,69.5,71.8,15,105
20250917,70.1,71,70.1,70.1,15,107
20250918,70.1,70.1,69.3,69.5,18,127
20250919,69.5,70.8,68.8,70,41,284
20250922,71.8,71.9,70.1,71.6,983,7014
20250923,72.5,78.7,72.5,73.8,779,5750
20250924,75.4,76.4,74.3,75.5,277,2081
20250925,75.3,75.3,73,73,44,321
20250926,71.7,71.7,71,71.5,39,281
20250930,71.8,71.8,70.9,71.5,379,2721
20251001,71.5,71.5,71,71,20,143
20251002,71.4,71.6,70.5,70.5,11,79
20251003,70.3,70.3,68,68.9,144,992
20251007,68.9,69,67.8,68.9,56,382
20251008,67.8,68.9,67.4,68.9,25,167
20251009,67.6,69.7,66.6,69.4,13,90
20251013,69.4,69.4,67.1,68,37,253
20251014,68.2,68.9,67.6,67.6,22,150
20251015,69.3,69.3,67.5,68.1,13,87
20251016,67.2,68,67.2,67.3,10,69
20251017,67,67.4,66.5,67.2,38,253
20251020,67,67,66.4,66.4,28,189
20251021,67.5,67.5,66.3,66.4,5,33
20251022,67.6,67.6,65.9,66.2,26,173
20251023,66,66,65.4,66,23,149
20251027,66,66,64.1,65.5,46,298
20251028,64.2,65.4,63.5,65,36,233
20251029,64.5,64.8,63.9,64.7,368,2375
20251030,64.8,64.8,63.4,64.3,34,220
20251031,64,64.8,63.5,64.3,51,328
20251103,67,67,64,64.5,18,118
20251104,64.6,64.6,64.6,64.6,4,26
20251105,64.1,65.5,64.1,64.3,3,21
20251106,65.7,65.7,65.7,65.7,1,8
20251107,65.6,65.6,65.6,65.6,1,8
20251110,65.4,66.4,65.1,65.7,410,2682
20251111,64.1,65.3,63,64.7,25,163
20251112,63,64.5,62.9,64.5,25,157
20251113,63.2,65,63,64.8,19,122
20251114,64.5,64.5,63.5,63.6,14,90
20251117,63,64.2,63,63.5,7,45
20251118,62.8,63.2,62,63.2,15,92
20251119,62,65,62,62.3,19,118
20251120,62.7,62.7,62.2,62.2,10,62
20251121,62.3,62.3,62.3,62.3,2,13
20251124,61.8,62.5,60.5,62.5,15,92
20251125,61,62.2,61,62.2,5,32
20251126,61.6,62.1,61.3,62.1,6,34
20251127,61.4,62.1,61.4,62.1,6,38
20251128,61.5,62.5,61.5,62.5,10,62
20251202,62.9,63,62.9,63,11,69
20251203,62.5,62.7,62.5,62.7,3,20
20251204,62,63,61.5,63,9,56
20251208,61.3,62,61.3,62,10,62
20251209,60.8,61.8,60.5,61.8,13,82
20251210,64.3,64.4,62.5,62.6,5,32
20251211,62.1,62.5,62.1,62.5,5,31
20251215,60.5,62.1,60.4,60.7,17,104
20251216,60.7,62.6,59,61.5,19,116
20251217,60,62.4,60,62.4,8,50
20251218,60.6,62.5,60.6,62.5,8,49
20251222,61.3,62.3,61.3,62.3,6,37
20251223,61.1,61.9,59.6,60.1,41,248
20251224,60,61.7,60,61.7,14,85
20251226,60.7,61.2,60.5,61.2,8,49
20251229,60.6,60.6,60.2,60.2,4,24
20251230,60,61.1,59.5,61.1,15,92
20251231,59.6,61.9,59.6,61.9,3,18
20260102,59.5,60.8,59.5,60.2,48,288
20260105,59.5,60,59.5,60,10,60
20260106,59.9,59.9,59.9,59.9,3,18
20260107,58.9,59.3,58.9,59.3,9,54
20260108,58.5,59.1,58.5,58.9,7,41
20260109,58.3,58.3,57.6,57.8,12,70
20260112,60.4,63.5,59.3,61,52,323
20260113,61.3,61.4,60.5,60.6,44,269
20260114,60.8,64.2,60.6,64,27,166
20260115,64,64,61.6,63.8,15,95
20260116,61.9,63.6,60.5,63.6,18,112
20260119,63.6,63.6,61.5,61.5,13,81
20260120,61,61.7,60,60.5,28,170
20260121,60,60.5,59.5,60.5,9,54
20260122,60.5,60.5,60,60,11,66
20260123,59.6,60,59,60,185,1110
20260126,60.7,60.8,60.7,60.8,3,18
20260127,61.8,61.8,60,61.3,7,43
20260128,61.3,62.5,60.2,62.5,8,51
20260129,62.5,62.5,60.7,62.5,4,26
20260130,61.2,61.2,60.6,60.6,10,62
20260202,59.9,59.9,59,59.7,18,108
20260203,59.2,59.5,58,59.2,22,130
20260204,58,59,57.6,59,13,77
20260205,58,58.8,56.1,56.8,39,225
20260206,56.1,56.2,54.6,56.2,60,331
20260209,55.8,55.8,51.3,51.3,148,788
20260210,51.1,52.4,46.2,48.3,735,3530
20260211,48.2,49.75,48.2,49.3,130,639
20260223,49.2,49.85,48.7,49.85,43,212
20260224,48.2,49.9,47.85,49.85,40,197
20260225,48.5,49,48,49,47,229
20260226,48,48.8,47,47.2,69,330
20260302,47.7,47.7,46.05,47.65,45,208
20260303,47,48.1,46.6,47.5,16,76
20260304,46.55,48.1,46.4,46.45,12,56
20260305,46.35,46.45,46,46,30,137
20260306,46,46,45.35,45.35,11,50
20260309,42.2,44.4,41.1,44.4,62,262
20260310,44.4,44.4,42.95,43.35,16,70
20260311,44,46.2,43.95,46.1,22,99
20260312,46,46,43.6,45.4,31,136
20260313,43.85,45.15,43.6,44.65,26,116
20260316,43.25,43.35,43,43.3,23,99
20260317,43.3,43.3,42.5,43,17,73
20260318,43.75,43.75,41.9,42.7,23,98
20260319,42.7,43,42.2,42.2,11,47
20260320,42.2,42.6,42.2,42.6,2,10
20260323,43.05,43.05,41.8,41.8,55,235
20260324,43,45,42.85,42.85,29,126
20260325,43.1,43.55,43,43.55,38,164
20260326,43.55,43.55,43,43.05,12,52
20260327,43.3,43.95,42.6,43.95,27,117
20260330,44.45,48.3,43.7,48.3,62,289
20260331,53.1,53.1,43.7,43.7,1048,5365
20260401,43.55,48.05,42.2,45.5,349,1615
20260402,44.65,44.95,43.5,44.95,100,443
20260407,45,45.1,44.1,44.3,42,189
20260408,43.8,46.6,43.5,44.1,41,182
20260409,44,44.3,43.25,43.45,15,67
20260410,43,43.3,42.6,42.6,16,69
20260413,41.4,42.1,41.4,41.65,17,71
20260414,41.7,42.25,41.65,41.95,32,135
20260415,42,42.7,41.6,42.45,65,273
20260416,42,42.6,42,42.4,19,80
20260417,41.1,43.1,41.1,42.05,40,169
20260420,42.3,42.4,40.1,40.3,78,317
20260421,40.3,40.4,39,39.8,94,372
20260422,39,40,38.8,39.35,99,387
20260423,39,39.35,37.15,39.25,102,391
20260424,38.45,39,38.1,38.1,8,32
20260427,36.8,38.4,36.8,38.4,35,130
20260428,39.75,39.75,37.7,37.9,8,31
20260429,38.95,38.95,38.35,38.85,14,54
20260430,38.95,39,37.25,37.95,26,102
20260504,38.1,38.75,37.8,37.8,52,197
20260505,37.8,38.95,37.7,38.7,73,279
20260506,38.7,39.25,38.3,39,41,160
20260507,40.2,40.2,39,39.95,81,322
20260508,39.95,39.95,39,39.95,13,50
20260511,39.35,41.45,39.35,39.35,32,129
20260512,38.85,39.35,37.2,38.1,27,102
20260513,37.85,38.1,37.8,37.8,5,19
20260514,36.5,37.1,36.5,36.5,51,187
20260515,36.75,37.25,35,35,102,370
20260518,34,35.4,34,35.4,25,87
20260520,34.5,35.6,34.35,34.95,33,116
20260521,34.55,35,34.5,34.65,59,205
20260522,34.65,34.8,33.95,33.95,81,277
20260525,35.1,35.1,30.65,31.7,286,907
20260526,31.7,32.6,31.7,31.9,82,262
20260527,31.8,32.6,31.8,32.6,73,234
20260528,33,35.4,32.8,34.8,83,286
20260529,34.8,35,34.5,34.5,61,212
20260601,33.5,37.95,33.5,36.95,50,185
20260602,36.95,36.95,36,36,2,8
20260603,35.7,36.5,34.2,34.75,35,121
20260604,34.7,36.9,34.5,35.65,14,49
20260605,35.65,35.65,34.9,34.95,7,25
20260608,33.8,34.4,33.8,34.4,21,72
20260609,33.4,34.5,32.5,34.4,48,163
20260610,33.75,36.7,33.25,35.65,18,63
20260611,35,36,34.5,34.5,48,171
20260612,36.5,36.5,34.7,35.1,9,32
20260615,35,35.05,33.5,34.6,19,66
20260616,34.6,35,34.55,34.6,19,66
20260617,34.5,34.9,34.35,34.8,11,38
20260618,35,35.25,34.2,34.2,24,84
20260622,33.5,35,33.3,35,22,75
20260623,34.8,38.5,34.8,37,71,263
20260624,37.05,37.05,35.3,35.9,35,127
20260625,36.95,36.95,35.85,35.85,8,28
20260626,34.55,35.3,34.55,35.3,3,11
20260629,35.65,36.05,35.6,36.05,19,69
20260630,36.05,36.05,35.7,35.7,3,11
20260701,35.7,35.95,35.7,35.95,3,11
20260702,34.1,34.9,34,34.75,48,165
20260703,34.15,35.35,33.9,34,63,216
20260706,34,34.3,33.95,34,60,204
20260707,34.35,34.4,33.65,33.8,31,105
20260708,34.25,34.3,33.55,33.9,31,105
20260709,33.9,33.9,33.1,33.8,17,59
20260713,37.15,37.15,37.15,37.15,23,84
20260714,40.85,40.85,34.5,36.1,1103,4284
20260715,35.5,39.7,35.5,39.7,263,1023
20260716,39.6,40.85,37.55,37.55,207,812
20260717,37.6,40.75,37.6,39.45,144,566
20260720,37.5,37.5,35,35.85,84,303
20260721,35.2,37.3,35.2,37.3,34,124
20260722,37.3,37.95,37.1,37.8,46,172
20260723,38.1,38.8,37.1,38.7,15,58
20260724,38,38.55,36.9,37.85,36,135
20260727,37.85,38,37.5,37.5,18,68
20260728,37.5,37.95,36.4,37.85,21,78
20260729,37.85,37.95,36,37.35,47,172
20260730,37.65,38.5,36.05,36.05,21,78
20260731,36.25,37.05,36.2,36.6,10,37
20260803,36.05,36.6,35.9,36,33,119
20260804,35.05,38.8,35,38,63,235
20260805,38.5,39.45,37,37.1,44,166
20260806,37.25,38.1,36.05,36.45,19,70
20260807,37.5,37.5,36,36.9,65,236
20260810,36.5,37.4,36,36.05,24,86
20260811,36.05,36.45,35.85,36.45,11,40
20260812,36,36.15,35.1,35.6,40,141
20260813,36.7,38.3,36.3,36.45,18,67
20260814,35.75,36.25,35.1,35.7,29,103
20260817,35.7,36.4,35.55,35.55,15,54
20260818,35.85,36.3,35.2,36.3,27,96
20260819,36.3,38.9,36.3,37.5,64,238
20260820,37,38.3,36.05,36.05,51,189
20260821,36.2,37.1,36.05,37.1,24,88
20260824,36.5,38,35.8,37.2,34,125
20260825,37.7,37.7,36.5,37.2,21,78
20260826,38.2,39.5,37.3,38.4,44,168
20260827,40,41.6,38,39.45,149,581
20260828,39.55,41.5,37.55,38.2,63,243
20260831,37.2,37.25,36.2,36.55,38,141
20260901,37.65,37.65,36.35,37.35,34,125
20260902,37,37.6,36.8,37.6,14,52
20260903,37.5,37.5,37.15,37.15,8,30
20260904,37.6,38.05,37.6,38.05,15,57
20260907,37.95,37.95,36.8,37.95,15,56
20260908,38.4,38.5,37.55,37.75,14,52
20260909,38.85,38.85,37.45,38,18,68
20260910,36.9,37.35,36.7,36.9,42,156
20260911,36.6,37.45,36.6,37.35,10,37
20260914,36.8,38.2,36.5,38.2,31,115
20260915,39,39.8,37,37.15,19,72
20260916,37,37.8,36.95,37.05,10,37
20260917,37.4,38.3,37.4,38.3,13,50
20260918,38.3,38.9,37.6,38.9,16,61
