# date,open,high,low,close,lot,wan
20250814,199,203,199,203,22,442
20250815,205,211,204.5,209.5,52,1084
20250818,210,217,209.5,215,59,1265
20250819,214,214,210,210,32,677
20250820,206,207,206,206.5,6,124
20250821,208,208,205.5,206,26,536
20250822,205,213,205,210,40,839
20250825,215,215,212,214,17,363
20250826,214,216,213.5,215,43,924
20250827,215.5,215.5,213.5,215,29,623
20250828,215,218,214.5,214.5,40,866
20250829,214.5,218,213,214.5,34,734
20250901,219,219,213,217.5,76,1640
20250902,219.5,220,200,207,62,1311
20250903,205,213,205,212,28,588
20250904,209.5,209.5,204.5,204.5,23,474
20250905,206,207,202,203,25,510
20250908,203,207,203,207,15,306
20250909,207,207,205,205,12,247
20250910,206,206,201.5,206,30,615
20250911,206,206,200.5,200.5,47,952
20250912,202,202.5,201,201.5,11,222
20250915,200,201.5,197.5,200.5,26,520
20250916,200.5,201,199.5,201,9,180
20250917,202,202,199,200,14,281
20250918,199,200,198,200,19,379
20250919,200,200,197,199.5,13,259
20250922,199.5,205,198.5,205,14,282
20250923,205,206.5,205,206,16,329
20250924,205,206,201,206,13,265
20250925,208.5,214.5,204.5,205,26,546
20250926,202,203,201.5,201.5,17,343
20250930,204,204,204,204,7,143
20251001,204,205,202,202.5,6,122
20251002,202.5,202.5,200,200,12,241
20251003,204.5,208.5,202,205,11,225
20251007,209,209,205,205.5,22,454
20251008,204,205.5,204,205.5,3,61
20251009,206,214,206,213,46,964
20251013,215,234,210.5,226,252,5626
20251014,220.5,220.5,213,213,89,1934
20251015,219,220,215.5,218.5,34,738
20251016,218.5,218.5,213.5,214,34,730
20251017,211.5,213.5,210,210,18,380
20251020,212,216,209,216,18,381
20251021,210,218,210,214.5,11,237
20251022,214.5,216,210,214.5,16,342
20251023,213,220,213,219.5,70,1528
20251027,223,225,216.5,224.5,91,2018
20251028,224.5,232,220.5,221,28,630
20251029,224,224.5,216,217,23,502
20251030,215.5,215.5,213,214.5,21,451
20251031,214.5,216.5,213.5,216.5,17,364
20251103,219.5,227,219.5,227,62,1387
20251104,227.5,227.5,222.5,222.5,23,515
20251105,222.5,223,218.5,223,36,796
20251106,223.5,227,220.5,220.5,10,224
20251107,218,218,217,218,9,196
20251110,216,223,216,221,19,417
20251111,221,221,219,221,19,418
20251112,217.5,220.5,217,220.5,21,458
20251113,217,217.5,216.5,217,12,260
20251114,216.5,216.5,214.5,214.5,10,216
20251117,210,210,201.5,204.5,52,1065
20251118,205,205.5,200,202.5,28,565
20251119,198,203,183.5,203,24,465
20251120,198,203,198,203,12,242
20251121,198.5,199,196,199,9,178
20251124,198,198,198,198,2,40
20251125,200,200,200,200,3,60
20251126,200,201,200,201,4,80
20251127,202.5,203,201.5,203,5,101
20251128,203,203,200,200,5,101
20251201,197,207.5,197,207.5,7,139
20251202,212,212,199.5,200.5,22,446
20251203,201,206.5,201,202,4,81
20251204,202.5,203,202.5,202.5,8,162
20251205,202.5,203.5,202.5,203.5,3,61
20251208,206,208,206,207.5,5,104
20251209,204,204,201.5,204,15,304
20251210,205.5,205.5,201,201.5,19,385
20251211,201.5,202,200,201.5,12,241
20251212,201.5,201.5,197.5,200.5,21,420
20251215,200,200,197.5,197.5,11,218
20251216,198.5,198.5,195.5,196,10,197
20251217,196,196,195,195.5,8,156
20251218,195.5,196.5,195.5,195.5,7,137
20251219,196,196.5,194.5,195,51,996
20251222,196,196,190.5,194,23,447
20251223,194,194.5,193.5,193.5,10,194
20251224,193.5,203.5,193.5,203.5,35,705
20251226,208,220.5,207,210,120,2559
20251229,211,220,209,215.5,77,1658
20251230,212.5,230,212.5,219.5,123,2712
20251231,219.5,227,215.5,219,74,1637
20260102,220,229.5,214.5,226.5,207,4660
20260105,228.5,237,228.5,229,565,13104
20260106,230,231,223.5,228,147,3324
20260107,232,236.5,229,234,282,6584
20260108,234.5,234.5,225,230.5,134,3084
20260109,227,227,222,224,82,1843
20260112,224,236,224,236,230,5329
20260113,246,253.5,237,243,360,8820
20260114,244,245,235,236.5,172,4110
20260115,235,235.5,224.5,230,170,3911
20260116,230.5,238,230,230,85,1994
20260119,230,230,225,227,94,2136
20260120,229,235,225.5,234,83,1912
20260121,229,230,222,222.5,149,3353
20260122,225,225,220,220,101,2243
20260123,220,226.5,219,225.5,48,1071
20260126,230,242,228,234,199,4698
20260127,235.5,237,229.5,237,108,2516
20260128,233.5,238,232.5,234,109,2564
20260129,234,234,226.5,229.5,85,1953
20260130,229.5,237,226,228.5,105,2422
20260202,227,228.5,223,226,123,2781
20260203,231,233,227.5,229,35,804
20260204,232.5,238.5,228.5,237.5,98,2306
20260205,237.5,239,231,233,63,1474
20260206,230,235.5,223.5,233.5,72,1652
20260209,235,245,229,238,185,4417
20260210,240.5,240.5,235.5,235.5,53,1256
20260211,239.5,242.5,233.5,235.5,136,3237
20260223,243.5,259,243.5,259,559,14303
20260224,270,273.5,254,263,376,9985
20260225,261.5,272.5,255,255,313,8270
20260226,259,280.5,256.5,280.5,380,10485
20260302,270,305,270,299.5,755,21733
20260303,302,323.5,296,321.5,687,21435
20260304,310,312,290,293.5,561,16833
20260305,307.5,315,279.5,289.5,461,13608
20260306,289.5,306,284,291.5,251,7394
20260309,279,295,271,293.5,297,8357
20260310,310,310.5,294.5,299,306,9279
20260311,313,313.5,303,308.5,269,8276
20260312,310.5,335,308,327,588,19023
20260313,324.5,349,319.5,336,528,17863
20260316,335.5,336,321.5,324,318,10417
20260317,329.5,342,327,338.5,269,8998
20260318,342.5,372,331,372,549,19378
20260319,391,396,356.5,374.5,618,23503
20260320,374.5,384.5,366,369.5,190,7099
20260323,366,383.5,348,351.5,315,11468
20260324,367,384.5,343.5,374.5,387,14120
20260325,370.5,390,370.5,375.5,291,11044
20260326,376,384.5,361.5,361.5,164,6065
20260327,359.5,360,336.5,350,258,8972
20260330,340,340,329,333,246,8233
20260331,328.5,335,300,300,401,12476
20260401,308,323,304,320.5,202,6360
20260402,326.5,332.5,312.5,312.5,169,5440
20260407,317,322.5,315.5,319.5,110,3509
20260408,351,351,351,351,97,3405
20260409,386,386,386,386,110,4246
20260410,396,418,386,389.5,756,30378
20260413,405.5,406,376,384,408,15853
20260414,384,400,355.5,363,504,18939
20260415,371.5,371.5,351,354,273,9738
20260416,358.5,371,357.5,362.5,201,7325
20260417,365.5,365.5,348.5,348.5,246,8665
20260420,348.5,379,348.5,361.5,282,10237
20260421,361.5,363,351.5,354,167,5950
20260422,359.5,365,350,351.5,150,5330
20260423,356,356,318.5,328,483,16074
20260424,335,346.5,329,344,266,9020
20260427,354,354,330,333,155,5215
20260428,343,343,335.5,336,64,2163
20260429,331,335,329,332,59,1958
20260430,337,349.5,327,335.5,127,4289
20260504,336,340,332.5,336,114,3824
20260505,334,351.5,333.5,350,135,4672
20260506,348,350.5,341,345.5,103,3559
20260507,345.5,362,343,343,248,8752
20260508,341,358.5,341,351.5,173,6100
20260511,367,367,335,339.5,311,10791
20260512,331,346,331,340,100,3390
20260513,340,355,328.5,350,153,5264
20260514,353,361,345,351.5,141,4961
20260515,355,356,341.5,344,107,3726
20260518,339,339,328,332,116,3843
20260519,332,349.5,330,336.5,104,3504
20260520,336.5,340.5,328,339.5,124,4138
20260521,345.5,361.5,342,354.5,227,8061
20260522,360.5,368,350,358.5,193,6891
20260525,362,387,362,374.5,299,11262
20260526,375,386.5,368,376,167,6280
20260527,382,388,367,370,145,5441
20260528,370.5,374,360,360,146,5362
20260529,366,393.5,366,389.5,419,16155
20260601,394.5,409.5,385.5,409,280,11176
20260602,418,418,388,399,241,9641
20260603,410.5,410.5,393.5,402,77,3067
20260604,394.5,399,384,384,100,3892
20260605,384.5,390.5,372.5,384,105,4009
20260608,357,361.5,346,359,208,7358
20260609,365,365,356,357.5,95,3411
20260610,354,355,334,334.5,229,7787
20260611,325,343.5,325,343,96,3202
20260612,344.5,351.5,344.5,349,68,2367
20260615,355,374,355,366,118,4328
20260616,365.5,366,357,357,77,2779
20260617,352.5,355,350.5,350.5,45,1588
20260618,354.5,378.5,354.5,374.5,103,3809
20260622,374.5,400.5,374.5,396.5,153,6005
20260623,402.5,405,376,377.5,117,4558
20260624,376,377.5,370.5,377,40,1496
20260625,382,382,371,376,32,1206
20260626,372,372,350.5,352.5,97,3475
20260629,350.5,360.5,350.5,357,37,1324
20260630,360.5,363.5,358,363.5,29,1044
20260701,364.5,365,352.5,361.5,18,649
20260702,360.5,361,353,358,61,2172
20260703,355,362,355,360.5,13,467
20260706,362.5,383,362.5,366.5,87,3242
20260707,375,377.5,355.5,357,37,1354
20260708,365,365,348.5,352.5,50,1757
20260709,356,357,349,357,45,1594
20260713,357.5,357.5,345,349,55,1928
20260714,341.5,344.5,327,344.5,89,2976
20260715,346,352,344.5,350,45,1569
20260716,345,351,344.5,348,16,554
20260717,341,341,317,318.5,101,3294
20260720,319,320,301,320,28,871
20260721,324,330,317,324,19,618
20260722,326,335,324,335,34,1122
20260723,333,336.5,326.5,327.5,29,956
20260724,329.5,332.5,326,329,18,591
20260727,331,334,327.5,327.5,25,826
20260728,320,331.5,316,319,62,1996
20260729,321,325,299,302.5,90,2748
20260730,302.5,310.5,295,295.5,53,1597
20260731,315,323.5,308,323,98,3096
20260803,323,335,320.5,332,53,1748
20260804,331.5,344,331.5,343,39,1316
20260805,348,365,348,354,58,2075
20260806,350,355,346.5,352.5,24,838
20260807,353.5,355.5,346.5,347,22,768
20260810,347,350.5,343.5,346.5,36,1248
20260811,341,345.5,338.5,345,36,1229
20260812,341,349,338,338.5,61,2079
20260813,342.5,345.5,336,338.5,52,1766
20260814,338,338.5,333,336,21,704
20260817,336.5,347,332.5,346,34,1164
20260818,342,342,325,330,60,1984
20260819,320.5,335,320.5,330.5,25,824
20260820,336,336.5,327.5,333,26,857
20260821,330.5,332.5,323,326,28,917
20260824,335,335,326.5,328,9,298
20260825,323,324,320,324,24,774
20260826,327.5,332,327,330,21,691
20260827,330,330,327.5,330,32,1052
20260828,335,355.5,332,350.5,136,4712
20260831,357,374,353,354,194,7065
20260901,356,358,351,355.5,33,1171
20260902,351.5,356,348.5,356,48,1692
20260903,353,357,349,349,28,986
20260904,349,353,346,353,21,735
20260907,353,357.5,348.5,353,17,600
20260908,353,353,338,340,54,1851
20260909,334.5,341,331,338,37,1249
20260910,338.5,365,338.5,361.5,195,6941
20260911,352.5,360,350,356,58,2057
20260914,354.5,369,354.5,364,111,4028
20260915,357,363.5,351.5,352.5,34,1207
20260916,354,355.5,352,353,20,708
20260917,355,361.5,355,355,57,2041
20260918,356.5,366,356.5,361.5,76,2751
20260921,360,382,355,370.5,127,4688
20260922,375.5,382.5,370,370,116,4359
20260923,371.5,372.5,367,372.5,33,1221
