# date,open,high,low,close,lot,wan
20250814,50,50.1,50,50,23,115
20250815,50,50,49.75,49.75,14,70
20250818,49.75,49.85,49.6,49.85,6,30
20250819,49.6,49.85,48.6,49.55,14,69
20250820,49.6,50.1,49.35,49.8,12,60
20250821,49.8,51.2,49.8,50.1,11,56
20250822,50,50.5,50,50.1,9,45
20250825,49.7,50.5,49.6,50.1,19,95
20250826,50,50.5,50,50,5,25
20250827,49.5,50.7,49.5,50.5,8,40
20250828,50.5,50.8,50.5,50.6,11,56
20250829,50.7,50.7,50.5,50.7,27,137
20250901,50.1,50.3,49.8,50.3,28,140
20250902,49.3,50.5,49.2,50.4,28,139
20250903,50.3,50.3,50,50.2,15,75
20250904,50.2,50.5,50.2,50.2,25,126
20250905,50.4,50.4,50,50.1,3,15
20250908,50.1,50.1,49.95,50,22,110
20250909,50.2,50.3,50,50.3,32,160
20250910,50.3,50.6,50.3,50.6,21,106
20250911,50.4,50.5,50.3,50.5,16,81
20250912,50.3,50.6,50.3,50.5,14,71
20250915,50.1,50.2,49.9,50.1,27,135
20250916,50.3,50.3,50.2,50.3,9,45
20250917,50.2,50.2,50.2,50.2,1,5
20250918,50,50.3,50,50.2,21,105
20250919,50.2,53,50.1,51.7,73,373
20250922,52.2,52.2,51.1,51.2,27,139
20250923,50.6,51,50.3,51,23,117
20250924,51.1,52.6,50.7,50.9,23,117
20250925,51.1,51.2,50.9,51.2,31,158
20250926,51,51.9,50.8,50.8,27,138
20250930,51,51,50.5,50.8,30,152
20251001,51,51.2,50.9,50.9,38,194
20251002,51,51,50.9,51,25,127
20251003,50.9,51,50.9,51,15,76
20251007,52,52,51.3,51.5,10,52
20251008,51.5,51.7,51.4,51.6,15,77
20251009,51,51.7,51,51.5,20,103
20251013,51.8,55.5,51.8,55.5,112,608
20251014,58.6,58.7,55.8,56.5,125,714
20251015,57.8,57.8,56,56.7,59,334
20251016,56,56,55.7,55.8,9,50
20251017,55.8,56.2,55.7,56.2,20,112
20251020,56.4,56.5,56,56.1,34,191
20251021,58.8,58.8,56,56.8,42,237
20251022,56.5,56.5,56,56.4,19,107
20251023,56,56.2,56,56.2,3,17
20251027,56.2,56.8,56,56.8,17,96
20251028,55.3,56.8,55.3,56,15,84
20251029,56,56.8,55.6,56.5,24,135
20251030,56.1,56.4,56.1,56.4,10,56
20251031,56.4,56.8,56.4,56.5,5,28
20251103,56.7,56.8,56.5,56.8,45,255
20251104,57.4,57.4,56.1,56.5,15,85
20251105,56.1,56.3,56,56,27,151
20251106,56.5,58.8,56.5,57.1,60,345
20251107,54,56.5,54,54.5,28,155
20251110,53.5,54.3,52.9,53,40,213
20251111,53,53.6,51.3,52.2,21,110
20251112,54,55.8,52.9,53.5,13,70
20251113,52.3,53.5,52.3,52.9,11,59
20251114,52.8,52.8,52.7,52.7,2,11
20251117,53,53,53,53,1,5
20251118,52.5,52.5,52.5,52.5,11,58
20251119,52.5,52.6,51.5,52.6,18,94
20251120,52.5,52.6,52.5,52.5,5,26
20251121,52.5,52.5,52.5,52.5,16,84
20251124,53,53,52,52,19,100
20251125,52.3,52.5,52.2,52.2,25,131
20251126,53.5,53.5,53.5,53.5,1,5
20251128,52.5,52.5,52.1,52.5,14,73
20251201,52.7,52.7,52.6,52.6,4,21
20251202,53.9,54,53,54,12,64
20251203,54,54,53.5,53.5,6,32
20251204,53.5,53.5,53.5,53.5,1,5
20251205,53.4,53.4,53.4,53.4,1,5
20251208,53.4,53.4,53.4,53.4,5,27
20251209,52.8,53,52.1,52.3,14,74
20251210,52.8,52.8,52.8,52.8,3,16
20251211,53.9,53.9,53,53,14,74
20251212,52.9,54,52.9,54,11,59
20251215,54,54,54,54,7,38
20251216,53,53,53,53,5,26
20251217,53.1,53.8,52.8,53.8,23,122
20251218,53.9,54.7,53.9,54.6,5,27
20251219,54.6,54.6,54,54,2,11
20251222,53.6,53.6,53.5,53.5,11,59
20251223,53.5,54.2,53,53,8,43
20251224,53.1,53.1,53.1,53.1,2,11
20251226,53.2,53.2,53,53.1,9,48
20251229,53.5,54.5,53.5,54.2,5,27
20251230,53.3,53.3,53.3,53.3,6,32
20251231,53.4,53.4,53.3,53.3,14,75
20260102,53.3,54.3,53.3,54.2,15,81
20260105,53.5,53.5,53.5,53.5,8,43
20260106,53.7,53.7,53.6,53.6,6,32
20260107,53.6,53.9,53.3,53.3,8,43
20260108,53.3,53.5,53.3,53.5,8,43
20260109,54,54,53.5,53.5,2,11
20260112,54.2,54.2,53.3,53.3,4,22
20260113,53.3,53.3,52.6,53.3,25,132
20260114,53.1,53.3,53,53.3,6,32
20260115,53.3,54.5,53.1,54.5,16,85
20260116,53.5,53.5,53.5,53.5,3,16
20260119,53.5,53.5,53.2,53.3,6,32
20260120,54,54,53.5,53.5,6,32
20260121,53.1,54.5,52.1,53.1,24,128
20260122,52.6,54,52.3,53.1,11,58
20260123,52.9,52.9,52.8,52.8,7,37
20260126,52.8,53.5,52.7,52.7,18,95
20260127,53.8,53.9,52.9,53.7,23,123
20260128,53,53,53,53,1,5
20260129,53.3,53.3,52.3,52.3,15,79
20260130,53,53,52.7,52.7,2,11
20260202,52.2,52.5,51,51.6,13,67
20260203,52,52,52,52,7,36
20260204,52.1,52.1,52.1,52.1,1,5
20260205,52,52,51.6,51.8,8,41
20260206,51.8,51.8,51.8,51.8,1,5
20260209,51.8,51.9,51.8,51.8,6,31
20260210,52.1,52.2,52,52,7,36
20260211,51.3,52,51,51.5,9,46
20260223,50.9,51.3,50.9,51.1,11,56
20260224,51.5,51.5,51,51.2,3,15
20260225,51,51.1,51,51.1,11,56
20260226,51.2,51.2,51.2,51.2,6,31
20260302,51.2,51.2,51.2,51.2,4,20
20260303,51.3,51.3,51.3,51.3,2,10
20260305,51,51.1,50.8,50.8,28,143
20260306,51,51.3,51,51.3,11,56
20260309,50,50.3,50,50.2,8,40
20260310,50.3,50.9,50.3,50.9,7,35
20260311,50.9,51.9,50.5,51.3,10,51
20260312,51.3,51.6,51.3,51.6,5,26
20260313,51,51,51,51,1,5
20260316,50.2,50.8,50.2,50.8,22,111
20260317,50.7,51,50.7,50.9,6,31
20260318,50.7,50.9,50.5,50.9,10,51
20260319,51.2,51.3,50.6,50.6,16,81
20260320,50.6,50.7,50.5,50.7,8,40
20260323,50.7,51,50.4,51,7,35
20260324,50.7,51.3,50.7,51.3,11,56
20260326,50.8,50.8,50.7,50.8,3,15
20260327,50.8,50.8,50.7,50.7,5,25
20260330,50.9,51.3,50.9,51,32,163
20260331,51.1,51.3,50.9,50.9,16,82
20260401,51.4,51.7,51.4,51.7,12,62
20260402,52.2,52.2,51.1,51.2,8,41
20260407,51.9,56.3,51.9,55.4,169,931
20260408,55,56.2,53.9,54.6,101,557
20260409,54.8,57.9,54.8,55.2,66,367
20260410,56.2,56.5,55.3,56,61,341
20260413,55.8,55.9,54.1,55,40,219
20260414,55,55,54.2,54.3,27,147
20260415,54.4,55,54,54,42,228
20260416,55.5,55.5,54.1,54.5,48,264
20260417,54.5,54.8,54,54.8,11,60
20260420,54.8,55,54.3,54.5,40,219
20260421,54.7,54.7,53.8,53.9,24,130
20260422,53.9,55,53.9,55,15,82
20260423,55.5,55.5,53.6,55,57,310
20260424,55,55,53.5,53.6,31,168
20260427,53.8,54,53.4,53.5,29,156
20260428,53.7,53.8,53.6,53.8,7,38
20260429,53.4,53.4,53.4,53.4,4,21
20260430,53.4,54.2,53.4,53.4,8,43
20260504,53.5,53.5,53.3,53.3,10,53
20260505,52.7,54.7,52.6,54.4,39,208
20260506,54.4,54.4,52.8,53.8,15,80
20260507,53,53.8,53,53.6,13,69
20260508,53.3,53.5,53,53.5,13,69
20260511,53.5,54,53.3,54,15,80
20260512,55,59.4,55,59.4,520,3075
20260513,60.3,65.3,60.3,65.3,997,6400
20260514,70.5,70.8,63,63,1339,8964
20260515,64.2,65,60.2,60.2,302,1896
20260518,60.2,60.2,57.4,58.9,118,689
20260519,58.8,61.8,58.3,58.5,88,529
20260520,59,63,58.8,59.4,133,809
20260521,60.6,63.2,57.5,60.9,363,2218
20260522,60.9,65,60.2,62.5,316,1997
20260525,62.8,66,61.5,63.1,459,2944
20260526,64.1,64.6,61.1,61.3,182,1130
20260527,61.9,67.2,61.5,62.8,472,3049
20260528,62.8,67.8,62.6,64.7,651,4293
20260529,66.6,67.1,64.9,65.4,404,2671
20260601,65.5,68.4,64.1,66.1,367,2465
20260602,66.1,66.1,62.1,64.1,181,1153
20260603,64.2,66.2,62,63,209,1332
20260604,63.8,63.8,61,61.2,104,642
20260605,61.2,63.5,59.5,62.2,160,999
20260608,57,63,57,62.3,138,831
20260609,62.5,63.4,62,62.5,66,414
20260610,62.5,65.6,60.2,60.7,304,1946
20260611,60.9,61.8,59.6,61.6,82,500
20260612,61.8,63,61.5,61.5,39,241
20260615,61.6,62.5,61.6,61.8,28,174
20260616,61,62.8,60,62.2,120,737
20260617,61.1,61.4,60.9,61.1,28,171
20260618,61.2,61.5,60.8,60.8,47,287
20260622,61.5,61.5,60.1,60.5,64,387
20260623,60.6,60.6,59,59,54,321
20260624,58.5,59,58.2,58.8,43,252
20260625,58.9,58.9,58,58,39,228
20260626,57.1,57.5,57,57.1,21,120
20260629,57.1,57.6,56.3,57.6,34,194
20260630,57.6,57.8,57.5,57.5,20,115
20260701,57.6,57.7,57,57.1,51,292
20260702,57.1,57.3,56.8,57.3,13,74
20260703,58,60.8,57.9,58.6,135,802
20260706,60,60,58,59,39,229
20260707,58.4,58.5,57.8,57.8,56,326
20260708,57.8,58.2,57.6,58.2,7,40
20260709,57.3,57.3,54.6,54.7,45,251
20260713,55.4,55.4,53.7,53.8,43,234
20260714,53.8,53.8,50.7,52.7,100,521
20260715,52.8,52.8,51.7,52.6,79,411
20260716,52.5,53,52.1,52.2,15,79
20260717,52.3,52.6,50.8,50.8,65,336
20260720,50.8,51.6,49.75,51.1,43,218
20260721,51.3,51.7,51.1,51.2,20,103
20260722,51.8,52,50.8,51.6,43,221
20260723,53,53.1,51.3,51.3,29,151
20260724,51.6,52,51,52,18,92
20260727,53,53,50.8,50.8,11,57
20260728,50.3,51.1,49.8,49.8,44,221
20260729,49.85,50.4,49,49,46,227
20260730,48.7,49.4,48.7,49,18,88
20260731,49.65,50.2,49.65,49.95,26,130
20260803,50.5,50.7,49.8,50,12,60
20260804,50.1,50.4,50,50.4,7,35
20260805,51,51.2,50.8,51,12,61
20260806,51,51,50.6,50.9,6,30
20260807,50.9,50.9,50.5,50.8,13,66
20260810,51.1,51.3,50.4,50.7,15,76
20260811,50.7,51,50.5,51,15,76
20260812,50.3,51,50.3,50.8,18,92
20260813,50.8,51,50.5,50.6,17,86
20260814,50.8,51.2,50.8,51,29,148
20260817,51,51,50.4,50.5,6,30
20260818,50,50.3,50,50.1,5,25
20260819,50.3,50.4,50.2,50.2,6,30
20260820,50.2,50.2,50.2,50.2,3,15
20260821,50.2,50.2,50,50,17,85
20260824,49.9,50,49.8,49.8,15,75
20260825,49.4,50,49.35,50,10,50
20260826,50.5,50.5,50.2,50.2,16,80
20260827,50.1,50.4,50,50.2,12,60
20260828,50.5,50.5,50.1,50.5,9,45
20260831,50,50.7,50,50,15,75
20260901,49.4,51,49.4,50.1,6,30
20260902,50.1,50.1,49.85,49.85,4,20
20260903,49.85,49.9,49.7,49.7,9,45
20260904,49.75,50.4,49.75,50,4,20
20260907,50,50,49.5,49.8,16,80
20260908,49.65,49.95,49.65,49.95,9,45
20260909,49.8,49.85,49.8,49.8,4,20
20260910,49.75,49.85,49.7,49.8,7,35
20260911,49.45,49.5,49,49.5,10,49
20260914,49.5,49.5,49.05,49.1,5,25
20260915,49.1,49.4,49.05,49.15,8,39
20260916,50,50,49.55,49.55,2,10
20260917,49.3,49.6,48.7,49.6,14,69
20260918,49.05,50,49.05,50,8,39
20260921,49,53.9,49,51,39,202
