# date,open,high,low,close,lot,wan
20250814,116,121,116,119,297,3524
20250815,119,122.5,117.5,122.5,197,2361
20250818,123,129,123,126,278,3498
20250819,130,130.5,125.5,128,197,2510
20250820,127.5,131,126,129,260,3336
20250821,128,136.5,128,132.5,213,2845
20250822,132.5,132.5,130,130.5,149,1955
20250825,131.5,135,129,133.5,281,3708
20250826,133,142,133,138.5,643,8893
20250827,139.5,151,137,150,911,13425
20250828,150,152,146,149,460,6866
20250829,151,151,144.5,145,227,3324
20250901,144,147.5,141.5,141.5,194,2786
20250902,143,146,138.5,139,229,3236
20250903,141,142.5,139,141.5,150,2114
20250904,142,143,132,135,313,4283
20250905,135.5,139,135,139,157,2155
20250908,140,140.5,137.5,140,99,1379
20250909,139.5,141,138,140,96,1339
20250910,147,153,143.5,147.5,503,7476
20250911,147.5,148,140.5,141,243,3474
20250912,143,143,140,142.5,178,2513
20250915,142.5,148.5,142,146.5,254,3712
20250916,145,145,141.5,143.5,128,1827
20250917,143,143,135,135.5,267,3671
20250918,135.5,138,135.5,136,56,762
20250919,136,137,134,135.5,53,716
20250922,135.5,138,135,137.5,39,532
20250923,137.5,137.5,134.5,135.5,62,841
20250924,135.5,135.5,132.5,134,105,1403
20250925,132,136.5,132,136,97,1313
20250926,135.5,135.5,131.5,131.5,94,1243
20250930,132,136.5,131,136.5,47,631
20251001,136.5,140.5,135,139,80,1103
20251002,140,140,136,140,88,1223
20251003,137.5,143,137,137.5,93,1298
20251007,139,140,136.5,137.5,69,956
20251008,137.5,140.5,136,140,95,1313
20251009,143.5,144,140,141,184,2611
20251013,145,145,141,143.5,272,3897
20251014,144,147.5,142.5,142.5,215,3114
20251015,144,144.5,141,144,177,2534
20251016,144.5,148.5,144.5,145.5,261,3826
20251017,145.5,151,145.5,150,490,7283
20251020,153.5,160,150.5,151,533,8199
20251021,151.5,153,149,151,159,2405
20251022,150.5,151.5,143.5,144,248,3611
20251023,144,145.5,143,145,87,1257
20251027,149,149,142,144,152,2207
20251028,143,143.5,142.5,142.5,30,429
20251029,143.5,143.5,140,140,95,1341
20251030,140,144.5,139,143,119,1690
20251031,143,144,142.5,142.5,44,630
20251103,143.5,147,143,146,81,1178
20251104,148,148,142,146,94,1362
20251105,143,149,142,148.5,184,2694
20251106,147,151.5,146,146,131,1944
20251107,146,146,141,141.5,96,1369
20251110,153,155.5,147.5,155,608,9266
20251111,162,162,154,155,489,7695
20251112,157,166.5,157,164,713,11567
20251113,166.5,175,166,168,663,11262
20251114,165,168.5,164.5,166.5,274,4558
20251117,169.5,172.5,165,165,359,6034
20251118,164.5,180,162.5,172,1113,19418
20251119,175,175,166,167,637,10831
20251120,171,173.5,167.5,172,370,6341
20251121,169.5,170,165,170,199,3329
20251124,178,178,166.5,167,169,2896
20251125,169.5,172,167.5,167.5,211,3572
20251126,171,171,160.5,162.5,261,4286
20251127,163.5,167,162.5,165.5,165,2709
20251128,166.5,166.5,162.5,164.5,88,1442
20251201,166.5,166.5,159.5,159.5,124,2008
20251202,159.5,161,150,155.5,204,3189
20251203,155.5,157.5,153.5,155,80,1239
20251204,156,160,156,157.5,146,2308
20251205,157.5,167,157,167,265,4328
20251208,167,167,162,162,205,3364
20251209,163.5,169,163.5,167.5,188,3131
20251210,179,184,175,184,1202,21875
20251211,187.5,195,181,187,2591,48868
20251212,189.5,197,182,182.5,1180,22216
20251215,178,200.5,177,200.5,2615,51308
20251216,210.5,220.5,208.5,220.5,4565,98914
20251217,230,235,222,222.5,6827,155771
20251218,219.5,237,217.5,222,4303,97725
20251219,227,230,219.5,230,2118,47879
20251222,230,232,222,226.5,1977,44723
20251223,227,245,224.5,234.5,3606,85212
20251224,237,240.5,228,228.5,1710,39780
20251226,227,228,221,223.5,1202,26971
20251229,221.5,224,213,217.5,1282,27902
20251230,217.5,218.5,212,215.5,674,14491
20251231,226.5,237,223.5,237,3321,76909
20260102,240,257,239,246,4839,119320
20260105,250.5,250.5,230.5,232.5,2023,47951
20260106,231,237,228,228.5,1022,23624
20260107,230.5,238,225,225,1434,33075
20260108,224,233.5,223,224,1052,23949
20260109,226,233,223.5,229,946,21649
20260112,245,251.5,240,251.5,2383,58963
20260113,265.5,276.5,264,276.5,4796,130725
20260114,285,295.5,279.5,286,6926,199322
20260115,283,285,274,278,2239,62446
20260116,291,295.5,277,282,2858,80829
20260119,283,283.5,266.5,271,1872,50745
20260120,269,291.5,268,289.5,2226,62668
20260121,289.5,289.5,269,271,1573,43628
20260122,276,280,269,269.5,954,26230
20260123,272,275,269,272,756,20548
20260126,271.5,272,260.5,262,799,21093
20260127,260,265.5,256,263,913,23778
20260128,267,283.5,263,276,1693,46667
20260129,279,280.5,264,270.5,1148,31109
20260130,268,276.5,261.5,265.5,760,20280
20260202,258.5,265,251.5,255.5,730,18696
20260203,260,262.5,247,252,708,17961
20260204,253,257,246,246,595,14854
20260205,246,247,236.5,237,614,14722
20260206,236.5,238.5,228,235.5,489,11401
20260209,242.5,252.5,237,251,620,15288
20260210,267.5,276,267,276,1208,33111
20260211,279,287.5,261.5,276,2925,80906
20260223,277,283,267.5,277,896,24747
20260224,275,283,273,283,967,27020
20260225,283.5,287,279,287,963,27316
20260226,288,315.5,288,315.5,3223,100612
20260302,302,310.5,293,296,1945,58468
20260303,300,304.5,281,283,1497,43320
20260304,277,280,260,260.5,1416,37558
20260305,272.5,286.5,269,286.5,1348,37877
20260306,296.5,315,293,314,3718,114616
20260309,283,283,283,283,489,13839
20260310,300,300,274,278.5,2989,85156
20260311,283,305,283,298,1996,59078
20260312,295.5,317,292,310.5,2242,68747
20260313,301,335,300,324,2707,86923
20260316,326.5,327,303.5,311,2007,62598
20260317,314,316,302.5,303,1186,36402
20260318,305,318,302.5,311,1656,51617
20260319,312,320.5,308,312,1342,42132
20260320,313,317.5,302,304.5,1287,39797
20260323,303,315,297.5,301,2098,63831
20260324,309.5,314.5,294,306,1464,44678
20260325,315,322.5,311.5,319,2071,65799
20260326,322,322,300.5,300.5,1696,52314
20260327,296.5,305,292,296,773,22986
20260330,288.5,288.5,280,286,829,23564
20260331,282.5,302.5,276,279,1165,33268
20260401,292.5,301,286,287,670,19607
20260402,288,293,279,279,607,17269
20260407,285,305,283.5,300,1192,35396
20260408,314,325.5,306,323.5,2434,76639
20260409,324.5,355.5,321,355.5,3709,128325
20260410,384,391,375.5,391,2231,86145
20260413,410,419,375,403.5,5833,232948
20260414,409,410,378,389.5,3235,125806
20260415,385,399,385,385,918,36015
20260416,387,387,370,383,800,30306
20260417,375,395,375,394,699,27056
20260420,399,408,390,390,922,36877
20260421,394,398,382.5,389,540,21002
20260422,395,395.5,390,391,497,19508
20260423,392,399,368,380,997,37900
20260424,389.5,396.5,380,384,672,25995
20260427,387,405,384,405,1015,40191
20260428,400,425,398,425,839,34616
20260429,407.5,413,391,397,1597,64146
20260430,400,425,387.5,412.5,2042,83443
20260504,427,449,403.5,408,2365,99002
20260505,411,416.5,400,410,1118,45572
20260506,411,419,397.5,412,1799,73221
20260507,418,420,405,416,1112,45872
20260508,416,427,405.5,422,1374,57343
20260511,419,420,400.5,405,1564,63621
20260512,405,438,403,424,2089,87752
20260513,437.5,451.5,421.5,427.5,3500,151934
20260514,440.5,446,405,410,2983,125024
20260515,412,414,382,386.5,1928,76376
20260518,377.5,395,370.5,390,1218,46485
20260519,392,396,376.5,380,950,36391
20260520,382.5,383.5,370.5,370.5,642,24102
20260521,376,387,376,385.5,516,19794
20260522,387.5,396,386,392.5,748,29296
20260525,396.5,427,396.5,415.5,1766,73462
20260526,420,445.5,418.5,434,2375,103645
20260527,440,440,418.5,421.5,1260,53699
20260528,420,421.5,396,399.5,1214,49641
20260529,405,406,390.5,397,837,33158
20260601,399.5,406.5,392.5,401,652,26094
20260602,405.5,405.5,386.5,392.5,718,28314
20260603,396,400,391,393.5,276,10880
20260604,391.5,414,390,406.5,1086,44107
20260605,400,411,391,393,789,31409
20260608,355.5,385.5,355.5,385.5,771,28289
20260609,388,402,383,399,576,22750
20260610,394,410.5,370,370,1204,47207
20260611,365.5,378,360,368,782,28884
20260612,384.5,401.5,378.5,397,968,37937
20260615,401,417,400,404.5,1531,62697
20260616,408.5,411,383,384.5,1033,40731
20260617,385,392.5,379.5,384.5,546,20950
20260618,387,394,386.5,393,361,14121
20260622,395,400,390.5,390.5,668,26313
20260623,385,390,377.5,381,433,16575
20260624,377,385,376,384.5,340,12889
20260625,387.5,391,382,387,415,16064
20260626,389,394.5,369,369.5,678,25664
20260629,370,388,368,380,525,19942
20260630,385.5,402,385.5,388,878,34559
20260701,393,400.5,378.5,379.5,774,30100
20260702,375,417,374,415.5,1319,52538
20260703,407,417.5,400.5,404,1119,45643
20260706,405.5,407.5,391.5,392.5,639,25335
20260707,392.5,393.5,374.5,374.5,838,32051
20260708,375.5,381,362,367,689,25361
20260709,370.5,399,369.5,394,1072,41700
20260713,403,403,385,391,590,23260
20260714,387.5,389,356,378,1040,38440
20260715,383,410.5,380,406,1714,68484
20260716,401,404.5,388.5,395,614,24276
20260717,386,395,361,362.5,1175,43740
20260720,363,366.5,336,344,785,27353
20260721,345,363,345,360,393,13965
20260722,363,374.5,358.5,360,475,17332
20260723,365,365,352,362,250,8945
20260724,358,378.5,355.5,356,902,33070
20260727,356.5,357,337,343.5,645,22115
20260728,331,332,309.5,310.5,844,26767
20260729,310,315,279.5,291,1141,33010
20260730,288,297.5,272.5,275.5,488,13904
20260731,299,303,293,297,443,13176
20260803,288,318,285.5,309.5,426,13112
20260804,310,322,305.5,317,338,10653
20260805,327,330,319.5,319.5,424,13772
20260806,319,328.5,313.5,326,296,9577
20260807,327,331,319,322,293,9513
20260810,325,328.5,307,315,588,18551
20260811,312.5,319,308.5,316,264,8280
20260812,318.5,328,318.5,324,356,11535
20260813,331,337,320.5,320.5,397,12978
20260814,322,323,313.5,313.5,265,8377
20260817,314,327.5,311.5,323.5,424,13614
20260818,323.5,337.5,323,323.5,525,17266
20260819,317.5,322.5,310.5,316.5,382,12066
20260820,320.5,324,310,311.5,329,10322
20260821,313,313,306.5,307,235,7245
20260824,306,312,304.5,304.5,150,4612
20260825,302.5,306,298,306,174,5233
20260826,308.5,315,306.5,313.5,212,6611
20260827,315,318,313,314,172,5426
20260828,316,319.5,312,317,184,5825
20260831,315.5,315.5,309,313,169,5279
20260901,311.5,323.5,311.5,318,268,8571
20260902,318,318,310,310,194,6076
20260903,311,315.5,305.5,305.5,220,6837
20260904,310,314,302,312.5,218,6728
20260907,314,316.5,312,315,153,4810
20260908,315.5,315.5,308,310,133,4143
20260909,311,319,311,316,191,6031
20260910,316.5,316.5,299.5,300.5,624,18912
20260911,295,302,292.5,296.5,194,5800
20260914,292.5,297,290,292,131,3838
20260915,291,295,290.5,290.5,107,3128
20260916,293,298,293,296.5,59,1744
20260917,298,305.5,297.5,297.5,142,4275
20260918,300.5,309,298,309,249,7576
20260921,309,309.5,304,305,128,3916
