# date,open,high,low,close,lot,wan
20250814,141,141,140,140,33,458
20250815,140,141,140,140.5,29,409
20250818,140,142.5,140,142.5,36,508
20250819,142.5,143,141.5,143,49,705
20250820,142,142,140,141,43,607
20250821,142.5,142.5,141.5,141.5,12,172
20250822,141.5,142,140.5,140.5,29,411
20250825,141.5,141.5,140,140,41,574
20250826,141,148,141,145.5,316,4596
20250827,146,146.5,145,145.5,72,1050
20250828,144.5,145,144,144,38,544
20250829,144,146,143.5,145.5,60,874
20250901,145.5,145.5,142.5,143,50,714
20250902,143,143,141,142,54,769
20250903,142.5,143,141,141,26,368
20250904,142.5,143,142,143,33,468
20250905,142.5,142.5,141,141,32,459
20250908,141,141,140.5,141,38,543
20250909,141,142,141,141,36,511
20250910,141,141.5,140.5,140.5,54,764
20250911,142.5,145.5,141,144.5,269,3887
20250912,146,148,144.5,145.5,238,3496
20250915,147,148,145,146,74,1088
20250916,147,149,145.5,147.5,313,4632
20250917,148,148,145.5,146,60,872
20250918,146,147,145.5,146.5,77,1123
20250919,146,146,144.5,145,60,871
20250922,144,145,143,143.5,56,807
20250923,143.5,143.5,141,142.5,128,1825
20250924,143,143,142,142.5,20,279
20250925,142.5,144,142.5,143,37,535
20250926,143,144.5,142,142.5,22,320
20250930,142.5,143.5,142.5,143.5,17,250
20251001,143.5,143.5,143,143,16,229
20251002,143,144,142.5,144,60,859
20251003,143,145.5,143,144.5,86,1237
20251007,145,145.5,143.5,144,99,1425
20251008,144,145,143.5,144,24,349
20251009,144,145.5,144,145.5,58,840
20251013,145.5,146.5,140.5,146.5,85,1223
20251014,154,154.5,149.5,150.5,400,6092
20251015,150,150,148.5,149.5,90,1340
20251016,149.5,153,149,153,160,2415
20251017,151,153.5,150,152,141,2133
20251020,151,154.5,151,154,195,2971
20251021,154,154.5,151.5,154.5,124,1903
20251022,155.5,155.5,153.5,154.5,77,1185
20251023,154.5,155,152.5,154,106,1633
20251027,154,154.5,151.5,152.5,136,2083
20251028,153.5,153.5,152,152,25,382
20251029,151.5,152,150,150.5,80,1206
20251030,150.5,152,149.5,150,38,566
20251031,150,153,150,151.5,57,860
20251103,152,152,149.5,149.5,68,1026
20251104,150.5,157,150.5,154.5,272,4192
20251105,155,155,151.5,151.5,111,1691
20251106,153,155.5,153,154.5,93,1434
20251107,153,155.5,153,154.5,109,1678
20251110,155.5,156.5,152.5,155,126,1946
20251111,150,150.5,145.5,147.5,498,7334
20251112,148,148,146,147,90,1326
20251113,151,153,150,151.5,126,1898
20251114,151,154,151,152,133,2023
20251117,152.5,152.5,150,150.5,71,1065
20251118,149.5,149.5,145.5,146,148,2168
20251119,146.5,147.5,146,147.5,45,662
20251120,147,148.5,146.5,147,64,948
20251121,147,147,146,146,48,700
20251124,146.5,149,146.5,148,36,531
20251125,147.5,148,147,147.5,17,256
20251126,147.5,148.5,147.5,147.5,39,579
20251127,147.5,148,146.5,147,25,368
20251128,147,148.5,146.5,148.5,35,520
20251201,148.5,149,147.5,147.5,25,373
20251202,147.5,151,147.5,150.5,103,1548
20251203,149,151,149,149.5,23,344
20251204,150,150.5,149,149.5,31,466
20251205,149.5,150,149,150,12,186
20251208,149.5,149.5,148.5,149,23,336
20251209,148,148.5,147.5,148,27,402
20251210,148.5,148.5,148,148,34,509
20251211,147.5,147.5,143,144.5,252,3643
20251212,144.5,145,143.5,145,59,858
20251215,144.5,145,143.5,145,27,395
20251216,144,144.5,143.5,143.5,48,689
20251217,144,144.5,143,143,26,376
20251218,144,146,143,145.5,74,1071
20251219,146,146,145,145,17,250
20251222,146,146,144.5,144.5,22,326
20251223,145.5,146,144.5,144.5,27,398
20251224,144.5,145,144,144,25,356
20251226,145,145,144,144.5,16,231
20251229,144.5,146,144.5,145.5,50,723
20251230,145,146,145,145.5,23,327
20251231,145.5,145.5,144.5,144.5,37,540
20260102,145.5,147,145.5,145.5,62,905
20260105,146,147,144,145,129,1876
20260106,145,146,144.5,144.5,47,686
20260107,144.5,144.5,143,143.5,101,1443
20260108,143.5,145,143.5,143.5,36,514
20260109,144,146,143.5,146,98,1417
20260112,145.5,147.5,145,145,105,1533
20260113,144.5,144.5,143,144.5,110,1589
20260114,144,146.5,143.5,146,95,1382
20260115,144,147.5,144,147,81,1193
20260116,147.5,147.5,147,147,40,583
20260119,145.5,146.5,144.5,144.5,58,843
20260120,144,145,144,144,43,616
20260121,145,145,143.5,144,43,623
20260122,144,144,143.5,143.5,47,681
20260123,143.5,144,143,143.5,72,1027
20260126,143.5,144.5,143,143.5,95,1366
20260127,144.5,144.5,142,143,104,1493
20260128,143,143,142,143,112,1600
20260129,142,142.5,140.5,142,90,1274
20260130,142.5,142.5,140,140.5,76,1069
20260202,140.5,140.5,138.5,139,66,924
20260203,140,140,139,139,27,376
20260204,140.5,141,139.5,141,34,475
20260205,140.5,144,140.5,142,58,830
20260206,143.5,143.5,141.5,141.5,35,498
20260209,142,143.5,141.5,142,32,452
20260210,143.5,145,142,145,96,1384
20260211,143,143,141,141,116,1649
20260223,141.5,143.5,141.5,142,51,720
20260224,142,142.5,141.5,142.5,45,638
20260225,142.5,143,141,142,67,943
20260226,143.5,143.5,142,142.5,75,1069
20260302,142.5,143,141.5,142,33,470
20260303,142,142,140.5,140.5,50,709
20260304,140,140.5,138,139.5,207,2882
20260305,141,142,140,141.5,52,731
20260306,140.5,144.5,140.5,143,71,1022
20260309,139,140.5,138,140,88,1232
20260310,141.5,144,141,143.5,80,1135
20260311,146.5,152.5,146.5,151,404,6045
20260312,153,153.5,150,150.5,198,3007
20260313,150,151.5,148.5,149,156,2333
20260316,149.5,150.5,149,149.5,129,1926
20260317,149.5,151,149.5,150,81,1222
20260318,149.5,150.5,149,149,80,1198
20260319,147.5,150,147.5,150,111,1654
20260320,151,151,149.5,150,87,1311
20260323,146.5,150,146.5,149,51,759
20260324,150,151.5,148,148.5,69,1026
20260325,150,150,149,149,47,697
20260326,150,154.5,150,153,184,2799
20260327,153,153,150.5,152,57,869
20260330,152,152.5,150,151.5,101,1529
20260331,150.5,150.5,147,147,139,2072
20260401,149.5,150.5,148.5,148.5,51,768
20260402,149.5,150.5,148,148.5,32,474
20260407,149,149.5,148.5,149,41,615
20260408,151,151.5,151,151.5,65,990
20260409,151.5,154,151,154,98,1491
20260410,154.5,155,153,154,63,967
20260413,154,154,151,151,79,1201
20260414,151,153.5,151,152,92,1398
20260415,151.5,152.5,151,151.5,69,1051
20260416,152,153.5,151.5,152,65,985
20260417,152,153,151.5,151.5,76,1156
20260420,152,152,150.5,150.5,90,1359
20260421,151.5,151.5,148.5,150,121,1807
20260422,150,151,149.5,149.5,81,1214
20260423,149.5,150,147.5,148,104,1538
20260424,148,148.5,146.5,147,144,2123
20260427,147,147,144.5,146,201,2924
20260428,147,147.5,146,146.5,53,783
20260429,146.5,147.5,146.5,146.5,37,546
20260430,146,147,145,145,117,1707
20260504,146,148.5,146,146,96,1404
20260505,145.5,146.5,145.5,146.5,34,491
20260506,147,147,145,145,116,1691
20260507,145.5,149,145.5,146.5,110,1617
20260508,147,147,144.5,145,83,1207
20260511,145,146.5,144.5,146,80,1161
20260512,146,146.5,145,145.5,71,1034
20260513,145,145,143,143.5,114,1645
20260514,144,146,144,144.5,75,1085
20260515,144.5,145,142.5,142.5,131,1890
20260518,141.5,144,141.5,142.5,81,1159
20260519,142,143.5,142,142.5,64,913
20260520,143,143.5,142.5,143,46,653
20260521,144,144,143,143.5,36,523
20260522,144.5,146,143,143.5,120,1735
20260525,143.5,143.5,141,141.5,189,2677
20260526,141.5,141.5,140.5,141,83,1177
20260527,143,143,139.5,140,198,2784
20260528,140,141.5,140,141,75,1054
20260529,140.5,141.5,140.5,141,70,983
20260601,141.5,141.5,138.5,141,230,3221
20260602,141,142.5,141,142,86,1217
20260603,142,142.5,141.5,142.5,63,891
20260604,142.5,143,142,142,33,473
20260605,141.5,144,141,143.5,128,1821
20260608,139,141,139,140,150,2097
20260609,140.5,142,140.5,141,52,732
20260610,142,142,140.5,141,108,1526
20260611,141,141.5,139,141.5,77,1083
20260612,141.5,143,141,142.5,49,690
20260615,143,143,141.5,142.5,85,1204
20260616,142.5,142.5,142,142,38,536
20260617,142,143,142,142,35,492
20260618,142,142.5,142,142.5,32,454
20260622,142.5,144.5,142.5,143.5,55,787
20260623,143,144,142.5,143,27,382
20260624,142.5,143,141.5,141.5,43,616
20260625,142.5,143.5,142.5,143,61,870
20260626,142,143,141.5,142.5,48,680
20260629,143,144,143,143,82,1182
20260630,142,143,142,143,26,365
20260701,142.5,144,142.5,143.5,31,439
20260702,142.5,144,142.5,144,55,789
20260703,144,145,143.5,145,71,1031
20260706,145,145.5,144.5,144.5,84,1216
20260707,145,145,143,143,67,958
20260708,143,143.5,142.5,143,35,506
20260709,143,143,142.5,142.5,35,495
20260713,143,145.5,143,144,91,1316
20260714,143.5,144,142,143.5,90,1286
20260715,143.5,145.5,143.5,145.5,51,735
20260716,145.5,147.5,145,146.5,162,2379
20260717,145.5,146,144,144,148,2158
20260720,145,146,144,145.5,96,1389
20260721,146,146,145,145,20,284
20260722,146,146,144,144.5,48,693
20260723,144.5,145,143.5,145,39,557
20260724,145,145.5,144.5,145,36,528
20260727,145,145.5,144.5,145,42,604
20260728,145,145.5,144,145.5,68,990
20260729,145.5,146,143.5,146,91,1312
20260730,146,149,145.5,147,199,2927
20260731,148,149.5,147,147.5,113,1666
20260803,148,148,146.5,147.5,65,958
20260804,147,147,146,146.5,41,607
20260805,147,147,146.5,147,22,328
20260806,146.5,147,146,146.5,33,479
20260807,147,147.5,146.5,147.5,40,590
20260810,148,149,148,148,81,1203
20260811,147,148,147,147.5,64,949
20260812,148,148,146,147.5,129,1896
20260813,148,148,147.5,147.5,54,805
20260814,147.5,148.5,147.5,147.5,49,726
20260817,147.5,148.5,147.5,148,72,1065
20260818,148,148.5,147.5,147.5,59,866
20260819,147.5,149,147.5,148.5,165,2437
20260820,150,150,148.5,148.5,99,1467
20260821,148.5,148.5,147,147.5,180,2658
20260824,148,148.5,147,147.5,125,1846
20260825,147.5,149,146,148.5,283,4182
20260826,120.5,122,120,121.5,411,4969
20260827,122,125.5,122,125,268,3340
20260828,126.5,126.5,122,123.5,121,1488
20260831,124,124,122,122,66,809
20260901,122,122.5,121.5,121.5,91,1108
20260902,121,123,121,122,43,521
20260903,123,123,121.5,122,21,251
20260904,121.5,121.5,120.5,121,94,1131
20260907,121.5,121.5,120.5,121,57,684
20260908,120.5,121,120.5,120.5,37,450
20260909,121.5,121.5,120.5,121,28,334
20260910,121,121,121,121,10,122
20260911,121,121,120,120,39,472
20260914,120,120,118,120,112,1335
20260915,119.5,120,119,119.5,35,420
20260916,119.5,120,119.5,119.5,21,249
20260917,120.5,121.5,120.5,121.5,56,679
20260918,122,122,120.5,121.5,47,576
20260921,120.5,121,120.5,121,14,172
20260922,121,121.5,120.5,120.5,23,277
20260923,121,121,120,120.5,36,437
