# date,open,high,low,close,lot,wan
20251223,70,71,59,63,274,1750
20251224,66,97,65.9,92,326,2775
20251226,90,93.1,70,81,304,2462
20251229,77,79.8,75.2,75.6,131,1000
20251230,72.5,74,70,71,125,892
20251231,71,72,65.1,66.7,95,653
20260102,67.8,69.5,65.7,68.3,63,427
20260105,68.3,72.2,68.3,69,100,700
20260106,67.7,69.8,67.7,68.6,39,266
20260107,68,68,64.5,66,112,737
20260108,67.9,67.9,65,65,68,448
20260109,65,65,63,63.5,52,332
20260112,63.8,63.8,60,61,54,329
20260113,60.1,60.4,59.9,60.3,69,416
20260114,59.1,61,58,58,90,533
20260115,58,58,55.6,56.4,48,270
20260116,55.1,56.3,55,56.3,50,278
20260119,55.7,58.5,55.7,56.4,48,275
20260120,56.4,57.6,56.4,56.5,29,166
20260121,57,62.1,57,62.1,69,424
20260122,62.3,68.3,62.3,68.3,168,1138
20260123,72,74.9,68,68,175,1243
20260126,71.6,74.8,68.2,74.8,134,952
20260127,74.7,82,74.7,79.7,187,1486
20260128,79.7,80.2,78,79.5,149,1177
20260129,81,83.7,79.3,79.3,120,979
20260130,79,79,74.8,75.5,70,529
20260202,73.7,73.7,68.3,70.2,127,885
20260203,71.1,77.2,70.3,77.2,142,1070
20260204,83.9,84.9,80,84.1,268,2260
20260205,81.5,89.9,80.3,86.4,217,1844
20260206,83.2,86.2,83,85,116,984
20260209,83.7,83.7,79.9,81.2,89,720
20260210,81.5,81.5,76.3,78,105,815
20260211,80.5,84,79.8,84,70,575
20260223,81,82,77.6,78.5,158,1251
20260224,74,82.7,74,80.3,117,930
20260225,80.5,83.4,78.7,80.3,77,620
20260226,80,81.7,79.8,80.6,58,468
20260302,83,83,79.5,79.8,60,479
20260303,79.8,81.4,79.3,79.3,57,455
20260304,79.3,79.3,75.6,75.6,93,724
20260305,77.5,79.9,77.5,79.9,17,134
20260306,78.7,79.1,78.7,79.1,5,41
20260309,79,79,71.3,71.4,53,384
20260310,73.1,73.9,72.1,72.4,46,335
20260311,71.3,76.4,71.1,76.3,30,224
20260312,74.4,77.1,74.4,74.9,49,373
20260313,72.5,75,71.6,72.7,64,468
20260316,72.9,73.1,69.8,69.9,63,450
20260317,70,70.5,69,70.2,42,293
20260318,70.7,71.7,70.2,71.6,43,305
20260319,71.6,74.6,68.5,71.4,134,967
20260320,70.6,74.5,70.6,73.2,50,364
20260323,73.2,75.5,71.9,72.2,85,627
20260324,72.5,72.5,68.5,69,103,723
20260325,69,72.4,68.8,71.3,88,625
20260326,71.4,74.2,70.2,70.4,62,445
20260327,70.6,71.6,69.3,69.5,69,486
20260330,68.5,69.7,66.6,67.7,99,672
20260331,67.6,67.7,65.6,66,89,591
20260401,69.8,71,68.7,71,30,209
20260402,70,70.1,69.2,70.1,14,98
20260407,71,71,69.4,69.4,22,155
20260408,70.8,75.4,70.7,72.1,93,677
20260409,71.7,73.3,71,73.3,38,270
20260410,73.6,74.2,71.8,72.2,60,434
20260413,72.2,77.5,71.5,73.8,97,725
20260414,74.9,75.7,74,74.1,44,330
20260415,76,78.1,76,76.1,48,367
20260416,76.1,83,76.1,79.7,130,1042
20260417,81,87,80,86.2,122,1023
20260420,90,94.8,86.8,94.8,216,2007
20260421,96,104,95.3,104,393,3960
20260422,104,104,98,99.5,199,1998
20260423,102,104.5,91,94.1,224,2165
20260424,99,99.1,92.8,94.1,85,813
20260427,97,99.9,91.1,91.5,73,685
20260428,90.9,96.9,90.2,96.9,52,485
20260429,92.4,95.5,92.1,93.2,67,626
20260430,93.3,93.3,91.1,91.5,50,454
20260504,92.1,94.8,91.5,93,54,499
20260505,92.1,92.2,90.7,91.1,31,280
20260506,91.1,93.2,90,91.5,91,831
20260507,92.9,95.5,91.3,92.6,81,753
20260508,93.5,93.5,90.5,90.9,33,299
20260511,89.5,89.5,82,82.4,162,1348
20260512,81.9,83.5,80.4,83,38,314
20260513,81.8,81.8,79.8,81,59,476
20260514,80,80,77.2,79.2,67,523
20260515,79.8,79.8,75.9,76,69,530
20260518,74.7,77.5,74.7,77,55,423
20260519,77.6,78.3,75.6,75.9,36,273
20260520,75.9,75.9,75.9,75.9,3,20
20260521,76.3,76.5,76,76.2,20,156
20260522,75.5,79.2,75.5,78.2,38,298
20260525,79.8,79.9,77,78,50,392
20260526,78.9,78.9,75.2,77,44,336
20260527,77,78.1,75,76.1,84,642
20260528,76.1,76.2,73.9,75,43,320
20260529,75.6,76,74.2,76,31,230
20260601,75,75.9,75,75.5,20,149
20260602,75.5,75.5,72.4,73.4,50,371
20260603,73.4,75.7,73,75.7,67,499
20260604,75.7,75.7,73,73,63,467
20260605,73,73,71.5,72.7,58,422
20260608,70.4,72.7,68.8,72.7,23,160
20260609,71.7,72.3,71.2,72.3,18,125
20260610,73,73,69.3,69.5,50,353
20260611,68,69.6,67.1,69.6,41,283
20260612,70,70,69.3,69.7,12,82
20260615,71,71.7,68.5,68.5,35,243
20260616,69.4,70,69.2,70,12,81
20260617,70,70,69.1,70,18,126
20260618,70,71.5,70,71.5,64,451
20260622,71.5,71.6,70,70.2,65,462
20260623,70.2,71.5,70,70,61,435
20260624,70,74.9,68.7,71,83,596
20260625,71,75,69,69.7,119,849
20260626,69.7,69.7,68.1,68.3,40,277
20260629,68.4,69,68.4,69,8,56
20260630,68,69,67.8,68.5,24,164
20260701,68.9,69,68.2,68.5,18,124
20260702,67.5,68.6,67.5,68,17,116
20260703,68,68.7,68,68.7,17,116
20260706,68.9,69.3,68.9,69,9,62
20260707,68.8,69,66.6,67.2,73,497
20260708,67.8,67.9,67.1,67.9,8,54
20260709,67.6,68.5,67.6,68,6,42
20260713,66.1,68.5,66,67.8,49,325
20260714,66.6,67.1,65.3,65.7,34,224
20260715,66.7,68.5,66.1,67.7,16,109
20260716,62.4,68,62.4,67.8,11,75
20260717,68.8,68.8,63.5,64.4,34,223
20260720,64.8,64.8,60.1,63,29,180
20260721,59.3,65.2,59.3,63.3,31,195
20260722,64.5,64.5,63.1,63.4,6,35
20260723,63.4,64.9,63.1,64.9,8,51
20260724,64.8,64.8,63.5,64.4,4,26
20260727,64.9,67.5,64.4,64.4,21,137
20260728,62.9,63.2,60.5,61.2,25,155
20260729,63.4,63.4,58.2,59.7,48,287
20260730,55,57.2,55,57.1,6,35
20260731,57,60,57,59.3,37,218
20260803,54.4,60.7,54.4,60.7,37,222
20260804,60.1,60.5,59.7,59.8,32,195
20260805,58,63.8,58,63.8,27,166
20260806,63.9,65.6,63.9,64.5,41,264
20260807,65.5,65.7,63,64.7,52,334
20260810,64.4,65.6,64.4,65.2,31,202
20260811,65.2,65.2,62.9,63.7,36,231
20260812,62.8,66,62,63.9,49,318
20260813,65.4,68.5,65.4,68.5,59,395
20260814,69.1,75.3,69.1,75.3,111,807
20260817,75.3,75.3,71,71,64,467
20260818,71.5,71.5,70,71,11,79
20260819,70,70,67.6,68.1,35,242
20260820,68.5,69.7,68.1,69.7,20,137
20260821,70.5,70.5,69.7,69.7,7,50
20260824,70.6,70.6,68.6,68.9,9,62
20260825,68.9,68.9,67.2,67.3,9,61
20260826,67.3,67.3,66.3,66.3,4,27
20260827,65.8,67.4,65.8,67.4,10,67
20260828,66.3,67,65.9,65.9,11,73
20260831,64.5,64.5,64.5,64.5,5,29
20260901,63.6,64.5,63.6,64.5,3,20
20260902,63.2,63.9,63,63.9,13,84
20260903,61.1,63.7,61.1,63.7,4,25
20260904,63.3,63.6,62.6,63.6,3,19
20260907,64,65,64,64,38,246
20260908,64,64,62.9,62.9,10,60
20260909,63.9,63.9,63.9,63.9,2,14
20260910,63,63,63,63,1,6
20260911,62.2,62.2,61,61,7,43
20260914,61,61.4,61,61,6,37
20260915,61.2,61.4,59.9,59.9,15,91
20260916,59.7,59.7,59.4,59.7,8,49
20260917,59.8,60.6,59.4,60.6,11,69
20260918,63.8,63.8,63.6,63.6,2,13
20260921,65,69.8,64,69.8,90,597
20260922,69.8,69.8,67.9,68,15,103
