# date,open,high,low,close,lot,wan
20250814,95.2,97.7,95.1,95.9,434,4203
20250815,96.1,96.1,93.6,93.7,235,2208
20250818,94.5,95.6,92,93.6,402,3757
20250819,94,96.7,92.1,94,561,5259
20250820,93.5,94.9,92,94,252,2356
20250821,95,103,94.5,103,1333,13321
20250822,103,108,100,104,1869,19558
20250825,105,108,102,102.5,663,6951
20250826,102.5,104.5,101.5,102,303,3119
20250827,102.5,103,98.5,98.7,605,6030
20250828,98.8,108.5,98.8,107,1988,21178
20250829,111,113.5,104.5,105,1991,21652
20250901,104,114,103.5,105.5,1591,17380
20250902,107.5,112.5,105.5,107,1273,13849
20250903,104.5,106,103,105,556,5813
20250904,105.5,107,99.9,101,1004,10192
20250905,102.5,103,99.6,99.6,391,3943
20250908,100,100,95.8,96.8,894,8704
20250909,98.3,98.3,95.2,95.5,254,2451
20250910,96.9,96.9,94.5,95.5,312,2978
20250911,96,96,94.6,94.9,271,2580
20250912,94.9,96,94.2,94.6,223,2111
20250915,104,104,104,104,405,4209
20250916,114,114,112,114,3982,45382
20250917,114,124,109.5,112,7351,85538
20250918,116,117.5,109.5,114,2529,28650
20250919,113,115.5,112,115.5,755,8611
20250922,114.5,115,104.5,108,1778,19288
20250923,108.5,111,102,103.5,1302,13759
20250924,103,107.5,102.5,107.5,621,6531
20250925,106.5,108.5,104.5,107.5,460,4906
20250926,109,113,107,112.5,1218,13455
20250930,115.5,117,111,114.5,2196,25094
20251001,114,114,106.5,107,1668,18265
20251002,107,110.5,106,110,959,10389
20251003,110,111.5,108.5,109.5,557,6135
20251007,110.5,116,109.5,114,1350,15358
20251008,113.5,125,113.5,122.5,2867,34610
20251009,125,132,122.5,125,4799,60964
20251013,123,123,115.5,117.5,1866,22161
20251014,115,119.5,114,115,972,11267
20251015,115.5,122,112.5,121,1472,17247
20251016,123,124.5,109,109,4511,51176
20251017,108,114.5,107.5,108.5,1836,20263
20251020,107,108.5,100,104.5,2181,22428
20251021,104.5,105.5,104,105,518,5424
20251022,104.5,106.5,103,105,389,4091
20251023,106.5,110.5,106,107.5,976,10575
20251027,109.5,111,107,107.5,744,8100
20251028,107,107,104,104,402,4227
20251029,104.5,105,100.5,101,808,8257
20251030,101,102,98.4,99.2,568,5686
20251031,99.8,101,98.5,99.4,532,5297
20251103,98.5,99.3,96,96.7,983,9553
20251104,97.2,97.2,94.6,95,575,5476
20251105,94.7,96,93.1,94.9,336,3183
20251106,95.8,104,95.8,104,886,8954
20251107,103,103.5,101,101,222,2270
20251110,102.5,104.5,98.6,99.7,335,3352
20251111,99,99.7,97,97,386,3773
20251112,96.9,98.4,96.6,98.1,224,2184
20251113,98.2,100.5,98.2,100,261,2586
20251114,99.3,105,99,102.5,397,4079
20251117,102,103,99.6,99.8,252,2541
20251118,100.5,101,96.7,96.9,393,3858
20251119,96.9,99.5,95.5,96.5,443,4317
20251120,98,98.7,96.7,97.5,209,2048
20251121,97.5,98.3,94.9,95.9,417,4007
20251124,98.4,98.4,96.2,97.2,124,1196
20251125,98.4,100,97.7,99.5,236,2343
20251126,99,104,99,101.5,526,5345
20251127,101.5,102.5,101,102,182,1852
20251128,102.5,103.5,102,102.5,242,2480
20251201,103.5,103.5,99.4,100.5,339,3418
20251202,102.5,110.5,102.5,110.5,2651,29026
20251203,109,116.5,107,107.5,3944,43778
20251204,107.5,108.5,105.5,105.5,306,3266
20251205,105.5,105.5,103.5,103.5,269,2796
20251208,103,104.5,101.5,103.5,256,2627
20251209,104,104,101.5,102,128,1305
20251210,103,103,101,101,129,1311
20251211,101.5,101.5,100,100,195,1959
20251212,100.5,104.5,100.5,103.5,514,5301
20251215,102.5,102.5,99.5,99.5,438,4398
20251216,99.9,105,99.1,105,651,6645
20251217,106,108.5,98.5,98.6,1606,16279
20251218,98.4,98.9,96.4,97.2,638,6211
20251219,98.1,99,95.8,96.2,358,3484
20251222,96.9,97.2,95.3,96.6,292,2809
20251223,97.6,97.6,96.1,97,121,1173
20251224,97,97.8,96.3,96.3,107,1038
20251226,96.1,98.5,95.5,97.9,338,3287
20251229,97.9,103,97.4,101.5,578,5841
20251230,101.5,102,100,101,282,2847
20251231,101.5,103.5,101,102.5,493,5052
20260102,103,104.5,102,103.5,355,3674
20260105,104.5,104.5,101,101,201,2050
20260106,101,101,99,100.5,434,4337
20260107,100.5,103.5,100.5,103.5,433,4442
20260108,104.5,105,101,101,567,5810
20260109,101,102,99.7,101,305,3074
20260112,101.5,106,101.5,104,844,8826
20260113,105.5,113,103,107.5,2932,31818
20260114,107.5,109.5,105.5,106,1533,16414
20260115,106.5,106.5,101.5,102.5,1045,10741
20260116,103,104,99.2,99.7,890,8931
20260119,100,100,98.7,99.4,522,5179
20260120,99.8,102.5,99.6,101.5,639,6477
20260121,101.5,101.5,98.8,99.8,486,4855
20260122,101,101,99.3,99.5,223,2220
20260123,100.5,100.5,99.5,99.6,140,1394
20260126,99.3,99.6,97.5,97.6,443,4357
20260127,98,98,96.6,97,415,4032
20260128,97,98,96.1,96.9,270,2616
20260129,97,97,95.6,95.9,223,2144
20260130,96,96,93.8,95,329,3119
20260202,95,96.7,92.9,95.8,509,4827
20260203,95.8,96.6,93.8,94.4,397,3767
20260204,94.4,95.3,94.1,95.3,80,755
20260205,95.3,95.5,94.5,95,87,828
20260206,94.7,94.7,92.1,93,255,2365
20260209,92.9,93.3,91.8,91.9,362,3347
20260210,91.5,92.2,89.4,92,496,4531
20260211,92.3,93.3,91.2,93.2,189,1744
20260223,93.2,94.3,93.2,94.3,125,1175
20260224,94,95.5,94,95,322,3048
20260225,95,95,92.4,92.8,215,2007
20260226,93.1,93.2,91.6,92.3,169,1566
20260302,92.7,92.7,90.3,90.8,176,1601
20260303,90.3,91.2,89.5,89.8,324,2922
20260304,88.5,89.8,85.1,85.6,883,7615
20260305,86,89,86,88.2,426,3759
20260306,88.8,90.9,88.6,90.5,152,1373
20260309,85.3,87.5,85.3,85.8,489,4202
20260310,86,88.3,86,87.5,114,996
20260311,87.1,88.2,87.1,87.8,163,1429
20260312,86.5,87.4,85.4,85.9,387,3336
20260313,85.5,85.8,84.8,85.8,215,1835
20260316,85.8,86.8,85.5,86.8,159,1370
20260317,86.8,86.9,85.1,85.8,167,1430
20260318,86,86,84.9,85.4,143,1217
20260319,85.1,85.1,82,82.1,463,3846
20260320,81.7,82.3,80.3,81.5,356,2887
20260323,80.1,80.5,78.1,78.7,259,2047
20260324,81.3,81.3,77,78.7,220,1721
20260325,80.7,80.7,79.1,80.4,77,617
20260326,80,80,77.7,78,109,856
20260327,78.1,78.1,76.8,77.2,112,863
20260330,77.2,77.2,72.7,76,229,1733
20260331,76,76.6,74.9,75.6,167,1268
20260401,76.8,76.8,75.1,75.6,126,954
20260402,76,76,74.7,74.7,182,1368
20260407,76.9,76.9,75,76.1,89,672
20260408,77.7,77.7,75.5,76.1,98,746
20260409,75.5,75.5,74.9,75.2,141,1060
20260410,76,76.4,74.8,75.6,149,1120
20260413,75,76.4,73.5,74.6,193,1437
20260414,75.5,76.1,74,76,113,855
20260415,76.1,76.2,75.1,75.8,122,920
20260416,77.8,77.8,75.8,76.1,127,967
20260417,76.2,83.6,76.2,82.8,809,6617
20260420,82.8,86.4,82.8,83.5,512,4308
20260421,83.8,89.3,82.9,88.2,525,4561
20260422,88,88.5,86.5,86.7,266,2326
20260423,87,87,82.7,85.3,404,3434
20260424,85,85,83,83.7,170,1427
20260427,83.7,85,83,84.2,238,2008
20260428,84.7,85.1,84,85.1,139,1174
20260429,86,86.9,84.4,86.2,236,2024
20260430,85.8,86.5,85.2,85.5,239,2048
20260504,86,86,83.7,84.4,277,2341
20260505,84,87.5,84,85.8,379,3273
20260506,85.8,85.8,82.4,82.7,340,2849
20260507,82.7,83.9,82,83.2,168,1397
20260508,83.2,84.2,81.6,83,183,1520
20260511,83,83,80.6,80.9,193,1573
20260512,81,82.8,80.8,81.9,348,2850
20260513,80.2,82,80.2,81.7,222,1803
20260514,81.6,82.9,79.2,79.7,255,2048
20260515,79.6,80.3,77.8,79.1,178,1405
20260518,77.7,79,76.9,76.9,212,1645
20260519,78.4,78.4,76.4,77.3,148,1145
20260520,78,78.4,75.6,77.6,120,922
20260521,76.2,78.9,75.9,78.6,218,1699
20260522,78,79.2,77,79.2,174,1351
20260525,78.6,80.4,78.4,78.7,167,1324
20260526,78.6,79.3,78.1,78.8,203,1598
20260527,79.9,79.9,78.4,78.5,228,1802
20260528,79.2,79.2,77.2,77.8,123,957
20260529,78,78.2,77.1,77.6,161,1252
20260601,77.6,77.7,76.6,77.3,165,1277
20260602,77.4,77.5,76.7,77.2,98,756
20260603,77.5,78.8,77.4,78.3,154,1208
20260604,78.6,79.8,78.5,79.3,278,2200
20260605,79.8,79.8,78.2,78.7,99,781
20260608,76.1,77.8,76.1,77.2,156,1206
20260609,77.1,79.8,77,78.1,103,811
20260610,76.7,79.5,76.7,78.5,145,1140
20260611,78.5,78.9,77.6,78.5,83,649
20260612,78.5,79,78,78.4,50,394
20260615,79.6,82.2,79.3,80.8,197,1590
20260616,81.6,82.2,78,80,219,1777
20260617,77.3,78.6,76.2,77,165,1273
20260618,77.5,77.8,76.7,77.7,166,1283
20260622,78,79.5,77.5,78,123,961
20260623,77.9,78.7,77.5,78.2,116,904
20260624,78,78,76.2,76.9,114,875
20260625,76.9,76.9,74.9,74.9,164,1243
20260626,74.4,74.7,72,72.8,273,2003
20260629,72.8,74.7,72.7,74.4,69,509
20260630,75.8,75.8,73.8,74.2,51,381
20260701,73.6,74.6,73.6,74,158,1170
20260702,74.9,75.8,74.1,74.4,86,643
20260703,73.9,77.3,73.9,77,145,1109
20260706,78,79.2,77.7,78.9,142,1114
20260707,79,80.6,78.9,80.4,463,3704
20260708,80.5,80.5,77.1,77.1,184,1452
20260709,77.1,77.1,75.4,75.4,125,956
20260713,76.4,79.2,76.2,78.7,197,1535
20260714,79.9,79.9,76.4,77.2,146,1135
20260715,77.8,80.2,77.5,80.2,166,1309
20260716,80.8,81.8,78.8,78.9,282,2264
20260717,78.8,78.8,76,76.8,142,1093
20260720,77.4,77.5,76.7,77.2,100,767
20260721,78,78,77,77.1,49,381
20260722,77.5,80,77.5,79.2,265,2098
20260723,80,80,78.1,78.5,109,857
20260724,78,78.8,78,78.8,59,463
20260727,79.9,79.9,77.6,77.6,105,817
20260728,77.5,77.5,75.3,75.5,126,959
20260729,77.2,77.2,72.8,74.7,218,1616
20260730,77.1,77.1,74.1,75.8,119,890
20260731,76,78,76,77.1,100,766
20260803,75.2,77.1,75.2,75.6,58,441
20260804,74.6,76.8,74.5,74.5,86,645
20260805,74.5,74.5,73.3,73.6,101,749
20260806,73,75.1,73,74.6,66,489
20260807,73.6,76.6,73.6,75.6,104,790
20260810,74.9,77.1,74.9,76.7,84,638
20260811,76.5,76.7,74.7,74.9,61,457
20260812,75.2,77.7,75.2,77.3,93,718
20260813,77.3,77.3,75.8,76.6,50,378
20260814,76.1,76.4,75.3,76.1,51,390
20260817,75.9,76.4,75.6,76.2,23,177
20260818,76.5,76.7,75.6,75.9,26,199
20260819,75.3,76.1,75.3,75.7,34,260
20260820,76,77.7,76,77.4,161,1239
20260821,77.4,77.4,76.7,77.1,25,195
20260824,76.9,76.9,75.8,76.7,8,62
20260825,76,76.6,75.6,76.2,39,298
20260826,75.4,77,75.4,76.9,26,200
20260827,77.4,77.5,77,77.4,61,472
20260828,76.4,76.9,76,76.9,33,255
20260831,75.9,77,75.3,76.9,56,430
20260901,75.9,76.4,75.2,76,64,487
20260902,75.3,76.1,75.1,75.4,30,228
20260903,76,76,74.8,75.4,30,229
20260904,74.3,75.7,74.3,75.3,16,122
20260907,76.5,76.7,75.5,76.6,34,258
20260908,76.6,76.7,75.9,76.4,28,212
20260909,76,76.5,75.2,76.4,36,274
20260910,76.4,76.6,75.6,76.5,24,184
20260911,76.5,76.6,75.2,76.3,54,413
20260914,76.4,76.4,75.2,75.7,35,263
20260915,76,76.2,75.6,76,62,468
20260916,76.2,76.2,75.6,75.6,26,200
20260917,76.2,76.2,75.5,76,42,321
20260918,76.4,78.9,75.5,76.9,306,2357
20260921,77.4,77.9,76.4,76.8,76,585
20260922,76.9,76.9,75.9,76.1,48,368
20260923,78.8,78.9,76.3,76.7,96,744
20260924,76.6,76.6,75.3,75.9,63,476
