# date,open,high,low,close,lot,wan
20250814,167,170,166,168.5,21,353
20250815,167,169,167,169,10,168
20250818,170,185.5,170,185.5,77,1418
20250819,195,204,189,189,276,5442
20250820,192.5,194.5,185.5,186,42,794
20250821,187.5,193.5,187,190.5,37,702
20250822,190.5,191.5,188.5,188.5,22,417
20250825,191,196,191,196,26,500
20250826,194,203,193.5,202,61,1218
20250827,205,206,198,198,49,987
20250828,194.5,199.5,194,198,16,316
20250829,199,202.5,195,195.5,48,944
20250901,194.5,195,187.5,187.5,26,496
20250902,191,196,191,192,14,269
20250903,193,196,192,196,9,174
20250904,199,205,198,200,52,1042
20250905,200,203.5,200,203.5,40,808
20250908,204,223.5,204,216.5,115,2508
20250909,219,220,211.5,213.5,41,882
20250910,213.5,219.5,212.5,213.5,86,1854
20250911,216,216.5,210,210,45,962
20250912,208,210,202,203.5,40,825
20250915,203.5,213.5,203.5,212.5,48,1002
20250916,214.5,223.5,214.5,218,29,635
20250917,217,217,212,212,15,321
20250918,214,219,209.5,209.5,26,552
20250919,210.5,211,204,204,17,355
20250922,205.5,217,205.5,215.5,50,1064
20250923,216,219.5,212.5,217,62,1346
20250924,218.5,224.5,212,214.5,28,603
20250925,212.5,221.5,212.5,220,58,1270
20250926,220,224.5,213.5,224.5,72,1571
20250930,226.5,246,226.5,240.5,196,4696
20251001,246,258,237.5,238.5,188,4666
20251002,243,247.5,238,242.5,115,2808
20251003,242.5,248.5,241,247,48,1173
20251007,252.5,257,246,248,139,3496
20251008,249.5,255,247,255,60,1510
20251009,252.5,252.5,235.5,235.5,235,5651
20251013,215,232,215,225,74,1683
20251014,233,235,216.5,216.5,116,2606
20251015,220,223,218,220,47,1035
20251016,222,224,217,217,57,1248
20251017,221,221,211.5,213,46,982
20251020,208,213,203,208.5,148,3090
20251021,210,210,204.5,207,73,1512
20251022,207,207,204,207,17,349
20251023,207,207,202.5,204.5,32,652
20251027,207.5,209.5,205,208.5,45,935
20251028,207,207,203,206,23,472
20251029,206,207,205,207,16,330
20251030,207,207,199.5,201.5,25,508
20251031,203,209,203,204.5,21,431
20251103,205,209,205,205,29,600
20251104,207,207,199.5,200.5,32,649
20251105,199.5,199.5,194.5,196,36,704
20251106,200,200.5,198.5,199.5,14,279
20251107,196,199,195.5,196,18,354
20251110,196,196,187.5,189.5,36,687
20251111,190,190,186,186.5,27,506
20251112,186,189,186,189,17,319
20251113,189,189,186,186.5,18,336
20251114,185,186.5,184,184.5,13,241
20251117,181.5,184,178.5,180.5,14,253
20251118,177,177,174,174,9,158
20251119,174,177,174,177,8,141
20251120,185,185,180,181.5,18,327
20251121,174.5,182,173,176,23,409
20251124,178,178,177.5,178,4,71
20251125,180.5,180.5,179,179,3,54
20251126,179.5,183,179.5,182,8,145
20251127,184,186.5,184,186.5,2,37
20251128,186.5,190,186.5,188,10,188
20251201,190.5,192,187,187,11,209
20251202,188.5,188.5,186.5,186.5,12,225
20251203,187,187,184,185,11,204
20251205,188,188,181.5,183.5,7,129
20251208,183.5,187,183.5,185,6,111
20251209,185.5,197.5,185.5,197,24,459
20251210,199,204,197,199,41,824
20251211,213,213,200.5,201,25,513
20251212,202,209.5,201,203,19,391
20251215,203,203,198,203,13,262
20251216,194.5,196.5,194.5,196.5,2,39
20251217,195.5,201,195.5,201,7,140
20251218,198,205,196.5,205,27,544
20251219,202.5,202.5,198,199,18,359
20251222,200,214.5,200,211,41,861
20251223,211,216,205,209,30,632
20251224,214.5,224.5,210,221.5,107,2336
20251226,221,221,208,211.5,69,1474
20251229,211.5,211.5,211,211.5,12,254
20251230,212,215,209,211.5,23,486
20251231,218,218,211.5,211.5,24,514
20260102,215,219,213.5,214,46,996
20260105,215,221.5,215,221.5,92,2015
20260106,222.5,225,218,221,136,3013
20260107,219,219,214.5,219,40,868
20260108,219,219,215,215,29,627
20260109,235,236.5,224.5,236.5,551,12918
20260112,257,260,254,260,415,10742
20260113,274,283,263,266,1228,33347
20260114,264,277,260.5,275,402,10900
20260115,271.5,271.5,263.5,269,235,6270
20260116,288.5,289,268,270,382,10519
20260119,263,265,257.5,259,266,6949
20260120,259,262,251,254.5,163,4180
20260121,251,256,242.5,243,141,3507
20260122,246,253,246,250.5,84,2103
20260123,262.5,262.5,245,249.5,69,1719
20260126,249,254,242.5,254,113,2780
20260127,254,256,247,251.5,55,1385
20260128,255,258,251.5,252.5,106,2708
20260129,252.5,252.5,237.5,237.5,140,3403
20260130,230.5,236,230.5,233,43,1001
20260202,225.5,227,218.5,221.5,129,2874
20260203,230.5,231.5,222,225.5,42,951
20260204,218,230,218,228.5,17,382
20260205,228.5,228.5,220.5,225,27,608
20260206,220.5,225,218,224,53,1173
20260209,230,233.5,225.5,230,44,1010
20260210,218,224.5,216,222,79,1737
20260211,219,224,218,220.5,38,837
20260223,224,229.5,224,229.5,31,706
20260224,229,239,227.5,231.5,94,2179
20260225,234,235,229.5,231,49,1134
20260226,231,238.5,231,235.5,55,1294
20260302,233.5,236,226.5,235,148,3418
20260303,235,236.5,222.5,223,112,2544
20260304,221,228.5,212.5,213.5,100,2157
20260305,224,226,220.5,225.5,76,1695
20260306,222,227,220,227,51,1133
20260309,212,215,205.5,211.5,108,2256
20260310,219.5,221,214.5,218.5,69,1505
20260311,212.5,222,212.5,221.5,41,902
20260312,226,226,218.5,219,26,572
20260313,220,225.5,219,221,26,575
20260316,218.5,221.5,218.5,220.5,17,374
20260317,220.5,222,219.5,220.5,47,1036
20260318,223,227,223,226.5,51,1149
20260319,224.5,224.5,217.5,219,45,988
20260320,219,220,215.5,215.5,36,785
20260323,212.5,216,210.5,213,34,726
20260324,215,216.5,210,214,47,1003
20260325,224,228.5,220.5,227.5,64,1443
20260326,227.5,231,223.5,223.5,48,1094
20260327,228,228,213.5,223,41,897
20260330,215,215.5,207.5,212,66,1390
20260331,214,215,203,203,59,1236
20260401,214.5,214.5,210,213,18,383
20260402,213,213,207.5,208,13,273
20260407,210,215,209.5,214.5,23,485
20260408,220,222.5,214.5,222.5,67,1470
20260409,220.5,221.5,217,217.5,30,657
20260410,217,217.5,200,203,145,3006
20260413,199,204,196,199,216,4311
20260414,199.5,212.5,199.5,211.5,105,2168
20260415,212,213.5,209,209,75,1577
20260416,221.5,229.5,221.5,229.5,89,2033
20260417,251,251.5,233,240,337,8173
20260420,242,259.5,241.5,249,265,6640
20260421,252.5,273.5,246,273.5,474,12530
20260422,279,285,261,261,751,20501
20260423,263,278,246,263,653,17292
20260424,273,273,250,254.5,244,6349
20260427,263.5,265,246,254.5,223,5640
20260428,254.5,269,254,258,184,4780
20260429,258,268,254,262,173,4538
20260430,264,288,264,277.5,1041,29267
20260504,281.5,298.5,280,285,748,21579
20260505,286,299,280.5,292.5,472,13844
20260506,295,297,281,287.5,445,12842
20260507,293.5,293.5,280.5,284,250,7102
20260508,284.5,288,274,277.5,228,6404
20260511,269.5,283.5,269.5,281,245,6840
20260512,281,281,271.5,277,234,6446
20260513,271,271,249.5,259,412,10524
20260514,260.5,266,259,260.5,176,4623
20260515,260,263,253,253.5,123,3161
20260518,250.5,251.5,239.5,250,138,3384
20260519,244.5,251.5,241,241,141,3448
20260520,242.5,253.5,242.5,247.5,85,2117
20260521,253,260,253,255.5,72,1856
20260522,258,262,256,261,124,3208
20260525,281.5,281.5,265,267.5,158,4319
20260526,269.5,269.5,262.5,262.5,105,2782
20260527,260,260,245.5,250.5,205,5161
20260528,252.5,256,239,239.5,127,3132
20260529,240,243,238,242,161,3874
20260601,242,251.5,242,247,102,2529
20260602,247.5,248.5,240.5,247.5,71,1734
20260603,244,250,244,246,46,1139
20260604,241,244,240,241,52,1255
20260605,235,237.5,232.5,237,97,2281
20260608,214,228,214,227.5,113,2470
20260609,230,235,227.5,231,71,1646
20260610,225,231,217.5,217.5,99,2236
20260611,205,220,205,216.5,156,3292
20260612,227,236.5,224.5,233,138,3196
20260615,236.5,243,236.5,236.5,73,1751
20260616,236.5,237.5,228,231,70,1621
20260617,231,231.5,225,231.5,42,960
20260618,231.5,237.5,231.5,235,50,1172
20260622,239.5,240,236,236,44,1046
20260623,236,240.5,232,235,36,847
20260624,235,235,228,231,23,531
20260625,231,233.5,227.5,233.5,30,687
20260626,231,231,222.5,224.5,62,1402
20260629,224,227,223,225,43,967
20260630,228,232,227,232,20,459
20260701,233,244.5,233,244.5,113,2721
20260702,245.5,245.5,238.5,241.5,41,988
20260703,236.5,239,235,238.5,32,760
20260706,243,247,236.5,237.5,46,1101
20260707,238,238,226.5,229,66,1535
20260708,228,229.5,224.5,227,47,1067
20260709,228,230,226,228,23,525
20260713,229.5,234,222.5,228.5,49,1119
20260714,224,224.5,214,222.5,58,1269
20260715,224,233,224,231.5,41,941
20260716,230,230,221,228,26,584
20260717,220.5,220.5,211.5,217.5,60,1296
20260720,216.5,216.5,203.5,210.5,51,1068
20260721,214,219.5,211,218.5,48,1036
20260722,220.5,231,219.5,231,54,1216
20260723,225,237,222,222,89,2041
20260724,218,219.5,215,219.5,18,392
20260727,213.5,220,213,216.5,24,517
20260728,214,215,209.5,211,56,1186
20260729,207,207,191,193.5,101,2000
20260730,193,200.5,189.5,194.5,52,1016
20260731,199,205.5,199,205,42,851
20260803,205,217.5,205,210,31,657
20260804,204.5,214.5,204.5,211,19,400
20260805,211.5,217,211.5,215,41,881
20260806,214,219,211,215.5,20,428
20260807,216,220.5,215,215.5,24,519
20260810,219,223,219,223,13,288
20260811,223,223,218,220.5,7,154
20260812,219,222,219,220,20,440
20260813,231,235,225.5,227.5,50,1155
20260814,231,231,222,222,23,519
20260817,224,226,223,226,6,135
20260818,224.5,234,224,228.5,51,1175
20260819,229,232.5,228.5,230,44,1015
20260820,230,230,228,228,8,183
20260821,228,228,223,228,19,428
20260824,227,227,223,223.5,22,494
20260825,223,230,221.5,230,28,637
20260826,234.5,240.5,230,238,50,1179
20260827,245,245,236,238.5,34,809
20260828,240,245,240,240,32,774
20260831,242,242,231,234,30,703
20260901,242,252,241,250,107,2644
20260902,244.5,246,241.5,241.5,35,854
20260903,242,246.5,237.5,237.5,10,242
20260904,239.5,239.5,238,238.5,16,382
20260907,237.5,238,237,238,7,166
20260908,241,241,233,234.5,22,520
20260909,250,257.5,247.5,247.5,235,5928
20260910,247,250,237.5,237.5,231,5649
20260911,237,237,229,229.5,55,1271
20260914,223.5,232.5,223.5,228,42,964
20260915,231,231,220,224.5,31,696
20260916,224.5,230,224.5,229,14,318
20260917,227.5,233,227.5,231.5,18,416
20260918,233,239.5,233,238,15,354
