# date,open,high,low,close,lot,wan
20250814,20.5,20.75,20.2,20.5,127,260
20250815,20.7,20.75,20.35,20.45,31,65
20250818,20.45,20.45,20.3,20.3,17,35
20250819,20.25,20.35,20.25,20.35,13,26
20250820,20.6,20.9,20.35,20.35,46,95
20250821,20.35,20.35,20.15,20.15,114,230
20250822,20.05,20.15,19.75,19.95,115,229
20250825,20,20,19.65,19.8,93,184
20250826,19.8,19.85,19.75,19.85,29,58
20250827,19.85,19.9,19.75,19.75,38,75
20250828,19.7,19.75,19.45,19.5,128,250
20250829,19.4,19.45,19.35,19.4,35,67
20250901,19.45,19.45,18.65,18.65,179,339
20250902,18.9,18.9,18.6,18.7,45,83
20250903,18.75,18.9,18.75,18.85,15,28
20250904,18.9,19.05,18.8,19,67,127
20250905,19.05,19.05,19,19,66,125
20250908,19.15,19.15,18.95,19,41,78
20250909,19,19,18.95,18.95,34,65
20250910,18.75,19,18.65,18.95,52,97
20250911,18.9,18.9,18.65,18.85,30,57
20250912,18.75,18.8,18.7,18.8,28,52
20250915,18.8,19,18.5,18.6,77,145
20250916,18.6,18.6,18,18.1,104,190
20250917,18.1,18.15,18,18,70,128
20250918,18.15,18.6,18,18.15,132,241
20250919,18,18.25,17.75,18,139,249
20250922,17.9,18.15,17.85,18,84,151
20250923,17.9,17.95,17.8,17.9,55,99
20250924,17.75,18.05,17.75,18.05,65,117
20250925,18,18,17.9,18,18,32
20250926,17.95,18.15,17.85,18.15,49,88
20250930,18.3,18.5,18.1,18.15,40,74
20251001,18.2,18.2,18.05,18.1,19,34
20251002,18.2,18.3,18.15,18.15,31,56
20251003,18,18.15,17.95,18,36,66
20251007,18,18.1,18,18.1,41,75
20251008,18.1,18.1,18,18.1,46,83
20251009,18,18.1,18,18,31,56
20251013,18.3,18.3,17.8,18.1,71,127
20251014,18,18.1,17.95,18,47,85
20251015,18.05,18.2,17.95,18,53,96
20251016,18.2,18.2,17.95,18.05,32,57
20251017,18.1,18.1,17.9,18,33,59
20251020,18.2,18.45,18,18.15,43,78
20251021,18,18,17.9,17.9,42,75
20251022,17.85,18,17.85,18,21,38
20251023,18.15,18.15,17.9,17.9,26,47
20251027,17.9,18.15,17.9,17.95,29,52
20251028,18.1,18.1,17.7,17.9,79,142
20251029,17.85,17.95,17.6,17.75,85,150
20251030,17.85,17.85,17.55,17.7,75,133
20251031,17.95,17.95,17.5,17.6,29,50
20251103,17.5,17.55,17.35,17.4,45,78
20251104,17.3,17.3,16.8,16.9,99,169
20251105,16.75,16.8,16.55,16.6,46,77
20251106,16.75,16.75,16.55,16.75,68,114
20251107,16.9,16.9,16.5,16.6,59,97
20251110,16.45,16.55,16.35,16.5,43,70
20251111,16.55,16.55,16.15,16.15,105,170
20251112,16.15,16.2,16.05,16.2,45,72
20251113,16.4,16.45,16.1,16.2,113,183
20251114,16.25,16.3,15.95,16.25,72,117
20251117,16.3,16.65,16.25,16.25,56,92
20251118,16.3,16.3,15.5,15.8,128,203
20251119,15.9,15.9,15,15.15,76,117
20251120,15.3,15.95,15.3,15.7,94,148
20251121,16.1,16.2,15.75,15.75,45,71
20251124,16,16.2,15.95,16.1,35,56
20251125,16.15,16.25,16.1,16.25,17,28
20251126,16.25,16.55,16.25,16.5,46,76
20251127,16.4,16.4,16,16.2,51,83
20251128,15.9,16.2,15.9,16,16,25
20251201,16,16.25,15.95,16.25,19,30
20251202,16.2,16.2,15.9,15.9,45,71
20251203,16,16,15.85,15.9,17,27
20251204,15.9,16,15.9,15.9,10,15
20251205,15.85,15.9,15.75,15.8,25,40
20251208,15.8,15.8,15.6,15.7,11,18
20251209,15.6,15.65,15.5,15.6,19,29
20251210,16,16.05,15.8,16.05,76,121
20251211,15.8,15.8,15.7,15.7,24,37
20251212,15.65,15.8,15.65,15.8,27,43
20251215,16.2,16.2,15.7,16,51,82
20251216,15.65,15.7,15.4,15.65,62,97
20251217,15.75,15.75,15.5,15.5,16,25
20251218,15.4,16.05,15.4,15.95,38,60
20251219,15.95,15.95,15.7,15.9,12,19
20251222,15.9,16.7,15.8,16.6,142,232
20251223,16.6,16.85,16.6,16.8,101,170
20251224,16.9,16.9,16.4,16.4,32,54
20251226,16.35,16.35,16.1,16.1,31,50
20251229,16,16.15,16,16.1,12,19
20251230,16.15,16.15,16.1,16.1,22,36
20251231,16,16.1,15.95,16,23,37
20260102,16.05,16.1,16,16.05,26,41
20260105,16.05,16.05,15.9,15.9,21,33
20260106,15.95,15.95,15.65,15.65,28,43
20260107,15.6,15.6,15.3,15.35,83,127
20260108,15.5,15.5,15.4,15.4,25,39
20260109,15.4,15.45,15.15,15.45,35,53
20260112,15.4,15.4,15,15.05,163,247
20260113,15.3,15.3,15.1,15.1,25,38
20260114,15.25,15.25,14.9,15.05,98,148
20260115,15.05,15.55,15.05,15.2,76,116
20260116,15.2,15.45,15.2,15.4,12,19
20260119,15.05,15.25,15.05,15.25,41,63
20260120,15.15,15.5,15.05,15.45,72,111
20260121,15.3,15.4,15.25,15.3,57,88
20260122,15.2,15.4,15.2,15.35,23,36
20260123,15.35,15.45,15.35,15.4,16,25
20260126,15.6,15.6,15.1,15.2,38,58
20260127,15.2,15.35,15.1,15.15,52,79
20260128,15.2,15.5,15.15,15.3,39,59
20260129,15.3,15.3,15.1,15.2,46,69
20260130,15.2,15.25,15.1,15.25,20,30
20260202,15.1,15.1,15,15.05,46,70
20260203,15.05,15.1,15,15,20,30
20260204,15.1,15.2,15.1,15.1,32,49
20260205,15.15,15.15,15,15,42,63
20260206,15,15.05,14.95,14.95,31,47
20260209,15.2,15.2,15,15,37,56
20260210,15.2,15.65,15.2,15.35,114,175
20260211,15.35,15.9,15.35,15.9,109,171
20260223,16.05,17.45,16.05,17.45,352,595
20260224,18.25,18.4,17.9,18.2,359,650
20260225,18.3,18.3,17.65,18.05,207,373
20260226,18,18,17.5,17.75,118,210
20260302,17.9,18.25,17.5,18.15,77,138
20260303,17.95,18.55,17.45,18.3,183,330
20260304,17.9,17.9,17.6,17.65,105,186
20260305,17.65,18.05,17.65,17.65,55,97
20260306,17.35,17.9,17.1,17.2,60,105
20260309,15.85,16.1,15.5,15.6,201,315
20260310,15.6,16.35,15.6,15.9,102,163
20260311,16.2,17.45,16.15,17.45,232,386
20260312,16.8,17.95,16.8,17.55,181,315
20260313,17.3,17.45,16.65,17.45,171,292
20260316,17,17.45,16.85,17.25,144,248
20260317,17,17.3,16.75,17.25,106,182
20260318,17.25,17.4,17,17.3,67,116
20260319,17,17.3,16.9,17.05,64,108
20260320,16.85,17.6,16.85,17.6,95,165
20260323,17,17.3,16.75,17.15,68,115
20260324,17.3,17.3,16.75,17.1,72,121
20260325,17.25,17.25,17.1,17.2,30,52
20260326,17.25,17.25,16.9,17.2,81,139
20260327,17.25,17.25,17,17.25,38,65
20260330,16.8,17.25,16.8,17.2,57,98
20260331,16.95,17.2,16.95,17.2,67,115
20260401,17.2,18,17,17.95,317,556
20260402,17.9,18,17.6,17.95,151,270
20260407,17.95,18,17.8,17.95,74,133
20260408,17.85,18.1,17.85,18.1,152,274
20260409,18.1,18.1,17.85,18.1,61,109
20260410,18.1,19.25,18.1,19.15,368,695
20260413,19.1,19.3,18.85,19.2,199,382
20260414,19.25,20,19.25,20,526,1033
20260415,20,20.45,19.8,20,483,969
20260416,20,20.3,19.65,20.05,287,571
20260417,20.2,20.2,19.4,19.9,226,445
20260420,20.05,20.05,19.4,20,145,286
20260421,19.95,20,19.55,20,145,289
20260422,20.05,20.05,19.15,19.55,226,443
20260423,19.4,19.75,18.6,18.8,201,383
20260424,19,19.65,19,19.2,104,200
20260427,19.25,19.25,19,19.2,112,214
20260428,19.2,19.5,19,19.5,126,242
20260429,19.7,19.8,19.4,19.8,105,206
20260430,20,20.3,19.75,19.9,146,292
20260504,19.9,19.9,19.5,19.6,37,72
20260505,19.35,19.4,19,19.1,30,57
20260506,19.6,19.6,19.1,19.3,65,125
20260507,19.05,19.25,18.9,19.1,63,120
20260508,19.1,19.15,18.95,19.05,52,99
20260511,19.05,19.25,18.95,19,72,138
20260512,18.7,18.7,17.95,18,143,261
20260513,17.9,18,17.6,18,48,85
20260514,18,18.6,16.85,16.85,206,359
20260515,16.85,17.4,16.55,16.65,138,234
20260518,17.05,17.1,16.35,16.45,87,144
20260519,16.75,16.75,16.7,16.7,12,21
20260520,16.7,17.05,16.4,17,100,168
20260521,17.5,17.5,17.1,17.25,32,55
20260522,17,17.65,17,17.35,54,95
20260525,17.35,17.35,16.8,16.9,48,81
20260526,17.05,17.15,16.7,17.1,62,105
20260527,17.1,17.15,16.85,17,43,74
20260528,17.3,17.35,16.85,17.1,29,50
20260529,17.15,17.35,17.1,17.1,173,298
20260601,17.35,17.65,17,17.4,79,136
20260602,17,17.5,17,17.45,58,100
20260603,17.45,17.5,17.15,17.25,37,64
20260604,17.15,17.45,17.1,17.2,32,54
20260605,17.2,17.2,16.9,16.9,50,84
20260608,16.2,17.4,16.2,16.4,104,173
20260609,16.25,16.35,16.15,16.35,114,186
20260610,16.05,16.8,16,16.7,149,244
20260611,16.7,17.45,16.7,17.25,118,201
20260612,17.15,17.2,17.1,17.2,29,50
20260615,17.45,17.7,17.3,17.65,87,153
20260616,18.05,18.05,17.4,17.4,57,101
20260617,17.25,17.35,16.95,17,52,89
20260618,17.15,17.35,17.05,17.2,38,65
20260622,17.05,17.2,16.95,17.15,92,157
20260623,17.15,17.3,17,17.25,47,80
20260624,17.1,18.15,17.1,17.45,80,140
20260625,17.55,17.55,17.35,17.5,12,21
20260626,17.1,17.1,16.4,16.4,60,101
20260629,16.5,16.65,16.25,16.3,61,99
20260630,16.6,16.6,16.6,16.6,5,9
20260701,16.9,17.2,16.65,16.8,45,75
20260702,16.85,16.85,16.55,16.6,45,74
20260703,16.9,17,16.9,17,5,8
20260706,17,17,16.65,16.85,31,51
20260707,16.8,16.85,16.65,16.85,29,49
20260708,16.8,16.9,16.65,16.65,49,83
20260709,16.6,16.9,16.55,16.85,16,27
20260713,17,17.2,16.8,17.1,57,98
20260714,17.15,17.15,16.75,17.15,66,112
20260715,17.2,18.6,17.15,18.5,140,250
20260716,18.75,18.75,17.6,17.95,61,110
20260717,17.5,18,17.5,18,81,145
20260720,18.25,19.15,18.2,18.55,219,410
20260721,18.85,18.85,18.1,18.45,47,86
20260722,18.2,18.25,17.5,17.75,62,111
20260723,17.65,18,17.6,18,19,35
20260724,17.65,17.95,17.35,17.95,49,87
20260727,18.05,18.1,17.8,18,35,62
20260728,17.9,18.35,17.9,18.2,33,59
20260729,18.85,18.85,17.9,18.65,166,306
20260730,19.15,19.15,18.45,18.65,77,145
20260731,18.65,19.3,18.55,18.8,127,237
20260803,18.45,19.1,18.4,18.85,68,127
20260804,18.5,18.85,18.5,18.7,81,151
20260805,18.75,18.75,18.5,18.7,83,154
20260806,18.55,18.55,18.1,18.45,54,99
20260807,18.4,18.5,18.35,18.35,17,32
20260810,18.35,18.9,18.3,18.65,95,178
20260811,17.5,17.6,17.45,17.5,38,67
20260812,17.5,17.6,17.4,17.4,29,50
20260813,17.8,17.8,17.2,17.55,39,68
20260814,17.4,17.45,17.4,17.45,9,15
20260817,17.4,17.95,17.4,17.85,66,117
20260818,17.65,17.65,17.3,17.4,39,68
20260819,17.15,17.4,16.9,16.9,98,167
20260820,17.3,17.8,17.25,17.6,65,113
20260821,17.4,17.75,17.4,17.75,17,30
20260824,17.5,17.7,17.45,17.7,6,10
20260825,17.7,17.8,17.55,17.55,8,14
20260826,17.75,18,17.65,18,31,56
20260827,18.1,18.1,17.7,17.7,18,32
20260828,17.7,17.75,17.6,17.7,14,25
20260831,17.05,17.25,17.05,17.2,33,57
20260901,17.2,17.4,17.15,17.25,18,31
20260902,17.05,17.1,17.05,17.1,15,26
20260903,17.25,17.3,17.1,17.2,23,40
20260904,17.3,17.45,17.2,17.35,26,45
20260907,17.4,17.6,17.1,17.45,27,46
20260908,17.15,17.4,17.15,17.4,18,32
20260909,17.55,17.55,17.45,17.45,20,36
20260910,17.2,17.85,17.2,17.55,54,96
20260911,17.45,17.45,17.15,17.3,30,52
20260914,17.1,17.6,17.1,17.35,22,38
20260915,17.15,17.75,17.05,17.15,70,121
20260916,17.2,17.8,17.05,17.55,41,72
20260917,17.25,17.6,17.25,17.5,30,53
20260918,17.65,17.7,17.4,17.6,42,74
20260921,17.65,17.95,17.45,17.75,59,105
20260922,17.75,17.75,17.3,17.5,24,42
