# date,open,high,low,close,lot,wan
20250814,48.3,49.75,48.25,49.45,4369,21461
20250815,49.9,49.9,48.35,48.5,3697,18035
20250818,48.8,48.85,46.8,47,4719,22363
20250819,47,47.25,46.3,46.5,2712,12664
20250820,46.5,46.65,45.65,45.75,2664,12256
20250821,46,46.7,46,46.65,1397,6498
20250822,45.2,45.4,44.5,44.55,7845,35155
20250825,45,45.05,43.95,44.05,4683,20780
20250826,44.5,44.5,43.7,43.85,3179,13943
20250827,44,44.3,43.45,43.5,4684,20492
20250828,44.15,46,44.15,45.1,7415,33621
20250829,45.4,45.4,43.8,43.8,4707,20832
20250901,43.65,43.65,42.15,42.3,3832,16358
20250902,42.55,42.95,42.2,42.75,1658,7064
20250903,43.15,43.35,42.6,42.7,2917,12502
20250904,42.7,43.4,42.7,43.05,2736,11770
20250905,43.2,44.3,42.8,44.05,4413,19276
20250908,44.75,45.5,44.65,45,4640,20892
20250909,45.1,45.2,44.2,44.35,3246,14457
20250910,44.35,44.35,43.3,43.35,4265,18646
20250911,43.6,43.6,42.3,42.3,3658,15664
20250912,42.5,43.3,42.45,43.05,2287,9816
20250915,43.25,43.65,42.9,43.15,1714,7413
20250916,43.45,44.25,43.2,44.1,2415,10587
20250917,44.2,44.35,43.8,44.05,1971,8688
20250918,44.45,45.45,44.45,44.8,4305,19345
20250919,45.15,45.75,44.6,44.7,3053,13757
20250922,44.95,45,44.45,44.5,1982,8849
20250923,44.7,44.75,43.85,43.9,2312,10188
20250924,44.1,44.4,43.3,43.3,1734,7563
20250925,43.25,44.05,43.15,43.15,1735,7541
20250926,43.4,43.4,41.9,42.25,2851,12066
20250930,42.5,42.7,42.2,42.4,1095,4638
20251001,42.6,42.95,41.65,41.7,2698,11346
20251002,42,42.35,41.25,41.3,2612,10861
20251003,41.35,42.35,41.35,42,2154,9018
20251007,42.1,42.85,42.1,42.85,2049,8749
20251008,42.6,43.6,42.45,43.55,2566,11044
20251009,43.85,44.3,43.55,43.6,2866,12592
20251013,42.1,43.1,41.95,43.05,2075,8837
20251014,43.4,45.2,42.75,42.9,5504,24308
20251015,43.6,44.2,42.7,44.2,5878,25725
20251016,44.2,45.6,43.95,44.2,4529,20242
20251017,44.35,44.35,43.1,43.35,1980,8624
20251020,43.55,44.05,43.4,43.95,1635,7153
20251021,44.25,44.4,43.5,43.5,1920,8435
20251022,43.45,43.7,43,43.3,1720,7448
20251023,43.45,43.45,42.8,42.85,1584,6801
20251027,43.55,44.8,43.5,44.05,4253,18763
20251028,44.35,45.35,43.6,44.65,4610,20582
20251029,45.25,45.45,44.3,44.4,3658,16406
20251030,44.55,44.85,43.55,43.65,2536,11163
20251031,44.3,47.6,44.3,46.05,10904,50362
20251103,45.45,45.45,43.5,43.7,7885,34628
20251104,43.8,43.95,42,42.1,5583,23806
20251105,41.4,42.3,41.15,42.2,2494,10427
20251106,42.6,43.35,42.6,42.8,2006,8606
20251107,45.35,46.8,44.35,44.35,17754,80819
20251110,44.1,44.1,42.55,43,5436,23372
20251111,43.1,43.75,42.7,42.75,3094,13317
20251112,43.1,45.1,43,44.25,5863,25907
20251113,44.4,44.5,43.2,43.4,4525,19795
20251114,42.85,43.3,42.6,42.8,2379,10205
20251117,42.8,42.8,42.1,42.1,2660,11260
20251118,41.8,42.25,41,41.15,3163,13106
20251119,41.1,41.25,40.05,40.2,3146,12730
20251120,40.7,41.4,40.6,40.7,2154,8806
20251121,39.8,40.25,39.6,39.85,2980,11901
20251124,40.4,40.45,38.8,38.8,4907,19282
20251125,39.15,39.6,38.9,38.9,1884,7389
20251126,39.1,40.75,39.1,40.15,3240,13002
20251127,40.2,40.4,39.35,39.6,2405,9532
20251128,39.85,40.2,39.7,39.95,1788,7149
20251201,39.95,40.7,39.85,39.9,1967,7917
20251202,40.4,41.1,40.05,40.2,3179,12897
20251203,40.7,42.95,40.4,42.1,6303,26530
20251204,42.65,42.75,41.5,41.7,2987,12497
20251205,41.7,41.7,40.7,40.9,2308,9458
20251208,40.95,41.3,40.45,40.5,2220,9023
20251209,40.6,41.1,40,40.3,1977,7970
20251210,40.4,40.45,39.8,39.85,2219,8873
20251211,39.95,40.2,39.45,39.6,1562,6203
20251212,39.6,40.3,39.6,40,1653,6608
20251215,39.4,39.85,39.25,39.6,1105,4369
20251216,39.35,40,39,39.75,1853,7288
20251217,39.85,40.55,39.6,39.65,1669,6692
20251218,39.7,39.7,39.1,39.15,1498,5883
20251219,39.2,39.85,39.2,39.5,1183,4670
20251222,39.95,40.5,39.6,40.5,1640,6581
20251223,40.75,41.35,39.8,39.85,1904,7661
20251224,40.05,40.4,39.5,39.7,1192,4746
20251226,39.85,40.2,39.2,39.4,1438,5673
20251229,39.5,39.65,39.15,39.2,1374,5407
20251230,39.45,39.45,38.8,38.95,1626,6336
20251231,39.05,39.5,38.95,39.1,1501,5892
20260102,39.45,39.65,38.85,38.9,1815,7095
20260105,38.9,38.9,37.45,37.55,5083,19229
20260106,37.55,38.6,37.55,38.15,2103,8020
20260107,38.45,39.4,38.35,38.9,2516,9800
20260108,38.95,39.2,38,38,1737,6675
20260109,38,38.15,37.15,37.5,2180,8173
20260112,37.8,38.2,37.5,38.2,1805,6838
20260113,38.6,38.6,37.7,37.8,1674,6355
20260114,38.1,39,38,38.6,2236,8641
20260115,38.95,38.95,37.85,38.05,1890,7198
20260116,38.5,38.95,38.1,38.2,1788,6857
20260119,38.2,39.1,38,38.75,2884,11191
20260120,38.9,39.25,38.3,38.85,2162,8413
20260121,38.8,40.7,38.15,39.05,5760,22808
20260122,39.75,40.1,38.9,38.95,2883,11370
20260123,39.15,39.9,39.05,39.7,2254,8899
20260126,39.8,41.25,39.8,40,4376,17674
20260127,40.7,40.85,39.6,39.8,2953,11813
20260128,39.95,40.6,39.95,40.3,2968,11959
20260129,40.7,41.2,40.25,40.55,4418,17966
20260130,40.85,41.1,39.85,40.5,4212,17025
20260202,40,40,38.75,39,2332,9148
20260203,39.65,39.85,38.2,38.7,1899,7371
20260204,38.95,39.1,38.45,39.1,1089,4236
20260205,38.9,39.75,38.55,38.55,1646,6424
20260206,38.55,38.55,37.45,37.7,2815,10624
20260209,37.85,38.2,37.25,37.25,2110,7936
20260210,37.5,37.65,36.15,36.25,8605,31864
20260211,36.15,36.35,35.6,36.1,2985,10727
20260223,36.3,37.05,36.15,36.9,1567,5754
20260224,37.15,37.5,36.6,36.8,2346,8657
20260225,37.15,37.4,36.1,36.15,2648,9678
20260226,36.2,36.4,35.5,36.05,4533,16308
20260302,35.6,35.6,35.1,35.2,2655,9374
20260303,35.35,36.6,34.1,34.2,5908,20613
20260304,33.6,33.6,31.8,32,4895,15849
20260305,33,33.05,32.25,32.5,2072,6768
20260306,32.4,32.45,31.7,31.95,2367,7581
20260309,29.3,30.3,29.25,29.7,4469,13204
20260310,30.35,30.65,29.6,29.95,2399,7206
20260311,30.2,31.15,30.2,30.9,2166,6674
20260312,30.7,30.7,30.05,30.15,1681,5103
20260313,29.7,30.4,29.6,30,1717,5145
20260316,30.05,32.2,29.8,31.8,3364,10516
20260317,31.8,32.15,31.5,31.6,2283,7250
20260318,31.85,32.1,31.05,31.3,2330,7301
20260319,31.3,31.55,30.65,30.75,2044,6328
20260320,30.8,31.8,30.8,31.15,1980,6205
20260323,30.2,31.1,30.15,30.5,1958,5986
20260324,31.2,31.25,30.4,30.55,1274,3922
20260325,30.4,31,30.4,30.85,1256,3853
20260326,31.3,33.9,31.25,33.9,6071,19965
20260327,33.5,34.75,32.1,34.4,9714,32206
20260330,33.75,36.45,33.65,34.1,9131,32028
20260331,33.9,34.4,32.45,32.7,3040,10129
20260401,33.7,34,33.3,33.3,2148,7230
20260402,33.5,33.65,32.45,32.6,2125,6949
20260407,33.15,33.15,32.2,32.75,1718,5610
20260408,33.2,33.6,33.1,33.5,2169,7247
20260409,33.85,34.3,33.25,33.4,1972,6644
20260410,33.6,33.7,32.35,32.5,2651,8694
20260413,32.75,33.5,32.3,33.3,2356,7773
20260414,33.75,34.6,33.75,33.9,3661,12479
20260415,34.5,35,33.95,34.4,4297,14806
20260416,35.1,35.15,34.35,34.8,2800,9705
20260417,34.8,35.7,34.6,35,3765,13210
20260420,35,35.7,33.75,33.8,4226,14623
20260421,34.2,34.7,33.75,34,2522,8613
20260422,34.2,37.4,34.2,37.4,7691,28083
20260423,39.2,40.95,37.15,39.95,33040,129118
20260424,39.5,40.8,38.45,39.45,21112,83450
20260427,39.3,39.75,35.75,35.9,11408,42050
20260428,35.8,36.5,35.35,35.5,3904,13986
20260429,35.5,35.75,34.65,34.75,3211,11219
20260430,34.7,35.45,33.95,34,3119,10780
20260504,34.65,35.9,34.35,34.7,3767,13258
20260505,35.05,36.4,35.05,35.45,3697,13183
20260506,36.2,36.5,34.7,35,4730,16779
20260507,35.5,38.1,35,36.75,8130,29850
20260508,37.2,38.8,36.8,38.3,11988,45672
20260511,38.9,38.9,37.05,38.1,6272,23830
20260512,38.45,38.95,37.6,37.75,4859,18500
20260513,37.65,38.2,36.6,38.1,4178,15684
20260514,38.5,38.65,37.25,37.25,5239,19823
20260515,37.4,37.8,36,36.1,3967,14595
20260518,35.65,36.75,34.95,36.3,2278,8181
20260519,36.7,37.1,35.75,35.95,2330,8446
20260520,36.1,38.7,36,38.1,7139,26978
20260521,40.5,41.4,39.55,39.55,16867,68011
20260522,39.75,40,38.7,39.85,8761,34557
20260525,40.05,40.4,39.1,39.1,9603,37966
20260526,39.35,39.8,38.5,38.7,5976,23315
20260527,39.2,39.7,37.8,37.85,5957,22987
20260528,37.9,39.25,37.25,37.55,4862,18481
20260529,38.05,38.5,37.65,38.25,3767,14310
20260601,38.45,38.95,37.9,38.1,4974,19075
20260602,38.2,38.25,37.25,38.15,4124,15573
20260603,38.6,39.15,38.2,38.4,4502,17370
20260604,38.2,38.2,36.75,36.75,5797,21532
20260605,36.85,36.85,35.6,36.05,3137,11307
20260608,32.6,33.8,32.6,33.6,3835,12766
20260609,33.85,34.95,33.7,34.75,2099,7188
20260610,34.1,36.1,34.1,34.2,3072,10779
20260611,34.05,34.95,33.7,34.8,2734,9366
20260612,35.8,36.75,35.65,35.8,2490,9000
20260615,36.5,38.25,36.2,37.7,6215,23325
20260616,37.8,37.9,36.9,37,3412,12698
20260617,37.05,39.75,36.65,38.55,7407,28565
20260618,39,39.8,38.65,38.9,6052,23753
20260622,39.7,41.4,39.65,40.05,9749,39394
20260623,40.65,40.9,39,39,5613,22287
20260624,38.8,40.1,38.5,39.9,4715,18634
20260625,40.5,40.75,39,39,4910,19534
20260626,38.8,38.9,36.5,36.6,5195,19436
20260629,36.6,38.1,36.55,37.4,2983,11207
20260630,38.55,39.25,37.25,38.65,3772,14466
20260701,39,39.4,37.9,37.9,2138,8221
20260702,37.75,39.15,37.4,38.5,2262,8703
20260703,38.1,39.25,38.1,38.9,3369,13054
20260706,39.4,40.3,38.75,39.25,3934,15564
20260707,39.25,39.8,37.85,37.95,3479,13486
20260708,38.15,38.3,36.5,37.25,3237,11990
20260709,37.5,37.5,35.9,35.95,3508,12775
20260713,36.75,36.75,34.5,34.9,3543,12460
20260714,35.2,35.2,33.05,33.9,3058,10329
20260715,34.5,35.2,34.35,35.05,1866,6512
20260716,34.9,34.95,34.25,34.3,1227,4230
20260717,33.85,33.95,32.35,32.45,3465,11444
20260720,32.4,32.85,31.6,32.5,2458,7932
20260721,33.05,33.6,32.75,33.35,1344,4467
20260722,33.75,34.3,33.55,33.55,1457,4930
20260723,33.75,33.75,32.7,32.95,1350,4456
20260724,32.6,33.1,32.5,32.6,1227,4006
20260727,33.1,33.1,31.95,32.15,1481,4775
20260728,31.05,31.55,30.5,30.5,3271,10126
20260729,31,31,29.45,30.15,3851,11557
20260730,29.15,29.8,28.6,29,1721,5032
20260731,30.4,31.1,30.1,30.95,1470,4493
20260803,30.85,31.7,30.5,31.25,1091,3415
20260804,30.75,31.45,30.7,31.15,1271,3959
20260805,31.75,31.95,31.15,31.2,1361,4284
20260806,31.5,31.5,30.6,31.35,984,3059
20260807,31.5,31.55,31.05,31.05,885,2765
20260810,32.6,34.15,32.6,34.15,4610,15621
20260811,33.55,34.5,33.55,33.8,2880,9785
20260812,33.9,34.3,33.7,34,1331,4527
20260813,34.45,34.75,33.45,33.7,1827,6207
20260814,32.1,32.2,30.35,30.75,7264,22423
20260817,30.75,31.3,30.5,30.95,1307,4045
20260818,30.95,31,30.2,30.2,1780,5429
20260819,29.8,31,29.65,30.65,1419,4306
20260820,31,31.25,30.55,31,1673,5188
20260821,31,31.35,30.65,31.2,1700,5272
20260824,31.35,31.9,31.25,31.35,1492,4709
20260825,31.4,31.4,30.7,31.25,1140,3536
20260826,31.6,32.35,31.45,31.7,2316,7396
20260827,32.05,32.15,31.3,31.35,1774,5611
20260828,31.55,31.6,31,31.15,1586,4964
20260831,30.85,31.55,30.85,31.55,6410,20178
20260901,31.95,33.85,31.9,32.45,11035,36313
20260902,32.15,33,32.15,32.3,2237,7256
20260903,32.3,32.55,31.8,31.8,1776,5687
20260904,32.1,32.3,31.45,31.95,1115,3547
20260907,32.3,32.4,31.8,31.8,1025,3273
20260908,32.25,32.5,31.25,31.25,1845,5838
20260909,31.3,31.4,30.95,31.1,1120,3487
20260910,31,31,30.55,30.8,1052,3230
20260911,30.4,30.55,30.25,30.4,1073,3261
20260914,30.15,31.15,30.1,30.75,1100,3370
20260915,30.9,31,30.55,30.55,721,2213
20260916,30.55,30.85,30.55,30.8,646,1988
20260917,31,31.15,30.7,30.9,917,2837
20260918,31.15,31.3,30.85,30.9,1037,3220
