# date,open,high,low,close,lot,wan
20250814,145,146,144.5,145.5,64,930
20250815,145,146.5,143,143,66,952
20250818,143,147,143,145,71,1034
20250819,145,145,141.5,141.5,60,858
20250820,141.5,141.5,136.5,137.5,151,2081
20250821,141,141,138.5,138.5,44,616
20250822,139,139.5,139,139,15,209
20250825,141.5,147,141.5,144,119,1720
20250826,145.5,145.5,142,143,26,372
20250827,143.5,156.5,143.5,152.5,391,5906
20250828,154,156.5,152,152.5,285,4384
20250829,153.5,153.5,149,150,85,1282
20250901,150.5,150.5,147,148,76,1126
20250902,148,151.5,146.5,147.5,96,1427
20250903,148,160,148,153,297,4605
20250904,154,156,152.5,152.5,118,1817
20250905,155.5,158.5,152.5,153,149,2304
20250908,155,160,154,156,294,4616
20250909,157.5,157.5,153.5,156,178,2773
20250910,160,163.5,153.5,156.5,311,4894
20250911,156.5,156.5,151,151,172,2630
20250912,152,156,151.5,154,87,1339
20250915,154,154,151,151.5,65,987
20250916,152,152.5,150.5,151.5,52,790
20250917,152.5,154,150.5,154,123,1873
20250918,156.5,159.5,155,159,279,4389
20250919,160,160,157,157.5,119,1890
20250922,158,159,156,158,113,1779
20250923,159,159,156.5,157,38,597
20250924,157,157,153,153.5,115,1776
20250925,154,155.5,152.5,152.5,40,615
20250926,151,151,148,148.5,82,1222
20250930,148.5,151,147,149.5,50,742
20251001,149,151,146,146,64,946
20251002,148.5,148.5,145,145,34,498
20251003,146,146,143.5,144.5,69,997
20251007,146.5,148,146.5,147.5,23,339
20251008,147.5,149.5,146.5,149,33,489
20251009,150,152.5,148,149.5,79,1188
20251013,144.5,149.5,144.5,149,47,691
20251014,149.5,150,145,145.5,48,706
20251015,146,146.5,145,146.5,66,962
20251016,149,150,146,146,16,237
20251017,146,147,145,146,10,146
20251020,146.5,150,146.5,150,80,1193
20251021,150,157,150,153,133,2054
20251022,154,154,153,153.5,23,353
20251023,152,153.5,151.5,152,31,473
20251027,153,153,150,151,62,939
20251028,151,151,148,148.5,43,640
20251029,149.5,149.5,147,148.5,25,371
20251030,153.5,157.5,151,155.5,252,3914
20251031,158.5,158.5,152,152.5,153,2348
20251103,152,152.5,149,149,94,1414
20251104,149.5,149.5,142.5,143,174,2521
20251105,142,143,139,143,73,1034
20251106,143.5,144.5,141,142.5,95,1350
20251107,141.5,141.5,139.5,139.5,64,895
20251110,143,148,143,147.5,235,3422
20251111,147,148,146,146.5,52,765
20251112,146,156.5,146,152.5,131,1984
20251113,152,153,151,153,43,654
20251114,152.5,156,151,152,77,1182
20251117,153,153,147,147,69,1030
20251118,146.5,148,143,144,81,1179
20251119,145,145,140.5,141,86,1223
20251120,142,143.5,142,143,55,785
20251121,142.5,152,140.5,147,315,4675
20251124,150.5,157,149.5,149.5,350,5344
20251125,152,152,148,149,77,1149
20251126,149.5,153.5,149.5,151.5,142,2151
20251127,151,155,151,151.5,115,1760
20251128,152,154,150.5,151.5,109,1658
20251201,151.5,153,150.5,152.5,50,757
20251202,152,152,148.5,149,94,1415
20251203,150,150.5,149,149,51,765
20251204,150.5,153.5,150,152,56,851
20251205,151,151,145,146,178,2614
20251208,146.5,148.5,146,147.5,44,647
20251209,148,149.5,146,148,95,1407
20251210,146.5,147,145.5,145.5,59,861
20251211,145,149.5,143.5,144.5,203,2951
20251212,145,145,144,144.5,28,405
20251215,142.5,144.5,142,143,36,515
20251216,143,144,141.5,143.5,42,599
20251217,143.5,149,143.5,145.5,126,1851
20251218,146.5,146.5,144,144.5,42,609
20251219,146,146,143,143.5,47,676
20251222,144.5,146,144,145,30,436
20251223,145,145.5,144.5,145,22,319
20251224,145.5,146.5,144.5,145,23,334
20251226,146,148.5,145,147,91,1336
20251229,149,150.5,147.5,147.5,96,1434
20251230,147.5,147.5,146,146.5,47,690
20251231,147,154.5,145.5,150,166,2502
20260102,151.5,153.5,150.5,151,195,2966
20260105,151,151,140.5,142.5,641,9346
20260106,143,151,143,149.5,216,3210
20260107,151,158,150.5,156,448,6976
20260108,158,163,158,159,532,8550
20260109,161,161,157,159,153,2425
20260112,161,162,159,159.5,209,3347
20260113,160,160,156.5,157.5,126,1984
20260114,159,167.5,159,166.5,385,6310
20260115,168,168,162.5,163.5,137,2252
20260116,164,164,160,161,97,1563
20260119,161.5,164,160,162,143,2321
20260120,161,164.5,161,164,57,932
20260121,162,173,162,166.5,311,5227
20260122,168,168,164.5,167.5,168,2799
20260123,167.5,170.5,166,168.5,168,2824
20260126,170,170,167.5,168.5,58,978
20260127,169.5,171.5,168,169,111,1885
20260128,167.5,169,164,164,130,2154
20260129,164.5,165,162.5,163,58,947
20260130,165,165,160,164.5,99,1610
20260202,161,164,159,161,62,997
20260203,162,164,160.5,164,77,1252
20260204,162.5,165,162,165,15,246
20260205,166,172,164,167.5,113,1902
20260206,169.5,169.5,162,163,95,1555
20260209,168,172.5,165,167,101,1703
20260210,165.5,165.5,162.5,165,69,1128
20260211,168,168,161.5,164,64,1051
20260223,164,164,163,163.5,16,262
20260224,164,167.5,163,167,94,1561
20260225,167,169,165,167.5,77,1289
20260226,168,168.5,166,167.5,77,1291
20260302,167,169,164.5,169,44,735
20260303,168.5,174.5,165.5,166,138,2336
20260304,163,163,158.5,158.5,128,2047
20260305,169,169,165.5,168,139,2333
20260306,167.5,181.5,167.5,180,473,8329
20260309,168,172,163,167,317,5303
20260310,170,176.5,170,173.5,234,4056
20260311,174.5,175,172.5,173,128,2222
20260312,172.5,173,170,172.5,82,1407
20260313,170,175,170,173,50,864
20260316,174,175,171.5,171.5,69,1194
20260317,171.5,174,171,171,58,995
20260318,172,173,171,172,43,740
20260319,171.5,172,168,168,85,1446
20260320,169,172,167.5,169.5,84,1426
20260323,169.5,169.5,166,166,65,1084
20260324,169,169,163.5,165.5,50,830
20260325,167.5,170,167.5,168.5,58,982
20260326,170,172.5,169,169,52,887
20260327,171,171,167.5,169.5,20,337
20260330,166.5,170,165,165.5,59,982
20260331,166.5,170,163,165.5,118,1956
20260401,168.5,169,166.5,166.5,30,503
20260402,166.5,167,165,166,24,397
20260407,166,168.5,164,164.5,132,2190
20260408,168.5,170,168,168.5,55,930
20260409,169.5,169.5,168,168,31,522
20260410,169.5,174,169.5,173,147,2530
20260413,173,173,170.5,171.5,77,1323
20260414,173.5,185,171.5,179.5,255,4561
20260415,180,187.5,179,186.5,374,6886
20260416,189.5,189.5,180,182.5,279,5114
20260417,183.5,186.5,181.5,185,144,2653
20260420,189,190,184.5,186,287,5381
20260421,186.5,188,185,186.5,189,3520
20260422,188,192.5,186.5,191.5,508,9638
20260423,181,181.5,169.5,171.5,376,6590
20260424,171,176,170,175,236,4062
20260427,177.5,179,170,170.5,187,3240
20260428,173,173.5,170.5,173,43,741
20260429,173.5,178.5,170,177,142,2466
20260430,177.5,177.5,172,173.5,91,1585
20260504,175,177,174,177,115,2022
20260505,177,186.5,177,183.5,254,4657
20260506,183.5,184,180.5,184,150,2734
20260507,186.5,190,183,189,275,5150
20260508,187.5,192.5,184.5,185,219,4117
20260511,186.5,187.5,181.5,183,137,2530
20260512,184,192.5,183.5,189,203,3814
20260513,188,188.5,181.5,182.5,167,3068
20260514,183,193,183,189.5,302,5723
20260515,190,191.5,182,183,186,3453
20260518,180.5,182.5,177,181.5,125,2246
20260519,182,185,181,185,84,1537
20260520,185,192.5,185,192,300,5696
20260521,195,204,193,198,511,10148
20260522,199.5,201,191,194,426,8270
20260525,194,197,187,187.5,312,5932
20260526,190,192.5,188,191.5,228,4340
20260527,192,194.5,189,191.5,182,3495
20260528,191.5,193,186,189,177,3358
20260529,192,196.5,191.5,191.5,218,4220
20260601,191.5,191.5,185.5,189.5,194,3653
20260602,188.5,191.5,187,191.5,118,2226
20260603,192.5,198,190.5,197,260,5066
20260604,194.5,195,192,195,108,2090
20260605,198.5,198.5,191,192.5,76,1469
20260608,180,185,177.5,184,182,3287
20260609,195,202,191,202,464,9243
20260610,202,211.5,199,199.5,438,8965
20260611,201,206.5,193.5,199,214,4247
20260612,202,203.5,197,197.5,123,2460
20260615,199,201.5,190,191,166,3231
20260616,191.5,191.5,188,191.5,92,1744
20260617,189,193,188.5,193,58,1109
20260618,193,195,193,194,76,1476
20260622,195,199.5,194,194.5,122,2390
20260623,194,201,192.5,197.5,223,4406
20260624,196.5,198,192.5,197,77,1505
20260625,199,200,196,199.5,87,1724
20260626,200,200,190,193,128,2478
20260629,190.5,195.5,190.5,195,35,677
20260630,193.5,196,193.5,195,44,857
20260701,196.5,196.5,192,192.5,65,1262
20260702,192.5,197.5,192.5,196.5,75,1468
20260703,196.5,203.5,196.5,201,190,3805
20260706,202.5,202.5,198,199.5,65,1302
20260707,200,213,200,202.5,295,6086
20260708,202,202,196.5,200,135,2674
20260709,200,200,193,195,138,2697
20260713,195.5,195.5,185,185.5,146,2753
20260714,182.5,185.5,172,177,218,3870
20260715,177,181.5,177,181.5,92,1649
20260716,179,181.5,176.5,180.5,38,683
20260717,177,177,171,171,118,2047
20260720,169.5,172,166,167,114,1911
20260721,170,174,170,174,30,518
20260722,174,177.5,174,175.5,41,722
20260723,175,178,173,178,19,331
20260724,174,178,174,176,39,688
20260727,176.5,178,176,177.5,31,549
20260728,177.5,177.5,170,170,64,1099
20260729,170.5,171,162,164.5,236,3897
20260730,165,168,164,167,39,646
20260731,173,173.5,170,173,47,808
20260803,172,180,172,175,160,2823
20260804,175,176.5,173,175,66,1152
20260805,179.5,181,177,180,152,2715
20260806,185,187,182.5,186,139,2569
20260807,187,188.5,185,185,52,972
20260810,182.5,182.5,176.5,178,196,3498
20260811,178,180,176.5,176.5,40,711
20260812,177.5,179,175.5,178,53,937
20260813,179,180,179,180,47,844
20260814,178,178,172,174,104,1814
20260817,173,177.5,173,177.5,45,793
20260818,178,180.5,177.5,178,102,1829
20260819,179,179.5,177,177.5,24,428
20260820,180,180.5,177.5,180.5,42,752
20260821,181,181,178,179.5,68,1222
20260824,179.5,180,176.5,177.5,36,641
20260825,175.5,181.5,175,178.5,159,2827
20260826,179.5,181,179.5,180.5,67,1207
20260827,181.5,181.5,180,181.5,49,884
20260828,181.5,181.5,178,179,112,2019
20260831,178.5,178.5,177.5,177.5,31,551
20260901,178,182,178,182,76,1375
20260902,182,183,182,182.5,73,1330
20260903,184,187,183,183,125,2315
20260904,185,186,183.5,183.5,54,995
20260907,184,184,183,183.5,19,349
20260908,174,174,169,169.5,314,5375
20260909,170,171,169.5,170.5,51,868
20260910,168.5,170,167,168.5,56,944
20260911,167,167,164,165,56,925
20260914,164,165.5,164,165.5,24,396
20260915,165.5,171,165.5,169.5,59,998
20260916,166.5,170.5,166.5,169,25,423
20260917,170,171.5,170,170,16,273
20260918,171.5,173,171,173,42,722
20260921,173,173,170.5,170.5,22,377
20260922,171.5,172,169,169,48,818
20260923,171,173,169.5,170,41,702
20260924,169.5,171,169.5,171,11,188
