# date,open,high,low,close,lot,wan
20250814,124,125,120,122,444,5418
20250815,124,124,119,119,394,4768
20250818,119,125,119,120,513,6294
20250819,123,131,123,125,1799,23030
20250820,125,125,116.5,120.5,516,6216
20250821,124,128.5,120.5,124.5,787,9812
20250822,128,135,123,123,2205,28589
20250825,126.5,128,123,123.5,713,8913
20250826,124,126,123,123.5,433,5367
20250827,125.5,131,123.5,127.5,1017,13000
20250828,128,131.5,125.5,127,615,7840
20250829,127.5,130,125,125,478,6060
20250901,125.5,127.5,116,117,549,6595
20250902,118,119,113.5,113.5,344,3963
20250903,114,124.5,114,124.5,747,9140
20250904,125,132,120,120,1580,20092
20250905,123,123,120,122,251,3051
20250908,118,119,115,117.5,509,5954
20250909,118.5,119,115.5,116.5,257,3015
20250910,117,119,115,116,291,3391
20250911,116.5,116.5,109,109,488,5446
20250912,112.5,114,110.5,111,257,2868
20250915,112.5,112.5,108.5,110,188,2070
20250916,109.5,109.5,107.5,108,144,1560
20250917,109,109,107,107.5,122,1310
20250918,109,110,108,108.5,76,827
20250919,108,110,107,110,104,1125
20250922,112,115,110,113,229,2582
20250923,113,113,110,111,73,808
20250924,111,113,110.5,111,82,914
20250925,111.5,111.5,108,108,70,764
20250926,108,108.5,105.5,106,87,924
20250930,108,108,106,107,36,384
20251001,107.5,108,105,105,81,861
20251002,108.5,114,108.5,109.5,280,3123
20251003,109.5,112.5,109.5,111.5,79,878
20251007,111,112.5,109.5,109.5,97,1070
20251008,111.5,111.5,107,107,70,756
20251009,107.5,107.5,106.5,106.5,31,331
20251013,96.1,101.5,96.1,101,218,2166
20251014,101.5,103,97.3,97.4,140,1385
20251015,97,98.9,96.9,97.6,96,941
20251016,97.6,100.5,97.6,98.5,63,625
20251017,98.5,99.9,98.5,98.5,22,218
20251020,98.5,98.5,97.5,97.8,19,186
20251021,97.8,99.4,96.7,99,61,599
20251022,99,101.5,98.3,98.5,34,338
20251023,98.5,98.5,97,97,46,449
20251027,97.1,97.1,95.5,95.7,100,964
20251028,94.8,94.8,91.8,92.3,163,1511
20251029,92.7,94.7,92.5,92.6,60,558
20251030,92.6,92.9,91.3,91.8,40,367
20251031,91,93.1,91,92.1,28,259
20251103,92.1,94.9,92.1,92.8,50,468
20251104,94.9,95,91.8,92.1,86,805
20251105,91.5,91.5,89.1,89.6,81,730
20251106,90,91,89.5,90.5,14,126
20251107,89.8,89.8,87.5,87.6,73,643
20251110,87,87,83.5,85.3,108,915
20251111,87.2,88,85.5,86,48,415
20251112,87.6,87.6,85.6,85.6,12,103
20251113,85.5,86.3,84.6,86.3,57,487
20251114,85.5,85.5,83.7,83.7,23,194
20251117,83.7,83.7,81,82.8,88,720
20251118,84,89.8,83.6,83.8,190,1620
20251119,82.7,82.7,82,82.1,29,239
20251120,82.4,83.1,81,82,38,312
20251121,82.2,82.2,79.6,80,69,554
20251124,80.2,84,80.2,83.4,43,355
20251125,83.5,85.9,83.5,84.3,53,449
20251126,88.3,91,87.3,89,177,1578
20251127,90.3,90.4,87.4,87.6,60,530
20251128,89.2,89.3,86,86,32,278
20251201,86,86,85.5,85.5,11,94
20251202,87.5,88.8,86.3,86.8,27,236
20251203,88.5,91.2,88,89.7,95,853
20251204,91.9,91.9,88.6,89.5,34,305
20251205,88.8,89,87.5,88.2,8,71
20251208,88.5,88.5,87.1,87.6,8,70
20251209,87.1,88,87.1,87.5,28,245
20251210,86.5,86.5,85,85.5,38,325
20251211,86.5,87.7,84.5,84.5,24,205
20251212,85,85,83.2,83.5,22,185
20251215,83.5,85.1,83.5,83.5,20,168
20251216,82.6,83.5,81.8,83.5,26,214
20251217,82,83.4,82,82.4,12,99
20251218,81.7,81.7,80,80.4,45,362
20251219,80.4,81.5,79.7,81.3,25,201
20251222,80.9,81,80.8,80.8,9,73
20251223,82.8,83,82,82.1,26,215
20251224,82.5,82.5,81.8,82.1,19,156
20251226,82.6,83.5,82.5,83.4,19,158
20251229,81.1,85,81.1,85,27,222
20251230,82.5,83.2,81.5,81.8,48,394
20251231,81,81.3,79,80.3,67,538
20260102,81.7,81.8,80,80.1,31,250
20260105,80.6,80.6,77.8,78.8,129,1013
20260106,78,79.2,78,78.2,30,236
20260107,78,78.4,77.9,78.1,15,117
20260108,78.1,80.7,78.1,80.3,38,303
20260109,80.6,80.6,78.9,80.4,26,207
20260112,80.4,80.5,78.8,79,37,295
20260113,79.1,79.1,78,78.1,37,289
20260114,78.2,78.3,77.8,77.8,62,483
20260115,77.8,78,77.6,77.7,18,140
20260116,77.7,81.8,77.7,79.8,61,487
20260119,81.9,87.7,81.8,87.7,138,1188
20260120,89.1,95.1,88.7,90,395,3611
20260121,90,90,87.1,88,63,555
20260122,88.1,88.2,86,86,83,719
20260123,87.5,87.5,84.4,84.7,39,332
20260126,84.7,86.7,84.7,86.7,29,248
20260127,89.9,90.2,86,86.3,60,526
20260128,86.3,86.5,84.7,84.7,27,230
20260129,84.7,84.7,84,84,19,160
20260130,84,84,80,82.9,28,229
20260202,80,80.4,80,80.4,28,225
20260203,81.5,81.6,80.1,80.2,10,81
20260204,80.4,80.5,80.4,80.5,5,40
20260205,80.2,80.2,78.9,80.2,9,72
20260206,80,80,78.8,79.4,31,245
20260209,79.5,79.8,78.3,78.3,64,505
20260210,78.5,78.6,78,78.6,14,110
20260211,78.6,79.5,78.1,79.5,22,173
20260223,81.5,81.5,78.2,79.5,21,167
20260224,79.5,79.9,78.4,78.5,44,348
20260225,78.6,79.6,78.5,78.8,30,237
20260226,78.8,80,78.8,79.9,16,127
20260302,79.9,79.9,78,79,29,227
20260303,79,79,78,78.3,42,329
20260304,77.5,77.5,74.4,74.4,58,438
20260305,75,77.2,75,75.5,20,151
20260306,75.8,76.1,75,76.1,13,98
20260309,75,75.2,74,74.9,35,261
20260310,75,75,74.7,75,16,120
20260311,75.6,75.6,74.8,75.1,11,83
20260312,74.7,75.1,74.2,74.5,16,119
20260313,75,75,74.1,74.5,8,60
20260316,74.2,75.9,74,75.8,14,105
20260317,75.8,76,75,75,12,91
20260318,75,76,74.6,74.6,19,143
20260319,74.6,74.6,74,74,23,171
20260320,75,75,73.5,74,10,74
20260323,73,73,72.1,72.5,9,65
20260324,72.2,72.2,72,72,5,36
20260325,72,74.5,71.8,73.9,10,73
20260326,74,74.5,74,74,11,82
20260327,75.8,75.8,73.1,74,16,118
20260330,74,76.2,74,75.9,13,98
20260331,73.6,75.6,72.8,74.2,15,111
20260401,76.9,76.9,75,76.2,26,198
20260402,75.4,75.4,73.7,73.7,13,96
20260407,73.1,74,73,74,15,110
20260408,72.3,74.7,72.3,72.6,30,218
20260409,72.9,74.2,72.6,74.2,12,88
20260410,72.8,74.7,72.8,73.1,28,206
20260413,74.6,74.6,72,72.5,53,387
20260414,73.7,73.8,71.3,71.5,27,194
20260415,71,71.6,70.5,70.7,31,220
20260416,70.7,71.8,70.6,70.9,19,135
20260417,73,73.2,71.1,73.2,42,304
20260420,74.1,74.1,73.3,73.3,32,236
20260421,72.5,72.5,71.7,72.1,19,137
20260422,72.1,72.1,70.7,70.8,36,256
20260423,70.7,70.7,69.5,69.6,55,385
20260424,69.6,70,69.5,69.5,23,160
20260427,69,69,66.8,66.9,39,263
20260428,66.5,66.5,65.1,65.2,43,281
20260429,65.3,66,65.1,65.2,31,202
20260430,63.1,64.2,63.1,63.4,22,140
20260504,63.4,63.7,63.3,63.7,22,140
20260505,63.6,63.6,62.6,63.2,23,145
20260506,65,69.5,65,69.5,63,432
20260507,73.5,76.4,73.5,76.4,211,1596
20260508,75.8,75.8,72.2,73.4,128,940
20260511,73.5,73.5,70.2,72,44,314
20260512,73.9,73.9,70.3,70.7,32,228
20260513,69.6,69.6,68.5,69,15,104
20260514,68.5,69.7,68.5,69.7,7,48
20260515,68.2,71,68.2,71,24,168
20260518,71.8,71.8,68.8,70.3,9,63
20260519,68.5,68.5,67.8,67.8,12,82
20260520,67.3,69.4,67.1,67.2,24,163
20260521,67.3,69.7,67.2,69.7,22,151
20260522,70.2,70.6,69.7,69.7,18,126
20260525,69.7,69.9,68.5,68.8,29,201
20260526,68.3,68.3,66.5,68,26,176
20260527,66.8,67,66,66.6,14,93
20260528,68.4,68.4,65.6,66,22,147
20260529,65.4,66.6,65.4,66.3,36,239
20260601,66.6,67,66.4,66.8,25,167
20260602,66.7,66.7,65.4,65.9,75,493
20260603,65.7,66.7,65.7,66.6,36,239
20260604,67.5,73.2,66.5,73.2,131,923
20260605,75.5,80.3,74.3,76.6,324,2502
20260608,70.2,76,70.2,76,62,443
20260609,76,77.6,73.2,76.6,42,317
20260610,75.2,76,71.6,72.5,37,274
20260611,75.2,75.2,71.3,73.5,33,241
20260612,73.5,75,72,74,42,309
20260615,72.9,73.7,72.6,73.6,41,299
20260616,70.2,70.5,69,69.6,20,139
20260617,68.9,73.6,68.8,72.8,13,93
20260618,72.2,73.5,70.5,71.8,22,157
20260622,71.8,72,71.1,71.1,19,136
20260623,71.2,71.2,68.3,68.3,42,290
20260624,68.4,69,67.2,69,32,216
20260625,68.1,68.5,67,67.9,23,155
20260626,68.5,68.7,66.8,67.2,11,74
20260629,68.2,71.9,68.2,70,39,274
20260630,73.8,74.4,70.1,72.5,89,647
20260701,72.8,76.4,72.8,74.2,122,908
20260702,73.6,78.5,73.6,78.2,161,1240
20260703,76,79.2,76,78.2,97,759
20260706,78.4,81.9,78.4,80.2,129,1040
20260707,80.3,80.3,76.4,76.4,54,424
20260708,76.5,76.5,74.5,75.9,25,189
20260709,76.5,76.9,75.9,75.9,10,76
20260713,76.8,79,76.6,77,76,592
20260714,78.9,80.1,75.7,78.6,105,823
20260715,80.2,83.5,78.3,82.1,146,1186
20260716,83.1,86.1,80.6,84.2,197,1646
20260717,82,84.1,81.3,83,124,1021
20260720,83,84.5,82,82,77,641
20260721,82.2,83.5,80.5,81.3,48,393
20260722,80,82.5,78.2,80.2,62,496
20260723,82,82,80.2,80.8,20,162
20260724,81.4,81.6,79.4,81,24,193
20260727,81,81.8,77.2,81.8,30,239
20260728,79.2,81.3,78.8,81.1,41,328
20260729,78.3,78.9,73.4,77.9,52,401
20260730,77.9,79,75.2,76.6,23,177
20260731,78,79.4,74.7,76.9,38,294
20260803,75.8,76.8,75.8,76.5,7,53
20260804,76.5,77,74.3,76.9,9,69
20260805,76.4,78.7,76.4,78,20,155
20260806,78,79.2,76.7,77.2,12,93
20260807,78.6,80.3,77.5,80.1,27,213
20260810,80.3,80.3,78.5,79.7,17,136
20260811,79.9,80.2,78,79.2,12,95
20260812,78,79.5,77,79,16,125
20260813,80.1,80.1,77.6,77.6,26,204
20260814,77.7,82,77.7,78.8,73,583
20260817,79.5,81.2,77.9,77.9,28,222
20260818,77.7,78.5,76.7,77.9,18,139
20260819,75.8,78.3,75.8,78.2,9,69
20260820,77.2,79,77.2,79,9,71
20260821,79,79.3,77.4,79.3,6,47
20260824,79,79,78.3,78.3,3,24
20260825,77.7,79,77.3,78.5,7,55
20260826,77.7,79.3,76.9,79.2,22,171
20260827,79,79,78.1,78.1,4,31
20260828,77.6,79,77.4,79,23,179
20260831,77.9,77.9,77.3,77.3,5,39
20260901,78.1,79.3,76.7,77.1,20,155
20260902,76.8,77,75.9,77,9,69
20260903,77,77.7,76.2,76.2,8,61
20260904,76,76.3,75.7,75.7,5,38
20260907,75.8,75.8,75.8,75.8,5,38
20260908,75.2,76,75,75.7,15,113
20260909,75,77.3,74.9,77.3,7,53
20260910,75,75,74.5,74.5,3,22
20260911,74.5,75.6,72.1,73.8,38,277
20260914,73.9,73.9,71.7,72.6,19,137
20260915,72.6,72.6,70.1,71.3,15,107
20260916,71,71,68,69,39,269
20260917,70.7,71,69.5,70,7,49
20260918,70,73,70,71.3,20,144
20260921,71.3,71.3,68,68.8,48,330
20260922,69.2,71.3,68,68.3,38,260
20260923,68.5,69,68.3,68.6,9,62
