# date,open,high,low,close,lot,wan
20250814,36.8,37.05,36.8,36.85,17,63
20250815,36.5,37.25,36.35,36.5,11,40
20250818,36.65,36.7,36.6,36.7,14,51
20250819,37,37.45,36.7,37.45,22,81
20250820,37.45,37.95,36.8,37.7,14,52
20250821,37,37.5,36.75,37.5,10,37
20250822,36.8,37.5,36.8,37.5,8,30
20250825,37.05,37.45,37.05,37.05,6,22
20250826,37.05,37.1,36.2,37.05,18,66
20250827,37,37,36.8,36.85,22,81
20250828,36.9,37.45,36.9,37.45,7,26
20250829,38,39,37.8,39,44,167
20250901,39,39,38,39,13,50
20250902,37.4,39.5,37.4,39.05,9,34
20250903,37.6,38.8,37.6,37.7,10,38
20250904,38,38.85,38,38.5,3,12
20250905,39.05,39.5,38.5,39.5,34,134
20250908,39.5,40.5,39.5,40.1,121,478
20250909,39.8,39.8,38.7,38.7,4,16
20250910,39.4,40.2,38.5,40.2,48,190
20250911,39.5,39.9,38.8,39.9,11,43
20250912,39.7,39.9,38.7,39.7,8,32
20250915,39.7,39.8,38.3,38.3,11,43
20250916,38.3,39.55,38,38.5,14,54
20250917,38.3,39,38.3,39,34,132
20250918,38.8,39.9,37.9,38.9,40,154
20250919,38.1,38.3,37.5,38.3,54,205
20250922,38.3,39,37,38.4,87,325
20250923,38.05,38.2,37,37,68,253
20250924,36.9,38,36.6,38,55,205
20250925,37.5,38,37.25,37.55,33,124
20250926,37.45,37.45,37.3,37.3,29,108
20250930,37.5,37.65,37.5,37.65,17,64
20251001,37.5,37.65,37.3,37.4,43,161
20251002,37.5,37.55,37.4,37.55,14,52
20251003,37.55,37.8,37.55,37.7,22,83
20251007,37.7,38.3,37.7,38.3,31,118
20251008,38.05,38.55,38,38.55,22,84
20251009,38.5,39.5,38.5,39,42,163
20251013,38.05,38.05,38,38,9,34
20251014,38.05,38.1,37.3,37.3,30,114
20251015,38.45,38.5,38.3,38.3,5,19
20251016,38,38,38,38,4,15
20251017,37.9,38,37.4,38,42,158
20251020,38,38,37.5,37.5,4,15
20251021,37.4,38.3,37.4,38.3,5,19
20251022,37.55,37.55,37.55,37.55,1,4
20251023,37.5,38.3,37.45,38.3,9,34
20251027,38.3,38.3,38.3,38.3,4,15
20251028,38,38,37.5,38,11,42
20251029,38,38.1,38,38.1,9,34
20251031,37.6,38.95,37.6,38.95,2,8
20251103,37.8,38.5,37.8,38.5,2,8
20251104,38.4,38.4,38.4,38.4,2,8
20251105,38,38,38,38,3,11
20251106,38,38,38,38,1,4
20251107,37.5,38.2,37.05,38.2,8,30
20251110,37.05,38,37.05,38,7,26
20251111,37.8,37.8,37.8,37.8,2,8
20251112,37.7,37.7,37.7,37.7,1,4
20251113,37.5,37.5,37.05,37.4,14,52
20251114,37.5,38.1,37,38.1,5,19
20251121,36.85,37.25,36.85,36.85,10,37
20251125,36.6,36.6,36.45,36.45,3,11
20251126,36.5,36.5,36.45,36.45,3,11
20251127,38,38,38,38,5,19
20251128,38.4,38.4,37.5,37.5,12,46
20251201,37.5,38.25,37.45,38.25,15,56
20251203,38.2,38.3,38.2,38.25,10,38
20251204,38.25,38.3,38.25,38.3,10,38
20251205,38,38.1,38,38,8,30
20251208,38,38,38,38,4,15
20251209,38,38,38,38,5,19
20251210,38.3,38.3,38,38,9,34
20251211,38,38,37.95,37.95,9,34
20251212,38.2,38.2,38.2,38.2,1,4
20251215,37.8,37.8,37.7,37.7,3,11
20251216,37.7,37.7,37.65,37.65,7,26
20251217,37.95,37.95,37.7,37.85,11,42
20251218,37.7,37.7,37.65,37.65,10,38
20251219,37.65,37.7,37.5,37.5,7,26
20251222,37.55,37.8,37.55,37.6,55,207
20251223,37.7,37.7,37.55,37.55,16,60
20251224,37.55,37.9,37.5,37.9,13,49
20251226,37.6,37.6,37.55,37.55,4,15
20251229,37.55,37.55,37.55,37.55,3,11
20251231,37.6,38.1,37.6,37.8,11,42
20260102,37.9,37.9,37.65,37.65,10,38
20260105,37.65,38.55,37.6,38.5,48,182
20260106,38.3,38.3,37.65,37.7,15,57
20260107,37.65,37.7,37.65,37.7,3,11
20260108,38.5,40,38.5,39,36,142
20260109,39,39.95,39,39.3,30,118
20260112,39,39.3,38,38.35,26,100
20260113,38.4,39.3,38.4,39,6,23
20260114,39.6,39.6,39,39,13,51
20260115,39.05,39.05,38,38,20,77
20260116,39.75,39.75,39.1,39.35,19,75
20260119,39.65,40.6,39.65,40.3,44,177
20260120,40.5,40.6,40.3,40.6,51,206
20260121,41.45,41.8,41,41.5,45,187
20260122,41.9,42.4,41.75,42.3,70,294
20260123,42.15,45,41.95,44.95,69,299
20260126,49.4,49.4,49.35,49.4,141,697
20260127,50.8,53,49.45,52.3,323,1650
20260128,51.3,55,50.5,52.6,235,1236
20260129,54.2,57.8,54.2,57.8,600,3412
20260130,59.6,63.5,56,63.1,1223,7436
20260202,60.9,61,56.8,59,619,3654
20260203,59.9,61.5,56.6,58,337,1996
20260204,63.8,63.8,63.8,63.8,369,2354
20260205,68,70.1,68,70.1,683,4738
20260206,72.1,75.4,63.1,70.6,1012,6921
20260209,73.2,76.2,68.3,68.3,633,4568
20260210,67.8,67.8,62,65,541,3453
20260211,59,61.5,59,59.1,336,2014
20260223,58.2,64.9,56.8,62.5,419,2579
20260224,65.8,65.8,62.8,63.7,317,2026
20260225,61.9,63.7,61.7,61.8,188,1171
20260226,62.5,63.7,61.8,61.9,296,1850
20260302,61.6,63.1,60.4,61.2,239,1478
20260303,61.1,62.5,58.5,58.5,173,1048
20260304,56.5,56.5,52.7,53.5,262,1409
20260305,55,56.1,54,54.2,171,934
20260306,53.8,53.8,51,51.8,120,628
20260309,49,49,46.65,46.7,294,1385
20260310,47.6,51.3,47.6,51.3,153,766
20260311,53,56.4,52.9,56.4,206,1132
20260312,54.7,59,53.8,55,273,1516
20260313,54.5,55.9,54.3,55,72,395
20260316,56.5,57.8,54.4,54.4,130,725
20260317,55.8,59.8,55.7,58.8,397,2332
20260318,58.5,58.8,57.5,57.8,152,884
20260319,56.9,59,56.7,56.7,103,591
20260320,56.7,58.6,55.8,55.8,49,278
20260323,55.5,59,55,55.6,174,984
20260324,56.2,56.9,54,54,90,496
20260325,55.4,56.8,54.9,56.4,51,286
20260326,56.5,62,56.5,62,400,2442
20260327,65.3,68.2,62,66,2827,18672
20260330,67.6,72.6,67.6,72.6,2287,16435
20260331,77.6,79.8,75,77.4,4033,31737
20260401,80.6,82.7,72.2,72.5,4817,36890
20260402,72.1,76.9,68.2,68.2,1637,11753
20260407,69.3,72,66.6,67.4,748,5143
20260408,68.9,74.1,66.3,74.1,1222,8608
20260409,74.7,77.7,73,74,1535,11507
20260410,74.3,76.4,71.2,72.6,712,5238
20260413,72.6,77,71.8,74.3,927,6914
20260414,75,77.2,73.5,76.4,807,6096
20260415,76.2,81.1,76,79.1,882,6888
20260416,79.2,79.9,74.1,74.2,676,5162
20260417,74,75.8,72.7,72.8,350,2588
20260420,72.8,77.5,72.8,77.1,467,3538
20260421,77.2,78.9,75.5,77.6,426,3285
20260422,78,81.6,77.6,79.7,796,6364
20260423,81.2,81.9,71.8,73.1,825,6252
20260424,73.8,74.8,68.8,70.5,287,2046
20260427,69.4,71.1,68.5,69.8,186,1297
20260428,72.3,73.2,70.6,71.2,194,1394
20260429,71.2,72.8,69,69,157,1109
20260430,69.1,70.6,68.7,69.2,109,759
20260504,76.1,76.1,76.1,76.1,133,1012
20260505,83.7,83.7,82.8,83.7,553,4628
20260506,88,89.2,79,80.3,1469,12301
20260507,83.7,88.3,81.8,88.3,1118,9726
20260508,88.3,96.5,84.2,84.2,1878,16851
20260511,88.6,88.6,81.9,82.8,612,5223
20260512,84.6,84.6,80.7,82,348,2859
20260513,81.5,81.5,78.3,78.9,283,2252
20260514,81.3,81.3,76.5,77.4,310,2409
20260515,78,79,76.1,76.2,258,1993
20260518,76,83.8,72.8,83.8,676,5524
20260519,91,92.1,90.2,92.1,468,4290
20260520,101,101,88.8,89,2764,26458
20260521,97.8,97.9,92.8,92.9,1953,18844
20260522,92,94.8,89.1,90.6,686,6280
20260525,92,93.1,90.6,91.1,464,4257
20260526,91.3,93.7,90.3,91.7,422,3882
20260527,93.3,93.3,90.8,91.8,272,2486
20260528,94.5,100.5,94.5,100.5,810,8041
20260529,110.5,110.5,110.5,110.5,174,1923
20260601,121.5,121.5,121.5,121.5,154,1871
20260602,133.5,133.5,133.5,133.5,197,2630
20260603,146.5,146.5,123,127,2199,29086
20260604,126.5,130,118.5,122.5,457,5709
20260605,113,114.5,110.5,111.5,391,4388
20260608,101.5,119.5,101.5,117,332,3621
20260609,119,122,112.5,116,247,2910
20260610,116,121,116,116,200,2350
20260611,112.5,117,106,112,105,1160
20260612,118,119,114,114,75,871
20260615,116.5,117,110,117,102,1161
20260616,120,120,117.5,118,115,1366
20260617,118,118,113.5,113.5,156,1783
20260618,112,114,102.5,104.5,831,8682
20260622,104,104,99.2,100,563,5669
20260623,100.5,101,95.2,95.4,311,3029
20260624,93,95.4,92.9,94.8,163,1532
20260625,97,97,93.1,93.9,193,1818
20260626,93.1,93.6,86.3,86.6,233,2084
20260629,86,86.6,83.4,84.7,191,1621
20260630,90,90,86.2,87,123,1076
20260701,87,87.7,83.9,84.5,136,1161
20260702,82.8,88,82.8,86.9,155,1329
20260703,87.8,89.7,86.1,88.2,147,1291
20260706,90.2,90.6,85.3,86.6,161,1407
20260707,83.9,83.9,78.2,78.2,363,2922
20260708,78,78,75,76.6,97,740
20260709,76.8,77.8,75.5,75.5,55,422
20260713,75.7,75.7,72.3,73.6,141,1038
20260714,72.9,73.5,68.6,70.8,98,693
20260715,69.9,73,69.9,72.8,113,808
20260716,71.1,72.1,70,71.2,39,276
20260717,70.2,70.2,65.2,65.8,97,648
20260720,65.8,67.2,64,65.7,125,816
20260721,72.2,72.2,72.2,72.2,53,383
20260722,79.4,79.4,79.4,79.4,68,540
20260723,78.5,79.2,72.6,73.1,285,2160
20260724,72.7,74,70.3,71.2,86,620
20260727,70,71.8,66.7,68.4,47,326
20260728,66.5,68.2,65,65,72,476
20260729,65,68,58.5,66.5,121,739
20260730,63.9,65.5,63,63.2,65,416
20260731,69.4,69.4,67,67.6,75,513
20260803,67.1,69.1,67.1,67.8,97,659
20260804,66.3,71.4,66.3,70.9,130,906
20260805,72.5,73,71.8,72.1,49,355
20260806,70.8,74,70.8,73.6,48,347
20260807,74,74.8,71,71.3,59,429
20260810,71.5,74,69,73.5,58,421
20260811,72.4,72.6,71.4,72.6,15,108
20260812,72.6,73,71.8,72.6,22,159
20260813,72.6,75.3,72.3,72.6,76,559
20260814,70.3,72.8,70.3,71.4,57,409
20260817,71.4,73,71.4,72,16,115
20260818,70.3,71.3,68.9,71.3,23,162
20260819,71.3,71.3,70.1,71,12,85
20260820,71,71,69.2,69.4,23,160
20260821,70,70.8,69.4,70.8,14,98
20260824,70.2,71.9,70.2,71,11,78
20260825,69.3,70.4,68.6,69.3,37,256
20260826,69.3,69.6,68.1,69.2,51,351
20260827,69.2,71.5,69,70.2,39,275
20260828,70.3,71,69.6,71,44,310
20260831,68.8,71.1,68.8,70.4,21,147
20260901,68.6,77.4,68.6,72.5,220,1662
20260902,72.7,75,72,73.6,124,906
20260903,75.2,75.2,70.3,70.3,58,420
20260904,72.1,77.3,72.1,77.3,199,1524
20260907,85,85,85,85,311,2644
20260908,93.5,93.5,89.1,92,1777,16464
20260909,92.4,92.9,88.2,91.5,495,4465
20260910,92,92,88,88,206,1842
20260911,85.9,86.9,81.5,84,220,1854
20260914,82.7,84.9,82,83.5,120,999
20260915,83.6,83.6,80,80.2,135,1096
20260916,81,83,80.5,81.8,78,639
20260917,81.8,81.9,80,80.1,89,717
20260918,80.7,82.6,80.1,81.8,90,731
20260921,82.5,89.9,82.1,89.9,162,1428
20260922,87.5,90,85,87,287,2511
20260923,89.5,89.5,84,85.5,118,1013
20260924,88,90.2,85.1,87.7,129,1135
