# date,open,high,low,close,lot,wan
20250814,40.3,40.6,40.2,40.55,78,315
20250815,40.1,40.15,39.95,40,138,552
20250818,40,40,39.85,39.9,69,275
20250819,39.9,39.9,39.05,39.25,114,447
20250820,39.5,39.5,38.8,38.8,99,386
20250821,38.8,39.3,38.7,38.75,63,245
20250822,38.8,39.5,38.75,38.8,70,273
20250825,39,39,38.3,38.35,105,405
20250826,38.05,38.05,37.15,37.5,208,781
20250827,37.5,37.5,36.3,36.45,224,820
20250828,36.05,39.45,36,37.7,312,1181
20250829,37.5,37.5,36.45,36.5,195,716
20250901,36.35,38.2,36.35,37.6,145,540
20250902,37.6,37.6,36.8,36.8,87,323
20250903,36.65,37.1,36.4,37.1,82,302
20250904,37.1,39.8,36.8,38.3,171,653
20250905,38.3,38.45,37.7,38.2,121,461
20250908,38.2,39.45,37.5,38.2,158,600
20250909,38.2,38.7,38.15,38.6,100,384
20250910,39.45,39.45,38.35,38.5,90,348
20250911,38.6,41.6,38.6,39.5,389,1564
20250912,39.5,39.5,38.6,38.8,118,458
20250915,38.8,39.2,38.3,38.6,59,227
20250916,38.5,38.8,38.4,38.5,38,146
20250917,38.1,38.6,38,38.3,55,211
20250918,38.5,38.6,38.05,38.55,82,314
20250919,38.3,38.6,37.6,37.7,176,667
20250922,37.7,37.7,37.5,37.7,82,308
20250923,37.5,37.7,37.1,37.7,91,340
20250924,37.7,37.7,37.2,37.35,64,239
20250925,37.65,38.7,37.65,38.3,118,450
20250926,38.05,38.05,37.25,37.45,78,292
20250930,37.4,37.4,37.2,37.25,31,115
20251001,37.25,37.55,37,37,65,241
20251002,37.05,37.05,36.95,36.95,35,130
20251003,36.95,37.5,36.9,37,76,282
20251007,37.5,40.7,37.2,40.6,367,1423
20251008,40.5,41,39,40,220,877
20251009,40.5,43.4,40.5,42.1,444,1868
20251013,39.05,42.1,39,42.1,278,1123
20251014,42.8,43.8,41.7,42,332,1408
20251015,41.8,42.85,41,41.5,253,1060
20251016,41.5,42.6,41,41.8,228,959
20251017,42.4,42.4,41.4,41.6,132,552
20251020,41.6,42.55,41.5,41.8,82,344
20251021,41.8,41.85,40.9,41.85,153,635
20251022,41.35,42.5,41.35,41.5,140,585
20251023,41.45,41.8,39.95,40.7,191,774
20251027,40.25,40.7,39.85,40.1,129,519
20251028,40.55,41,40.05,40.1,81,328
20251029,40.75,40.75,40,40.35,53,214
20251030,40.35,42,40.05,41.1,212,870
20251031,41.9,42.45,41,41.45,126,522
20251103,41.75,42.4,41.05,42,292,1220
20251104,41.95,42.5,40.5,42,248,1030
20251105,41.15,42,41.15,41.25,123,511
20251106,41.25,42,41.15,41.2,159,660
20251107,41.2,41.6,40.1,40.25,175,711
20251110,40.3,40.3,38.1,38.9,208,813
20251111,38.8,39.85,37.8,37.95,149,574
20251112,38.55,38.9,37.95,37.95,66,252
20251113,37.95,37.95,36.3,36.5,330,1212
20251114,36,36.3,35.2,35.2,210,749
20251117,35.2,35.2,34.05,34.05,161,556
20251118,34,34,32.5,33.15,210,694
20251119,33.2,33.3,32.85,33,133,440
20251120,33,34.15,33,33.1,111,369
20251121,33.1,33.1,32,32.2,107,347
20251124,32.25,32.35,32.2,32.2,35,113
20251125,32.3,33,32.3,32.9,73,238
20251126,32.8,33.95,32.8,33.95,147,488
20251127,33.8,33.9,33.1,33.2,148,493
20251128,33.2,34.05,33.15,33.55,54,181
20251201,33.55,33.55,32.75,32.8,95,313
20251202,32.6,32.9,32.6,32.65,23,75
20251203,33.5,34.2,33.1,33.6,71,240
20251204,33.6,33.95,33.05,33.8,35,117
20251205,33.3,33.3,32.9,32.95,70,231
20251208,33.15,33.15,32.15,32.25,101,327
20251209,32.1,32.25,31.55,31.85,124,395
20251210,31.45,32.45,31.45,32.45,68,217
20251211,32.25,32.25,31.6,31.75,141,449
20251212,31.85,31.9,31.4,31.6,59,186
20251215,31.2,32.6,31.05,31.9,62,195
20251216,31.9,31.9,31.1,31.35,66,207
20251217,31.35,32.3,31.35,31.8,22,70
20251218,31.6,32.3,31.45,31.9,39,124
20251219,31.9,32.5,31.65,31.7,43,137
20251222,31.7,31.85,31.7,31.7,43,137
20251223,31.8,32.5,31.7,31.95,87,279
20251224,31.6,31.85,31.5,31.75,23,73
20251226,31.7,32.25,31.7,31.9,41,131
20251229,31.6,31.8,31.45,31.5,32,101
20251230,31.1,31.5,31.1,31.4,21,66
20251231,31.9,34.45,31.9,33.6,712,2376
20260102,33.6,33.6,32.75,33.2,173,575
20260105,33.5,33.5,32,32,313,1012
20260106,32.05,33,31.9,32.35,150,486
20260107,32.15,33.4,32.15,33,207,679
20260108,33,33,32.55,32.6,89,292
20260109,32.4,33.15,32.25,33.15,107,351
20260112,33.25,33.25,32.5,32.85,114,374
20260113,32.85,35.8,32.85,35,702,2435
20260114,35,35,33.95,34.55,248,854
20260115,34.55,34.9,34.1,34.35,191,656
20260116,34.45,34.45,33.75,34,163,554
20260119,34,34.2,33.85,34.05,78,265
20260120,34.4,35.8,34.4,34.4,288,1004
20260121,34.5,34.8,34.05,34.05,131,450
20260122,34.75,34.9,34,34.5,131,453
20260123,34.45,34.45,33.5,33.65,187,631
20260126,33.5,33.8,33.5,33.55,100,337
20260127,34.1,34.1,33.25,33.3,142,474
20260128,33.2,33.45,32.9,33.05,92,304
20260129,33.05,33.2,32.9,32.95,68,225
20260130,32.8,32.8,32.3,32.35,85,276
20260202,32.5,32.55,31.7,31.8,66,211
20260203,32.2,32.5,31.95,32.15,113,364
20260204,32.2,32.5,32.05,32.45,74,240
20260205,32.7,34.45,32.7,32.95,165,549
20260206,32.95,32.95,32.35,32.75,68,222
20260209,32.75,33.2,32.75,33,67,221
20260210,33,33.05,32.7,32.85,59,194
20260211,33.1,33.1,32.55,32.55,64,209
20260223,32.55,32.9,32.2,32.8,103,336
20260224,32.45,32.5,32.2,32.25,81,262
20260225,32.15,32.3,32.05,32.2,54,174
20260226,32.2,32.2,31.8,31.9,93,297
20260302,31.85,31.85,31.05,31.65,103,324
20260303,31.55,31.55,31.3,31.3,71,223
20260304,31.3,31.3,30.05,30.3,98,298
20260305,30.35,30.9,30.35,30.9,39,120
20260306,31.1,31.1,30.5,30.8,34,105
20260309,30.45,30.45,29.9,30.05,96,288
20260310,30.5,30.65,30.2,30.5,70,213
20260311,30.55,30.7,30.1,30.7,71,216
20260312,30.7,30.7,30.3,30.7,38,116
20260313,30.65,31.1,30.65,30.8,56,173
20260316,31,31.2,30.6,31.1,156,482
20260317,31.1,32.15,31.1,31.6,113,357
20260318,32.75,33.5,31.9,33.5,395,1290
20260319,33.25,34.4,33.1,33.5,172,578
20260320,33.4,34.5,33.4,34.05,216,733
20260323,33.95,34.5,33.05,34.3,176,601
20260324,34,34.8,34,34.6,189,653
20260325,34.7,35.5,34.55,35.1,206,721
20260326,34.9,35.2,33.9,34.85,251,876
20260327,34.85,35,34.3,34.3,163,565
20260330,34.1,34.8,33.25,34.45,161,549
20260331,34.4,34.9,34.05,34.6,141,487
20260401,34.85,34.95,34.4,34.4,78,270
20260402,34.4,34.75,34.3,34.5,71,245
20260407,34.3,35.1,34.2,34.35,127,441
20260408,35,35.2,34.1,34.45,111,385
20260409,34.9,35.1,34.55,34.75,52,181
20260410,34.8,35,34.5,34.65,41,142
20260413,34.85,35,34.2,34.45,152,526
20260414,34.75,35,33.8,33.8,160,552
20260415,34.45,34.75,34.05,34.5,200,688
20260416,34.4,34.8,34.3,34.35,125,432
20260417,34.45,34.6,34.3,34.45,63,217
20260420,34.45,34.65,34.3,34.35,85,293
20260421,34.1,34.55,34.05,34.4,172,590
20260422,34.4,34.45,34.15,34.4,138,474
20260423,34.35,34.6,33.2,33.35,107,365
20260424,33.95,33.95,33.3,33.35,65,218
20260427,33.85,34.5,31.6,31.95,157,506
20260428,30.6,31.2,30.6,30.7,133,411
20260429,30.2,30.65,30.1,30.45,191,577
20260430,30.35,30.35,30.05,30.05,72,217
20260504,30.1,30.1,28.75,28.8,285,832
20260505,28.8,28.85,28.1,28.4,186,527
20260506,28.35,28.35,27.5,27.6,200,556
20260507,27.45,30.3,27.1,28.7,355,1027
20260508,28.1,28.45,27.7,28.15,107,300
20260511,28.1,28.15,27.2,27.65,170,471
20260512,27.7,27.7,27.05,27.4,92,251
20260513,27.05,27.45,26.35,26.75,302,809
20260514,26.8,27.05,26.1,26.45,176,465
20260515,26.35,26.35,24.75,24.75,280,710
20260518,24.75,25.55,24.75,25.5,176,445
20260519,25.5,25.5,24.75,24.9,108,271
20260520,25,25.2,24.75,24.9,88,219
20260521,24.9,25.1,24.75,24.85,94,235
20260522,24.8,24.9,24.6,24.75,102,252
20260525,24.75,24.75,23.75,23.8,227,543
20260526,23.45,23.7,23.2,23.7,165,387
20260527,23.65,23.7,23.15,23.2,125,292
20260528,23.2,23.45,22.6,22.7,111,254
20260529,22.55,23.45,22.5,22.8,181,417
20260601,23.05,23.05,22.3,22.65,185,416
20260602,22.65,23.3,22.5,22.9,139,319
20260603,23.1,23.15,22.6,23.1,182,415
20260604,23,23.75,22.9,23.35,209,485
20260605,23.85,24.1,22.85,22.95,243,565
20260608,22.45,22.9,22.2,22.8,84,189
20260609,22.9,23.1,22.9,23,134,308
20260610,23,23.3,22.8,22.8,81,186
20260611,22.7,22.8,22.6,22.6,68,154
20260612,22.75,23.5,22.75,22.9,131,302
20260615,23,23.45,22.8,23.45,225,522
20260616,23.05,23.75,23.05,23.6,176,414
20260617,25.9,25.9,24.15,24.5,294,730
20260618,24.5,24.5,23.7,23.8,207,496
20260622,23.8,23.95,23.25,23.35,155,363
20260623,23.35,23.35,22.95,23.1,137,317
20260624,22.85,23.15,22.85,22.95,29,67
20260625,22.8,23.25,22.8,23.1,76,175
20260626,23,23.05,22.55,22.55,80,183
20260629,22.75,22.8,22.65,22.7,19,43
20260630,22.7,22.85,22.65,22.8,16,36
20260701,22.8,22.8,22.35,22.4,28,63
20260702,22.65,22.7,22.45,22.65,12,27
20260703,22.8,23.35,22.8,23.1,69,159
20260706,23.1,23.65,23,23.25,62,144
20260707,23.25,23.4,22.7,22.7,28,64
20260708,22.75,22.95,22.7,22.95,11,25
20260709,23.25,23.25,22.7,22.7,7,16
20260713,22.7,22.8,22.2,22.25,80,178
20260714,22.05,22.15,20.4,21,125,268
20260715,20.5,21.2,20.5,21.05,57,119
20260716,20.75,21.1,20.55,20.95,39,81
20260717,20.5,20.95,20.45,20.45,49,101
20260720,20.4,20.9,20.15,20.5,38,77
20260721,20.5,20.7,20.5,20.55,24,49
20260722,20.65,21.1,20.5,20.6,58,120
20260723,20.6,20.75,20,20.25,75,152
20260724,20.25,20.25,20.05,20.25,29,58
20260727,20.4,20.4,20,20.25,47,95
20260728,20,20.05,19.8,19.9,40,80
20260729,19.6,19.6,18.9,19.15,114,218
20260730,18.9,19.1,18.3,18.55,115,214
20260731,18.55,19.2,18.45,18.75,76,141
20260803,18.75,18.75,18.3,18.45,86,159
20260804,18.45,18.6,18.35,18.6,37,68
20260805,18.6,18.7,18.45,18.45,46,85
20260806,18.25,18.7,18.2,18.5,33,61
20260807,18.5,20.35,18.5,20.35,207,415
20260810,21.5,22.35,20.85,21.95,620,1334
20260811,21.3,21.85,20.6,20.6,205,431
20260812,20.6,21.2,20.45,20.55,138,286
20260813,20.7,22.1,20.45,20.5,417,874
20260814,20.5,20.5,19.85,20.1,152,305
20260817,19.8,19.8,19,19.15,127,245
20260818,19.45,19.45,18.8,18.9,96,183
20260819,18.9,19.15,18.5,19.15,76,143
20260820,19.25,19.3,18.7,19.05,63,120
20260821,19.05,19.4,19,19.2,61,117
20260824,19.7,19.7,19.3,19.4,70,136
20260825,19.4,19.4,19.05,19.1,35,67
20260826,19.1,19.1,18.7,18.95,100,189
20260827,19,19.3,18.9,19,71,135
20260828,19.1,19.3,19.05,19.15,25,48
20260831,19.6,19.6,19.2,19.2,39,76
20260901,19.05,19.15,18.95,19.1,21,40
20260902,18.95,19.05,18.7,18.85,74,139
20260903,18.9,19,18.8,18.8,15,28
20260904,19.3,19.3,18.55,18.95,32,60
20260907,18.65,18.75,18.4,18.7,37,69
20260908,18.55,18.7,18.5,18.6,30,56
20260909,18.6,19.1,18.5,19,71,133
20260910,19.15,20.65,19.15,19.8,346,687
20260911,19.75,20,19.25,19.4,41,80
20260914,19.15,19.15,18.85,19.05,24,46
20260915,18.9,19,18.65,18.75,24,45
20260916,18.8,18.8,18.5,18.75,35,65
20260917,18.8,19.05,18.65,18.75,22,42
20260918,18.75,18.8,18.7,18.8,14,26
20260921,18.6,18.6,18.35,18.55,107,197
