# date,open,high,low,close,lot,wan
20250917,882,925,882,919,2075,186455
20250918,915,923,886,895,1326,119779
20250919,890,917,890,914,768,69489
20250922,916,989,916,976,1311,125718
20250923,973,975,913,932,1008,94806
20250924,921,922,898,911,518,47005
20250925,905,915,894,900,489,44052
20250926,886,902,826,890,890,76899
20250930,888,888,858,870,281,24428
20251001,864,885,863,884,240,20985
20251002,886,888,861,866,246,21479
20251003,850,860,830,830,477,40156
20251007,826,863,807,852,365,30796
20251008,860,877,852,865,161,13891
20251009,867,870,835,846,295,25028
20251013,817,858,816,852,205,17313
20251014,865,865,836,840,304,25851
20251015,841,841,810,817,293,24072
20251016,820,830,814,818,215,17652
20251017,818,832,817,826,72,5888
20251020,833,833,815,818,55,4471
20251021,817,817,786,804,392,31295
20251022,807,855,807,840,584,48836
20251023,830,851,830,844,333,27980
20251027,855,860,827,838,313,26177
20251028,835,843,826,840,112,9368
20251029,843,866,838,857,280,23805
20251030,857,875,823,838,255,21601
20251031,830,845,830,845,71,5916
20251103,833,835,815,819,164,13560
20251104,822,831,809,819,89,7264
20251105,805,818,790,818,134,10780
20251106,810,838,808,838,99,8173
20251107,838,846,824,846,143,11962
20251110,844,845,813,828,128,10574
20251111,823,823,787,788,336,26786
20251112,780,783,748,760,328,24937
20251113,765,765,732,747,295,22143
20251114,747,762,740,758,109,8194
20251117,765,813,765,786,374,29595
20251118,777,784,745,751,235,17775
20251119,750,752,734,749,146,10847
20251120,754,757,743,743,103,7750
20251121,733,740,705,705,174,12511
20251124,708,716,698,703,174,12300
20251125,717,717,699,708,83,5838
20251126,710,751,710,747,144,10586
20251127,747,747,717,731,130,9408
20251128,727,753,726,753,131,9760
20251201,747,747,730,738,62,4541
20251202,738,743,732,733,28,2101
20251203,734,749,731,747,80,5922
20251204,759,821,759,813,532,42443
20251205,796,806,777,780,361,28613
20251208,780,795,768,776,113,8807
20251209,775,783,770,783,110,8569
20251210,783,783,769,779,94,7294
20251211,793,845,793,841,606,50216
20251212,834,872,833,862,357,30564
20251215,858,878,848,864,276,23740
20251216,847,860,802,860,261,21661
20251217,837,860,828,850,122,10331
20251218,835,848,830,845,73,6119
20251219,850,855,844,849,111,9471
20251222,844,850,840,849,51,4297
20251223,849,876,842,862,187,16181
20251224,857,865,851,858,77,6577
20251226,861,872,855,871,175,15175
20251229,871,871,853,853,61,5209
20251230,853,862,837,860,98,8369
20251231,861,864,853,862,71,6135
20260102,860,880,854,880,247,21557
20260105,874,885,860,877,112,9745
20260106,877,880,872,878,106,9292
20260107,872,872,842,853,144,12279
20260108,843,860,843,860,40,3450
20260109,860,860,835,855,72,6101
20260112,873,893,872,887,337,29788
20260113,892,892,862,879,157,13704
20260114,879,879,846,868,116,9976
20260115,856,870,851,864,57,4871
20260116,855,865,851,864,67,5776
20260119,856,868,852,853,82,7042
20260120,850,870,850,865,114,9875
20260121,855,865,850,863,103,8827
20260122,865,873,859,859,87,7511
20260123,868,932,857,930,719,65024
20260126,920,928,899,920,324,29541
20260127,922,978,922,976,618,59186
20260128,970,989,964,984,319,31190
20260129,985,992,952,963,208,20216
20260130,971,971,931,963,224,21275
20260202,967,1010,953,1005,602,59702
20260203,1000,1000,973,996,348,34381
20260204,995,1095,986,1080,806,84291
20260205,1075,1100,1055,1070,497,53739
20260206,1060,1130,1035,1100,903,98086
20260209,1095,1150,1080,1140,753,84461
20260210,1135,1155,1115,1150,457,52329
20260211,1190,1230,1165,1230,889,107102
20260223,1215,1250,1165,1220,584,70463
20260224,1215,1255,1185,1245,627,76634
20260225,1245,1325,1235,1300,728,94186
20260226,1330,1355,1310,1345,1812,243184
20260302,1255,1350,1255,1280,749,98230
20260303,1285,1290,1220,1255,581,73163
20260304,1205,1245,1160,1240,642,77843
20260305,1275,1340,1270,1335,470,61267
20260306,1310,1310,1255,1295,328,42028
20260309,1195,1220,1170,1215,463,55050
20260310,1265,1285,1185,1265,325,40634
20260311,1270,1315,1255,1310,367,47319
20260312,1310,1375,1290,1345,343,45932
20260313,1310,1335,1295,1320,157,20674
20260316,1330,1360,1295,1340,118,15702
20260317,1340,1410,1340,1370,238,32946
20260318,1400,1440,1390,1440,265,37769
20260319,1390,1455,1390,1440,290,41493
20260320,1430,1430,1340,1340,1031,139392
20260323,1240,1350,1240,1300,325,42594
20260324,1325,1325,1225,1255,350,44135
20260325,1290,1330,1260,1265,435,55957
20260326,1260,1330,1255,1290,216,28054
20260327,1265,1305,1255,1285,232,29613
20260330,1260,1340,1245,1340,333,43751
20260331,1360,1360,1230,1265,317,40441
20260401,1300,1355,1295,1355,328,43794
20260402,1360,1380,1320,1340,205,27549
20260407,1405,1430,1390,1430,369,52049
20260408,1460,1460,1365,1445,466,66206
20260409,1445,1505,1420,1420,543,78802
20260410,1465,1500,1420,1500,477,70294
20260413,1575,1620,1500,1580,768,120744
20260414,1590,1670,1565,1655,698,113745
20260415,1680,1710,1635,1660,438,73087
20260416,1675,1690,1610,1670,264,43719
20260417,1690,1810,1670,1810,554,97274
20260420,1800,1950,1775,1915,655,122647
20260421,1905,1965,1890,1940,443,85151
20260422,2120,2130,2010,2040,938,193997
20260423,2045,2240,2015,2240,1464,315016
20260424,2300,2325,2105,2120,1339,294555
20260427,2210,2240,2100,2185,528,114134
20260428,2225,2400,2225,2400,886,209000
20260429,2375,2475,2310,2400,690,165734
20260430,2475,2630,2355,2575,776,196068
20260504,2600,2655,2555,2650,649,168825
20260505,2800,2800,2630,2670,526,140929
20260506,2705,2705,2415,2595,1040,262075
20260507,2590,2625,2525,2605,311,80338
20260508,2610,2710,2545,2545,457,119836
20260511,2790,2795,2790,2795,255,71112
20260512,3060,3070,2990,3070,549,168309
20260513,2950,3050,2765,2765,1115,318145
20260514,2850,2920,2705,2745,685,191300
20260515,2745,2775,2480,2555,892,232128
20260518,2520,2605,2495,2540,706,179266
20260519,2520,2530,2290,2350,1119,265307
20260520,2410,2520,2330,2495,2366,570825
20260521,2570,2570,2405,2405,710,174882
20260522,2380,2440,2340,2390,406,96915
20260525,2485,2580,2470,2535,539,135819
20260526,2570,2700,2535,2630,829,217737
20260527,2655,2665,2460,2510,511,130485
20260528,2550,2550,2300,2375,410,99089
20260529,2400,2445,2360,2390,284,67999
20260601,2400,2425,2220,2250,984,223521
20260602,2280,2305,2200,2200,628,140926
20260603,2240,2320,2240,2295,264,60354
20260604,2320,2330,2285,2285,202,46553
20260605,2315,2315,2205,2260,175,39654
20260608,2040,2220,2040,2185,257,55412
20260609,2195,2285,2165,2215,285,63216
20260610,2215,2255,2115,2135,209,45676
20260611,2135,2140,1980,2090,394,81342
20260612,2150,2270,2110,2230,468,102815
20260615,2280,2315,2170,2170,390,87416
20260616,2185,2280,2160,2275,225,50237
20260617,2280,2280,2195,2220,144,32035
20260618,2235,2370,2220,2370,307,71098
20260622,2400,2400,2250,2290,357,81925
20260623,2310,2335,2120,2165,359,78504
20260624,2165,2190,2085,2165,136,29209
20260625,2175,2175,2080,2100,171,35962
20260626,2100,2100,2005,2005,196,39670
20260629,2010,2065,1985,2065,205,41438
20260630,2105,2105,2000,2010,122,24756
20260701,2005,2050,1945,2050,238,47806
20260702,2055,2150,2000,2135,178,37261
20260703,2065,2210,2065,2195,146,31519
20260706,2250,2250,2135,2190,99,21541
20260707,2145,2190,2050,2065,103,21690
20260708,2075,2095,1995,2080,76,15651
20260709,2120,2120,2020,2065,100,20506
20260713,2190,2215,2020,2030,257,54559
20260714,2030,2045,1835,2035,380,73306
20260715,2035,2055,1980,1990,111,22296
20260716,1975,1980,1870,1955,158,30572
20260717,1880,1940,1805,1815,216,40208
20260720,1850,1985,1795,1950,351,66315
20260721,1925,2055,1925,2030,186,37726
20260722,2065,2085,2005,2030,152,31141
20260723,2040,2160,2040,2160,261,55160
20260724,2155,2155,2015,2025,139,28571
20260727,2050,2080,1975,2060,124,25167
20260728,2020,2020,1890,1915,161,31398
20260729,1945,1965,1800,1890,309,57785
20260730,1905,2000,1825,1850,228,43169
20260731,2000,2035,2000,2035,190,38598
20260803,2095,2235,2095,2235,563,123196
20260804,2235,2415,2180,2330,650,152001
20260805,2400,2485,2370,2460,472,115311
20260806,2465,2515,2315,2365,520,124978
20260807,2400,2495,2325,2330,466,112054
20260810,2390,2485,2285,2485,397,96175
20260811,2525,2540,2345,2355,368,88908
20260812,2360,2435,2360,2390,134,32121
20260813,2435,2435,2345,2360,159,37570
20260814,2380,2395,2330,2355,175,41285
20260817,2395,2465,2340,2405,335,80836
20260818,2410,2535,2405,2490,890,221164
20260819,2475,2540,2360,2515,737,181450
20260820,2525,2565,2420,2460,639,157742
20260821,2435,2435,2215,2215,626,143363
20260824,2200,2225,2130,2140,186,40396
20260825,2245,2350,2180,2350,376,86529
20260826,2370,2485,2270,2370,1083,256327
20260827,2410,2535,2395,2450,554,136156
20260828,2470,2470,2300,2300,499,117790
20260831,2270,2335,2240,2270,194,44122
20260901,2270,2355,2210,2345,232,53127
20260902,2295,2340,2240,2300,199,45582
20260903,2270,2300,2200,2200,187,41806
20260904,2205,2420,2205,2415,346,81298
20260907,2425,2475,2360,2375,336,80903
20260908,2390,2395,2280,2315,327,76469
20260909,2320,2320,2270,2270,110,25237
20260910,2270,2280,2200,2215,200,44446
20260911,2190,2195,1995,1995,527,108538
20260914,1905,1980,1855,1960,476,91404
20260915,1910,1940,1890,1890,139,26666
20260916,1900,1935,1890,1895,127,24226
20260917,1895,1945,1875,1900,107,20389
20260918,1935,1970,1915,1950,185,35922
