# date,open,high,low,close,lot,wan
20251127,2710,3000,2705,2940,4824,1375092
20251128,2990,3040,2935,3000,2403,720877
20251201,2975,2975,2785,2890,1995,572122
20251202,2890,2980,2830,2890,1325,387033
20251203,2920,3080,2890,3080,3130,943662
20251204,3070,3090,2985,3045,967,293060
20251205,3000,3000,2900,2960,907,267326
20251208,2955,2980,2850,2965,1065,310098
20251209,2965,2985,2915,2975,709,209623
20251210,2980,3150,2975,3145,2043,630048
20251211,3125,3245,3100,3145,1277,405457
20251212,3165,3215,3140,3195,689,219475
20251215,3105,3195,3105,3195,660,208824
20251216,3180,3195,3075,3190,1246,391281
20251217,3185,3300,3175,3270,1401,455431
20251218,3220,3310,3180,3300,878,286885
20251219,3325,3330,3250,3295,634,208994
20251222,3295,3325,3275,3300,495,163524
20251223,3300,3335,3250,3290,459,150986
20251224,3295,3295,3255,3270,327,107020
20251226,3290,3400,3290,3390,970,326470
20251229,3400,3435,3350,3380,516,174824
20251230,3360,3450,3320,3430,815,277430
20251231,3445,3445,3380,3425,575,195773
20260102,3395,3435,3330,3430,1199,406083
20260105,3410,3430,3340,3340,897,302131
20260106,3335,3380,3140,3260,1936,628189
20260107,3310,3370,3260,3320,1033,343455
20260108,3310,3310,3115,3130,1405,447192
20260109,3120,3295,3060,3295,1429,456634
20260112,3305,3445,3295,3445,1623,549949
20260113,3440,3460,3350,3460,1114,380245
20260114,3450,3515,3430,3505,876,306247
20260115,3460,3565,3450,3465,754,263077
20260116,3505,3545,3460,3530,732,257464
20260119,3500,3540,3455,3500,528,184877
20260120,3475,3550,3470,3495,551,193122
20260121,3495,3600,3490,3575,869,308290
20260122,3600,3715,3600,3700,1165,428182
20260123,3720,3750,3665,3730,365,135431
20260126,3730,3825,3730,3795,565,214331
20260127,3775,3815,3750,3775,548,206553
20260128,3810,3840,3670,3790,862,323164
20260129,3795,3810,3685,3750,502,187803
20260130,3765,3830,3715,3750,613,231035
20260202,3730,3860,3725,3750,862,328060
20260203,3810,3880,3735,3855,834,319950
20260204,3800,3875,3720,3805,1496,566462
20260205,3750,3820,3660,3705,1031,384396
20260206,3665,3705,3600,3690,612,224124
20260209,3765,3850,3765,3850,1098,419826
20260210,3880,4000,3860,4000,1619,642526
20260211,4065,4400,4065,4345,2208,941266
20260223,4440,4460,4250,4400,1581,693759
20260224,4400,4645,4360,4605,1228,557059
20260225,4610,4815,4580,4815,1046,497630
20260226,4790,4895,4680,4860,9108,4417447
20260302,4760,4760,4375,4375,2734,1243182
20260303,4330,4330,4065,4150,2175,906842
20260304,4050,4175,3920,3980,2192,883794
20260305,4180,4250,4110,4245,1225,513886
20260306,4190,4235,4065,4215,830,346144
20260309,3830,3960,3805,3930,1398,540659
20260310,4195,4260,4100,4105,1036,432951
20260311,4230,4380,4135,4325,1345,575285
20260312,4315,4400,4200,4325,885,382937
20260313,4365,4420,3895,3950,2902,1172107
20260316,3995,4090,3870,4075,1634,654495
20260317,4180,4300,4140,4230,1271,534712
20260318,4355,4430,4305,4380,1425,624443
20260319,4345,4345,4140,4160,1006,424842
20260320,4160,4240,4010,4105,2547,1047538
20260323,3900,4030,3865,3950,890,351823
20260324,4005,4015,3620,3720,2108,798246
20260325,3850,3930,3820,3865,858,332826
20260326,3935,3950,3825,3850,849,329617
20260327,3705,3800,3690,3790,724,271333
20260330,3655,3720,3580,3710,962,351096
20260331,3675,3685,3450,3505,1307,463946
20260401,3740,3855,3645,3855,1151,437460
20260402,4000,4065,3810,3835,1309,516047
20260407,3890,4050,3890,4010,921,368091
20260408,4200,4270,4165,4260,1115,471969
20260409,4450,4450,4220,4245,1024,441874
20260410,4305,4350,4145,4200,698,294085
20260413,4235,4235,4045,4100,760,312986
20260414,4240,4290,4090,4185,1378,576711
20260415,4210,4370,4180,4260,1004,429376
20260416,4265,4400,4235,4295,1084,468561
20260417,4400,4525,4335,4500,1896,843011
20260420,4635,4635,4430,4445,1057,474653
20260421,4500,4515,4290,4465,1166,509836
20260422,4490,4795,4455,4745,1640,763856
20260423,4900,4980,4560,4810,2377,1138449
20260424,4840,4925,4650,4730,1464,696873
20260427,4910,4985,4770,4970,1750,859625
20260428,5035,5140,4970,5100,1281,647649
20260429,5105,5245,5060,5220,1311,678041
20260430,5270,5285,4945,4945,1414,713675
20260504,5140,5420,5030,5380,1640,866371
20260505,5420,5635,5370,5600,1451,803229
20260506,5690,5780,5435,5705,1442,816013
20260507,5820,5900,5780,5835,758,442826
20260508,5885,6040,5770,5800,1128,666086
20260511,6000,6380,5805,6380,1484,923519
20260512,6515,7000,6415,6870,2087,1415684
20260513,6840,7555,6840,7440,2412,1753455
20260514,7440,7995,7440,7560,675,521419
20260515,7615,7615,6895,6895,882,623110
20260518,6575,6975,6360,6655,769,509257
20260519,6555,6780,6510,6600,420,280119
20260520,6470,6995,6470,6980,454,310135
20260521,7325,7675,7325,7675,340,258322
20260522,7750,7785,7205,7730,567,423910
20260525,7640,7785,7535,7645,374,287394
20260526,7560,8045,7560,7900,297,231965
20260527,7855,7980,7800,7800,328,258561
20260528,7945,8435,7605,7700,1513,1219984
20260529,8000,8465,7815,8260,1881,1541944
20260601,8090,8165,7515,7515,1264,987245
20260602,7120,7480,7110,7175,1247,902526
20260603,7450,7800,7360,7525,715,539347
20260604,7480,7645,7355,7385,435,325130
20260605,7195,7500,7100,7275,689,501589
20260608,6595,7270,6595,7035,943,653156
20260609,6920,7025,6770,6945,941,648149
20260610,6895,7455,6830,6840,877,622962
20260611,7000,7070,6620,7055,795,547136
20260612,7395,7545,7200,7210,618,454655
20260615,7425,7575,7195,7205,459,335114
20260616,7205,7460,7010,7360,599,433036
20260617,7430,7430,7150,7330,479,347090
20260618,7330,7410,6950,6975,1446,1019536
20260622,7010,7150,6760,6915,1205,827092
20260623,6990,7000,6810,6810,616,424386
20260624,6635,6765,6605,6755,624,416675
20260625,6960,7030,6695,6920,545,375081
20260626,6830,6960,6440,6500,597,395610
20260629,6400,6580,6230,6395,663,422263
20260630,6410,6625,6305,6470,689,447185
20260701,6745,7115,6695,6960,1049,733150
20260702,6845,7080,6710,7030,717,495636
20260703,6820,6945,6710,6865,698,476786
20260706,7030,7030,6660,6800,380,258480
20260707,6800,6865,6160,6180,752,482163
20260708,6340,6340,6010,6055,612,372408
20260709,6410,6660,6205,6660,640,419823
20260713,6990,6995,6605,6705,803,544991
20260714,6750,6750,6050,6395,599,377878
20260715,6720,6855,6415,6720,580,387554
20260716,6665,6730,6325,6695,518,339357
20260717,6430,6460,6030,6070,810,501744
20260720,6055,6160,5715,6005,770,457047
20260721,6080,6500,6080,6500,543,346314
20260722,6690,6710,6375,6405,519,338328
20260723,6450,6680,6375,6465,467,304600
20260724,6450,6450,6035,6055,630,390038
20260727,6075,6205,5860,6110,579,351013
20260728,5800,5960,5700,5750,599,347505
20260729,5685,5760,5175,5175,1119,595045
20260730,5235,5620,5060,5620,1628,898886
20260731,6180,6180,6180,6180,255,157608
20260803,6555,6680,6325,6425,1998,1306521
20260804,6395,6505,6140,6190,911,574420
20260805,6400,6600,6325,6530,628,409394
20260806,6415,6550,6220,6475,473,304116
20260807,6635,6720,6305,6320,539,348103
20260810,6320,6450,6225,6280,684,431126
20260811,6160,6375,6160,6350,365,230138
20260812,6380,6600,6380,6480,403,261218
20260813,6645,6845,6505,6770,1097,738767
20260814,6950,6960,6560,6590,610,413720
20260817,6600,6825,6465,6750,467,311763
20260818,6670,6775,6500,6525,535,353515
20260819,6350,6705,6300,6445,450,294130
20260820,6645,6645,6280,6455,420,268252
20260821,6405,6550,6350,6405,330,212200
20260824,6405,6560,6255,6255,266,168793
20260825,6155,6240,6060,6210,457,280298
20260826,6210,6345,6085,6335,356,221151
20260827,6350,6520,6295,6345,442,281792
20260828,6345,6540,6310,6490,511,328548
20260831,6485,6485,5845,5860,1526,908541
20260901,5865,5990,5755,5870,1154,675654
20260902,5875,5875,5700,5710,864,497059
20260903,5810,6025,5620,5870,941,551000
20260904,6070,6125,5885,5980,413,246423
20260907,6155,6575,6150,6565,1408,913368
20260908,6565,7160,6500,6970,1904,1315680
20260909,7100,7150,6655,6720,1005,691945
20260910,6720,6720,6415,6475,599,389703
20260911,6350,6440,6210,6310,498,313346
20260914,6295,6470,6210,6305,465,294576
20260915,6255,6285,6105,6135,420,259913
20260916,6205,6235,6100,6125,438,269268
20260917,6230,6615,6055,6135,1043,657241
20260918,6225,6540,6140,6540,3329,2162850
20260921,6530,6530,5920,6000,1732,1059240
20260922,6210,6225,5925,6155,1211,739880
20260923,6170,6200,5965,5975,697,419223
20260924,5905,5975,5650,5670,1318,760414
