# date,open,high,low,close,lot,wan
20251016,126,127.5,107.5,112,1585,18278
20251017,113,119,113,118,645,7529
20251020,118,118,114.5,114.5,367,4246
20251021,115.5,119,115,117,244,2853
20251022,116,117.5,114.5,116,141,1635
20251023,115,117,114.5,115.5,133,1538
20251027,116,119,116,119,394,4617
20251028,120,130.5,120,129,1205,15466
20251029,125,128.5,122.5,123.5,722,9030
20251030,124,125,114.5,116.5,552,6510
20251031,117.5,119.5,117,117.5,122,1438
20251103,118,119.5,115,115.5,146,1704
20251104,116.5,118,115,118,179,2074
20251105,117.5,117.5,112,114.5,141,1613
20251106,116,116,114,114.5,51,585
20251107,115,115,112.5,112.5,77,867
20251110,108,109,101.5,103,505,5221
20251111,104.5,111.5,103,107,177,1909
20251112,106.5,110.5,106,108.5,80,871
20251113,108.5,109,104.5,108.5,105,1121
20251114,104,106.5,102,104.5,97,1021
20251117,104.5,104.5,102,103,75,774
20251118,102.5,102.5,100,100,120,1209
20251119,100,101,100,100,69,692
20251120,102,109,102,105.5,82,874
20251121,102.5,108,102.5,105,64,668
20251124,106,106,104.5,105,29,303
20251125,106,109.5,106,108,66,716
20251126,107.5,110,106,107,46,503
20251127,107,107,106,106.5,20,217
20251128,105.5,107,105.5,106,39,415
20251201,107,107,103.5,105.5,43,457
20251202,106.5,106.5,102,104,92,955
20251203,104,107.5,104,106,40,428
20251204,111,116.5,111,116.5,252,2916
20251205,119,128,116,128,973,12153
20251208,128,131,124,126,493,6259
20251209,127,135.5,125.5,134.5,566,7470
20251210,135,135,128,131.5,273,3577
20251211,132,133,128,128.5,237,3092
20251212,130,132,128,129,158,2038
20251215,127.5,140,126.5,135,534,7163
20251216,133,136,126.5,132,328,4288
20251217,130.5,132.5,128.5,132,219,2853
20251218,135,136.5,128,134,359,4792
20251219,140,145.5,138,144.5,935,13342
20251222,147.5,147.5,138.5,141,488,6914
20251223,141,148,141,146,454,6606
20251224,146,147.5,131.5,131.5,1259,17163
20251226,131.5,134,128,133.5,278,3641
20251229,134,141,133.5,135,277,3795
20251230,132,133,130,133,185,2417
20251231,134.5,139.5,132,135.5,265,3588
20260102,136,144.5,136,141.5,474,6727
20260105,146.5,146.5,137.5,138.5,253,3551
20260106,139,141,132.5,135,235,3190
20260107,140,140,133.5,134,141,1903
20260108,137,137,131,131.5,161,2133
20260109,131.5,135,129.5,135,226,2982
20260112,137.5,140,132,140,355,4901
20260113,143,143,136,138,221,3063
20260114,138,141.5,138,139.5,168,2350
20260115,139.5,139.5,135.5,136,136,1867
20260116,137,139.5,133.5,139,147,2006
20260119,139,139,131.5,135,347,4631
20260120,134.5,145,133.5,141.5,508,7141
20260121,138.5,149.5,138.5,142.5,422,6016
20260122,145,156.5,145,156.5,857,13076
20260123,172,172,163,171,2150,36609
20260126,167.5,183.5,162,178,1334,23043
20260127,178,184.5,174,181.5,862,15410
20260128,179.5,195.5,178.5,195,1376,26003
20260129,198,198,185.5,193,1177,22566
20260130,188,200,180.5,196.5,1454,27642
20260202,190,192,177,178,1057,19156
20260203,180,189.5,179,182,653,12031
20260204,180,180,171,178,680,11888
20260205,174,178.5,165.5,177,789,13648
20260206,171.5,172,165,168,323,5431
20260209,170,172.5,166,167,360,6068
20260210,173,177.5,166.5,172.5,508,8672
20260211,172.5,172.5,164.5,165,441,7366
20260223,165,172,160.5,167,312,5198
20260224,171,183.5,169,183.5,942,16972
20260225,190.5,195,184,188,1209,22839
20260226,188,192.5,182,189,844,15921
20260302,180,187,179.5,182,465,8537
20260303,182,182,171,172,661,11590
20260304,174.5,174.5,161,162,388,6397
20260305,171,171.5,165.5,168.5,306,5152
20260306,168.5,170,164,166.5,147,2452
20260309,150,153.5,150,150,381,5741
20260310,156,158,151,155,206,3164
20260311,157,165,155,165,217,3489
20260312,161.5,164,156,157,234,3723
20260313,155.5,156,150,151,626,9509
20260316,151,152,146,152,492,7334
20260317,155,155,151.5,151.5,248,3778
20260318,152,160,152,159,336,5277
20260319,155,155,151.5,152.5,254,3889
20260320,152,155,149,150.5,325,4909
20260323,146,149.5,142.5,143,400,5784
20260324,146,147,137,140,361,5060
20260325,141.5,154,141.5,154,508,7649
20260326,154,161,146,148,805,12238
20260327,146,146,140.5,143,385,5488
20260330,138,140,137,138.5,220,3054
20260331,135.5,138,131,133.5,316,4245
20260401,139.5,140,135.5,137.5,176,2428
20260402,137.5,138,131,132,189,2510
20260407,134,136,131,132.5,143,1896
20260408,135,141,135,139.5,276,3826
20260409,138.5,143,136,141,181,2525
20260410,142.5,148.5,142,146,294,4279
20260413,146,147,142,145.5,471,6812
20260414,147,150,145,146,249,3670
20260415,146.5,152.5,146.5,152.5,465,7005
20260416,156,156,149,151.5,384,5812
20260417,155.5,163.5,152,163,980,15733
20260420,170,170.5,164,167,818,13628
20260421,166.5,170,162.5,165.5,460,7644
20260422,166.5,173,166,169,483,8168
20260423,173,174.5,159,169.5,1069,17994
20260424,177,183,166,170,1103,19075
20260427,170.5,171,164,168.5,399,6640
20260428,167.5,171,165.5,166.5,217,3650
20260429,166,177,163,173,656,11329
20260430,172.5,173,166,166.5,313,5295
20260504,167,171,165.5,167,498,8341
20260505,167,170,166.5,168,230,3861
20260506,168,171.5,163,164,699,11611
20260507,164,173,163,171.5,919,15619
20260508,172,182.5,170.5,176,1097,19506
20260511,178,185,173,182.5,725,13040
20260512,183.5,192,180.5,184,822,15275
20260513,182,190,179.5,187.5,836,15494
20260514,191,206,189,206,2814,57179
20260515,209,226,203,206,3463,74049
20260518,207.5,220.5,200.5,216.5,2655,56387
20260519,215,216.5,204.5,207.5,1074,22585
20260520,207,207,187,187,1807,34753
20260521,190.5,193.5,183,185,1276,23799
20260522,185,195,182.5,192.5,878,16668
20260525,198,206,193.5,193.5,1654,32889
20260526,194,194,187.5,190.5,671,12798
20260527,196,197,185,188.5,743,14250
20260528,190,194.5,180.5,181,4005,70470
20260529,187,191.5,185,191,890,16766
20260601,195,195,187.5,189.5,622,11858
20260602,190,190,178,182,742,13523
20260603,185,200,182,198.5,1805,35254
20260604,201.5,218,195,204,4163,85766
20260605,200,224,200,224,4318,94290
20260608,202,246,202,246,6901,161972
20260609,250,251.5,229,235,6201,147137
20260610,253,258.5,251,258.5,3257,83970
20260611,263,280.5,256.5,271,7257,196296
20260612,275,286,263,266,4086,111478
20260615,274,285,251.5,256,3504,93215
20260616,256.5,277.5,248,274,3990,106026
20260617,274,287,270,275,3136,86745
20260618,275.5,299,270.5,292,3647,104761
20260622,305,305.5,279.5,281.5,3241,93470
20260623,283.5,285,270,278.5,2261,62998
20260624,275.5,278.5,263,265,1902,51216
20260625,267.5,267.5,252.5,255,1602,41360
20260626,252,258,242.5,250,1761,44146
20260629,257,269.5,248.5,267,2054,53900
20260630,277,278,257,257,3592,95945
20260701,258.5,262,252,254,1437,37013
20260702,250,255,246.5,248.5,904,22622
20260703,248.5,250,244.5,246.5,751,18552
20260706,250,252,231,239,1618,38832
20260707,240.5,250.5,228,232.5,1464,34957
20260708,238,244.5,231,242.5,874,20778
20260709,256,259.5,250,250.5,2580,65793
20260713,258.5,264.5,250,259,2253,58175
20260714,258,277.5,255.5,273,5804,156574
20260715,274.5,274.5,260,269.5,2715,72652
20260716,266,271.5,260.5,261,1294,34287
20260717,250.5,256.5,235,235,5342,129298
20260720,235,240,220,233,1965,44956
20260721,236.5,237.5,223,229,1014,23376
20260722,230,244,230,239.5,1266,29877
20260723,242.5,243,229.5,230,728,17063
20260724,228.5,229,205.5,207,1892,40026
20260727,207,213.5,204,207.5,667,13881
20260728,201.5,203,195,196,823,16311
20260729,199.5,199.5,180,186,1557,28959
20260730,184.5,188.5,171.5,173.5,1414,25325
20260731,190.5,190.5,183,189.5,832,15618
20260803,187.5,200,185,192.5,864,16776
20260804,189,204,188.5,203.5,938,18596
20260805,208,215,205.5,210,1060,22218
20260806,209.5,222.5,206.5,218,1009,21793
20260807,223,239.5,221.5,235,2821,66502
20260810,238,238,226,234.5,2401,55929
20260811,247.5,251.5,235,238.5,1728,41826
20260812,241,261.5,240.5,256,1776,45277
20260813,256,278,253,275.5,2839,76775
20260814,271.5,276.5,263.5,268,1802,48666
20260817,272,283.5,265.5,280,2098,57703
20260818,279.5,283.5,267,278,2253,61940
20260819,272.5,283.5,269,274,1632,44847
20260820,277.5,279,250,256,2363,61602
20260821,255.5,255.5,246.5,248.5,978,24368
20260824,246,259,246,253,843,21487
20260825,256,258.5,245,258.5,761,19115
20260826,256.5,278,252.5,273.5,1464,38952
20260827,276,300,269.5,298,4639,134101
20260828,310,327.5,305,327.5,3600,115795
20260831,339,347,307,316,5539,180140
20260901,321,323,302.5,320.5,3577,112465
20260902,315.5,322,312.5,316,1498,47502
20260903,330,332,297.5,315,3682,115690
20260904,319,339.5,315,335,4593,149612
20260907,335,335,310,316.5,3776,119921
20260908,300,304.5,285,291.5,3837,111987
20260909,304.5,320.5,304.5,320.5,2978,94364
20260910,324,330,300.5,308,6141,192672
20260911,302,304.5,286.5,286.5,1966,57593
20260914,275,288,265.5,282,1779,49068
20260915,280,291.5,279.5,280.5,1429,40690
20260916,283.5,299,279.5,292,1283,37217
20260917,296.5,299,285,287,1086,31619
20260918,290.5,304,290.5,297,1729,51176
20260921,298,302,291,291,1039,30767
20260922,298,298.5,288.5,290.5,1025,29998
20260923,292,294.5,282,290,914,26344
20260924,287,291,285,289.5,470,13568
