# date,open,high,low,close,lot,wan
20260325,93.1,93.4,89.1,92,533,4895
20260326,92,92.7,90.4,92.5,202,1854
20260327,92.4,92.4,90.2,90.9,127,1162
20260330,91.2,91.6,89,90.4,170,1541
20260331,89.4,91.8,89.4,90,151,1367
20260401,90.3,90.5,90,90,34,306
20260402,89.9,89.9,88.6,88.9,60,534
20260407,89,89,86.9,87.2,34,300
20260408,87,87,85.8,86.8,53,458
20260409,86,86.6,85.1,86.1,52,447
20260410,86,86,85.4,85.5,73,624
20260413,85.5,88.6,84.6,87.8,182,1571
20260414,87.8,88,87.6,88,63,554
20260415,88,90.9,88,90.1,123,1101
20260416,90,90,88.1,88.8,40,354
20260417,88.8,88.8,88,88.6,39,345
20260420,88.6,88.6,86.8,86.8,55,480
20260421,86.8,86.8,86,86.3,39,337
20260422,86.3,86.3,85.8,85.8,35,301
20260423,85,85.8,84.9,85.2,57,485
20260424,85,85.2,84.8,85.2,57,485
20260427,85.2,85.2,84.7,84.7,34,289
20260428,84.7,84.7,82.9,83.5,87,727
20260429,83.3,87,83,86,111,932
20260430,85,85.6,84.4,84.4,16,136
20260504,85,85,84.4,85,28,237
20260505,85,85.3,83.6,83.6,27,228
20260506,83.6,83.6,79.8,81.5,147,1204
20260507,81.4,81.5,80.1,80.2,70,563
20260508,80.5,81.5,80.5,81.2,41,332
20260511,81.1,81.3,80,80.9,35,282
20260512,80.9,80.9,80.4,80.4,23,186
20260513,79.7,81.7,75,81.3,187,1470
20260514,79.3,83.4,78.5,81.4,65,522
20260515,78.9,82,78.6,80.9,76,616
20260518,79.1,79.1,78.9,78.9,16,126
20260519,78.9,79,78.2,78.4,25,197
20260520,78,78,77.1,77.1,20,155
20260521,77.5,78,77.5,77.7,9,70
20260522,77.7,77.7,77,77,29,224
20260525,77.3,77.5,77,77.5,10,77
20260526,78,81.5,78,80.5,49,393
20260527,81.5,81.5,78.9,78.9,8,64
20260528,78.9,81.6,75.8,80.3,152,1210
20260529,79,80.5,79,80,13,104
20260601,79.2,80,79.2,79.3,10,80
20260602,79.3,80,79,80,20,159
20260603,80,80.5,79.6,79.7,20,160
20260604,79.7,79.7,79.7,79.7,1,8
20260605,79.7,79.7,79,79.4,4,32
20260608,79,79.2,79,79.2,2,16
20260609,79.5,80.8,79.5,80.8,6,48
20260610,79.3,79.5,79,79,5,40
20260611,80.4,80.5,80.4,80.5,5,40
20260612,80.6,80.6,80,80,6,48
20260615,80,80,79.5,79.5,10,80
20260616,79,80,78,80,9,72
20260617,78.5,79,77.9,79,13,102
20260618,79,79.1,78.7,79.1,5,39
20260622,78.9,79.5,78.9,79.5,5,40
20260623,79,79.5,79,79.1,8,63
20260624,78.3,79.3,78.3,79.3,5,39
20260625,79.3,79.8,79,79.5,31,247
20260626,79.1,79.1,78.1,78.1,20,157
20260629,78.1,78.1,77.9,77.9,7,55
20260630,78.3,78.3,77.8,77.8,10,78
20260701,77.3,77.4,77.3,77.4,2,15
20260702,77.4,77.9,77.3,77.9,8,62
20260703,78,78.8,78,78.8,6,47
20260706,79.5,79.5,79,79,7,55
20260707,80,80,79,79.9,6,48
20260708,79.9,80.5,79.9,80.5,21,168
20260709,81,81.4,80,80.5,41,331
20260713,75,75,73.1,73.6,31,229
20260714,73.7,73.7,71.7,71.8,21,152
20260715,71.8,72.5,71.8,72,5,36
20260716,72.6,72.6,72,72,2,14
20260717,72,72,71.3,71.3,24,172
20260720,71.1,71.1,71,71,9,64
20260721,71.1,71.1,71.1,71.1,1,7
20260722,72.8,72.9,72.1,72.2,10,72
20260723,72.2,72.5,72,72.5,5,36
20260724,72,72.5,72,72.4,5,36
20260727,72,72,72,72,9,65
20260728,72,72,71.5,71.5,17,122
20260729,70.6,70.8,70.5,70.7,17,120
20260730,71,71,71,71,13,92
20260731,71.2,71.5,71,71,30,213
20260803,71,71.8,71,71.1,31,221
20260804,71,71.5,71,71,14,99
20260805,71,71,70.5,71,48,339
20260806,71,71.2,71,71,33,234
20260807,71,71.1,71,71.1,33,234
20260810,71,71.2,71,71.1,15,107
20260811,71.1,71.2,71,71.1,39,277
20260812,71.2,71.2,71.1,71.2,47,334
20260813,71.1,71.1,71,71,25,178
20260814,71,71.1,71,71,41,291
20260817,71,71,70.6,71,27,192
20260818,71,71.1,71,71.1,7,50
20260819,71.1,71.6,71.1,71.6,3,21
20260820,72.4,72.4,72.4,72.4,4,29
20260821,71.9,72.5,71.9,72.5,4,29
20260824,72.5,72.5,72.5,72.5,3,22
20260825,72.6,72.6,72.6,72.6,2,15
20260826,72.6,72.7,72.6,72.7,6,44
20260827,72,72.5,72,72.5,2,14
20260828,72.5,72.5,72.5,72.5,2,14
20260831,72.5,72.5,72.5,72.5,1,7
20260901,72.6,72.7,72.6,72.7,2,15
20260903,73.1,73.1,73.1,73.1,12,88
20260904,73.1,73.7,73.1,73.7,11,81
20260907,73.7,74,73.7,74,3,22
20260908,74,74.2,74,74.2,3,22
20260909,73.5,74.2,73.5,74,33,244
20260910,73.5,74.1,73.5,73.8,16,118
20260911,73,73.2,73,73.2,7,51
20260914,72,72.2,72,72.2,7,50
20260915,72,72,72,72,3,22
20260916,72.5,72.5,72.5,72.5,3,22
20260917,72.5,72.5,72.5,72.5,2,14
20260918,72.5,73,72.5,73,12,87
20260921,73,73,73,73,3,22
