# date,open,high,low,close,lot,wan
20250814,206,210,206,208,319,6663
20250815,208,208,206,207,182,3775
20250818,206,207,203.5,204.5,225,4613
20250819,204,204,202,202,182,3703
20250820,202,202,199.5,200.5,254,5102
20250821,200.5,203.5,200.5,202.5,122,2465
20250822,202,203.5,201,202.5,117,2363
20250825,204.5,206.5,203.5,206,250,5124
20250826,205.5,206.5,204.5,206.5,269,5528
20250827,205,209,205,208.5,392,8151
20250828,208.5,212,208.5,211.5,752,15859
20250829,211.5,213,210,210,549,11614
20250901,210,210.5,205.5,206,192,3981
20250902,208,209,204,205.5,176,3640
20250903,205.5,208.5,205.5,207,114,2363
20250904,208,211.5,208,208.5,288,6043
20250905,211.5,211.5,208,210,316,6628
20250908,211.5,215.5,210,211.5,798,16949
20250909,213,213.5,209,209,255,5365
20250910,210,212,208.5,208.5,348,7302
20250911,209.5,211,204,204.5,406,8402
20250912,207,209,205.5,205.5,270,5581
20250915,206,209,205,206.5,303,6282
20250916,208,211.5,207,210,439,9205
20250917,210,215,209,210.5,906,19215
20250918,212,213.5,211,211,621,13176
20250919,212,221,212,219,2745,59947
20250922,222.5,234.5,217.5,230,4566,103895
20250923,228,228.5,221,225,1676,37565
20250924,225,225,217.5,217.5,1205,26448
20250925,218,219.5,215.5,218,569,12379
20250926,218,218,211.5,213.5,646,13779
20250930,217,217,213,217,412,8866
20251001,218,218,209.5,210,683,14464
20251002,212,212,207.5,209,460,9623
20251003,211,211,207,207,372,7740
20251007,208.5,209.5,205.5,207,431,8933
20251008,208,216,208,215,1166,24795
20251009,216.5,217,211.5,211.5,454,9699
20251013,200.5,209,200.5,209,509,10449
20251014,209,212,207,207,563,11761
20251015,207.5,209,207,209,271,5651
20251016,209,211,208,209,312,6536
20251017,208,210.5,208,210,209,4384
20251020,210.5,216,210.5,215.5,594,12709
20251021,218,221.5,215,215,1094,23847
20251022,215,219,215,217,410,8927
20251023,217.5,217.5,212.5,212.5,373,7950
20251027,215,216,208,208,817,17249
20251028,210,212,207.5,208,833,17442
20251029,210.5,210.5,203.5,203.5,1215,24945
20251030,204.5,206,201.5,202.5,559,11341
20251031,202.5,204.5,200,200.5,814,16367
20251103,200,200.5,195,195,1525,29980
20251104,195.5,195.5,188.5,189,1364,25971
20251105,186.5,186.5,182,185,1174,21668
20251106,186.5,188,185.5,187,510,9534
20251107,183.5,185,181.5,182,1088,19879
20251110,182,183,181,181.5,388,7046
20251111,183.5,186,183.5,184,632,11663
20251112,190.5,192.5,185.5,185.5,1499,28221
20251113,186,187,182.5,183,698,12813
20251114,180.5,183,179.5,181,542,9840
20251117,180.5,180.5,176,177,985,17506
20251118,174,179,174,175.5,870,15298
20251119,175.5,177.5,173.5,173.5,868,15179
20251120,177,180,176.5,179,691,12346
20251121,176.5,182,176,178,911,16296
20251124,180,180,174,174,815,14262
20251125,176.5,178.5,175.5,178,457,8097
20251126,178.5,180.5,178.5,179.5,430,7730
20251127,180,182,180,181,235,4250
20251128,181,183.5,181,182.5,472,8594
20251201,182,183,180.5,180.5,420,7627
20251202,181.5,182,178.5,178.5,307,5526
20251203,178.5,181,178.5,179,271,4869
20251204,180,181.5,179,180,359,6471
20251205,180,181,177,179.5,440,7836
20251208,181,181,179,180,340,6121
20251209,185,188,182,182,1273,23460
20251210,182.5,182.5,180,180.5,394,7148
20251211,181.5,184.5,181.5,183,607,11122
20251212,184.5,185,182.5,182.5,369,6773
20251215,179.5,180,177.5,178.5,398,7116
20251216,177,179,175,177.5,852,15092
20251217,177.5,184,177.5,181,1263,22828
20251218,180,182.5,178.5,182.5,393,7122
20251219,184,184,180.5,181,342,6212
20251222,183,184,181.5,184,383,7020
20251223,185,185,181.5,182.5,351,6412
20251224,183,184,181,181.5,478,8691
20251226,182.5,182.5,178.5,178.5,545,9782
20251229,179.5,181,178,179.5,551,9855
20251230,179,179.5,177.5,179,589,10497
20251231,178,180.5,178,179.5,740,13279
20260102,180,183,179,180.5,884,15978
20260105,180.5,182,175,176.5,1201,21241
20260106,178,181.5,177.5,180.5,1115,20063
20260107,181,184,180.5,184,1289,23552
20260108,187,188,182.5,186,1493,27715
20260109,188,189.5,185,187.5,1105,20679
20260112,189,189.5,186.5,189.5,839,15799
20260113,190.5,190.5,186.5,188,688,12913
20260114,188,193,187,191.5,1070,20443
20260115,193,193,188.5,190,613,11627
20260116,190.5,190.5,187.5,189,524,9886
20260119,189,191.5,188,190,815,15516
20260120,188.5,193,188.5,191.5,619,11855
20260121,190,192,189,190,477,9055
20260122,190.5,194.5,190.5,193,610,11753
20260123,193.5,195.5,192,192,619,11961
20260126,193,193.5,191,191.5,419,8053
20260127,191.5,195.5,191.5,193.5,677,13128
20260128,195,198,194,195.5,677,13264
20260129,195.5,197.5,193.5,197,757,14814
20260130,197,198,194.5,195.5,712,13955
20260202,193,193.5,188.5,189,610,11621
20260203,190.5,194,188.5,193,463,8872
20260204,191.5,193.5,190.5,193.5,259,4966
20260205,192.5,195,189.5,190,462,8826
20260206,190,190.5,184.5,190.5,655,12305
20260209,189,195.5,189,192.5,521,10005
20260210,193,193,190,190,442,8447
20260211,190.5,191,188,190,548,10388
20260223,192.5,195.5,190.5,194,977,18949
20260224,194,197,194,197,698,13677
20260225,197.5,198,194.5,196,762,14969
20260226,198.5,200.5,196.5,199,902,17942
20260302,195.5,196.5,193,194.5,566,11016
20260303,194.5,196,191,193,514,9893
20260304,191,191,183,183,956,17686
20260305,188,190.5,186,190.5,649,12232
20260306,191,195.5,189,195,595,11507
20260309,190,191,187,190,946,17931
20260310,193,196,190.5,193,409,7922
20260311,193.5,196,193,194,535,10418
20260312,194,198,194,198,652,12846
20260313,195.5,202,195.5,201,868,17402
20260316,201,204,201,202,516,10449
20260317,203.5,204.5,200.5,202.5,588,11885
20260318,203,203.5,200.5,201.5,491,9892
20260319,200,202,197.5,199,531,10601
20260320,199,201,195.5,201,1400,28014
20260323,196.5,199.5,194.5,195.5,338,6647
20260324,199,199,193,194.5,357,6972
20260325,198,198.5,195,197,360,7087
20260326,198.5,201,196.5,199.5,529,10528
20260327,198,199,195.5,198.5,289,5701
20260330,196,203,193.5,198.5,877,17442
20260331,196.5,197.5,190,191,675,13013
20260401,194.5,195.5,193.5,194.5,313,6091
20260402,194.5,196,190,191,403,7722
20260407,192.5,194,192,194,389,7517
20260408,195,203,194.5,202,1561,30892
20260409,202,203.5,200,203,880,17784
20260410,203,206,202,202.5,838,17039
20260413,203,203.5,200,201.5,451,9082
20260414,203,203.5,202,203,370,7500
20260415,205,212.5,205,209.5,1563,32633
20260416,211.5,212,207.5,210.5,544,11407
20260417,212.5,217,212,215,1565,33628
20260420,217.5,221,212.5,219,1642,35843
20260421,221,221,216,219,1604,34959
20260422,222,240.5,221.5,240.5,3263,75956
20260423,247,248.5,216.5,224.5,5247,120037
20260424,230,236.5,228,229.5,2172,50288
20260427,235.5,235.5,223.5,223.5,1548,35373
20260428,224.5,225.5,220.5,221.5,844,18782
20260429,223.5,229.5,219.5,228.5,1480,33470
20260430,229.5,233,227,230,1707,39335
20260504,234,236.5,231,233.5,817,19091
20260505,233.5,235.5,230.5,234.5,870,20340
20260506,239,242.5,235,241.5,1704,40785
20260507,244,265.5,242,265.5,5281,136432
20260508,271,279.5,262,273,7424,202701
20260511,273,275.5,268,268.5,2551,69078
20260512,270.5,276.5,268.5,274,2324,63370
20260513,271.5,272,262,268,1642,43652
20260514,270.5,294.5,270.5,294.5,6691,193633
20260515,293.5,293.5,270.5,274,4847,135759
20260518,270,276,268,275,1577,43002
20260519,275,285,271.5,280.5,3172,89001
20260520,280.5,294,276,285.5,3570,102899
20260521,292.5,300,287.5,297.5,3070,90638
20260522,297,297,287,292,2245,65204
20260525,293.5,294.5,288.5,291,1820,53018
20260526,292.5,292.5,286.5,289.5,1112,32079
20260527,292,305,290,301,4534,136101
20260528,303.5,305,297,300,3269,98467
20260529,304,306,298,306,4045,122454
20260601,306,310,298,309,3667,111521
20260602,309,309,296.5,302,2800,84527
20260603,307,310,303.5,304,1975,60464
20260604,302.5,307,302.5,303.5,1217,37040
20260605,301.5,306,298,303.5,2132,64435
20260608,274.5,287,274,285,1392,38980
20260609,289,303,289,295.5,1294,38497
20260610,295,302,286,286.5,1535,45044
20260611,288,294.5,283,286.5,1379,39718
20260612,293,298,287,289.5,1836,53743
20260615,278.5,287,274,274,2196,60943
20260616,278,281,270,278.5,1982,54564
20260617,277.5,297,277.5,295.5,2696,77736
20260618,301,305,298,300.5,2608,78588
20260622,300.5,317,300.5,315,4312,134819
20260623,316.5,328.5,313.5,320.5,4587,146688
20260624,310,327,308,315,3080,97561
20260625,318,344,318,330.5,4538,150870
20260626,326,335,310.5,311,3271,105075
20260629,313,328.5,306.5,317,3834,122971
20260630,321,341,313,332,4533,148800
20260701,338,347.5,334.5,339,4457,152034
20260702,330.5,335.5,320.5,327.5,3051,99484
20260703,320.5,336.5,320,334,1511,49958
20260706,338,347.5,330.5,332,1626,54931
20260707,332,365,332,352,7633,273185
20260708,346,354.5,334,352,3380,117226
20260709,357,376.5,351,363,3446,126019
20260713,367.5,368,327,327,3354,113328
20260714,323.5,324,296,309.5,3200,98666
20260715,318,319,302,302,1720,52534
20260716,299.5,301,292.5,295,1316,38895
20260717,285.5,292,282,286,1571,45135
20260720,286,287,267.5,274,1586,43626
20260721,275.5,290,275.5,288,789,22497
20260722,293,309.5,293,299.5,1278,38496
20260723,296.5,301.5,293,298,990,29522
20260724,292,305,292,294,826,24577
20260727,296.5,300,286.5,293.5,1098,32134
20260728,286.5,286.5,273.5,273.5,1019,28377
20260729,277,286,257,264.5,1666,44471
20260730,262.5,266,251,254.5,1140,29423
20260731,270,275.5,262.5,266.5,2052,54873
20260803,263.5,282.5,263.5,276,1145,31693
20260804,273.5,281.5,270.5,280,885,24580
20260805,289.5,300.5,289.5,292.5,1386,40822
20260806,291.5,315,289.5,308.5,1544,46979
20260807,315,323,308.5,310.5,2487,78514
20260810,312,318,306.5,311,1271,39530
20260811,309,312.5,306,306,634,19529
20260812,309.5,316,307,311.5,812,25268
20260813,315.5,324.5,314,315.5,1498,47704
20260814,316.5,317.5,304,306,1116,34398
20260817,306,308,300,303,534,16248
20260818,301.5,305,288,288,2032,59208
20260819,283,298,282.5,296,1755,51670
20260820,299,301,287,291.5,1905,55258
20260821,292,299.5,289.5,296,558,16472
20260824,295.5,299,293.5,295.5,371,11010
20260825,295.5,296.5,290,292.5,356,10431
20260826,295,296.5,291,296,360,10600
20260827,297.5,302,291,300,534,15902
20260828,303,304.5,296,296,514,15327
20260831,292.5,293.5,288,289,572,16563
20260901,288,302.5,288,297.5,838,24898
20260902,295,300.5,295,295,378,11202
20260903,298.5,298.5,289,290,534,15667
20260904,295,295,289.5,293.5,246,7172
20260907,296,296,290.5,291.5,253,7391
20260908,285,286.5,275.5,278,1446,40318
20260909,279,284,276,284,705,19858
20260910,281.5,284,277.5,279,513,14359
20260911,276,278.5,274,277.5,542,14963
20260914,277.5,280.5,273,277,423,11780
20260915,277,278,274,274,388,10684
20260916,277.5,277.5,271.5,277.5,451,12377
20260917,279.5,281,276,276,379,10542
20260918,282,282,277.5,281,598,16771
