# date,open,high,low,close,lot,wan
20250814,58.5,58.8,57.2,57.3,163,941
20250815,58,60,58,59.2,434,2577
20250818,60.2,60.2,58.3,59.1,176,1047
20250819,58.7,58.7,57.4,57.7,271,1572
20250820,57.7,57.7,56.6,57,140,797
20250821,57.7,58,57.3,57.8,74,427
20250822,57.6,58,57.4,57.4,63,363
20250825,58.1,58.7,57.9,58.1,103,602
20250826,58.1,58.2,57.6,58.2,51,296
20250827,58.5,59.2,58.5,58.8,148,870
20250828,58.7,59,57.6,57.6,202,1174
20250829,58,58.4,57.6,57.8,100,580
20250901,58.1,58.6,56.9,58.2,335,1931
20250902,58.8,60.1,58.8,59.9,390,2320
20250903,61,61,59.6,60.2,272,1641
20250904,60.4,61.6,60.4,61,253,1544
20250905,61.9,61.9,60.4,61.4,187,1143
20250908,60.8,60.8,59.6,59.9,230,1382
20250909,60,60,58.5,59.1,284,1671
20250910,59.1,59.5,58.5,58.8,98,575
20250911,58.2,58.3,57.6,57.8,155,897
20250912,58.3,58.3,57.2,57.2,165,949
20250915,57.6,58,56.7,56.9,223,1272
20250916,57.1,57.1,55.9,56.2,392,2204
20250917,56.3,56.8,56,56,200,1126
20250918,56.5,58,56.5,57.5,219,1256
20250919,58.2,58.8,57.2,57.2,123,710
20250922,57.9,57.9,56.8,56.9,85,485
20250923,57.5,57.5,56.5,56.9,144,819
20250924,56.7,57.8,56.2,56.3,180,1017
20250925,56.3,56.6,55.9,55.9,120,674
20250926,56.2,56.2,54,54.1,336,1829
20250930,54.3,54.9,53.9,54.7,76,413
20251001,54.6,55.2,54,54.2,87,474
20251002,54.8,54.8,53.8,54,127,687
20251003,54.2,54.5,53.9,54.2,54,292
20251007,54.5,54.6,53.9,54.2,95,515
20251008,53.8,54.4,53.5,54.1,111,599
20251009,54.1,54.8,53.9,54.2,92,500
20251013,52.7,53.3,52,53.2,288,1514
20251014,53.5,53.8,52.2,52.5,127,672
20251015,52.2,52.4,51.7,52.2,76,396
20251016,53.2,53.7,52,52.7,199,1050
20251017,52.7,52.9,51,52.1,103,536
20251020,52.6,52.6,52,52.4,71,371
20251021,52.4,53.5,52.4,53.4,96,510
20251022,53.5,54.6,53.5,54.3,108,584
20251023,54.3,54.3,53.1,53.4,133,710
20251027,53.4,53.8,52.6,52.6,179,951
20251028,53,53,50.6,51.5,284,1461
20251029,51.9,52,50,51.1,329,1672
20251030,51,51,50.3,50.3,90,454
20251031,50.3,51.4,50.3,51.1,64,325
20251103,52,52,50.1,50.8,139,704
20251104,51.3,51.3,49.5,49.8,202,1008
20251105,48.7,49.25,48.5,49,87,426
20251106,49.3,50.7,48.4,49.8,92,455
20251107,49.05,50,48.4,49.2,67,330
20251110,49.5,50,49,50,59,292
20251111,50.3,50.7,49.05,49.2,140,697
20251112,48.85,50,48.85,49.5,43,213
20251113,49.4,50.5,48.9,50.1,295,1459
20251114,49.5,50.3,49.5,49.8,139,694
20251117,49.6,51.5,49.1,50.8,194,977
20251118,50,50.3,48.85,48.9,198,979
20251119,48.25,48.55,47.2,47.5,289,1382
20251120,48.4,48.5,47.7,48,184,886
20251121,48.3,48.3,47,47.5,141,666
20251124,48,48.45,47,47.05,87,412
20251125,47.15,48.2,47.1,47.4,143,679
20251126,47.5,49.4,47.5,48.8,344,1671
20251127,48.95,48.95,47.8,48.1,130,628
20251128,48.15,51.4,48.15,50.1,246,1243
20251201,49.5,49.7,49,49.3,120,592
20251202,49.7,51.2,49.55,50.6,236,1195
20251203,51.6,52.6,51.4,51.4,502,2607
20251204,51.7,53.1,51.4,51.6,276,1435
20251205,52,52.8,51.8,52.5,184,963
20251208,53.5,54.3,52.1,52.5,341,1808
20251209,53,53,51.4,51.9,251,1303
20251210,52.4,52.4,50.9,51.4,202,1037
20251211,50.6,51.3,50.3,50.3,174,881
20251212,50.6,51,49.9,50.3,124,624
20251215,49.9,50.5,49.4,49.7,98,489
20251216,49.6,49.7,48.75,49.2,201,988
20251217,49.4,49.9,49.3,49.4,116,574
20251218,48.55,49.5,48.5,49,99,485
20251219,49.8,49.95,49.5,49.85,39,194
20251222,49.5,49.9,49.35,49.4,105,521
20251223,49.6,50,48.6,49.1,121,596
20251224,48.8,49.1,48.2,48.45,195,946
20251226,48.55,48.85,47.6,47.7,225,1080
20251229,48,48.3,47.6,47.85,189,905
20251230,47.7,47.8,47.2,47.7,138,657
20251231,47.8,49.25,47.8,48.8,205,996
20260102,48.8,49.3,47,48.3,178,860
20260105,48.3,48.95,46.9,47.6,356,1690
20260106,47.6,49.1,47.2,48.9,220,1056
20260107,49,49.75,48.7,49.1,169,830
20260108,49.35,49.8,48.85,49.1,129,635
20260109,48.15,49.2,48.15,49.15,116,568
20260112,49,49.8,48.9,49.15,82,405
20260113,49.15,49.2,48.5,49.1,163,798
20260114,48.6,51.2,48.6,51,232,1172
20260115,50.9,51,49.55,50,134,669
20260116,49.8,50.7,49.2,49.2,159,790
20260119,49.2,50,48.9,48.9,183,902
20260120,49,49.5,48.35,48.4,193,943
20260121,48.4,49,47.4,47.8,281,1343
20260122,48.4,49,47.85,48.3,146,705
20260123,49,51.7,49,51.5,676,3425
20260126,51.9,52.7,50.5,50.5,441,2269
20260127,51.3,52.4,50.9,51.3,504,2601
20260128,52,52.2,50.6,50.6,349,1783
20260129,50.8,51.4,49.15,49.2,309,1535
20260130,49.2,49.2,47.55,47.75,253,1216
20260202,46.95,47,45.75,46,339,1573
20260203,46.7,46.9,45.05,46.6,245,1124
20260204,46.6,47.5,45.95,46.85,146,679
20260205,46.5,47.5,46.1,46.1,169,794
20260206,46.2,46.2,44.65,45.2,200,905
20260209,46,46.3,45.65,45.95,92,422
20260210,46.5,46.5,45.05,46,183,839
20260211,46.45,47.5,45.8,47.05,196,913
20260223,48,48,46.6,47.35,202,954
20260224,47.7,48.85,47.7,48.6,188,909
20260225,48.85,49.45,48,48.4,233,1131
20260226,48.45,51.4,48.4,50.8,608,3049
20260302,49.25,53.5,49.25,51.5,708,3691
20260303,51.5,52,50,50.4,284,1444
20260304,51.4,51.4,48.3,49.75,344,1710
20260305,50.9,51,49.4,49.75,152,761
20260306,49.75,50.3,49.5,49.9,90,449
20260309,48,48.05,45.75,46.75,232,1084
20260310,47.6,48,47.3,47.8,73,349
20260311,48.2,50.8,48.2,50,154,767
20260312,49.9,50.5,49.6,50,82,411
20260313,49.05,51.5,49.05,50.8,177,895
20260316,50.9,50.9,49.7,50.3,159,796
20260317,50.6,50.8,50,50.1,143,718
20260318,49.8,50.2,49.6,50.1,151,754
20260319,49.65,49.85,48.3,48.35,178,871
20260320,48.4,50.8,48.1,49.95,263,1311
20260323,49.3,50.8,48.8,49.4,194,969
20260324,50.5,50.5,49,49.7,120,596
20260325,50,50.4,49.75,49.95,67,335
20260326,50.6,50.8,49.4,49.55,145,723
20260327,49.2,49.85,48.6,49.85,76,372
20260330,49.2,49.35,48.6,48.9,141,690
20260331,48.9,49,47.55,47.7,129,622
20260401,48.85,49,48.55,48.8,62,302
20260402,48.85,49,47.45,47.45,212,1019
20260407,47.85,48.7,47.8,47.8,98,471
20260408,48.05,48.8,48.05,48.4,141,683
20260409,48.6,48.9,47.95,48.6,117,564
20260410,48.4,48.4,47.1,47.15,262,1246
20260413,49.3,51.8,49.3,51.8,467,2384
20260414,55.9,55.9,52.7,53,2411,12928
20260415,53.8,58.3,53.6,58.3,2021,11675
20260416,61,64.1,57.2,63.6,3906,24053
20260417,63.6,64.4,61.7,62.4,1745,10920
20260420,62.5,63.1,59,59.5,1614,9670
20260421,60.6,65.4,60.6,65.4,2352,15141
20260422,70.3,71.9,70.3,71.9,1796,12849
20260423,75.5,76.1,64.8,64.9,5145,35576
20260424,68,71.3,65.9,68.6,5416,37754
20260427,69.5,73.9,65.7,72.2,3315,23152
20260428,71.2,77.6,70.2,72.3,5306,39334
20260429,70.8,71.7,69.6,69.8,1494,10491
20260430,70.3,71,67.6,67.7,1436,9927
20260504,73,74.4,73,74.4,1165,8645
20260505,78.6,81.8,78.3,81.8,7676,62317
20260506,89.9,89.9,79.7,80.6,10784,91470
20260507,82,82.6,78.5,80,2531,20235
20260508,80,84.7,77.5,77.8,3144,25223
20260511,77,80.2,76.1,78,1579,12357
20260512,77.2,82.8,76.2,81.5,2203,17410
20260513,80.6,84.3,79.1,82.4,2988,24624
20260514,85.1,88.5,83.3,87.9,4478,38962
20260515,87.9,89.2,83,84.5,2411,20800
20260518,82.8,92.9,82.8,92.9,3414,30568
20260519,92.8,96.2,89.7,89.8,6497,60507
20260520,90.6,98.7,90.6,98.7,6685,64995
20260521,99.7,108.5,96.3,108.5,9305,94757
20260522,119,119,118,119,1920,22847
20260525,130.5,130.5,120.5,122.5,7420,94558
20260526,124,126.5,115,118,4711,56319
20260527,120,126.5,112.5,113,4923,57921
20260528,113.5,120,107,109.5,3668,41026
20260529,110,114,109.5,111.5,2348,26144
20260601,112,117.5,111,112.5,2452,27859
20260602,113,113.5,104,105.5,2750,29543
20260603,108,110,104,105.5,1536,16353
20260604,105,109,101.5,103.5,1849,19430
20260605,102.5,103.5,96.5,102.5,1543,15497
20260608,92.3,96,92.3,95,1749,16290
20260609,96.1,99.3,92.1,97.8,1801,17348
20260610,95.8,104.5,94,94.9,1989,19617
20260611,97.1,99.4,93.6,96.5,1729,16659
20260612,100,101,94.6,95.2,1517,14645
20260615,96,100,94.4,97,1983,19380
20260616,97.4,98.3,93.9,93.9,1013,9702
20260617,92.7,94.7,91.9,93.5,704,6577
20260618,94.1,97.2,94.1,94.8,720,6878
20260622,97.5,104,97.2,104,1814,18375
20260623,107,114,101,114,8103,90513
20260624,113,125,113,125,15070,180350
20260625,126,126.5,116,116.5,8901,106854
20260626,115.5,122.5,106,107,6881,78651
20260629,107,108.5,99.5,102,2637,27369
20260630,103.5,112,102.5,112,2581,27997
20260701,116.5,120,101,101.5,5351,58236
20260702,101,104,99.7,102,1448,14795
20260703,101,105,100,102.5,1198,12263
20260706,103.5,105,99,99,1128,11441
20260707,99.7,100.5,93.5,95.1,1613,15618
20260708,95.2,96,89.2,94.5,1760,16336
20260709,94.4,95.9,92.7,92.9,1099,10336
20260713,93.5,94.5,88.1,88.7,1499,13476
20260714,88.1,89.9,80.8,85.9,1291,10898
20260715,86.5,86.8,85,85.6,565,4843
20260716,83.9,84.5,82.3,82.5,522,4348
20260717,78,79.8,75.2,75.4,1164,8958
20260720,75.2,76.2,70,73.4,1475,10815
20260721,76.6,78.6,74.6,76.4,586,4457
20260722,79.5,80.9,76.6,77.2,438,3441
20260723,77.3,77.8,74.9,75.7,377,2873
20260724,75.1,75.9,72.6,73,454,3343
20260727,72.2,74,70.1,72.5,506,3633
20260728,72,72,67.3,67.6,721,4983
20260729,67.1,67.7,60.9,64.5,1358,8509
20260730,62.7,64.7,60.5,61.2,1052,6562
20260731,66.8,66.8,64,66,575,3750
20260803,64.7,69.6,64.7,68.6,620,4215
20260804,68.6,70.4,67,70,365,2532
20260805,72.6,74.4,71.3,73.9,602,4403
20260806,73.8,74,71.5,72.2,323,2343
20260807,72.9,75.3,71.5,73,533,3924
20260810,74.1,76.8,73.8,76,648,4873
20260811,74.9,75.5,74.1,74.7,278,2079
20260812,75.1,75.9,74.7,75.1,243,1828
20260813,75.4,76.5,74,74.2,357,2684
20260814,74.3,74.9,72.7,73,337,2475
20260817,72.8,73.9,72.5,73,235,1715
20260818,73.1,73.2,69,69.6,476,3357
20260819,67.8,71.8,67.4,71.2,267,1869
20260820,72.7,72.7,69.5,69.7,245,1721
20260821,70.1,71.2,69.5,69.6,277,1944
20260824,69.9,70.6,69.3,69.5,212,1479
20260825,69.4,70.7,67.6,70.7,156,1077
20260826,70.9,73.8,70.8,72,305,2209
20260827,72.8,72.8,70.8,71.6,252,1807
20260828,71.7,73.3,71.2,72.3,466,3364
20260831,71,71,68.4,68.6,474,3283
20260901,75.4,75.4,75.4,75.4,251,1893
20260902,82.9,82.9,82.9,82.9,744,6168
20260903,85.9,85.9,74.7,74.7,4697,37102
20260904,74.7,76.5,73.7,75,1334,9985
20260907,77.5,82.5,74.5,82.5,4892,39551
20260908,82.8,83.8,78.4,79,5023,41056
20260909,78.1,81.4,77.8,79.2,1507,11974
20260910,78.5,82.2,77.1,80,1607,12867
20260911,77.8,79.3,76.6,77.2,1149,8933
20260914,76.5,78.7,75.5,78.1,725,5629
20260915,77.7,78.8,77.2,77.6,431,3361
20260916,77.8,79.9,77.8,78.2,597,4709
20260917,79.2,83,78.3,78.3,1258,10126
20260918,79.5,83.5,78.5,82.7,2271,18566
20260921,83,86.7,82.1,83.5,3026,25572
20260922,84.7,91.5,84.7,85.1,5585,49058
