# date,open,high,low,close,lot,wan
20250814,106,113.5,106,110,734,8119
20250815,111.5,121,109.5,121,2284,27158
20250818,125,133,124,133,5646,73960
20250819,133,136,124,128,3620,46853
20250820,127.5,135,120,120,1994,25062
20250821,122.5,131.5,118.5,119.5,2456,30602
20250822,121,127.5,117,124.5,1816,22490
20250825,131,133,123.5,123.5,1618,20581
20250826,126,130.5,122.5,125,1513,19170
20250827,125.5,131,124.5,128,1367,17463
20250828,128.5,133,126,126,1503,19451
20250829,129,129,122,122,1001,12404
20250901,121.5,122,115,116,881,10411
20250902,115,116.5,104.5,108,2330,25299
20250903,112.5,114.5,109.5,112.5,1235,13846
20250904,117,121.5,111,118,1534,17993
20250905,118,121,115,120,776,9159
20250908,121,128.5,120,121,1197,14836
20250909,122,123,118.5,119,526,6349
20250910,119,120,115.5,116.5,532,6235
20250911,107,110.5,105,105,2518,26810
20250912,94.5,94.5,94.5,94.5,817,7719
20250915,98.2,101,90.2,91.5,2292,21905
20250916,95.2,96.6,91.7,96.4,1085,10213
20250917,96.5,97.9,94.3,96.3,804,7708
20250918,96.9,101.5,96,97.7,767,7564
20250919,99.2,103.5,96.6,103.5,990,9889
20250922,103.5,106,99,99,711,7173
20250923,99.7,99.7,95.4,95.5,439,4257
20250924,96.7,96.7,92.6,93.2,485,4560
20250925,94.3,95.5,86.1,91.9,1995,17872
20250926,90.1,90.1,87.2,88.5,381,3365
20250930,89.9,91.5,88,89.2,287,2577
20251001,91.2,91.7,89,89,170,1529
20251002,90.6,90.9,87.4,88.3,278,2467
20251003,88.5,88.8,86.9,87.4,194,1701
20251007,87.5,88.9,86.9,87.4,170,1490
20251008,87.4,88,86.5,88,120,1049
20251009,88,90,87.2,89.6,204,1805
20251013,88,89.6,84.5,88.5,499,4318
20251014,88.7,89.9,87.1,87.3,246,2173
20251015,87.4,90.5,87.4,89.6,215,1922
20251016,90,92.5,89.8,91.1,261,2373
20251017,89.6,92.8,88.9,88.9,259,2350
20251020,91.8,91.8,88.1,88.2,153,1363
20251021,88.8,89.3,87.2,87.3,201,1763
20251022,87.4,88.3,85.5,85.7,156,1351
20251023,85.9,87.2,84.7,86.5,160,1374
20251027,86.5,86.5,83.2,84.2,260,2192
20251028,84.7,85.1,83.2,83.3,164,1373
20251029,83.5,84.6,82.6,83.1,154,1281
20251030,83.4,83.4,80.5,82,321,2618
20251031,82,82.1,81,81,147,1200
20251103,81,83.2,79.6,80,245,1993
20251104,80,83.1,79.6,81,233,1898
20251105,82.9,83.1,79.8,79.9,127,1022
20251106,82.5,85.8,81.5,85.8,304,2534
20251107,86.9,86.9,82,82,231,1944
20251110,83.1,86,83.1,83.3,143,1206
20251111,82,83.8,80.1,80.7,208,1693
20251112,79.1,84,79.1,83.2,191,1571
20251113,83.2,83.2,81.7,82,135,1107
20251114,80.2,81.4,80,80,87,702
20251117,80.5,80.5,77.1,77.1,134,1049
20251118,75.4,76.2,73.4,74.5,165,1234
20251119,74.5,75.8,73.5,74,84,621
20251120,76,77.6,74.4,75,74,561
20251121,74.1,76,71.8,73.2,132,967
20251124,73.1,73.5,72.1,72.1,113,826
20251125,73,74,72.5,73.4,71,521
20251126,73.4,77.4,73,76.1,278,2094
20251127,76.2,78.3,75.5,77.3,107,827
20251128,78.4,79,76.8,77.9,128,998
20251201,79.2,81.9,78.5,80.1,211,1693
20251202,82.1,82.1,79.1,81,107,869
20251203,81.7,82.8,81.5,82,110,903
20251204,81.8,83.2,80.1,83.1,197,1610
20251205,81.9,91.3,81.9,88.8,592,5190
20251208,88.7,89.1,86.3,86.3,295,2578
20251209,85.6,85.6,83.5,83.7,124,1046
20251210,83.7,84.7,82.5,84.4,122,1019
20251211,83.5,84.4,81.1,81.5,156,1288
20251212,81.5,82.2,80,81.5,74,600
20251215,83.6,83.6,80.5,81.7,68,551
20251216,81,81,79.5,80,74,590
20251217,81.3,81.3,79.4,79.7,68,548
20251218,79.1,79.4,77.7,77.7,86,677
20251219,78.1,78.4,77.1,77.1,58,450
20251222,78,79.5,77.2,78.7,66,521
20251223,78.8,78.8,77.4,77.5,75,582
20251224,77.8,78.8,77.1,77.6,51,397
20251226,77.3,77.5,76,76.4,100,771
20251229,76.6,76.6,74.6,74.6,137,1030
20251230,74.6,74.7,73.7,73.9,51,375
20251231,75,78.4,74.3,76.4,75,565
20260102,77.2,82.6,77.1,79.8,473,3797
20260105,80.8,80.8,76.1,76.1,222,1746
20260106,76.2,77,75.3,76.1,119,903
20260107,75.4,75.4,73.3,73.8,456,3367
20260108,74.1,74.3,72.5,73.5,75,553
20260109,73.5,74.6,72,72.1,147,1079
20260112,75.1,77,74.7,75,159,1197
20260113,76.7,76.7,73.1,74.4,160,1190
20260114,74.4,77,74.4,74.6,161,1213
20260115,76.6,77.6,75.4,77.4,167,1279
20260116,78.5,79.8,75.4,76,148,1144
20260119,75.5,78,73.7,73.9,216,1608
20260120,75,75,73.3,73.3,132,976
20260121,75.2,75.2,72.6,72.7,97,710
20260122,74,74.1,72.4,72.5,95,690
20260123,73.7,79.7,72.7,79.7,482,3759
20260126,79.7,87.6,77.2,87.6,1773,14929
20260127,93.4,94.6,88.8,89,2680,24488
20260128,87.7,91.8,86.6,87.6,817,7231
20260129,87.6,88.3,83.8,84.5,553,4732
20260130,83.7,84.5,81.5,82.8,243,2003
20260202,82.6,82.6,78.1,79.9,180,1425
20260203,80.5,81.5,76,77.1,313,2455
20260204,75.3,77.8,75.3,76.2,196,1494
20260205,77.9,79.2,75.5,76.8,286,2211
20260206,78.1,79.4,74.6,75.1,279,2125
20260209,76.4,77.4,74.8,75,232,1748
20260210,79.3,82.5,77.1,82.5,713,5720
20260211,86.4,90.6,82.4,82.4,1753,15132
20260223,81.6,86,80.8,86,379,3133
20260224,86.1,86.5,84.7,85.1,371,3173
20260225,85.4,85.4,82,82,201,1679
20260226,81.7,84.2,81,81,200,1647
20260302,81.9,85,80.1,82.9,303,2518
20260303,82.4,85.5,80.8,84,390,3263
20260304,85.8,85.8,78.8,78.8,367,2997
20260305,80.5,83,79.3,81,198,1601
20260306,81.1,81.4,79.3,79.5,139,1114
20260309,74,77.4,73.1,75.9,279,2078
20260310,76.8,78.4,75.9,76.2,180,1383
20260311,77.1,80.7,77.1,80,154,1223
20260312,77.6,79.8,77.6,78.1,120,945
20260313,78.1,78.5,75.6,76,175,1339
20260316,76.8,76.8,74.1,75,147,1102
20260317,77.4,80.4,75.5,79.5,291,2293
20260318,80.5,80.6,78.5,78.6,231,1834
20260319,77.8,78.7,75.7,76.3,144,1110
20260320,77.7,79.8,75.7,78,237,1845
20260323,75.3,77.1,73.6,73.6,181,1359
20260324,74.1,74.3,71.1,71.2,494,3562
20260325,73.6,75.2,72.1,75.1,366,2698
20260326,76.1,78.3,75,76.4,167,1282
20260327,74.8,81.3,74.8,80.4,493,3927
20260330,77.6,80,75.2,76.1,240,1839
20260331,74.9,76.7,73.7,73.7,154,1155
20260401,74.3,76.8,72,74.1,139,1031
20260402,75.5,75.5,72.1,72.2,180,1308
20260407,73.2,73.5,71.7,72.1,149,1077
20260408,75.5,75.5,73.8,74,161,1204
20260409,74,74,71.6,71.8,182,1310
20260410,72.7,74.1,72,72.6,170,1241
20260413,71.9,73.7,71.8,73.4,102,739
20260414,74.3,75.6,73.6,73.8,203,1510
20260415,75.6,77,74.8,76.3,314,2389
20260416,77.5,78.5,75,75,287,2189
20260417,74.7,74.9,72.9,73.5,266,1959
20260420,74,80.8,74,78.4,1057,8372
20260421,78.4,80.4,77.1,78.6,402,3164
20260422,80,81.2,78.7,80.6,508,4053
20260423,81.5,87.5,73.8,76.2,860,6792
20260424,76.5,76.5,72.5,75.3,358,2647
20260427,75.3,75.3,72.6,73.6,388,2845
20260428,74.4,74.4,72.7,73.4,245,1792
20260429,75.9,75.9,73,73.8,108,800
20260430,73.4,74,73,73.3,177,1299
20260504,73.3,77.5,73.3,76.4,525,3998
20260505,76.4,76.5,74.9,75.1,233,1764
20260506,76.8,76.8,73,75.5,244,1824
20260507,75.1,75.4,72.2,72.4,646,4704
20260508,72.5,75.4,72.5,73.3,406,3014
20260511,77,77.5,74.2,74.6,412,3107
20260512,76.3,76.3,73.1,73.8,257,1898
20260513,73.8,74.3,72.1,73.8,272,1986
20260514,73.8,74,71.8,72.2,325,2354
20260515,72.2,72.6,68.6,68.7,499,3519
20260518,68.8,73.4,67.3,72.5,368,2613
20260519,71.5,73.2,70.8,71.9,145,1040
20260520,71.5,71.7,70.1,71.4,110,780
20260521,71.7,73.3,71.7,72.2,149,1077
20260522,72.1,73.2,71.2,71.8,239,1724
20260525,73,73,69.4,69.6,469,3284
20260526,70.5,70.5,67.3,68.3,632,4301
20260527,68.2,68.3,64.5,65,586,3846
20260528,65.2,65.4,64,64.6,307,1984
20260529,64.8,66.2,64,66,225,1468
20260601,66,71.7,64.9,71.3,712,4930
20260602,71.5,73.5,67.3,69.7,391,2741
20260603,69.7,70.8,69,70.2,266,1868
20260604,70.8,70.8,67.5,67.5,174,1190
20260605,67.5,67.6,65.3,65.7,220,1453
20260608,61.2,61.8,59.2,60.7,687,4118
20260609,60.7,65.2,60.4,65.1,289,1826
20260610,63.2,64.7,61.3,61.3,293,1849
20260611,60.1,62.4,59.4,61.6,182,1114
20260612,62.1,63.3,61.9,62,158,987
20260615,62.2,66.7,62.2,64,224,1458
20260616,64,65.2,61.2,61.4,124,784
20260617,61.5,62.7,61,61.2,157,969
20260618,61.5,63.2,61.1,61.1,88,541
20260622,64.8,64.8,61.7,62,267,1663
20260623,62.7,63.5,61.3,61.5,130,809
20260624,59.2,62.4,59.2,62.4,102,621
20260625,61.4,62,60.5,60.5,68,416
20260626,62,62,58,58.8,324,1924
20260629,58.8,59.8,57.9,58.5,86,501
20260630,58.6,59.5,58.6,58.9,61,362
20260701,59.5,61.3,59.3,59.9,237,1430
20260702,59.6,61.3,58.7,60.6,108,650
20260703,59.5,62.5,59.5,61,147,898
20260706,62.1,64,61.2,61.4,159,995
20260707,62.4,62.4,58.6,58.9,186,1116
20260708,59.5,59.5,57.5,58,122,710
20260709,58.9,58.9,57.6,58.4,115,671
20260713,59,60.2,58.6,59.3,130,770
20260714,60.1,60.1,54.7,56,211,1184
20260715,56.4,58.2,55.6,57.5,107,609
20260716,57.5,62.5,56.9,60.5,589,3569
20260717,59.5,59.7,55.5,55.8,295,1684
20260720,58.5,61.3,58.5,61.3,351,2145
20260721,66.4,67.4,63.5,66.5,1866,12398
20260722,65.2,67.7,62.5,62.5,675,4379
20260723,61.4,64.5,60,63.8,350,2165
20260724,61.1,63,60.5,61,215,1318
20260727,61,62.6,59.6,60.7,240,1464
20260728,57.6,59.5,55.6,55.6,216,1233
20260729,55.8,56.2,50.1,53.4,393,2070
20260730,55.5,55.5,52.4,52.4,192,1027
20260731,55,56.9,53.3,55.5,175,965
20260803,57.1,57.1,53,53.5,202,1099
20260804,53.8,56,53.8,55.2,90,493
20260805,57.3,57.3,55.3,55.4,98,549
20260806,56,56,54,54.4,97,527
20260807,54.8,55.5,53.5,53.5,64,348
20260810,56.6,56.6,54.1,54.8,37,203
20260811,54.4,54.4,51,52.4,695,3605
20260812,52.5,53.2,52.4,52.9,69,364
20260813,52.4,53.5,51.8,51.9,109,573
20260814,51.2,51.3,50.2,50.8,210,1066
20260817,50.3,54.3,50.3,52.6,321,1704
20260818,53.8,53.8,51.4,51.6,90,468
20260819,51.6,51.7,50.7,50.8,102,522
20260820,51.6,53.4,51.4,53.2,237,1239
20260821,53.2,53.2,51.7,51.9,51,268
20260824,52.5,53.5,51.8,53.2,84,444
20260825,53.4,53.4,51.7,52.1,124,650
20260826,52.2,52.3,51.4,51.6,151,785
20260827,52.6,53.5,52.5,52.5,95,505
20260828,53.5,54,52.3,53.2,112,595
20260831,53.5,53.5,52.1,52.3,65,340
20260901,52.3,52.7,51.1,51.3,163,850
20260902,51.1,52.2,50.6,51.5,298,1525
20260903,51.5,52.5,50.3,50.4,115,589
20260904,50.5,51.2,50,50.2,345,1734
20260907,50.2,51.6,48.55,49.8,198,986
20260908,49.8,49.85,48.9,48.9,93,461
20260909,48.95,49.35,47.8,48.3,156,757
20260910,49.8,49.8,47.25,48,100,476
20260911,46.3,47.8,45.25,47.2,76,354
20260914,47,48.1,46.7,47.85,374,1763
20260915,50.1,52.6,50.1,52.6,145,754
20260916,57,57,50.7,52.8,868,4632
20260917,53.1,56.6,53.1,54.6,468,2571
20260918,55.1,57.9,53.8,54.6,373,2064
