# date,open,high,low,close,lot,wan
20250814,172.5,178,170.5,171,8783,152718
20250815,172.5,179.5,168.5,169.5,15243,264036
20250818,170,183,169,183,22563,403183
20250819,194,195.5,178,180,32964,609273
20250820,177,177.5,167,167,17299,296253
20250821,170.5,171.5,168,169,6403,108700
20250822,171,173,169,172.5,5184,88724
20250825,176,187,176,186,20959,381264
20250826,195,200,184.5,187,41554,797159
20250827,196.5,205.5,195,205.5,29202,587683
20250828,213,226,208,226,60944,1329243
20250829,232,233,219,220,65336,1478583
20250901,220,220,198,201,25398,524842
20250902,202.5,203,193,197,20037,395245
20250903,196.5,197,190,190.5,12487,240527
20250904,196,196.5,185,185.5,16712,316923
20250905,188,191,185,187.5,12982,243595
20250908,188.5,192.5,185.5,186,9915,186438
20250909,188,191,183,184,11012,205363
20250910,186,188.5,183,185,10184,189343
20250911,188.5,190,178.5,179.5,13007,237734
20250912,181.5,185,180.5,184,9371,171537
20250915,184,184.5,177.5,179,6544,118271
20250916,183.5,196.5,182,196.5,17827,341079
20250917,200.5,201.5,191,193.5,40355,792456
20250918,194.5,201.5,192.5,200,21066,414084
20250919,208,220,206.5,220,46257,999891
20250922,221,239.5,219.5,235.5,53033,1208779
20250923,239,248,231,234.5,45576,1091835
20250924,238,239,216.5,220.5,30060,671648
20250925,222,238,219,229,29272,673798
20250926,230,234.5,216,219,22922,510545
20250930,224,232,222.5,226,15164,343939
20251001,226,233,223.5,228,14514,331399
20251002,232,233,224.5,231,12446,286101
20251003,231,254,229.5,254,46132,1120328
20251007,258.5,261.5,247.5,253,43881,1115994
20251008,252.5,264.5,245,260.5,25892,658552
20251009,267.5,283,262.5,265,69017,1880639
20251013,241,268,241,267.5,29421,753714
20251014,275,279,254.5,256,43651,1157600
20251015,263,281.5,260.5,281.5,46632,1279639
20251016,286.5,299,280,281.5,72921,2105823
20251017,282,289,278,280.5,28089,794917
20251020,285.5,292,274.5,277.5,23811,670791
20251021,280,283,272.5,273.5,16245,449668
20251022,276,285,272,275.5,22738,632341
20251023,273.5,279,268,272.5,13290,362352
20251027,282,288,276.5,278.5,19583,550645
20251028,281.5,286.5,271.5,276,25124,697271
20251029,279,294,275.5,290.5,26764,764796
20251030,293.5,298,279,282,29541,850694
20251031,286.5,296,283,290.5,28685,831711
20251103,291.5,301,284.5,285,37535,1096105
20251104,289,296.5,277,280,30345,871347
20251105,268,272.5,262,272,21643,581585
20251106,277.5,277.5,263.5,273,20740,559113
20251107,268,279,267.5,273,14640,399712
20251110,276.5,293,274.5,290.5,32317,922456
20251111,291.5,296.5,287,289,21733,635813
20251112,294.5,296,283,284.5,18293,528116
20251113,285.5,294,282.5,292,19971,576069
20251114,283.5,287,275.5,282.5,17839,501831
20251117,285,291,272,272.5,18451,516792
20251118,269,276.5,261,265.5,17629,473419
20251119,264.5,264.5,250,251,16485,419313
20251120,258,272.5,258,269,13423,357625
20251121,258,262.5,247.5,250,11913,300396
20251124,253.5,253.5,242,247,9912,243594
20251125,254,256.5,241,250,13505,333717
20251126,253,261.5,250,257,11517,295538
20251127,261,264.5,258,260.5,11753,306474
20251128,261,264,256,262.5,7533,195898
20251201,265,269,260.5,266.5,13222,351536
20251202,266.5,268,258.5,262,8244,217145
20251203,264.5,273,264,269,11500,309176
20251204,269,272,258.5,258.5,11344,299498
20251205,259,276.5,258.5,270,20809,558599
20251208,272,272.5,265,270,9004,242071
20251209,270,286,266,284,21650,603183
20251210,288.5,293,278.5,280,14628,415867
20251211,283,289,277.5,278,12189,345335
20251212,280.5,282.5,271,271.5,8863,242787
20251215,265.5,270,264.5,266,6366,169629
20251216,263.5,264,246,249,10927,276791
20251217,253,253.5,242.5,243.5,10179,250569
20251218,241.5,245,232,234.5,11204,264013
20251219,239,242,235,239.5,5911,141357
20251222,244,246.5,240.5,244,4469,109058
20251223,245,245,239,239,3571,86192
20251224,240.5,244,239,239,3937,94719
20251226,241,248,239,246.5,7271,178030
20251229,247.5,247.5,237,240.5,6213,149672
20251230,239.5,241,235,240.5,4096,97637
20251231,242,247,241,241,4387,106715
20260102,243.5,246,236,237,5671,135333
20260105,243,247,237,241.5,11833,286508
20260106,243.5,248,240.5,244.5,7749,189739
20260107,247,253.5,240,241.5,19234,474619
20260108,241.5,243.5,235,237,5620,134358
20260109,237.5,242,235.5,240.5,4535,108638
20260112,244.5,260.5,243,254.5,16616,419347
20260113,255.5,273.5,251.5,268,27686,737476
20260114,272,278,260.5,261.5,19821,532888
20260115,262,278,258.5,263.5,19967,534586
20260116,269,289.5,266.5,289.5,30877,872954
20260119,295,318,287,318,54304,1663409
20260120,312,349.5,311.5,341.5,60259,2025423
20260121,349.5,375.5,345,361,47780,1728349
20260122,374.5,375,357,370.5,8382,306838
20260123,370.5,382,366,382,7401,276765
20260126,374,375,368.5,370,5186,192490
20260127,374,396,374,395,3062,120575
20260128,393,397.5,390.5,396,1891,74728
20260129,390,390,356.5,374,4182,154396
20260130,370,400,370,388.5,3873,150663
20260202,381,381,360,368,2964,109068
20260203,378,397,372.5,394.5,2966,114218
20260204,384,410,384,410,2855,115267
20260205,400,400,390,397.5,2340,92399
20260206,375.5,379,360,379,3296,121622
20260209,402,416.5,391,416.5,3653,149564
20260210,417,449.5,402.5,409.5,35847,1515734
20260211,411.5,427,405.5,416,20741,863661
20260223,448.5,457.5,448.5,457.5,6259,284913
20260224,478,503,477,503,14641,719086
20260225,530,553,510,553,27562,1465116
20260226,548,572,532,555,29703,1646636
20260302,540,566,531,541,3569,196733
20260303,545,560,500,500,3183,163697
20260304,466,466,450,450,4542,206174
20260305,488,488,441.5,461,4226,193712
20260306,461,471.5,450,469.5,2398,110758
20260309,423,423,423,423,710,30039
20260310,434.5,445,409,428,3808,164103
20260311,444.5,470.5,444.5,470.5,1732,80643
20260312,459,480,458,468.5,1928,89665
20260313,456,515,456,515,3385,170303
20260316,542,566,508,566,30634,1664863
20260317,580,603,540,544,29422,1690367
20260318,549,580,535,567,18630,1044157
20260319,554,582,543,561,19508,1096431
20260320,563,571,525,541,20161,1092990
20260323,511,539,507,534,15709,817135
20260324,551,562,486,491,30733,1591731
20260325,510,540,510,540,11031,585296
20260326,550,593,544,569,31163,1786963
20260327,553,587,543,561,25432,1438562
20260330,543,580,541,580,19641,1100311
20260331,567,581,522,522,22840,1257843
20260401,561,574,551,574,17700,1000004
20260402,588,627,564,568,46908,2795264
20260407,596,624,593,624,23583,1457929
20260408,658,664,636,637,32034,2080634
20260409,643,693,643,669,24578,1647855
20260410,679,685,646,667,20854,1385027
20260413,667,675,650,655,9081,599565
20260414,675,685,635,646,14866,968762
20260415,652,682,640,656,17930,1186461
20260416,665,721,651,721,21809,1498698
20260417,728,749,708,724,25621,1866379
20260420,740,796,738,796,17336,1345791
20260421,812,820,780,789,30182,2418528
20260422,810,825,793,803,19034,1539431
20260423,825,865,768,795,30328,2468129
20260424,837,874,835,874,22699,1965209
20260427,930,959,860,913,28297,2572436
20260428,937,977,904,932,23730,2218258
20260429,925,963,910,916,17717,1645906
20260430,935,1005,926,1005,20919,2040430
20260504,1020,1025,960,986,22522,2224792
20260505,986,1035,975,997,11932,1189232
20260506,1005,1025,901,940,22794,2164325
20260507,970,980,932,947,11915,1137111
20260508,942,942,853,854,20326,1785112
20260511,857,918,857,908,13747,1228703
20260512,928,965,899,900,15711,1457281
20260513,861,896,861,880,11706,1032133
20260514,899,900,846,847,20592,1778921
20260515,851,855,780,786,19103,1538564
20260518,775,798,765,791,10860,849862
20260519,800,830,786,798,9881,797443
20260520,807,843,783,829,12893,1051247
20260521,885,903,862,872,18745,1654019
20260522,904,952,904,934,17477,1632025
20260525,940,947,879,884,30915,2816426
20260526,888,947,871,922,24438,2222884
20260527,939,966,897,905,22754,2110848
20260528,905,909,837,850,20528,1787864
20260529,860,867,825,848,17926,1520104
20260601,842,923,838,905,21447,1930217
20260602,905,907,834,862,14436,1249213
20260603,860,920,856,904,17487,1570109
20260604,870,900,866,878,8814,776596
20260605,865,875,813,845,14137,1199968
20260608,761,853,761,831,15132,1234625
20260609,852,914,842,914,18886,1668311
20260610,894,912,843,847,17502,1542226
20260611,845,863,777,807,19365,1581722
20260612,850,868,812,819,13022,1084697
20260615,842,865,830,860,10104,860468
20260616,860,929,858,902,16663,1498686
20260617,895,920,871,885,17287,1537340
20260618,900,912,874,874,17764,1568403
20260622,891,910,862,864,21057,1859854
20260623,875,945,867,909,34962,3205982
20260624,906,956,887,955,24693,2281759
20260625,990,1045,981,1045,26849,2733894
20260626,1100,1145,1100,1125,35046,3972664
20260629,1105,1140,1035,1080,22849,2482673
20260630,1145,1185,1145,1185,6271,736226
20260701,1200,1285,1150,1175,21196,2574204
20260702,1155,1180,1110,1145,11111,1273001
20260703,1100,1210,1050,1185,13119,1496236
20260706,1160,1170,1070,1075,14049,1541945
20260707,1040,1135,1015,1030,18823,2014623
20260708,1065,1130,1020,1105,21269,2329416
20260709,1110,1215,1090,1215,24652,2927066
20260713,1280,1335,1265,1270,25735,3358128
20260714,1290,1305,1170,1290,23037,2874125
20260715,1350,1415,1305,1415,19358,2668590
20260716,1405,1415,1275,1275,19446,2570579
20260717,1155,1220,1150,1150,16447,1927719
20260720,1130,1165,1090,1105,18077,2038343
20260721,1165,1210,1145,1190,16995,2013420
20260722,1255,1305,1215,1305,17116,2173160
20260723,1280,1310,1175,1230,19046,2366725
20260724,1215,1230,1110,1110,11188,1282876
20260727,1090,1110,1045,1075,12128,1305871
20260728,996,1045,973,976,15703,1567952
20260729,994,995,879,879,13363,1233434
20260730,817,954,792,837,40319,3589018
20260731,920,920,920,920,1730,159145
20260803,945,998,940,953,6123,594906
20260804,1020,1045,978,1045,5508,564105
20260805,1140,1145,1055,1060,5440,603436
20260806,1060,1130,1015,1105,3733,400458
20260807,1125,1125,1050,1080,4069,443693
20260810,1100,1180,1080,1130,3375,383131
20260811,1115,1160,1100,1150,2577,294110
20260812,1170,1265,1130,1265,12967,1574324
20260813,1295,1300,1215,1215,19000,2385212
20260814,1235,1335,1205,1305,23319,3011615
20260817,1310,1380,1295,1295,19223,2569797
20260818,1320,1355,1245,1245,10340,1349573
20260819,1175,1280,1150,1180,15144,1819762
20260820,1225,1235,1155,1195,9651,1152009
20260821,1180,1200,1105,1135,11629,1332154
20260824,1135,1170,1105,1135,7450,849170
20260825,1110,1170,1070,1160,8466,947157
20260826,1140,1200,1125,1180,14185,1656153
20260827,1190,1295,1175,1295,7871,991115
20260828,1300,1310,1215,1240,16449,2066264
20260831,1220,1325,1155,1230,20651,2528977
20260901,1260,1335,1220,1225,18225,2327842
20260902,1210,1225,1170,1200,7722,922821
20260903,1225,1225,1080,1080,23330,2590090
20260904,1075,1095,1010,1055,18619,1950373
20260907,1080,1085,1045,1050,7295,775997
20260908,1065,1075,1015,1025,6473,671837
20260909,1075,1125,1065,1110,12271,1351488
20260910,1085,1105,1055,1070,6756,726942
20260911,1045,1100,1035,1080,6349,681555
20260914,1040,1070,1025,1055,6139,644533
20260915,1070,1110,1055,1085,7743,844489
20260916,1095,1115,1060,1105,7955,867693
20260917,1120,1130,1060,1065,8133,887358
20260918,1105,1120,1065,1100,10172,1112958
20260921,1110,1150,1050,1060,13819,1503968
20260922,1125,1165,1120,1165,17066,1975779
