# date,open,high,low,close,lot,wan
20250814,25.7,25.7,25.55,25.7,331,848
20250815,25.7,25.7,25.5,25.65,200,512
20250818,25.65,25.65,25.5,25.5,242,618
20250819,25.5,25.7,25.5,25.6,180,460
20250820,25.6,25.6,25.35,25.35,193,491
20250821,25.35,25.55,25.3,25.45,167,425
20250822,25.4,25.55,25.4,25.5,95,242
20250825,25.55,25.55,25.4,25.4,131,334
20250826,25.4,25.5,25.3,25.35,96,244
20250827,25.35,26.2,25.35,26.1,363,938
20250828,26.2,26.25,26,26.15,115,300
20250829,26.2,26.3,25.95,26,133,347
20250901,26,26,25.6,25.75,89,229
20250902,25.75,25.85,25.6,25.6,80,206
20250903,25.6,25.7,25.45,25.65,91,233
20250904,25.65,26,25.65,25.9,136,352
20250905,25.9,26.1,25.75,26,134,348
20250908,26.05,26.15,25.9,26,104,271
20250909,26.05,26.1,25.65,25.85,125,323
20250910,25.85,25.85,25.7,25.7,139,358
20250911,25.7,25.8,25.5,25.55,98,251
20250912,25.55,25.65,25.5,25.6,81,207
20250915,25.6,26.05,25.6,26,117,303
20250916,26,26.3,26,26.2,134,350
20250917,26.05,26.25,26.05,26.2,65,170
20250918,26.25,26.4,26.2,26.3,101,266
20250919,26.35,26.35,26.1,26.25,73,191
20250922,26.25,26.25,26.1,26.25,84,220
20250923,26.25,26.25,26,26.05,109,284
20250924,26.05,26.1,25.9,26.05,102,265
20250925,26.05,26.45,26.05,26.45,161,424
20250926,26.45,26.5,26.2,26.2,117,308
20250930,26.3,26.3,26,26.05,82,214
20251001,26.05,26.15,25.95,26.05,62,162
20251002,26.05,26.1,25.95,25.95,100,260
20251003,26,26.05,25.95,26,46,120
20251007,26,26.3,26,26.25,90,236
20251008,26.25,26.4,26.2,26.25,56,147
20251009,26.3,26.35,26.15,26.15,66,173
20251013,26,26,25.6,25.7,197,506
20251014,25.7,25.75,25.6,25.65,101,259
20251015,25.5,25.8,25.5,25.65,109,280
20251016,25.65,25.85,25.55,25.75,112,288
20251017,25.75,26.15,25.75,26.1,115,299
20251020,26.15,26.15,25.9,26,107,278
20251021,26,26,25.85,25.9,77,199
20251022,25.85,25.95,25.8,25.9,46,119
20251023,25.8,25.9,25.8,25.9,76,196
20251027,25.9,25.9,25.45,25.6,308,788
20251028,25.6,25.6,25.35,25.4,161,410
20251029,25.4,25.4,25.05,25.15,282,710
20251030,25.1,25.2,25.05,25.1,115,289
20251031,25.05,25.3,25.05,25.2,108,272
20251103,25.25,25.25,25.05,25.1,146,367
20251104,25.1,25.1,24.7,24.8,274,680
20251105,24.8,24.8,24.5,24.6,144,354
20251106,24.6,24.8,24.55,24.7,88,217
20251107,24.6,24.7,24.6,24.65,78,192
20251110,24.7,24.7,24.5,24.65,59,145
20251111,24.55,25.25,24.55,24.95,157,393
20251112,24.9,25.15,24.9,25.15,115,288
20251113,25.15,25.15,25,25.15,131,329
20251114,25.15,25.7,25.15,25.45,246,626
20251117,25.6,25.6,25.05,25.1,158,398
20251118,25.1,25.1,24.75,24.9,188,469
20251119,24.9,24.9,24.55,24.7,71,176
20251120,24.7,25,24.7,24.95,47,117
20251121,24.65,24.85,24.65,24.85,74,183
20251124,24.85,24.95,24.65,24.8,63,156
20251125,24.95,24.95,24.7,24.7,58,144
20251126,24.7,25.1,24.7,25,104,260
20251127,25,25.6,25,25.6,116,293
20251128,25.5,25.55,25.3,25.45,50,127
20251201,25.4,25.4,25.25,25.3,45,114
20251202,25.3,25.55,25.3,25.4,51,130
20251203,25.35,25.6,25.35,25.5,30,76
20251204,25.5,25.75,25.5,25.65,95,244
20251205,25.6,25.6,25.5,25.55,42,107
20251208,25.5,25.6,25.45,25.6,54,138
20251209,25.45,25.45,25.1,25.15,110,277
20251210,25.1,25.25,24.95,24.95,73,183
20251211,24.9,25.05,24.8,24.95,29,72
20251212,25,25.1,24.95,24.95,45,113
20251215,24.95,25.05,24.95,25,78,195
20251216,25.05,25.05,24.85,24.95,40,100
20251217,24.95,25.2,24.95,25,36,90
20251218,25,25,24.85,24.9,32,80
20251219,24.95,25.25,24.95,25.1,59,148
20251222,25.1,25.35,25.1,25.25,104,262
20251223,25.25,25.3,25.05,25.05,38,96
20251224,25.05,25.1,24.85,25,76,190
20251226,25,25,24.8,25,56,140
20251229,25,25.2,25,25,120,301
20251230,25,25.1,24.95,25.05,80,200
20251231,25.05,25.35,25.05,25.2,107,270
20260102,25.25,25.3,25.1,25.15,85,214
20260105,25.25,25.3,24.95,24.95,125,313
20260106,25.1,25.95,25.1,25.8,372,953
20260107,25.95,26.8,25.95,26.3,515,1356
20260108,26.8,26.8,25.65,25.75,309,806
20260109,26.55,27.3,26.25,27.2,797,2148
20260112,27.2,27.3,26.7,27.15,435,1176
20260113,27.15,27.15,26.4,26.7,308,822
20260114,26.8,27.8,26.75,27.55,458,1247
20260115,27.5,27.5,27.1,27.25,183,498
20260116,27.25,27.45,27.1,27.2,142,387
20260119,27.2,27.5,27.1,27.25,279,763
20260120,27.1,27.15,26.95,27,209,565
20260121,27,27.15,26.65,26.75,179,481
20260122,26.85,27.15,26.8,26.85,115,309
20260123,26.85,26.85,26.45,26.55,118,314
20260126,26.55,26.55,26.35,26.45,92,243
20260127,26.45,26.75,26.45,26.65,66,176
20260128,26.65,27.05,26.65,26.95,106,285
20260129,27,27.1,26.95,26.95,131,354
20260130,26.95,26.95,26.35,26.6,111,294
20260202,26.6,26.6,26.25,26.45,126,332
20260203,26.6,26.6,26.15,26.45,74,195
20260204,26.45,26.65,26.4,26.6,85,225
20260205,26.6,27,26.6,26.85,90,242
20260206,26.8,26.8,26.3,26.6,130,344
20260209,26.7,26.85,26.6,26.6,127,339
20260210,26.6,26.6,26.35,26.5,64,170
20260211,26.45,26.5,26.3,26.5,101,266
20260223,26.5,26.55,26.15,26.4,118,312
20260224,26.4,26.7,26.4,26.5,141,375
20260225,26.5,26.65,26.4,26.5,95,252
20260226,26.5,26.95,26.5,26.8,188,504
20260302,26.8,26.8,26.45,26.6,126,335
20260303,26.6,26.6,26.2,26.25,167,439
20260304,25.95,25.95,25.5,25.5,252,646
20260305,25.75,25.8,25.4,25.55,154,393
20260306,25.55,26.25,25.5,25.7,108,278
20260309,25.7,25.7,25.05,25.2,137,346
20260310,25.35,25.5,25.2,25.2,130,329
20260311,25.25,25.55,25.25,25.55,63,160
20260312,25.6,26,25.6,25.8,71,183
20260313,25.8,25.8,25.5,25.55,111,284
20260316,25.55,25.6,25.4,25.55,56,143
20260317,25.6,25.8,25.55,25.65,159,408
20260318,25.65,25.8,25.55,25.8,117,300
20260319,26,26,25.4,25.5,124,317
20260320,25.55,25.7,25.45,25.5,66,168
20260323,25.5,25.5,25.05,25.05,142,358
20260324,25.4,25.4,25,25.2,114,286
20260325,25.25,25.4,25.25,25.4,77,195
20260326,25.4,25.7,25.35,25.35,57,145
20260327,25.55,25.55,25.05,25.15,65,164
20260330,25.15,25.2,25,25,87,218
20260331,25.1,25.1,24.8,24.8,82,204
20260401,25.05,25.05,24.9,25,40,100
20260402,25.6,25.65,25,25.4,85,216
20260407,25.4,25.55,25.15,25.15,55,139
20260408,25.2,25.4,25.1,25.35,94,237
20260409,25.4,25.75,25.4,25.55,201,514
20260410,25.65,25.7,25.25,25.35,86,219
20260413,25.35,25.35,25,25.1,186,466
20260414,25,25.3,25,25.25,172,433
20260415,25.45,25.7,25.3,25.55,190,486
20260416,25.55,25.9,25.55,25.6,119,305
20260417,25.65,25.8,25.55,25.7,108,277
20260420,25.75,25.75,25.45,25.6,263,673
20260421,25.6,25.7,25.6,25.6,177,454
20260422,25.7,25.7,25.5,25.7,131,336
20260423,25.7,25.7,25.05,25.35,275,696
20260424,25.35,25.4,25.15,25.25,125,316
20260427,25.25,25.25,25,25.25,241,605
20260428,25.1,25.25,25.1,25.25,83,209
20260429,25.15,25.3,25.15,25.3,59,149
20260430,25.3,25.3,25.2,25.25,57,144
20260504,25.15,25.3,25,25.25,610,1532
20260505,25.2,25.45,25.15,25.45,178,450
20260506,25.45,25.45,25.05,25.2,179,450
20260507,25.2,25.45,25.1,25.2,200,504
20260508,25.2,25.3,25.1,25.25,190,479
20260511,25.3,25.8,25.3,25.65,254,651
20260512,25.75,26.35,25.6,26.05,538,1402
20260513,26.05,26.2,25.55,25.8,349,903
20260514,26,26.25,25.9,26.05,336,876
20260515,26.3,26.9,25.8,25.8,374,979
20260518,25.7,26,25.5,25.9,192,494
20260519,25.75,26.1,25.7,25.8,125,324
20260520,25.95,26.1,25.65,26,126,327
20260521,26,26.7,26,26.45,407,1079
20260522,26.6,26.9,26.55,26.8,463,1237
20260525,27,27.4,26.95,27.15,708,1923
20260526,27.4,27.4,26.9,27,375,1015
20260527,27.15,27.15,26.5,26.65,433,1154
20260528,27.05,27.2,26.85,27.05,339,916
20260529,27.35,27.35,26.6,26.95,391,1050
20260601,27,27.3,26.85,27,464,1258
20260602,27.2,27.2,26.7,27.15,447,1206
20260603,27.25,27.6,27.2,27.3,649,1776
20260604,27.4,27.45,27.05,27.2,349,948
20260605,27.45,27.75,27.05,27.2,469,1281
20260608,26.05,26.5,25.75,26.4,300,781
20260609,26.45,26.7,26.25,26.5,234,619
20260610,26.35,26.7,26.15,26.15,237,624
20260611,26.15,26.25,25.95,26.15,175,456
20260612,26.4,26.6,26.25,26.3,119,315
20260615,26.6,27.9,26.6,27.9,820,2252
20260616,28.2,29.45,27.95,28.1,1062,3015
20260617,28.1,28.1,27.55,27.6,361,998
20260618,27.6,27.85,27.5,27.7,341,943
20260622,27.95,27.95,27.45,27.9,610,1694
20260623,28.1,28.1,27.1,27.3,301,824
20260624,26.95,27.4,26.9,27.3,291,789
20260625,27.4,27.5,27,27.25,284,771
20260626,27.4,28.2,27.1,28,1016,2835
20260629,28,28.75,27.6,27.75,590,1658
20260630,27.85,27.95,27.3,27.4,274,753
20260701,27.5,27.5,27.1,27.1,154,420
20260702,27,27.75,26.85,27.35,265,725
20260703,27.35,27.5,27,27.25,531,1441
20260706,27.35,27.7,27,27.15,164,446
20260707,27.4,27.4,26.6,26.75,279,750
20260708,26.75,26.8,26.35,26.55,126,334
20260709,26.65,26.75,26.5,26.65,98,261
20260713,26.65,26.65,26.3,26.35,148,391
20260714,26.2,26.2,25.7,26.2,267,691
20260715,26.2,26.75,26.2,26.55,102,271
20260716,26.5,26.55,26.2,26.4,99,261
20260717,26.5,26.5,25.65,25.8,262,678
20260720,25.9,25.9,25.4,25.7,96,246
20260721,25.9,26.2,25.8,26.15,89,232
20260722,26.45,26.45,26,26.15,114,299
20260723,26.1,26.1,25.9,25.9,44,114
20260724,25.6,26.2,25.6,26,190,495
20260727,26,26.25,25.65,25.65,117,302
20260728,25.6,25.6,25.3,25.5,141,359
20260729,25.45,25.55,24.7,24.9,288,722
20260730,24.9,25.4,24.9,25.3,140,353
20260731,25.7,25.85,25.6,25.8,212,545
20260803,25.95,26.1,25.9,25.95,72,187
20260804,26.15,26.15,25.9,26.1,129,336
20260805,26.4,26.45,26.1,26.3,78,205
20260806,26.1,26.35,26.1,26.3,71,187
20260807,26.3,26.45,26.3,26.4,142,375
20260810,26.4,26.7,26.4,26.55,148,393
20260811,26.8,26.8,26.45,26.6,111,295
20260812,26.7,26.7,26.45,26.55,255,678
20260813,26.55,26.6,26.4,26.4,301,797
20260814,26.5,26.55,26.2,26.45,479,1264
20260817,25,25,24.75,24.95,210,523
20260818,24.95,24.95,24.6,24.6,282,697
20260819,24.6,24.85,24.3,24.35,149,364
20260820,24.4,24.5,24.4,24.5,75,183
20260821,24.8,24.8,24.4,24.45,93,227
20260824,24.5,24.5,24.4,24.45,123,301
20260825,24.4,24.4,24.2,24.35,123,298
20260826,24.4,24.5,24.4,24.4,106,259
20260827,24.55,24.55,24.45,24.5,56,137
20260828,24.5,24.6,24.4,24.45,120,293
20260831,24.4,24.55,24.4,24.55,73,179
20260901,24.55,24.7,24.55,24.65,118,290
20260902,24.5,24.6,24.4,24.5,98,240
20260903,24.55,24.6,24.45,24.45,126,309
20260904,24.5,24.6,24.4,24.45,131,320
20260907,24.45,24.45,24.2,24.3,178,432
20260908,24.4,24.4,24.25,24.3,172,418
20260909,24.4,24.55,24.35,24.55,83,203
20260910,24.4,24.6,24.4,24.5,75,184
20260911,24.45,24.5,24.35,24.45,78,191
20260914,24.7,24.7,24.45,24.55,115,282
20260915,24.65,24.7,24.45,24.55,96,236
20260916,24.65,24.65,24.45,24.45,95,233
20260917,24.45,24.55,24.35,24.45,115,281
20260918,24.45,24.55,24.45,24.55,47,115
20260921,24.5,24.6,24.3,24.45,182,446
20260922,24.45,24.5,24.3,24.45,218,532
20260923,24.5,24.6,24.35,24.45,82,200
