# date,open,high,low,close,lot,wan
20250814,41.55,43.95,41.05,42.3,8020,34177
20250815,42.3,43.25,41.3,42.9,3694,15684
20250818,42.55,43.15,42.1,42.35,2258,9614
20250819,42.55,44.8,41.9,43.2,6027,26292
20250820,42.7,43.05,40.85,41.75,2757,11550
20250821,42.2,43.75,41.95,42.6,1984,8498
20250822,43.05,43.65,41.4,41.4,2245,9521
20250825,42.25,43.4,42.1,42.15,1747,7457
20250826,42.2,43.2,41.7,42.75,1720,7337
20250827,43.2,45,42.9,43.85,5666,25010
20250828,44.3,47.5,43.65,45.6,12757,58676
20250829,45.2,45.35,44.1,44.3,3662,16344
20250901,44.65,45.5,42.5,42.75,2939,12846
20250902,42.8,43.15,41.1,42.05,1736,7281
20250903,41.85,42.7,41.85,42.3,807,3414
20250904,42.75,42.85,41.3,41.3,1172,4921
20250905,42.1,43.2,41.8,42.45,1967,8402
20250908,43.15,45.3,42.9,44.5,4071,18070
20250909,44.6,44.8,43.1,43.3,2192,9624
20250910,43.9,45.95,43.5,43.65,4232,18837
20250911,43.95,43.95,41.05,41.3,2944,12385
20250912,41.85,42.35,41.15,41.3,1185,4922
20250915,41.5,41.7,40.5,40.65,1141,4657
20250916,41.05,42.1,40.6,42.1,1034,4291
20250917,41.8,42.95,41.8,42.2,1306,5552
20250918,42.7,45.4,42.65,44,4311,19090
20250919,44.5,44.9,43.55,43.6,1414,6219
20250922,44,44.8,43.65,43.95,1185,5219
20250923,44.2,44.95,43.6,44.05,2301,10204
20250924,44.2,44.8,42.95,43.35,1636,7136
20250925,43.4,44.15,42.85,42.95,1036,4495
20250926,42.95,42.95,40.95,41.25,1540,6381
20250930,41.5,43.65,41.1,42.9,1899,8121
20251001,42.95,43.4,41.85,41.9,918,3892
20251002,42.3,42.5,41.25,41.35,946,3929
20251003,41.55,43,41.05,42.8,1774,7468
20251007,43.05,44.2,42.3,42.3,3573,15416
20251008,42.6,42.6,41.4,41.95,798,3337
20251009,42.4,42.95,41.6,42.85,1617,6867
20251013,42.2,44.85,41.05,44.1,6491,28358
20251014,44.6,44.65,41.8,41.95,3136,13541
20251015,42.65,43.25,41.75,43.05,1562,6612
20251016,43.55,46.55,43.55,45.8,9196,41759
20251017,45.8,45.8,43.5,43.8,3884,17278
20251020,43.95,44.2,43,43.25,1785,7728
20251021,43.75,44.45,43.15,43.25,1808,7908
20251022,43.35,43.55,42.3,43.05,1461,6270
20251023,42.85,42.9,42.15,42.35,1166,4943
20251027,42.8,42.8,41.8,42.1,1835,7730
20251028,42.35,42.35,40.6,40.75,2421,9950
20251029,41.1,42.1,40.45,40.5,1631,6674
20251030,40.6,40.75,39.35,39.65,2016,8033
20251031,39.7,40.3,39.3,39.45,886,3514
20251103,39.45,40,38.95,39.3,901,3541
20251104,39.3,39.5,37.85,38,1236,4755
20251105,37.4,38.1,37,38.1,673,2534
20251106,38.45,38.8,37.95,38.05,642,2449
20251107,37.55,37.65,36.8,37.25,821,3055
20251110,38.8,40.95,38.8,40.7,4682,18988
20251111,40,41.3,40,40.8,1622,6611
20251112,41.15,42.05,41.1,41.25,1719,7144
20251113,41.1,42.1,41.1,42,1527,6385
20251114,41.5,42.25,41.2,41.7,932,3894
20251117,42.35,42.4,41.45,41.8,809,3378
20251118,41.3,41.85,40.55,40.85,693,2855
20251119,40.8,41,39,39.7,990,3934
20251120,40.45,41,39.95,40.9,605,2454
20251121,40,40.8,38.75,38.9,742,2928
20251124,39.9,39.9,38.4,39.7,435,1709
20251125,40.45,41,40,40.5,474,1924
20251126,41,41.7,40.8,41.35,949,3922
20251127,41.75,42.25,41.55,41.95,1004,4202
20251128,42.1,43.35,41.9,43.25,2089,8958
20251201,43.25,43.65,42.6,43.2,1114,4812
20251202,43.5,44.15,42.95,42.95,785,3399
20251203,43.6,45.45,42.75,44.45,4747,21160
20251204,45.05,45.6,44.5,45,3440,15478
20251205,44.75,45.5,43.55,43.65,1558,6873
20251208,44.15,46.4,43.9,45.4,4038,18354
20251209,45.9,46.25,45.05,45.1,2322,10602
20251210,44.7,44.7,43.8,43.9,2151,9498
20251211,44.4,44.65,43.75,44.05,1210,5338
20251212,44.1,44.6,43.8,43.85,1053,4642
20251215,43.55,45.25,43.35,44.35,1489,6618
20251216,44.35,44.35,42.9,43.35,1246,5427
20251217,44.05,44.15,42.1,42.25,1118,4807
20251218,42,42.3,40.85,40.85,1238,5102
20251219,41.25,41.7,40.75,40.9,672,2765
20251222,41.45,41.65,40.85,41.15,614,2526
20251223,41.9,41.9,40.55,40.7,1246,5110
20251224,41.25,42.75,40.9,42,5769,24276
20251226,42.1,42.1,41.1,41.9,1896,7873
20251229,42,46,41.8,45.55,10982,49033
20251230,44.3,47.75,43.9,47,17499,81266
20251231,47,48.35,46.25,47.3,13597,64427
20260102,47.5,50.9,47,48.45,14611,71481
20260105,48.2,49.6,46.7,47.9,10355,49837
20260106,47.9,49,47.2,47.9,5973,28749
20260107,48.3,48.85,46.85,46.85,5273,25103
20260108,46.35,48.15,46.15,46.9,3855,18193
20260109,46.9,47.2,45.85,46.2,3018,13998
20260112,50.2,50.8,49.85,50.8,9177,46532
20260113,54.4,55.8,54.1,55.8,16453,91254
20260114,57.4,58,54.9,55.1,19444,109477
20260115,55.4,57.6,54.3,56.8,11092,62181
20260116,58.5,60.9,55.4,55.6,12889,73544
20260119,56.1,57.7,54.9,57,7097,40217
20260120,56.6,57,55,55.4,4921,27408
20260121,54.6,56.9,54.2,55.2,5686,31604
20260122,56.5,56.7,54.6,56.2,6155,34370
20260123,56.6,59,55,56.5,7662,43519
20260126,57.5,58.2,55.8,57.2,4355,24734
20260127,57,57.2,56.2,57,3070,17425
20260128,58.6,60.8,56.4,57,8963,52144
20260129,56.9,57.2,55.4,55.5,4013,22473
20260130,55.5,55.5,53.3,53.3,3630,19647
20260202,52.3,52.9,51.3,51.6,2915,15121
20260203,52.8,54.2,51.2,53,3067,16103
20260204,52.9,56,52.4,55.9,3870,21341
20260205,55.4,57.5,53.9,53.9,3961,22061
20260206,53.7,53.7,50.4,51.2,2728,14088
20260209,53,53.3,51.6,51.9,1730,9078
20260210,48.9,49.65,46.75,46.85,7272,34596
20260211,45.5,47.35,45.5,45.7,2466,11397
20260223,46.5,48.25,44.8,47.45,2217,10370
20260224,47.4,47.85,46.7,47.4,1675,7944
20260225,48.1,49.4,47.45,48.4,2678,12922
20260226,49,50.8,48.35,48.85,4963,24492
20260302,47.1,50.1,46.9,49.1,3046,14962
20260303,49,49.8,46.6,47.2,2265,10804
20260304,46.1,46.15,43.3,43.95,2219,9864
20260305,45.4,48.3,45.4,48.3,3173,15004
20260306,48.3,49.5,47.65,49.5,2755,13448
20260309,48.7,49.4,46,49.4,2457,11671
20260310,51,52.4,49,51.1,8131,41219
20260311,53.2,56.2,53,55.7,10609,58248
20260312,55.1,58.3,55.1,57.6,10169,58129
20260313,56.8,58.2,55.4,56.2,5792,32812
20260316,56.2,61.8,55.3,61.8,10010,59735
20260317,61.6,67.4,61.3,65.8,17891,115412
20260318,66.9,68.5,64.9,67.2,10586,70720
20260319,67.5,68.4,66.3,67,7282,49109
20260320,67.4,69.9,63.5,64.4,8474,55975
20260323,63,70.8,62.6,70.8,16453,113557
20260324,77.2,77.6,63.8,64.6,21121,145952
20260325,65.9,69.8,65.8,68,10764,73546
20260326,69.5,74.8,69.1,74.7,16679,123708
20260327,73.9,74.7,70.3,70.6,10778,77713
20260330,69,70.8,64,66.7,9107,60685
20260331,66.7,67.2,62.6,63.3,5656,36385
20260401,67.2,67.5,63.8,64.5,6461,42501
20260402,65.5,67.4,64.5,66,7240,47775
20260407,66,67.2,63.8,64.8,6316,41013
20260408,66.5,71.2,66.2,71.2,12616,87949
20260409,72,78.3,71.6,78.3,17835,135144
20260410,80,81.9,74.3,77.8,18771,144428
20260413,77.7,85,74.5,83,21060,166516
20260414,83.2,83.7,75.6,75.8,21255,167100
20260415,75.6,77,74.3,75.1,9990,75237
20260416,75.6,79.7,74.5,75.3,11290,86124
20260417,75.9,80.2,74.5,78,17746,138878
20260420,78,85.8,77.6,83.5,30947,260014
20260421,83.5,84.6,79.1,83.3,18515,151266
20260422,82.5,87.8,82.4,83.3,18164,153339
20260423,84,84.9,75,76.6,14003,110379
20260424,77,84.2,77,84.2,24359,202932
20260427,89,90.5,77.1,78.5,25303,205812
20260428,79.1,86.3,78.1,86.3,18898,157792
20260429,85.2,94.9,85.1,94.9,15537,145268
20260430,100.5,104,100,104,4084,42012
20260504,114,114,114,114,2678,30529
20260505,119.5,125,114,125,13489,164200
20260506,127.5,127.5,112.5,112.5,29577,344847
20260507,110.5,112,104.5,108,5439,58799
20260508,105,110.5,103.5,103.5,4062,43013
20260511,105,113.5,103.5,113.5,3355,36884
20260512,118,119.5,111.5,118.5,5080,59620
20260513,114.5,120,114,118.5,3340,39133
20260514,123,123,115.5,115.5,3435,40567
20260515,118.5,127,117.5,120,6079,74376
20260518,118,132,117.5,132,5125,65170
20260519,130.5,143.5,130.5,137,5566,75962
20260520,139,139,123.5,123.5,7022,88927
20260521,123.5,130.5,119.5,120.5,18859,233506
20260522,121,132.5,117,132.5,14558,184576
20260525,141.5,145.5,139,145.5,10638,152859
20260526,151,152.5,137,149,24697,361772
20260527,153,153.5,140,143,11944,173112
20260528,143,146,130,133,12516,171783
20260529,140,145,135.5,143,13152,185355
20260601,145,157,142,157,17425,267901
20260602,159,165,152.5,157,24886,393719
20260603,161,172.5,157.5,172.5,8860,149235
20260604,171.5,189.5,166,169,41983,744579
20260605,164,173.5,157,166,24788,412634
20260608,149.5,156.5,149.5,152,9044,137136
20260609,152.5,157,147,149,12220,184396
20260610,140,163,138,138.5,24196,365824
20260611,140.5,143,130,133,12462,169425
20260612,141.5,143,134,134.5,7994,110364
20260615,139,143.5,138.5,139.5,5771,81110
20260616,143,148.5,138,140,9249,132145
20260617,139,154,136,154,17274,258966
20260618,159,160,153.5,156,14511,227431
20260622,161.5,171.5,158,165.5,19350,323540
20260623,165.5,166.5,153,156,10213,162686
20260624,151.5,161,151.5,152,7027,109063
20260625,156,156,144.5,144.5,5296,78311
20260626,146,147.5,133,134,4953,69084
20260629,135,138.5,131.5,133,3291,44343
20260630,138,146,137.5,146,4958,71063
20260701,148,160,148,148,13325,204206
20260702,144,152.5,143.5,146.5,6085,90036
20260703,145.5,149,143,145.5,4458,64900
20260706,145,145.5,137.5,138.5,4973,69891
20260707,139,141,128.5,130,4093,54703
20260708,130,131,121,125.5,4657,58302
20260709,127.5,138,126,138,5447,72476
20260713,138,147,129,134.5,15685,217486
20260714,135,138,121.5,127.5,6244,80236
20260715,131,136.5,128,131,6591,87426
20260716,126,131,126,127.5,3381,43326
20260717,121.5,123.5,115,116,4517,53201
20260720,113,113.5,104.5,108,5289,56861
20260721,111.5,114.5,107,112,3126,34768
20260722,115,120,114.5,115.5,3412,39830
20260723,116,117,108.5,111,2527,28220
20260724,109,110,103.5,103.5,2337,24793
20260727,105,105.5,100,104.5,2771,28557
20260728,100,100,94.1,94.1,3661,35183
20260729,94.3,95.3,84.7,87.8,4753,41339
20260730,86.1,90.8,82,83.6,4094,35384
20260731,91.3,91.9,89.1,91.9,2130,19422
20260803,94.2,100.5,93.4,97.6,3626,35449
20260804,97.3,104,96.1,104,2890,29233
20260805,106.5,108.5,103,104,3843,40591
20260806,103.5,106,99.9,105.5,1793,18526
20260807,104.5,107,101,103,1951,20166
20260810,102,105,98.1,101,4594,46829
20260811,101.5,106,99.9,102.5,3097,31864
20260812,102.5,106,102.5,105.5,2096,21961
20260813,107,110.5,104.5,105.5,2773,29679
20260814,105.5,105.5,102,102.5,1751,18053
20260817,103,105.5,102,103,1303,13471
20260818,103,103,98.8,99,1792,17986
20260819,98.5,102.5,96.6,99.2,1475,14718
20260820,99.3,101,97.1,98.7,1404,13814
20260821,98.7,101.5,96.9,97.7,1318,12930
20260824,97.3,99.6,96.7,97,951,9316
20260825,96.5,97,92,96.9,1359,12750
20260826,96.9,105,96.2,103.5,3422,35008
20260827,102,106,102,104.5,2398,24946
20260828,105,107.5,101.5,103,2496,25926
20260831,103,103,97.9,100,1676,16790
20260901,103.5,108.5,103.5,105,3689,39159
20260902,105,107,104,104.5,2294,24168
20260903,105.5,114.5,101.5,102,11907,130809
20260904,104.5,112,104,112,13587,150305
20260907,115,123,109,122.5,17050,197890
20260908,134.5,134.5,134.5,134.5,7523,101184
20260909,130,141.5,121.5,134,30627,405882
20260910,131,132,125.5,126.5,10668,136459
20260911,124.5,127.5,114.5,115,11207,132988
20260914,113,117.5,109.5,113.5,5135,58226
20260915,113,115.5,108,108,6166,68518
20260916,109,118.5,109,118.5,5533,64756
20260917,123,130,123,130,5710,73308
20260918,127.5,136,125,136,26158,342307
20260921,137,142,133.5,138,16857,232363
20260922,139,142,133,134,11328,155364
