# date,open,high,low,close,lot,wan
20250814,268.5,268.5,259,262.5,10230,267987
20250815,259.5,261,251,253.5,12149,309536
20250818,253,259,252.5,257.5,3390,87053
20250819,253,256,249,255,4839,122545
20250820,253,258,248,249,3498,88298
20250821,252.5,253.5,249,250,3101,77923
20250822,250,252,246,247.5,3536,87788
20250825,250,254,249.5,252,4201,105699
20250826,257.5,267,255,267,8956,235636
20250827,264,272.5,263,271.5,7817,210720
20250828,272,272,266,268,2911,78164
20250829,271,271,263,263,3530,93406
20250901,261,264,255,258,2369,61153
20250902,250,253,244,248,5625,139559
20250903,250,251,243.5,247.5,5065,124789
20250904,250,250.5,246,246.5,2371,58836
20250905,250,251.5,247,250,2643,66049
20250908,250,252,248,252,1710,42840
20250909,250,250,244,245.5,3773,92695
20250910,247.5,250,245.5,245.5,2963,73215
20250911,248.5,248.5,239.5,241,3029,73553
20250912,242.5,244.5,241.5,243.5,2088,50807
20250915,246.5,246.5,236.5,237.5,2585,61711
20250916,240,245,239,243.5,3597,87448
20250917,245.5,248,239,240,3170,76863
20250918,241,242.5,238.5,240.5,1764,42458
20250919,242.5,243.5,239,239.5,3261,78456
20250922,240.5,241.5,235.5,237,3267,77512
20250923,237.5,245,237.5,243.5,5160,125363
20250924,243,245,239.5,243.5,3404,82522
20250925,243.5,243.5,235.5,235.5,4609,109580
20250926,233,236.5,229.5,229.5,3277,75746
20250930,235.5,241.5,235.5,240.5,3511,83832
20251001,240,241,235,235.5,3699,88026
20251002,238,239,232,232,3122,73332
20251003,231,234.5,230.5,233,1981,46080
20251007,235.5,241,235.5,237.5,2871,68303
20251008,237.5,240.5,236.5,240,1956,46779
20251009,240,240.5,235,235,4423,104643
20251013,226,234.5,225.5,230.5,3406,78282
20251014,231,232,218,218,4369,97867
20251015,219,220.5,217,218.5,3931,85880
20251016,217,220,214.5,217.5,4445,96326
20251017,219,220.5,216,217,2235,48677
20251020,220.5,224.5,220,222,3000,66600
20251021,231,231,221.5,222.5,4707,105996
20251022,219.5,221.5,217.5,218.5,3474,76029
20251023,217,220,217,219.5,1913,41845
20251027,223,224,213,213,5060,109358
20251028,214,214.5,206.5,209,6707,140018
20251029,211,211.5,206.5,206.5,4110,85286
20251030,208,210.5,203,205.5,3496,72121
20251031,206,215.5,204.5,212,5146,107861
20251103,212,216,208.5,209.5,4825,101666
20251104,211.5,216.5,206.5,207,5056,106403
20251105,204,205.5,202,204.5,3538,72117
20251106,206.5,207.5,203.5,205,2859,58546
20251107,203,205,199,201.5,4920,99288
20251110,199.5,199.5,185,185,12865,244370
20251111,185,188,181.5,181.5,7084,130543
20251112,182.5,185,180,181.5,6626,120850
20251113,183,185,182.5,183.5,4021,74017
20251114,180,181.5,178.5,180,3663,65976
20251117,182,184,175,175,5954,106741
20251118,172.5,174.5,171,171,6375,109866
20251119,171.5,173,167.5,169,5919,100537
20251120,185.5,185.5,185.5,185.5,4695,87092
20251121,187,201.5,186,196.5,29790,579915
20251124,200,201.5,188.5,191,18892,363241
20251125,190.5,193.5,188.5,193.5,6756,129179
20251126,193.5,197.5,191,194.5,4852,94341
20251127,195,196,190.5,193.5,3850,74436
20251128,195,195,192,192,3017,58205
20251201,194,197,193,195,3395,66078
20251202,194,195,190.5,192,3188,61473
20251203,192,193,187.5,188,5410,102393
20251204,189.5,191.5,188.5,190,2515,47853
20251205,188.5,192,188,188,2469,46631
20251208,190,191.5,185.5,189.5,3679,69315
20251209,188,189.5,183,185.5,6532,120732
20251210,187,194,185.5,191,5384,102816
20251211,191,191.5,187,187.5,2957,55829
20251212,188,190,187,187,1821,34241
20251215,183.5,189,182,187,2830,52767
20251216,188,189,180,181.5,3851,70464
20251217,183.5,188,182.5,184,3162,58487
20251218,183,184,180,180.5,1737,31579
20251219,181.5,185.5,180.5,185.5,2736,50188
20251222,186,188,183.5,187.5,2230,41601
20251223,189.5,189.5,186,187,1609,30128
20251224,189,192,187,187.5,2718,51470
20251226,189.5,189.5,185.5,188.5,1376,25787
20251229,189,191.5,188.5,189,1761,33437
20251230,187.5,196,185.5,195,6930,133961
20251231,195.5,198,191,198,8775,171299
20260102,197.5,201.5,192,201,9548,189828
20260105,201,201,192,193,9498,185397
20260106,193,193.5,187,187,6083,114885
20260107,183.5,184.5,180.5,180.5,7493,136078
20260108,180,181,173.5,173.5,8662,152108
20260109,173,174.5,169.5,170.5,8713,149179
20260112,172,177.5,171,177.5,5632,98543
20260113,178,180.5,174,174.5,4258,75026
20260114,175,177.5,174.5,175.5,3417,60211
20260115,176,176.5,172.5,173,3121,54186
20260116,173,175,171,174.5,5378,93274
20260119,174.5,176.5,174,176,3070,53908
20260120,176.5,182,175.5,176.5,5746,102355
20260121,173.5,175.5,170.5,172,5994,103307
20260122,176,181.5,174,180.5,8750,156613
20260123,186,186.5,178.5,180.5,8038,145752
20260126,183,183.5,179.5,181,4602,83193
20260127,181.5,183,178.5,179.5,4491,80780
20260128,179.5,183.5,178.5,180.5,3810,68830
20260129,180.5,182,175,176.5,5645,100059
20260130,176,176.5,171.5,175,6307,109444
20260202,173.5,173.5,171,171.5,2517,43272
20260203,173.5,174,168.5,170.5,5499,93875
20260204,169.5,174.5,169.5,173.5,2169,37512
20260205,173,178,172,173.5,3580,62651
20260206,173.5,174.5,170.5,172.5,3321,57220
20260209,175,178,175,175.5,4968,87790
20260210,179,191,179,185,11780,218844
20260211,186,193.5,184,189.5,8811,166605
20260223,193,193,187,191,7361,140615
20260224,190.5,192,185,185.5,7363,137671
20260225,185.5,191,185.5,190,9669,182539
20260226,192,193,187,187,9553,180225
20260302,182.5,187.5,181.5,184,6742,124714
20260303,180.5,184,170.5,170.5,11100,196260
20260304,168,170,153.5,153.5,23418,368518
20260305,160,168,158.5,166,13779,227439
20260306,167.5,170,164.5,165,5602,93682
20260309,150.5,158.5,150.5,155,8310,128433
20260310,158,160,155.5,159,5341,84294
20260311,161,164.5,160.5,162,4697,76222
20260312,162,162.5,157,159,8808,140048
20260313,152.5,155.5,151,152.5,14591,223332
20260316,152.5,155.5,149,149,10560,159217
20260317,151,152.5,147,150,10147,152041
20260318,150.5,152.5,148,148.5,7435,111220
20260319,147.5,148,143,143.5,10141,147037
20260320,145,151,144,150.5,9683,144430
20260323,147.5,147.5,143.5,143.5,6140,88838
20260324,146,147.5,140.5,142,5128,73595
20260325,146,148.5,145,147,3574,52478
20260326,149,149.5,144,144,3600,52656
20260327,144.5,146,142,146,3775,54326
20260330,142,143,140,140.5,8112,114332
20260331,140,142,136,136.5,6935,96117
20260401,141,145,140,144,4035,57587
20260402,145,145,140,142,4567,64785
20260407,144,145.5,141,142.5,2913,41570
20260408,146,149,145,148.5,4821,71147
20260409,150.5,150.5,143,144,6583,95189
20260410,145.5,146.5,143,143,4445,63959
20260413,143,149.5,143,148,6372,93607
20260414,149.5,151,148.5,150,4172,62524
20260415,151.5,154,150,150.5,5426,82218
20260416,151,155,149.5,155,5831,89482
20260417,155.5,157.5,153.5,155,3883,60249
20260420,157.5,158.5,156,158,5323,83747
20260421,157,158,151.5,154,7590,116782
20260422,153,163.5,152,159,9208,146207
20260423,162.5,162.5,146,147,15489,233869
20260424,148.5,149,143.5,144,5228,75884
20260427,144,144,140,141,6028,85180
20260428,142,143,140,140,5276,74446
20260429,140.5,142,138,139.5,5251,73143
20260430,139.5,142,137.5,137.5,7427,103286
20260504,138.5,141.5,135,140,10018,137804
20260505,140,140.5,137.5,139.5,6392,88614
20260506,141.5,151.5,141,145.5,15715,231083
20260507,146.5,157,145,153,14776,226437
20260508,153,165,149.5,162,22627,358022
20260511,178,178,178,178,5130,91314
20260512,195.5,195.5,188.5,195.5,60980,1189233
20260513,208,215,204.5,215,37731,795900
20260514,217,231,208.5,226,51143,1131021
20260515,226,226,208,210,9088,194817
20260518,213,220,207.5,219,5136,109952
20260519,225,225,213,222,7138,157950
20260520,222.5,230,218.5,230,7050,158841
20260521,232,236,228,230.5,5239,121805
20260522,228.5,229.5,224,224,4463,100640
20260525,229,235.5,222,235,5221,120285
20260526,237,237,229.5,235,4287,100487
20260527,242,251,240,249,6725,165718
20260528,245,251,228.5,233,5892,141454
20260529,240,243,220,220,26265,591098
20260601,220.5,228.5,212.5,225,8587,191370
20260602,223.5,227,216,224,6797,150004
20260603,229.5,236,223,227.5,8343,191054
20260604,224,228,214.5,214.5,8342,183211
20260605,212,222,210.5,214,9333,200871
20260608,193,199.5,193,198.5,10623,208034
20260609,204,207,194,201.5,10520,209480
20260610,197,203.5,191,191,6765,132605
20260611,190.5,193.5,183,190.5,9628,181638
20260612,198,200.5,194.5,196,5386,106157
20260615,200,202,196.5,200.5,6379,127074
20260616,203,204.5,194,194.5,7544,148738
20260617,193.5,199,190.5,198.5,5053,99124
20260618,200,211.5,200,204,10882,224292
20260622,212.5,213,202,203,6255,128731
20260623,203,204.5,195,196,4743,93696
20260624,194.5,199.5,191.5,196.5,3786,74345
20260625,197,198,192.5,196.5,4431,86538
20260626,193.5,205.5,192.5,195,11310,225923
20260629,204,214.5,203.5,214.5,6471,137465
20260630,228,232,209.5,214.5,27069,593947
20260701,214.5,221,204,204,13015,275177
20260702,205,222,201.5,205.5,15477,325358
20260703,207,215.5,206.5,212.5,10192,216030
20260706,215,215,205.5,205.5,8141,170284
20260707,205.5,209.5,198.5,198.5,7572,153623
20260708,199.5,202.5,195.5,199,4429,88001
20260709,201.5,208,198,200.5,5324,107211
20260713,206,207,196,196,3983,79563
20260714,196,196.5,184.5,193.5,7123,135756
20260715,194,195,188.5,188.5,6918,131725
20260716,186,188.5,182,184,5753,106436
20260717,181,191.5,180,181.5,8133,150138
20260720,177.5,178,172.5,175.5,6199,108488
20260721,176,193,175.5,193,5762,106278
20260722,192,198,187.5,194.5,13256,253698
20260723,194,195.5,188.5,192,7401,141627
20260724,190.5,195.5,188.5,191,6476,124207
20260727,194.5,194.5,182,184.5,5107,95526
20260728,180,180,173,173,3998,70337
20260729,177.5,189,174,179,12771,229895
20260730,178,190,173.5,182,9065,166683
20260731,191,194.5,184.5,189,9771,184918
20260803,186,191.5,179,189,7342,136653
20260804,188,201,185,197.5,9257,181760
20260805,200,204.5,195.5,195.5,11501,229850
20260806,193.5,204,192,196,12491,247534
20260807,195,208.5,195,196,17039,342644
20260810,176.5,178.5,176.5,176.5,14412,254479
20260811,169.5,170,164.5,165,17210,286897
20260812,165,167,160,166,8670,142005
20260813,167.5,173,164,171,12663,212993
20260814,160.5,168.5,158.5,165.5,19481,317674
20260817,164,165,161,162.5,10539,171688
20260818,162.5,162.5,156.5,157.5,8957,142135
20260819,153.5,161.5,153,161,8508,134366
20260820,161,166,159,163,7860,127827
20260821,162,163,160,160.5,4891,78806
20260824,161.5,162.5,158.5,158.5,4109,65573
20260825,157.5,159,155,158.5,3397,53482
20260826,159.5,162,159.5,160,4098,65836
20260827,161.5,162,159,159,5997,95976
20260828,160,162.5,159,160.5,5122,82133
20260831,159.5,159.5,153,156.5,12172,189248
20260901,154,160,154,158,8265,130697
20260902,158.5,159,154.5,154.5,4865,75778
20260903,155,155.5,147,147,9256,139768
20260904,151,151.5,148.5,148.5,5249,78603
20260907,149.5,152.5,147,150.5,4511,67647
20260908,153,153,147,147,5109,75949
20260909,149.5,153.5,149.5,149.5,5587,84204
20260910,149,149.5,146.5,147,4183,61662
20260911,145,148,144,146,3445,50444
20260914,145,148,143,145.5,3958,57647
20260915,145.5,149,144.5,146,3738,54867
20260916,147,149,146.5,148,3873,57238
20260917,149,151,145.5,145.5,5033,74155
20260918,147,147,143.5,146.5,10014,145292
