# date,open,high,low,close,lot,wan
20250814,43.5,43.5,43.5,43.5,1,4
20250815,44,44.2,43.5,44.2,4,18
20250818,44.3,44.5,44.1,44.1,4,18
20250819,47.75,47.75,44.1,44.5,10,45
20250820,44.8,46,44.5,46,9,41
20250821,45.85,45.85,43.8,43.8,5,23
20250822,42.3,43,42.3,42.5,3,13
20250825,42.3,42.3,42,42,3,13
20250826,42,42,41.45,41.45,6,25
20250827,41.25,41.25,41.1,41.1,4,16
20250829,41.25,41.25,41.2,41.2,4,16
20250901,41.2,41.2,41.2,41.2,1,4
20250903,41,41,41,41,2,8
20250909,41,41,41,41,21,86
20250910,42.4,42.4,41.05,41.05,7,29
20250911,45.1,45.1,43,43,12,54
20250916,43.35,43.35,43.35,43.35,1,4
20250918,46.2,46.2,44.1,44.1,9,41
20250922,44.1,44.1,44.1,44.1,4,18
20251001,45.2,45.2,45.2,45.2,1,5
20251002,45.6,45.6,45.6,45.6,1,5
20251008,46.1,46.1,46.05,46.05,3,14
20251016,45,45,43.8,43.8,4,18
20251021,45.3,45.3,45.3,45.3,1,5
20251022,46.4,46.4,46.4,46.4,1,5
20251104,43.85,45.3,43.8,45.3,12,53
20251105,45.4,45.4,45,45.4,18,82
20251106,46.45,46.45,46.45,46.45,1,5
20251113,42.9,45.5,42.9,45.5,9,39
20251117,43.1,44.55,43.1,44.55,10,43
20251118,45.85,45.85,45.85,45.85,1,5
20251119,45.9,45.9,45.4,45.4,6,27
20251120,46.3,46.3,46.3,46.3,1,5
20251121,46.1,46.1,46.1,46.1,1,5
20251124,45.8,46.1,45.8,46.1,2,9
20251126,46,46,46,46,1,5
20251204,46.45,46.45,46.45,46.45,1,5
20251208,46.95,46.95,46.45,46.45,2,9
20251209,46.45,46.45,44.5,44.6,4,18
20251211,44.35,44.35,43.8,43.8,4,18
20251215,43.85,43.9,43.85,43.9,2,9
20251216,42.8,42.8,42.8,42.8,1,4
20251218,42.8,42.8,42.8,42.8,1,4
20251223,42.9,42.9,42.9,42.9,5,21
20251229,43.6,43.6,43.6,43.6,1,4
20251230,43.5,43.5,43.45,43.45,2,9
20251231,43.45,43.95,43.45,43.95,2,9
20260106,43.5,43.5,43.5,43.5,5,22
20260107,42.1,43.4,42,43.4,12,51
20260108,43.2,45.95,43.2,45.95,6,26
20260109,46.95,46.95,43,43,11,50
20260112,43.95,44.4,43.95,44.4,2,9
20260114,44.35,44.5,44.35,44.5,3,13
20260116,43.5,43.5,43.5,43.5,1,4
20260121,42.2,42.2,42.2,42.2,3,13
20260126,44.2,44.2,44.2,44.2,1,4
20260129,45.7,45.7,45.7,45.7,1,5
20260204,42.45,43.9,42.45,43.9,5,22
20260205,43.9,43.9,43.8,43.85,3,13
20260206,44,45.7,44,45.7,2,9
20260209,45.65,45.65,45.65,45.65,1,5
20260210,45.75,45.8,45.75,45.8,2,9
20260211,44.9,45.5,44.9,45.5,6,27
20260224,44,44,43.2,43.6,7,31
20260226,42.25,42.25,42.25,42.25,1,4
20260313,44.2,44.35,43.05,43.05,4,18
20260316,43.05,43.05,43.05,43.05,1,4
20260318,43.05,44,43.05,43.05,3,13
20260319,43.1,43.1,42,42,2,9
20260324,41.5,41.5,41.5,41.5,1,4
20260401,42.75,44.2,42.75,44.2,4,18
20260407,44.45,44.45,44.45,44.45,1,4
20260409,42.5,44.1,42.5,44.1,7,31
20260413,45.5,45.5,45,45.2,18,82
20260414,44.1,44.1,44.1,44.1,1,4
20260415,43.45,43.45,43.45,43.45,2,9
20260416,42.25,42.25,42.2,42.25,3,13
20260417,41.6,41.6,41.6,41.6,1,4
20260422,42.05,42.05,42.05,42.05,1,4
20260427,42.05,42.05,42,42,2,8
20260507,41,41,39.8,40.35,10,41
20260508,40.2,40.2,39.7,39.7,16,64
20260511,40,40,40,40,1,4
20260512,41,42.95,41,42.95,8,33
20260518,43.4,43.4,43.4,43.4,1,4
20260519,43.6,43.6,41.05,41.05,4,17
20260521,43.35,44.8,43.35,44.8,10,44
20260522,44.95,45.55,44.95,45.55,19,86
20260525,45.6,45.6,45.6,45.6,1,5
20260526,45.3,45.3,45.3,45.3,2,9
20260527,44,44,44,44,1,4
20260528,44.65,46.95,44.65,46.75,9,41
20260529,46,48.4,46,48.4,8,38
20260601,48.3,48.8,46,48.65,34,162
20260602,49,49,48.7,49,4,20
20260603,49,51,49,50.8,15,76
20260604,51.5,54.9,50,54.2,60,317
20260605,54.6,56.3,53.5,54,26,141
20260608,53,53,53,53,2,11
20260610,53,53,52.9,52.9,2,11
20260611,52.9,53.4,50,51.9,23,118
20260612,51.6,51.6,49,49,24,119
20260615,50.7,50.7,50.7,50.7,1,5
20260616,48.8,49.65,48,49.65,5,24
20260617,50.9,50.9,50.9,50.9,1,5
20260618,50.8,50.8,49.95,49.95,3,15
20260622,50.9,50.9,50.9,50.9,1,5
20260623,51.9,51.9,51.8,51.8,2,10
20260624,48.25,49.85,48.2,49.85,5,24
20260626,46.8,47.05,45.5,47.05,12,55
20260629,45.75,46.85,45.05,46.85,6,27
20260630,47.45,47.95,47.2,47.95,7,33
20260706,46.35,47.1,45.45,47.1,7,32
20260707,47.35,47.95,47.35,47.45,9,43
20260713,46.2,46.2,45.15,45.15,9,41
20260714,46.45,46.95,46.45,46.85,12,56
20260715,46.85,46.85,46.85,46.85,1,5
20260716,45.5,45.5,45.5,45.5,1,5
20260717,44.05,44.2,44.05,44.05,5,22
20260723,44.15,44.15,44.15,44.15,1,4
20260724,44.15,44.15,44.15,44.15,1,4
20260727,44,44,44,44,1,4
20260728,43.6,43.6,43.6,43.6,2,9
20260729,43.6,43.6,43.55,43.6,3,13
20260731,43.75,43.75,43.75,43.75,1,4
20260803,44.45,44.45,44.45,44.45,1,4
20260804,45.8,45.8,45.8,45.8,1,5
20260806,47,47,47,47,1,5
20260811,47.5,47.5,44.45,44.45,19,88
20260812,44.45,44.45,44.4,44.45,4,18
20260813,43.75,44.2,43.75,44.2,2,9
20260814,43.8,44.3,43.8,44.3,2,9
20260817,44.55,44.55,44.55,44.55,1,4
20260818,44.55,44.55,44.55,44.55,6,27
20260819,44.9,45.05,44.9,44.9,4,18
20260820,45,45,44.5,44.5,14,63
20260821,44.35,44.4,43.05,43.05,4,17
20260825,41.55,41.6,39.2,40,14,56
20260826,41.3,44,41.3,44,17,74
20260827,44.7,45,42.85,44.35,12,52
20260828,43.05,44.15,43.05,43.2,7,30
20260831,44.65,44.65,42.9,44.4,4,18
20260901,44.2,44.2,44.2,44.2,1,4
20260902,44.45,44.45,44.45,44.45,1,4
20260903,45.5,45.75,43.8,43.8,20,91
20260907,43.75,43.95,43.75,43.95,3,13
20260908,43.95,43.95,43.95,43.95,1,4
20260909,43.5,43.5,43.5,43.5,2,9
20260911,42.1,42.1,42.1,42.1,10,42
20260914,42.35,42.35,42.35,42.35,1,4
20260916,43.8,43.85,43.8,43.85,2,9
20260917,45.1,45.1,43.5,43.5,13,58
