# date,open,high,low,close,lot,wan
20250814,107,111.5,106.5,110.5,4827,52756
20250815,109,110.5,101.5,110.5,7315,77975
20250818,110,115,109.5,112,6195,69580
20250819,112,113,108,109.5,2867,31499
20250820,109,110,105,105.5,2544,27051
20250821,107,109,106.5,108,1537,16560
20250822,109.5,110,105,107,1853,19761
20250825,109,114,109,113.5,5102,57077
20250826,113.5,115.5,111.5,115,4425,50463
20250827,116,117,113,113,3066,35181
20250828,113,114,111.5,114,1253,14188
20250829,116,116.5,111,112.5,2269,25687
20250901,111,114.5,107,112,2128,23575
20250902,114.5,114.5,104.5,108,2963,31990
20250903,108.5,116,108,113.5,4817,54585
20250904,114,114.5,112,114,2438,27642
20250905,114.5,116.5,113.5,115,2684,30835
20250908,116.5,118,115.5,117,3404,39849
20250909,118.5,118.5,114.5,116,1874,21715
20250910,117.5,117.5,111,113.5,3045,34477
20250911,114,114,110.5,111,2029,22688
20250912,112,113,109,110,1669,18460
20250915,110,110.5,107,109,904,9870
20250916,109,111.5,108.5,111.5,1578,17420
20250917,112,112.5,110,110,1661,18416
20250918,110.5,114,110.5,111,2245,25057
20250919,112,112.5,109.5,109.5,1160,12856
20250922,111,118.5,110.5,117.5,7843,90618
20250923,116.5,117,113,114,2887,33075
20250924,114.5,117,110,116.5,3643,41520
20250925,121.5,125.5,117,117.5,13632,165716
20250926,116.5,118,110.5,110.5,3442,38876
20250930,111,115,110.5,115,3137,35547
20251001,114,116,112.5,113,2099,23919
20251002,114,115,111.5,113.5,1710,19336
20251003,113.5,114.5,111,111,1396,15634
20251007,112,114,109,113,1937,21705
20251008,112,115,110.5,115,2061,23403
20251009,116,118,114.5,115,2307,26761
20251013,108.5,113,106,112.5,1923,21072
20251014,113.5,114,108.5,110,1983,21954
20251015,110,110.5,109,110,1381,15164
20251016,110.5,114.5,109.5,110,2179,24259
20251017,109,109,103,103,3347,35061
20251020,103,106,102.5,105.5,2348,24508
20251021,107,110,106,109.5,1966,21400
20251022,109.5,113.5,108.5,111,2464,27587
20251023,111,111,109,110,772,8496
20251027,112,113,110,111.5,584,6511
20251028,111.5,112.5,109,111.5,1507,16643
20251029,114,116,112,112,1657,18885
20251030,113.5,114,106,106,2434,26322
20251031,111.5,116,111,111,6448,73147
20251103,113,120.5,113,118.5,7356,87002
20251104,117.5,120,114,115,3291,38415
20251105,115.5,120,112,120,5247,60888
20251106,120,121.5,115.5,119.5,4154,49331
20251107,118.5,119,115,117,2613,30594
20251110,118,118.5,112,113.5,1921,21898
20251111,114.5,116,113.5,114.5,1246,14289
20251112,114.5,118.5,114.5,115.5,1900,22143
20251113,116.5,117,113.5,117,1817,21000
20251114,114,115.5,106,106,3925,43131
20251117,105.5,111,104.5,110,1809,19716
20251118,108.5,110,104.5,105.5,1677,17893
20251119,105.5,107,102.5,104,1399,14642
20251120,108,110.5,103.5,104,2969,31531
20251121,100,100,93.6,93.6,6822,64680
20251124,93.6,96.6,93,96.4,5141,49116
20251125,98.2,100.5,97.9,99.3,2658,26381
20251126,100.5,101.5,100,100.5,1188,11940
20251127,101,101,98,98,1701,16877
20251128,98,104,97.8,103.5,3319,33785
20251201,104,104.5,102,103.5,1237,12808
20251202,103.5,107,103.5,105,1782,18774
20251203,107,108.5,105,105.5,1782,18960
20251204,106.5,106.5,104.5,105.5,817,8606
20251205,107,107,104.5,106,974,10296
20251208,106,107,104.5,106.5,1095,11623
20251209,117,117,109,109.5,10222,114866
20251210,110,110.5,105,105,3559,38036
20251211,106,108,103.5,104,1989,21002
20251212,104.5,106.5,101.5,102.5,2650,27364
20251215,99.6,107,99.4,105,2098,21706
20251216,105,105,100.5,103.5,2725,27911
20251217,103.5,105.5,103,103.5,994,10342
20251218,103,104,100,101,1001,10163
20251219,102.5,104,102,103.5,986,10177
20251222,105.5,113.5,105,113.5,7641,84901
20251223,115,116.5,112.5,115,6464,74146
20251224,115,116,114,115,1379,15829
20251226,115.5,116,112.5,113.5,1729,19721
20251229,114.5,115,108,108,2415,26515
20251230,108,109,106,107.5,1032,11049
20251231,107.5,107.5,104.5,106.5,1286,13619
20260102,107.5,107.5,105,105.5,1427,15098
20260105,107,107.5,103,104,1648,17222
20260106,107.5,109,105.5,106,2633,28141
20260107,106.5,111,106,109,3639,39691
20260108,110,113.5,107,110,4451,49245
20260109,110,111.5,107.5,111,2776,30468
20260112,112,117,111,115,5091,58414
20260113,116.5,117.5,112,113.5,4275,49084
20260114,114,115,112,113,1893,21454
20260115,113,113.5,111,113.5,1538,17316
20260116,115,115,111.5,112,1205,13573
20260119,113.5,113.5,110.5,110.5,1228,13698
20260120,110.5,121.5,110,121.5,11767,140463
20260121,122,129.5,121,124,15900,198746
20260122,128,132,125,125.5,9915,127292
20260123,126.5,127.5,121.5,125.5,5093,63267
20260126,125.5,128,122.5,123,2886,35945
20260127,123.5,126.5,121.5,124.5,4314,53434
20260128,126,132,122.5,123.5,6245,79317
20260129,123.5,124,117,117,4050,48267
20260130,116.5,117,111,112,2269,25651
20260202,110.5,110.5,103.5,103.5,3008,31761
20260203,107.5,109,105,108,2361,25321
20260204,111,116,110,115.5,4915,55792
20260205,114,119.5,112.5,116.5,3367,39266
20260206,115.5,115.5,107.5,111.5,2928,32296
20260209,116,116.5,112.5,115.5,2659,30571
20260210,117,120,115.5,116,5263,62007
20260211,116,116.5,110.5,111,3227,36301
20260223,113.5,116,113,114.5,2130,24377
20260224,114.5,124,114,123.5,6508,78489
20260225,124.5,125,118.5,120.5,3868,46558
20260226,120.5,127.5,120.5,123,8181,102228
20260302,117.5,128.5,117.5,126,5815,71926
20260303,132,138.5,129,137,30206,408611
20260304,130,132.5,123.5,126.5,10858,137993
20260305,132.5,138,123.5,125,14105,183965
20260306,123.5,130.5,123,126,6911,88197
20260309,115,126,114,126,7303,88863
20260310,131,131,124.5,129,9008,114760
20260311,130.5,138,130,137,10655,144066
20260312,135.5,142.5,133.5,134.5,7929,108856
20260313,131.5,136.5,127,136.5,5440,72496
20260316,137.5,137.5,129.5,132.5,5224,69173
20260317,133,134.5,128.5,129.5,4100,53532
20260318,131,135,130,134.5,5592,74593
20260319,135,140.5,133.5,135.5,9379,128757
20260320,138.5,140,132.5,132.5,6026,81527
20260323,127.5,130.5,120.5,121.5,4962,61811
20260324,125,126.5,119.5,121,4289,52886
20260325,127,130.5,126.5,126.5,4531,58096
20260326,128,134,125,125,6255,81313
20260327,122,131.5,121.5,129.5,4027,51135
20260330,125.5,126,119,125.5,6142,75513
20260331,123.5,124.5,117,118,4241,50982
20260401,122.5,126.5,122.5,123,4355,54123
20260402,124,129.5,124,125.5,4817,60962
20260407,130,138,129.5,138,11998,163638
20260408,146,148.5,140.5,145.5,16849,244580
20260409,146,147.5,142,142.5,9376,135626
20260410,145,147.5,140,144.5,8334,119996
20260413,144,144,137,138.5,7985,110997
20260414,141.5,143,135,136,5852,80447
20260415,137.5,139,133.5,134,4111,55765
20260416,135,144.5,134.5,141,10508,148260
20260417,142.5,155,141,148.5,26021,392382
20260420,150,159,148.5,150,22954,349588
20260421,150,151,143,146,10647,155476
20260422,146.5,156,145,149.5,10418,156846
20260423,151,152,135,135.5,13869,194861
20260424,137,144,134,138,7921,110040
20260427,141,141,130.5,134,7157,95575
20260428,135.5,144,134,143.5,6523,91503
20260429,142,145.5,139,142,4488,63609
20260430,142.5,150,142.5,144,7988,116941
20260504,148.5,151,144,150.5,8543,127157
20260505,150,156,149,154,8655,132547
20260506,159.5,163,151.5,156,14249,222777
20260507,159,159.5,151,155,7504,116647
20260508,158,170.5,155,159.5,29253,483240
20260511,163.5,165,153.5,162,14740,235428
20260512,164.5,167.5,157,158,8776,140984
20260513,156,161,153,157,6471,101603
20260514,159.5,160.5,152.5,154,4808,75089
20260515,155.5,160,148.5,150,7638,117072
20260518,147,148,140.5,147.5,3877,56174
20260519,145.5,148.5,140.5,141.5,4264,60992
20260520,141.5,146,140.5,144.5,3355,48263
20260521,146,151,145,149,3651,54128
20260522,151,162,150,159.5,8278,130857
20260525,166,171.5,161,163,9920,164500
20260526,166,179,158.5,179,14218,241421
20260527,182.5,183,170.5,173.5,14935,260876
20260528,174.5,175.5,161,165.5,9567,160844
20260529,168.5,170,164,169,5644,94316
20260601,171,171,165.5,166,3690,61595
20260602,168,173.5,163.5,168,5705,95790
20260603,170.5,174.5,163,164.5,8386,140166
20260604,163,165,159,159,3016,48408
20260605,159,161,152,156,3946,61322
20260608,140.5,145,140.5,144,4088,58020
20260609,145.5,157,143.5,154,5758,86797
20260610,151,158.5,147,147,5537,84627
20260611,147,150.5,140.5,145.5,3437,49913
20260612,152,154,150,151,3063,46536
20260615,156,158,155,156,3080,48209
20260616,158.5,164,157,160,6547,105366
20260617,157.5,162.5,157,162.5,4668,74496
20260618,162.5,170.5,161.5,166,7651,127583
20260622,169,171.5,164,165.5,5160,85969
20260623,166,167.5,159,159.5,4515,73652
20260624,155,156.5,152.5,154.5,3672,56727
20260625,156.5,157,150,150.5,3138,47805
20260626,151,152,141,141,4587,66768
20260629,142.5,145.5,137.5,142,2244,31859
20260630,145,151,143.5,149.5,2672,39622
20260701,153,154,143,143.5,3991,59074
20260702,141,145,140,145,1728,24755
20260703,143,146,142,144,2212,31897
20260706,146,147.5,144,144.5,3773,55004
20260707,145,147,136,136,3989,55867
20260708,137,140,134.5,139,2429,33457
20260709,140,141,135.5,136,2140,29619
20260713,139.5,141.5,133.5,135,2287,31328
20260714,134,136,122.5,128.5,3412,43650
20260715,131,134.5,130,132,2241,29625
20260716,131,131.5,126.5,127,1543,19790
20260717,122,125,118,118.5,2716,32738
20260720,119,119,107.5,115,2655,30056
20260721,115,120.5,115,119.5,1419,16744
20260722,123,127,122,122.5,1795,22295
20260723,124.5,127.5,122,123,2424,30148
20260724,120,124.5,118.5,118.5,2374,28708
20260727,117,122,116.5,121.5,1832,21819
20260728,116,117.5,112,112,2174,24951
20260729,110.5,113,102,106.5,4135,43613
20260730,103.5,108,100.5,103,3159,32939
20260731,110,112,108,110,1754,19279
20260803,110,118.5,109.5,115.5,2113,24282
20260804,117.5,124,115.5,122.5,3244,38915
20260805,128,129.5,123.5,124,3768,47662
20260806,124,124,120,123.5,1751,21458
20260807,122,122.5,111.5,111.5,7195,82169
20260810,114,122.5,113.5,118,4388,52496
20260811,119,120.5,116,116.5,4093,48147
20260812,116.5,122,116.5,119,3018,35987
20260813,121.5,121.5,117,117,2368,28200
20260814,118,118.5,113.5,114,2003,23063
20260817,114.5,122,114.5,120.5,5013,59673
20260818,122.5,123.5,115,115,10815,129012
20260819,112,119.5,111.5,115.5,4650,53788
20260820,116.5,118.5,112.5,114.5,3938,45065
20260821,114.5,115.5,109.5,110.5,3987,44639
20260824,110.5,115,110.5,112,3365,38039
20260825,111,116,109,115.5,3093,34643
20260826,116,118,114,117,6632,77170
20260827,118.5,122.5,117,118,5639,67422
20260828,119.5,120.5,117.5,117.5,3157,37445
20260831,118,122.5,116.5,118,6076,72557
20260901,118.5,126,118,123,9667,118630
20260902,121.5,122.5,117,117,5412,64395
20260903,117.5,119,112,112,4332,49846
20260904,114,114.5,110.5,112.5,2541,28453
20260907,113,113.5,111.5,112.5,1760,19850
20260908,113,114,110,110,1891,21099
20260909,111.5,114.5,111.5,113.5,1934,21911
20260910,113,113,109,109.5,3116,34294
20260911,106.5,107.5,105,106,2323,24680
20260914,103.5,108,103.5,105.5,1608,16970
20260915,105.5,109.5,105.5,106,1829,19667
20260916,107.5,108,106,107.5,1877,20051
20260917,109,112.5,107.5,108,3018,33156
20260918,110,111.5,107.5,111,2499,27440
20260921,111.5,111.5,109.5,109.5,1634,18026
