# date,open,high,low,close,lot,wan
20250814,30.5,30.8,30.1,30.3,813,2469
20250815,30.75,30.8,30,30.35,866,2616
20250818,30.85,31.1,30.2,31,1303,4012
20250819,31.2,31.2,30.3,30.35,766,2341
20250820,30.05,31.15,29.5,30.45,1854,5601
20250821,30.8,32.5,30.8,31.8,3971,12679
20250822,32.1,32.15,31.05,31.05,1307,4109
20250825,31.45,31.65,31.1,31.15,836,2618
20250826,31.2,31.75,31.1,31.6,1082,3408
20250827,31.65,31.95,31.25,31.25,1082,3414
20250828,31.4,31.5,30.9,31,605,1887
20250829,31.45,32.1,30.55,30.55,1799,5615
20250901,30.5,30.75,29.8,30.1,941,2849
20250902,30.2,30.45,29.25,29.65,686,2042
20250903,29.9,30.5,29.85,30.4,491,1484
20250904,30.7,31.1,30.2,30.2,767,2356
20250905,30.7,33.2,30.35,33.2,8950,28970
20250908,35.35,36.5,35.35,36.5,5260,19108
20250909,38,40.15,36.05,39.25,43637,169459
20250910,39.25,42.8,35.8,36.95,58042,231028
20250911,37.5,38.9,37.1,37.5,16872,64158
20250912,38.7,40.8,37.55,37.75,21254,82878
20250915,39.7,41.5,38.55,41.5,23939,96070
20250916,42.4,43.75,40.2,41.7,68315,290458
20250917,41.7,42.4,40.3,41.1,19023,78417
20250918,41.1,43.25,40.35,40.5,27248,113712
20250919,40.4,40.85,38.25,38.4,13488,52847
20250922,38.7,40.6,38.25,38.3,8433,33072
20250923,37.85,38.9,37.35,38.45,5466,20790
20250924,38.65,38.75,37.55,37.8,3778,14399
20250925,37.5,38.3,36.75,36.8,3526,13148
20250926,36.55,36.7,35.2,35.55,2901,10350
20250930,37.1,38.8,36.6,37.45,8829,33092
20251001,37.5,38.25,37.2,37.4,4564,17175
20251002,39.1,40.45,37.3,38,11884,45571
20251003,37.8,38.95,37.2,38.25,5970,22700
20251007,38.4,39.2,37.8,38.3,7052,27184
20251008,37.8,37.95,36.7,37.95,4229,15783
20251009,38.35,40.15,37.85,39.25,14595,57164
20251013,36.3,39.85,36.3,39.25,6877,26208
20251014,40,41.3,37.5,38.3,20780,82562
20251015,38.45,39.9,37.35,38.8,7656,29645
20251016,39.5,42.65,39.4,42.65,27765,116445
20251017,43,46.9,42.9,46.9,57430,263409
20251020,48.7,51.5,48,49.15,74674,369432
20251021,49.05,49.8,47.7,48,28057,136638
20251022,47.65,47.65,45.05,46.65,14348,66431
20251023,45.6,45.9,44.15,44.5,10686,47819
20251027,47.7,48.7,45.75,48.25,27755,131442
20251028,47.8,50.6,46.7,47.25,37024,178902
20251029,47.25,47.25,44.65,44.75,11058,50253
20251030,44.75,46.15,43.85,44.35,11043,49565
20251031,43.95,44.35,42.4,43,5420,23324
20251103,42.8,43.85,42.1,43.15,5191,22363
20251104,43.3,43.55,40.2,40.2,5645,23403
20251105,38.3,40.1,38.3,40.05,4387,17257
20251106,41,42.8,40.45,42.55,7915,33011
20251107,42.35,46.8,42.05,46.8,27582,123982
20251110,48.35,49.5,47,47.75,75564,365028
20251111,48.05,51.4,47.85,48.55,45963,225375
20251112,47.8,51,47.55,49.5,30398,150455
20251113,49.5,50.9,47.25,48,27385,133931
20251114,46.5,47,44.5,45.55,9104,41414
20251117,47,47.95,44.65,45.7,10432,48436
20251118,45.3,45.75,42.6,43.2,5163,22575
20251119,42.25,43.2,41.15,41.2,3619,15193
20251120,43.2,43.5,40.1,42.1,6261,26025
20251121,40.25,40.75,39.05,39.05,3925,15554
20251124,39.25,40.05,38.7,39.45,2881,11305
20251125,41.1,42.2,40.25,40.85,4081,16710
20251126,41.05,41.4,39.15,39.2,2642,10540
20251127,39.9,40.75,39.6,40.75,2124,8526
20251128,40.95,41.65,40.1,40.4,2874,11714
20251201,40.1,40.3,39.15,39.8,1770,7036
20251202,40.4,40.6,39.35,39.35,1548,6135
20251203,39.9,40.85,39.8,40.1,2399,9674
20251204,40.25,40.3,39.4,39.5,1444,5731
20251205,39.5,40.5,38.9,40,1978,7862
20251208,40.5,43.9,40.5,43.35,9063,38669
20251209,43,43.2,41.7,43.05,5504,23410
20251210,43.1,43.25,41.5,41.85,3727,15731
20251211,42.05,42.5,40.9,40.9,2545,10576
20251212,41.2,43,41,41.9,4121,17390
20251215,40.8,41.45,39.9,41.15,1526,6206
20251216,40.7,40.75,39.1,39.9,2200,8764
20251217,40.4,42.4,39.75,41.5,3540,14609
20251218,41.8,42.75,40.95,40.95,6669,27979
20251219,41.8,43.65,41.05,41.3,4953,20933
20251222,42.3,43.4,42,42.25,4311,18370
20251223,42.5,42.5,41.3,41.3,1766,7373
20251224,41.5,43.35,41.2,43.35,6751,28921
20251226,44.9,45.4,43.5,44.65,12600,55775
20251229,44,44.2,43.1,43.35,3467,15122
20251230,43.35,47.65,43.35,46.4,22730,105279
20251231,47.05,47.85,45.65,46.2,17332,81110
20260102,46.2,47.6,45.4,46.75,8289,38692
20260105,48.1,49.2,46.35,46.4,9873,46744
20260106,46.85,47.8,45.95,46.75,8551,40204
20260107,47.7,51,47.7,49.25,24842,122897
20260108,49.5,54.1,48.7,54.1,25570,133991
20260109,55.8,57.8,50,53.1,68065,365834
20260112,54,55,52,53,21354,113846
20260113,55.4,58.3,53.6,54.8,48706,274603
20260114,54.9,56.1,54.2,55,16906,93097
20260115,55,60.5,54.7,60.5,17256,101372
20260116,63,66.5,61.5,66.5,32948,211589
20260119,73.1,73.1,72,73.1,11699,85348
20260120,66.3,71.3,66.3,68.6,28188,193869
20260121,69.5,71,63.5,65.3,15571,103622
20260122,69.7,71,63.3,63.3,12234,81706
20260123,63.9,64.5,60.3,60.9,9833,60747
20260126,61.8,65.1,61.5,63.8,10690,67818
20260127,63.5,63.5,61.3,61.8,5324,33035
20260128,63,65.4,62.7,64.4,10642,68548
20260129,67.7,69.5,63.1,65.7,18703,123931
20260130,64.9,68.5,63.9,66.8,16504,109845
20260202,64.1,64.5,60.2,60.2,6794,41346
20260203,61.4,62.2,54.2,54.4,15889,91989
20260204,54.8,55.7,53.8,55.1,5158,28320
20260205,52.6,54.9,51.6,53.5,3548,18947
20260206,52.4,52.8,50.5,51.9,4134,21374
20260209,54.4,55.5,53.1,54.2,5041,27232
20260210,54.4,54.5,51.5,52.2,3083,16184
20260211,50.2,52.1,50,50,3975,20145
20260223,51.5,53.7,51.3,53,3110,16390
20260224,53.2,53.9,52.3,53.8,3936,20933
20260225,54.3,54.7,52.2,53.5,3205,17066
20260226,53.9,54.2,52.9,53.1,2017,10784
20260302,50.5,52.8,50.1,52.3,1566,8126
20260303,52.1,53.2,48.35,49,3401,16910
20260304,47.25,48,44.9,46.1,2736,12688
20260305,48.3,49.8,47.55,47.9,1983,9608
20260306,47.55,48.9,47.25,47.5,1152,5528
20260309,43.6,46.3,43,45.15,1984,8812
20260310,46.85,48.15,46.15,47.6,2608,12287
20260311,50.3,52.3,49.7,52.3,2521,12984
20260312,53.3,55,52,53.4,13700,73347
20260313,52,56.5,51.8,56,11540,63426
20260316,59.2,61.2,57.4,60.4,13893,82426
20260317,61.4,63.9,58.5,59.2,16765,102281
20260318,60.8,62.9,60,61.1,12577,77215
20260319,60.1,63.5,59.7,61.5,9355,57694
20260320,62.4,62.8,57.3,58.6,8020,47564
20260323,55.9,56.8,53.9,55.1,3249,17941
20260324,56.2,56.9,50.9,54.2,4073,21817
20260325,54.6,55.1,53.7,54.5,2875,15656
20260326,54.5,55.3,51.7,51.8,2675,14287
20260327,49.25,51.2,48.35,50.6,1974,9818
20260330,49.45,53.9,49.3,52.6,4764,25021
20260331,51.2,51.2,48.6,48.6,3251,16201
20260401,51.5,52.2,50.8,51.2,1724,8841
20260402,52.3,53.1,49.7,49.7,2376,12175
20260407,52,52.2,48.7,48.7,1340,6663
20260408,51,51.4,50.4,51,1378,7008
20260409,51.6,51.6,49.1,49.1,1309,6505
20260410,50,51.9,49.6,50.4,1805,9133
20260413,50,51.6,49.5,50.4,1325,6723
20260414,51.6,52.2,50.7,51.1,2190,11278
20260415,52.1,52.7,50.2,50.4,2278,11683
20260416,50.8,51.7,50,50.4,1674,8491
20260417,50.9,51.7,50.2,50.6,1865,9520
20260420,51,51.4,50,50.1,1573,7960
20260421,50.5,55.1,50.2,55.1,6472,34618
20260422,56,56.7,53.5,55.5,8548,47112
20260423,56.1,56.7,50,51.4,4740,25235
20260424,51.8,51.9,50,50.5,1619,8215
20260427,51,53.4,50.2,52,4585,23854
20260428,53,54.1,52.1,52.8,3000,15879
20260429,52.2,52.9,51.2,51.2,1718,8919
20260430,51.7,52.3,50.2,50.3,1496,7600
20260504,50.9,51.8,50.1,51,1780,9109
20260505,51.4,53.4,51.4,52.6,2055,10773
20260506,55.2,56.4,53.8,54.2,6966,38414
20260507,55,56.5,53.7,55.1,4674,25736
20260508,54.5,56.2,52.5,54,2966,16210
20260511,55.3,58,55.2,56.7,6819,38489
20260512,54,54,51.5,52,6822,35794
20260513,51.5,57.2,51.1,57.2,12210,67582
20260514,60,60.5,56.1,56.3,14438,83247
20260515,56.3,56.3,53.8,54,2931,16075
20260518,53,54,51.8,53.5,1574,8317
20260519,53.1,53.3,51.7,52.2,1534,8017
20260520,52.5,52.8,51.5,51.5,1136,5897
20260521,52.5,55.6,52.2,54.1,3493,19048
20260522,54.8,57.5,54.3,56.9,4433,24843
20260525,57.5,60.7,56.1,59.8,14906,89008
20260526,59.6,61.5,58.2,60.4,9282,55925
20260527,65.9,66.4,60.4,61,16757,107679
20260528,61.2,62.7,59.4,60.4,8820,54018
20260529,61.2,62.2,60.5,60.6,3817,23357
20260601,60.7,61.9,59.7,59.7,3754,22813
20260602,60.1,65.6,60,65.6,15650,99646
20260603,65,66.8,62.2,66.3,16308,105430
20260604,65,68,65,67.6,14215,95231
20260605,66,66.2,61.9,62.8,5292,33672
20260608,56.6,58.5,56.6,58.1,2717,15612
20260609,59,59.9,58.1,59.6,2220,13112
20260610,59.1,62,57.5,57.5,2414,14436
20260611,57.7,59.8,56.3,57.7,1840,10674
20260612,60,63,59.8,61.4,4110,25349
20260615,62.7,65.6,61.6,64.1,4589,29493
20260616,65.7,66,63.2,63.4,4409,28420
20260617,62.5,65,61.3,64.8,3646,23276
20260618,66,69.9,65.5,69.2,17990,122499
20260622,69,72.5,68.1,68.5,11696,81920
20260623,70.1,71.2,67.2,68.2,7767,53815
20260624,66.9,68.5,66.2,66.6,2985,19976
20260625,68.9,70.2,66.2,66.5,3155,21343
20260626,66.9,67.6,62.7,62.7,2051,13427
20260629,63.4,64.3,61.3,62,1147,7192
20260630,63.5,64.9,62.5,64.7,1688,10826
20260701,63.8,64.2,60,60.2,2326,14257
20260702,59.1,60.5,58,59.6,1138,6760
20260703,59.4,60.3,59,59.8,1106,6619
20260706,60.5,62.5,59.9,60.8,1628,9935
20260707,61.5,61.5,56.1,57.1,1934,11314
20260708,58,58,55.3,56,1101,6185
20260709,56.1,58.7,56,56.2,1322,7564
20260713,57,57.3,52.5,53.6,1246,6799
20260714,52.4,53.5,48.9,51.1,1536,7800
20260715,52.5,54.3,51.9,51.9,1188,6266
20260716,50.9,50.9,49.9,50.3,745,3753
20260717,48.8,49.7,46.85,47.25,1241,5963
20260720,47,47.25,43.5,45.15,834,3764
20260721,45.7,47,45.65,46.8,494,2290
20260722,48,49.7,48,48.65,994,4865
20260723,48.65,48.9,47.05,47.2,544,2600
20260724,46.95,48.15,46.25,46.5,453,2135
20260727,46.55,46.95,44.85,46.6,374,1713
20260728,45.1,45.1,43.3,43.3,692,3028
20260729,42.7,44,40,42.1,1072,4443
20260730,41,42.65,39.8,39.85,681,2812
20260731,43.3,43.8,43.3,43.8,316,1382
20260803,43.5,46.5,43,45.5,1285,5809
20260804,45.1,47.35,44.65,46.8,978,4536
20260805,48.8,49.2,47.65,47.65,1025,4963
20260806,47.65,52.4,46.95,48.4,7065,35789
20260807,48.5,49.5,47.1,47.1,2173,10463
20260810,47.8,48.9,47.5,48.5,1001,4840
20260811,48.7,49.85,48.2,49.2,1225,6012
20260812,49,50.7,48.9,49.2,1358,6721
20260813,50,50,49,49,1048,5186
20260814,49.65,50.6,48.1,48.25,1274,6289
20260817,48.25,48.4,46.85,47.1,790,3736
20260818,47.6,47.75,46,46.05,546,2543
20260819,44.6,46,44.6,45.2,465,2104
20260820,45.65,46.7,44.9,45.2,549,2491
20260821,45.2,46.2,44.8,45.85,509,2328
20260824,45.95,47.7,45.95,46.3,667,3128
20260825,46,46.15,44.6,46.1,508,2296
20260826,46.4,46.7,46.15,46.3,402,1867
20260827,46.6,46.8,45.75,45.9,426,1971
20260828,46.4,46.85,45.7,45.75,447,2062
20260831,45.8,46.2,45,45.25,387,1757
20260901,45.2,45.4,44.35,44.35,896,4012
20260902,44.2,44.3,43.7,44.05,403,1775
20260903,44.75,45.25,42.95,42.95,706,3089
20260904,43.55,43.75,42.75,43.15,436,1881
20260907,43.85,44.4,43.35,43.7,423,1853
20260908,44.05,44.55,43.2,43.2,453,1986
20260909,43.85,43.85,43,43.25,267,1157
20260910,43.25,44.2,43.1,43.1,449,1949
20260911,42.8,42.8,41.9,42,366,1541
20260914,41.7,41.8,41.2,41.6,210,873
20260915,41.85,41.85,40.8,40.8,251,1033
20260916,41.15,42.05,41.15,41.8,321,1341
20260917,42.5,42.9,41.8,41.8,207,876
20260918,42.6,42.9,42.25,42.7,309,1319
20260921,42.7,43.65,42.7,43.35,310,1342
20260922,43.75,43.75,42.2,42.2,404,1727
20260923,42.8,43,42.2,42.2,204,865
