# date,open,high,low,close,lot,wan
20250814,17.4,17.7,17.25,17.25,48,84
20250815,16.75,17.05,16.75,16.8,46,78
20250818,17.05,17.05,16.4,16.55,80,133
20250819,16.55,16.55,16.15,16.5,65,106
20250820,16.45,16.45,16,16.05,74,119
20250821,16.1,16.35,16.1,16.2,29,47
20250822,16.45,16.45,16,16,31,50
20250825,16,16.3,15.85,16.05,17,27
20250826,16.05,16.6,15.95,16.25,62,101
20250827,16.95,17.3,16.2,16.25,92,153
20250828,16.8,16.95,16.5,16.5,28,47
20250829,16.15,16.5,16.15,16.3,22,36
20250901,16.3,16.5,15.55,15.85,59,94
20250902,16,16,15.6,15.6,41,65
20250903,15.7,15.8,15.7,15.75,17,27
20250904,15.75,15.95,15.6,15.7,36,57
20250905,15.75,15.9,15.7,15.75,16,25
20250908,16.3,17.3,16.15,16.6,212,358
20250909,16.4,16.85,16.4,16.55,89,148
20250910,16.7,16.7,16.2,16.4,41,67
20250911,16.6,17.05,16.05,16.05,116,192
20250912,16.1,16.2,16,16.05,58,93
20250915,15.85,16.1,15.75,16.1,32,51
20250916,16.05,16.1,16,16,30,48
20250917,16,16,15.9,15.9,10,16
20250918,15.8,16.1,15.8,15.8,144,228
20250919,15.8,16,15.8,15.85,21,33
20250922,15.85,15.85,15.5,15.8,39,61
20250923,15.6,15.6,15.35,15.45,80,124
20250924,15.75,15.8,15.45,15.45,27,42
20250925,15.45,15.7,15.45,15.45,24,37
20250926,15.4,15.45,15.2,15.3,23,35
20250930,15.3,15.3,14.3,14.55,179,263
20251001,14.55,14.95,14.35,14.6,48,70
20251002,14.5,14.75,14.05,14.4,156,223
20251003,14.4,14.65,14.4,14.5,35,51
20251007,14.5,14.5,14.4,14.4,24,35
20251008,14.5,14.65,14.5,14.6,28,41
20251009,15.15,16.05,15.15,16.05,420,673
20251013,16.55,17.15,16.15,16.4,545,904
20251014,16.95,16.95,15.5,15.5,232,381
20251015,15.65,16.2,15.6,16.2,108,173
20251016,16.5,16.55,16.05,16.35,125,204
20251017,16.4,16.4,16.1,16.1,82,133
20251020,16.1,16.25,16,16.1,60,97
20251021,16.2,16.3,15.85,15.95,61,98
20251022,16,16,15.75,15.75,49,78
20251023,15.8,15.85,15.75,15.75,25,39
20251027,15.55,15.65,14.65,15.2,188,284
20251028,15,15.3,14.9,15.05,72,109
20251029,15.2,16.55,15.15,15.85,204,326
20251030,16.15,16.45,16,16.3,192,312
20251031,16.5,16.55,16.1,16.25,47,76
20251103,16.45,16.45,15.6,15.95,78,124
20251104,16.1,16.25,15.8,15.9,62,99
20251105,16,16.3,15.95,16.15,75,121
20251106,16.2,16.25,16,16.2,66,106
20251107,16,16.25,16,16.2,39,63
20251110,16.4,16.4,15.15,15.85,68,107
20251111,15.2,15.8,15.2,15.7,91,141
20251112,15.7,15.95,15.55,15.55,56,88
20251113,15.9,16.85,15.7,15.75,104,166
20251114,15.8,16.05,15.75,15.75,39,62
20251117,16,16.1,15.5,15.6,34,54
20251118,15.55,15.55,14.1,14.3,182,268
20251119,14.55,15.05,14.55,14.65,67,99
20251120,15.45,15.45,14.75,14.8,10,15
20251121,14.6,15.05,14,14.15,81,116
20251124,14.15,14.35,14,14.35,36,51
20251125,14.2,14.4,14.1,14.4,17,24
20251126,14.2,14.45,14,14.1,65,92
20251127,14.4,14.4,14.2,14.25,19,27
20251128,14.25,14.55,14.25,14.55,13,19
20251201,14.55,14.55,14.3,14.3,10,14
20251202,14.6,15.7,14.6,15.45,295,458
20251203,15.45,15.45,14.9,15.1,97,147
20251204,15,15,14.9,14.95,16,24
20251205,15.05,15.1,14.7,14.75,59,87
20251208,14.7,14.8,14.5,14.65,54,79
20251209,14.8,14.85,14.25,14.4,50,72
20251210,14.65,14.65,14.2,14.35,38,54
20251211,14.35,14.35,14.3,14.3,14,20
20251212,14.3,14.3,14.25,14.25,26,37
20251215,14.4,14.5,14.4,14.4,20,29
20251216,14.3,14.55,14.1,14.5,24,35
20251217,14.5,14.8,14.5,14.55,24,35
20251218,14.55,14.55,14.45,14.45,10,15
20251219,14.45,14.7,14.45,14.7,13,19
20251222,14.5,14.7,14.5,14.55,31,45
20251223,14.6,14.65,14.45,14.55,18,26
20251224,14.5,14.65,14.4,14.4,37,54
20251226,14.4,14.7,14.4,14.7,14,20
20251229,14.65,15.35,14.65,15.25,113,171
20251230,15.25,15.25,14.9,15.25,47,71
20251231,15.2,15.25,15.05,15.15,25,38
20260102,15,15.05,14.85,14.95,40,60
20260105,14.95,14.95,14.7,14.75,50,74
20260106,14.95,14.95,14.35,14.45,79,115
20260107,14.5,14.6,14.35,14.5,61,88
20260108,14.5,14.5,13.95,14,129,183
20260109,13.95,14.15,13.3,13.75,279,384
20260112,13.8,13.9,13.55,13.8,103,141
20260113,13.95,13.95,13.65,13.65,60,83
20260114,13.65,15,13.6,15,383,565
20260115,15,15.3,14.3,14.55,176,260
20260116,14.95,14.95,14.55,14.85,86,127
20260119,14.85,14.85,14.55,14.55,82,120
20260120,14.65,14.7,14.45,14.6,76,111
20260121,14.6,14.6,14.2,14.3,84,120
20260122,14.45,15.7,14.4,15,469,717
20260123,14.75,15,14.5,14.5,203,298
20260126,14.5,14.7,14.4,14.5,77,112
20260127,14.5,14.6,14.3,14.3,70,100
20260128,14.35,14.35,14,14.25,112,158
20260129,14.35,15.25,14.35,14.45,470,697
20260130,14.25,14.45,14.2,14.45,95,136
20260202,14.5,14.5,14.25,14.4,61,88
20260203,14.75,14.75,14.4,14.4,65,94
20260204,14.7,14.75,14.4,14.65,74,108
20260205,14.9,14.9,14.35,14.35,55,80
20260206,14.3,14.6,14.3,14.3,49,70
20260209,14.4,14.8,14,14,54,77
20260210,14,14.6,14,14.1,50,71
20260211,14.25,14.5,14.1,14.15,68,96
20260223,14.5,14.5,14.05,14.1,142,201
20260224,14.25,14.25,14,14.1,113,159
20260225,14.2,14.2,14,14,94,133
20260226,13.9,14.15,13.9,14.05,113,158
20260302,14.05,14.05,13.7,13.8,80,111
20260303,13.95,14.15,13.6,13.65,84,116
20260304,14,14,12.95,13.15,139,185
20260305,13.5,13.5,13.15,13.3,114,151
20260306,13.45,13.8,13.4,13.5,79,107
20260309,13.5,13.5,12.95,13,47,61
20260310,13.25,13.3,12.95,13.2,31,41
20260311,13.4,13.45,13.2,13.3,96,128
20260312,13.35,13.4,13.2,13.4,51,68
20260313,13.35,13.4,12.95,13.3,75,99
20260316,13.4,13.5,13.2,13.35,50,67
20260317,13.35,13.4,13.25,13.3,44,59
20260318,13.35,13.7,13.35,13.55,194,261
20260319,13.65,13.8,13.5,13.7,130,177
20260320,13.55,13.55,13.35,13.4,70,94
20260323,13.3,13.3,12.6,12.7,88,113
20260324,12.85,12.85,12.45,12.6,53,67
20260325,12.45,12.75,12.4,12.6,20,25
20260326,12.75,12.85,12.55,12.75,43,54
20260327,12.5,12.8,12.4,12.8,44,55
20260330,12.7,12.7,12.35,12.6,64,80
20260331,12.45,12.6,12.25,12.45,58,72
20260401,12.5,12.5,12.3,12.35,90,111
20260402,12.45,12.45,12.1,12.15,62,76
20260407,12.3,12.3,12,12.15,20,24
20260408,12.2,12.2,11.8,11.9,172,205
20260409,11.8,11.9,11.7,11.8,80,94
20260410,12,12,11.7,11.8,107,126
20260413,11.95,11.95,11.65,11.8,76,89
20260414,11.8,11.9,11.6,11.7,128,150
20260415,11.8,11.8,11.6,11.8,109,127
20260416,11.85,12.95,11.7,12.95,522,653
20260417,13.45,14.2,13.45,14.2,459,649
20260420,14.85,15.6,14.2,15.6,1363,2034
20260421,17.15,17.15,17.15,17.15,340,583
20260422,18.5,18.85,18.05,18.55,1625,3012
20260423,18.65,18.65,16.7,17.45,1023,1764
20260424,17.8,18.4,17.6,17.6,230,412
20260427,17.5,18,16,16.25,195,334
20260428,16.6,16.6,15.8,16.15,102,164
20260429,16.15,16.65,16.15,16.3,63,103
20260430,16.3,16.6,15.7,15.8,127,204
20260504,15.8,15.8,15.4,15.4,135,209
20260505,16,16.9,15.75,16.9,114,188
20260506,16.8,18.5,16.8,17.95,227,405
20260507,18,18,17.8,17.95,127,228
20260508,18.35,18.35,17.6,18.05,142,256
20260511,17.9,18.05,17.35,17.95,170,303
20260512,17.5,17.9,17,17.4,137,237
20260513,16.9,17.35,16.3,16.5,133,222
20260514,16.65,16.65,15.7,16,172,275
20260515,16,16.15,15.35,15.8,91,143
20260518,15.95,17.35,15.95,17.35,188,323
20260519,19,19.05,18.4,19.05,317,602
20260520,20.95,20.95,17.6,17.9,901,1671
20260521,17.9,18.55,17.85,18.2,263,479
20260522,19.6,19.6,18.2,18.3,204,379
20260525,18.35,18.35,17.9,18.05,206,372
20260526,18.05,18.65,17.9,17.9,173,314
20260527,18.2,18.2,17.25,17.5,138,241
20260528,17.85,18.55,17.35,17.6,169,301
20260529,17.75,17.85,17.25,17.8,148,258
20260601,17.8,18,17.1,17.1,175,304
20260602,17.45,17.45,16.65,16.9,135,229
20260603,17.3,17.35,16.65,17,206,346
20260604,17,17,16.7,17,47,79
20260605,16.9,16.9,16,16.3,151,248
20260608,15.7,15.7,15,15.45,164,251
20260609,15.45,15.85,15.35,15.55,79,122
20260610,15.65,15.65,14.65,14.8,144,218
20260611,14.85,14.9,14.4,14.7,72,105
20260612,14.8,15.05,14.7,14.7,50,74
20260615,14.7,14.85,14.55,14.75,36,53
20260616,15.05,15.05,14.5,14.7,75,110
20260617,14.4,14.7,14.4,14.6,33,48
20260618,14.9,14.9,14.6,14.7,24,35
20260622,14.5,14.6,14.4,14.4,74,107
20260623,14.4,14.6,14.1,14.1,68,97
20260624,13.9,14.3,13.9,14.25,63,89
20260625,14.25,14.25,14.05,14.25,53,75
20260626,14.5,14.5,13.7,13.85,93,130
20260629,13.85,13.85,13.55,13.55,92,126
20260630,13.55,13.9,13.3,13.4,95,128
20260701,13.4,13.6,13.3,13.3,48,64
20260702,13.35,13.65,13.1,13.4,71,95
20260703,13.4,14.7,13.4,14.7,206,289
20260706,15.2,15.25,14.25,14.6,202,299
20260707,14.45,14.45,14.1,14.2,40,57
20260708,14.1,14.3,13.8,14,59,82
20260709,14.2,14.2,13.7,13.85,34,47
20260713,14.1,14.1,13.7,13.7,34,47
20260714,14.05,14.05,13.2,13.65,52,70
20260715,13.75,13.75,13.45,13.7,34,46
20260716,13.65,13.95,13.5,13.95,66,91
20260717,13.95,13.95,13.15,13.7,97,131
20260720,13.3,13.6,13.15,13.6,40,53
20260721,13.5,13.95,13.5,13.9,43,59
20260722,13.95,13.95,13.6,13.8,36,49
20260723,13.85,13.85,13.5,13.8,14,19
20260724,13.5,13.8,13.5,13.8,21,29
20260727,13.8,13.8,13.5,13.6,12,16
20260728,13.7,13.7,12.8,12.9,63,82
20260729,13.2,13.2,12.75,13,32,42
20260730,13.1,13.1,12,12.9,65,81
20260731,12.95,14.1,12.9,14,88,118
20260803,13.6,13.75,12.95,13.35,152,200
20260804,13.3,13.45,13.2,13.45,27,36
20260805,13.6,13.65,13.35,13.45,20,27
20260806,13.6,13.6,13.2,13.4,18,24
20260807,13.55,13.55,12.65,13.15,77,100
20260810,13.3,13.3,12.8,13.05,38,49
20260811,13,13.15,13,13.05,99,129
20260812,13.2,13.2,12.8,12.8,76,98
20260813,12.8,12.85,12.7,12.85,48,61
20260814,12.9,12.9,12.5,12.5,49,62
20260817,12.65,12.65,12.5,12.6,20,25
20260818,12.65,12.65,12.3,12.35,18,22
20260819,12.4,12.45,12.3,12.35,16,20
20260820,12.55,12.65,12.4,12.65,34,43
20260821,12.8,12.8,12.55,12.7,9,11
20260824,12.95,12.95,12.65,12.85,4,5
20260825,14.1,14.1,13.2,13.55,182,250
20260826,13.9,14,13.6,13.8,154,213
20260827,13.8,13.9,13.5,13.6,35,48
20260828,13.5,13.7,13.15,13.15,45,60
20260831,13.3,13.45,12.9,13,36,47
20260901,13,13.15,12.8,13.05,22,28
20260902,13.1,13.1,12.9,13.1,15,20
20260903,12.9,13.2,12.85,12.95,49,64
20260904,12.7,12.95,12.7,12.95,19,24
20260907,13.1,13.1,12.85,12.85,27,35
20260908,13,13,12.65,12.9,17,22
20260909,13.05,13.05,12.7,12.75,14,18
20260910,12.95,12.95,12.8,12.8,7,9
20260911,12.8,12.8,12.8,12.8,1,1
20260914,13,13,12.5,12.7,16,20
20260915,13.2,13.2,12.7,12.7,16,21
20260916,13,13,12.65,12.75,17,22
20260917,12.7,12.75,12.6,12.65,25,32
20260918,12.65,12.75,12.6,12.75,24,30
