# date,open,high,low,close,lot,wan
20250814,39.15,39.2,38.5,38.65,112,433
20250815,38.8,38.95,38.5,38.7,41,158
20250818,38.7,38.95,38.5,38.5,76,295
20250819,38.6,38.6,37.8,38.25,80,304
20250820,37.7,38.25,37.7,38.2,43,163
20250821,38.3,38.7,38.2,38.4,29,111
20250822,38.4,38.75,37.95,37.95,48,183
20250825,37.85,37.95,37.5,37.8,88,332
20250826,37.65,38.5,37.65,37.95,84,319
20250827,38.4,38.75,37.85,38.55,71,272
20250828,38.8,39.1,38.35,38.4,78,302
20250829,38.35,38.8,38.35,38.4,15,58
20250901,38.8,38.8,37.9,38,91,347
20250902,38,38.4,37.8,38.25,84,320
20250903,38.2,38.5,37.7,38.35,95,363
20250904,38.5,42.15,38.35,41.5,296,1218
20250905,42,45.5,42,44,417,1840
20250908,45.8,47.95,42.75,43,682,3109
20250909,43.3,45,42.55,44.2,327,1443
20250910,44.55,45.5,43.65,44.3,218,967
20250911,44.25,44.25,42.2,42.85,188,812
20250912,43,45.4,42.9,44.5,281,1244
20250915,44.95,44.95,41.85,44.4,296,1276
20250916,45,45.5,43.15,43.6,233,1031
20250917,42.7,45,41.9,44.5,337,1471
20250918,47.95,48,45.35,47.45,721,3371
20250919,47.5,47.8,44.3,44.3,523,2392
20250922,44.5,45,42.8,43.3,257,1117
20250923,43.7,44.1,42.4,43.2,139,597
20250924,43.5,44.2,42.9,44,112,488
20250925,44.05,44.05,43.05,43.7,112,486
20250926,43.45,43.45,40.5,40.75,276,1142
20250930,40.75,41.5,40.75,41.45,63,260
20251001,41.5,42.55,40.5,41.65,163,677
20251002,41.75,41.8,39.7,40.8,267,1083
20251003,40.45,42.45,40.45,41.85,218,912
20251007,42,42.75,41,41.95,167,698
20251008,41.9,41.9,40.7,40.7,196,806
20251009,40.6,41.65,40.55,40.75,86,354
20251013,38.8,39.2,38.55,39.15,210,816
20251014,39.15,40.05,38.1,38.25,232,897
20251015,38.4,39,38.25,38.65,180,694
20251016,38.25,39,38.25,38.65,86,333
20251017,38.5,38.8,38,38.3,110,421
20251020,38.4,38.4,37.45,38,180,682
20251021,38.3,40.95,38.3,39.55,197,787
20251022,39.55,39.55,38.4,38.6,94,365
20251023,38.3,38.3,37.7,37.9,46,174
20251027,38.2,38.2,37.9,38.15,44,169
20251028,38.15,38.15,36.7,36.7,196,732
20251029,36.85,37.3,36.75,36.8,77,284
20251030,36.85,37,36.75,37,53,195
20251031,37,37.15,36.7,37,25,93
20251103,37,37,36.7,37,21,78
20251104,36.8,37.2,36.25,36.45,88,323
20251105,36.2,36.75,35.3,36.5,100,360
20251106,36.8,37,36.5,36.5,63,231
20251107,36.3,37,36,36.55,44,160
20251110,36.6,37,36,36.8,64,235
20251111,36.8,36.8,35.05,35.95,191,684
20251112,35.6,35.95,34.6,34.8,239,838
20251113,34.4,35.1,34.05,35.05,179,615
20251114,35,35.15,34.55,34.7,71,248
20251117,34.15,34.35,33.65,33.7,80,272
20251118,33.55,34.35,33.55,33.75,52,176
20251119,32.85,33.7,32.85,33.4,36,121
20251120,34,34.3,34,34.3,16,56
20251121,33.65,34.2,32.8,33,46,154
20251124,33.05,33.7,33.05,33.6,30,101
20251125,33.3,34.05,33.3,33.5,55,186
20251126,33.8,35.15,33.8,34.2,69,239
20251127,34.85,34.85,33.8,33.9,63,216
20251128,33.95,34.1,33.9,34.1,26,89
20251201,34.1,34.2,34.05,34.05,34,116
20251202,33.95,34,33.95,34,6,20
20251203,34.1,35.1,34.05,34.5,86,297
20251204,34.5,34.5,34.05,34.05,26,89
20251205,34.05,34.05,33.75,33.75,13,44
20251208,33.15,33.85,33.15,33.85,15,50
20251209,33.8,34,33.5,33.5,14,48
20251210,33.5,35.65,33.5,35.05,184,640
20251211,35.2,35.35,34.8,34.8,39,137
20251212,35.3,35.3,34.55,34.65,54,189
20251215,34.2,34.7,34.05,34.35,57,195
20251216,34.35,34.7,33.85,34,52,178
20251217,34.2,34.45,33.85,33.85,18,61
20251218,33.85,33.9,33.5,33.55,35,119
20251219,34,34,33.7,33.7,10,34
20251222,33.8,34.25,33.7,33.75,35,119
20251223,33.8,34.7,33.8,34.2,69,237
20251224,34.1,34.65,34.1,34.3,15,52
20251226,34.7,37.5,34.3,35.4,219,782
20251229,35.8,36.6,35.45,36.2,103,372
20251230,36.2,36.2,35,35.6,85,302
20251231,35.8,36.45,35.8,36.05,36,129
20260102,36.55,37.55,36.2,37.55,181,667
20260105,37.55,39.8,37.3,39.4,278,1076
20260106,39.4,39.85,38.85,38.85,107,421
20260107,38.85,38.85,37.75,37.75,86,330
20260108,37.9,38,37.2,37.45,66,247
20260109,38,38,37.5,37.5,31,116
20260112,38,38.05,36.5,36.5,105,388
20260113,36.8,37.65,36.55,37.05,79,292
20260114,37.2,37.2,36.8,37.05,42,156
20260115,37.05,37.05,36.35,36.35,57,209
20260116,36.6,36.6,36.3,36.4,30,109
20260119,36.4,36.4,35.85,35.9,42,152
20260120,36,36.45,35.35,35.4,89,321
20260121,35.4,38.9,35.05,38.9,996,3794
20260122,41.1,41.35,37.95,38.9,770,3018
20260123,40.15,41.6,39.1,39.75,628,2534
20260126,39.9,39.9,38.4,38.8,201,781
20260127,39.1,39.1,38.15,38.3,148,568
20260128,38.35,39.5,38.2,38.65,127,492
20260129,38.65,38.65,37.5,37.9,124,469
20260130,37.95,38,36.4,36.85,163,601
20260202,36.35,36.65,36,36.35,75,272
20260203,36.6,37.25,36.2,36.6,62,225
20260204,36.8,37,36.6,36.8,31,113
20260205,36.8,37,36.5,36.85,38,140
20260206,36.5,36.5,35.8,35.8,72,261
20260209,36.1,36.9,35.85,36.25,61,224
20260210,36.5,36.9,36.45,36.9,39,143
20260211,36.9,36.9,36.5,36.9,86,314
20260223,36.9,38.1,36.9,38,104,394
20260224,37.6,38,36.95,37.15,103,382
20260225,37.1,38.8,37,38.1,255,969
20260226,38.55,40.15,38,39.95,260,1015
20260302,40.85,43.9,39.95,43.9,1394,5962
20260303,43.9,43.9,40.2,41.95,673,2806
20260304,41.25,41.25,39,39.45,162,640
20260305,39.95,41.55,39.65,39.75,191,772
20260306,38.7,40,38.4,39.45,196,765
20260309,36.45,37.7,36.45,37.5,199,733
20260310,38,38.75,37.55,37.7,59,225
20260311,37.6,39.4,37.55,38.55,99,382
20260312,38.45,38.45,36.8,37.1,371,1380
20260313,36.8,37.65,36.6,37.25,95,354
20260316,37.25,37.7,36.9,37.3,86,319
20260317,37.9,38.8,37.5,38,161,610
20260318,38.2,38.9,38,38.75,161,619
20260319,38.5,39.5,37.85,37.95,134,515
20260320,38.1,40.05,38.1,39.15,386,1512
20260323,37.6,39,37.6,38.1,177,673
20260324,38.55,39.5,37.7,38.9,199,768
20260325,39.4,39.85,38.9,39.75,140,553
20260326,39.95,40.8,39.5,39.5,121,483
20260327,38.9,39.1,38.35,39.1,83,322
20260330,38.55,39.25,37.85,39.05,121,467
20260331,38.75,40.2,38.2,38.2,134,521
20260401,39.25,39.25,38.7,38.7,53,206
20260402,38.95,38.95,38.25,38.25,35,135
20260407,38.7,38.95,38.5,38.5,97,376
20260408,38.95,40.75,38.95,40.2,178,714
20260409,40.3,44.2,39.55,42.7,800,3426
20260410,45.5,45.6,41.7,43.1,1127,4874
20260413,43.75,43.75,42.25,42.55,232,989
20260414,42.5,42.6,41.65,42.5,350,1480
20260415,42.4,43,41.95,42.35,316,1339
20260416,42.8,42.95,41.7,41.9,220,929
20260417,42,44.1,41.95,43.15,469,2027
20260420,43.5,44.1,38.85,41.2,1273,5261
20260421,41.6,43.75,41.55,43.5,349,1498
20260422,44.5,47.85,43.6,47.85,1966,9233
20260423,52.6,52.6,49.8,52.6,3280,17115
20260424,57.8,57.8,52.4,53.6,4584,25378
20260427,52.4,52.6,48.25,48.8,1900,9376
20260428,48.8,49.65,47.25,48.7,607,2945
20260429,49.1,53.5,48.8,53.5,1176,6189
20260430,53.5,53.7,50.4,50.7,1418,7362
20260504,50.8,52.7,50.8,50.8,682,3507
20260505,50.2,52.8,49.8,52,549,2836
20260506,53,57.2,52.3,52.8,1274,6926
20260507,51.5,57.5,50.7,56.2,1073,5757
20260508,56.1,58.9,53.9,54.7,899,5041
20260511,56.7,57,54.8,55,777,4330
20260512,56.8,56.8,52.3,54.2,769,4137
20260513,53.5,53.8,52.6,53.3,258,1375
20260514,54,56.4,53.7,56.2,828,4575
20260515,56.4,56.4,53.5,53.7,455,2491
20260518,53.5,53.9,51.6,53.2,354,1872
20260519,53.2,55.4,52.3,53.5,511,2756
20260520,53.5,55.1,53.2,54.1,378,2048
20260521,54.5,56.4,54.3,55.3,575,3202
20260522,56,60.8,55.7,60.8,822,4894
20260525,66.8,66.8,66.8,66.8,516,3444
20260526,73.4,73.4,69.9,73.4,2167,15763
20260527,75.3,76,70.5,71,1891,13842
20260528,72.1,78,69.6,77,1622,12217
20260529,75.4,75.9,71.8,73.5,1161,8560
20260601,74.3,80.8,73.5,80.8,792,6257
20260602,82.7,87.6,78.2,80.8,1620,13361
20260603,80.8,85,75.5,76.9,1109,8757
20260604,77,78,74.5,75.8,658,5018
20260605,75.9,75.9,68.3,70.7,845,5987
20260608,63.7,66.8,63.7,66.5,590,3810
20260609,66.8,72,66.4,69,461,3176
20260610,68.8,70.9,66.4,66.4,496,3393
20260611,66,67,63,64.9,327,2122
20260612,66,70,65.5,66.9,463,3128
20260615,68.1,73.4,67.8,72.9,715,5086
20260616,75,75,69.3,70,380,2704
20260617,68.5,72.6,67.7,72.3,402,2860
20260618,72.9,79.5,72.9,78.4,1449,11263
20260622,81.3,86.2,79.1,86.2,1804,14993
20260623,87,89.9,81.9,82.6,1746,15039
20260624,80.6,86,79.5,85,1257,10495
20260625,85,86.5,80.3,84,1365,11403
20260626,84,86.4,80.6,80.7,1049,8728
20260629,80.1,80.7,76.8,77.5,713,5571
20260630,78.2,80.5,78.2,79.2,298,2368
20260701,80.9,80.9,77.2,77.2,323,2546
20260702,76.7,80,75.9,79,242,1903
20260703,78,81.9,77.6,79.2,450,3584
20260706,81.9,87.1,81.8,85.8,2052,17684
20260707,85.8,87.1,77.5,79.1,793,6496
20260708,79.2,81,77.2,79.6,424,3340
20260709,80.1,80.3,78,78.1,218,1721
20260713,78.9,79.6,70.3,72.5,611,4544
20260714,71.1,71.7,65.8,69.4,521,3565
20260715,71.5,71.5,68,70.4,254,1769
20260716,70.9,71.9,69.4,70.5,164,1155
20260717,68.3,70.1,65,66,435,2910
20260720,65,65.3,59.4,61,673,4116
20260721,62.2,62.9,60.8,61.9,217,1335
20260722,62.1,64.6,62.1,64.5,221,1400
20260723,64,64,61,61.3,243,1503
20260724,61.3,61.6,59,59.6,109,653
20260727,59,59.6,56.7,57.5,209,1204
20260728,56.2,56.2,53.2,53.3,261,1409
20260729,53.1,53.6,48,49,549,2689
20260730,48.65,49.6,44.7,45.5,414,1946
20260731,47.5,49.15,47.5,48.2,319,1542
20260803,48.5,51.1,48.2,49.8,252,1260
20260804,49.9,52.6,49.6,51.9,166,851
20260805,52.3,54.7,52.3,52.5,198,1059
20260806,50.7,54.4,50.7,54,182,969
20260807,54.1,54.3,52.6,52.8,132,702
20260810,54.5,56.1,54.2,54.4,227,1252
20260811,55.1,57,54.7,55.9,184,1029
20260812,57.3,58.8,57,57.8,161,934
20260813,58.5,60.5,58.2,59.5,175,1035
20260814,59.5,60.4,58.2,59.6,198,1176
20260817,59.8,60.9,59,60.8,137,826
20260818,61.5,61.5,56.7,56.8,264,1546
20260819,55.9,58.8,55.9,57,161,916
20260820,57.4,58.8,56.3,58.8,82,473
20260821,58.8,60,58,59.1,107,627
20260824,59.9,60.9,59.4,60.5,93,557
20260825,60.5,66.5,58.6,66.4,304,1925
20260826,66.4,67.7,65.2,66.2,237,1569
20260827,66.2,66.4,62.4,62.8,207,1324
20260828,63,64.2,62.5,63.6,163,1031
20260831,62.8,62.8,61.3,62.5,114,707
20260901,62.6,63.7,62.1,62.8,99,619
20260902,62.8,63,61.5,62.2,105,650
20260903,61.8,61.8,58.9,58.9,106,642
20260904,59.3,61.8,59.3,60.6,54,329
20260907,60.9,62.1,60.3,61.1,62,375
20260908,61.5,64.5,60,61.2,194,1200
20260909,61.4,61.4,59.5,60.2,45,268
20260910,60.1,60.5,59.3,60.5,78,468
20260911,59.9,61.7,59.3,61.2,87,529
20260914,60,61,59.1,60.4,99,594
20260915,59,59.7,58.1,58.8,97,568
20260916,59.2,59.7,59,59.7,21,126
20260917,59.7,61.4,59.7,60.1,134,807
20260918,60.2,61.1,59.5,61,111,675
20260921,62.4,62.5,60.4,60.4,190,1171
