# date,open,high,low,close,lot,wan
20250814,34.15,34.45,34.15,34.4,211,725
20250815,34.3,34.5,34.05,34.3,304,1043
20250818,34.3,35.25,34.1,35,648,2265
20250819,35,35.2,34.6,34.8,325,1135
20250820,34.9,34.9,34,34,480,1640
20250821,34.1,34.6,34.1,34.55,333,1147
20250822,35.2,35.55,34.8,35.55,783,2766
20250825,36.1,36.15,35.65,35.8,774,2778
20250826,35.65,36,35.55,35.95,355,1268
20250827,35.95,36.6,35.95,36.6,728,2654
20250828,36.6,36.6,36,36.1,736,2666
20250829,36.25,36.5,36,36.2,356,1287
20250901,35.9,36,35.15,35.3,394,1399
20250902,35.4,35.5,35,35.35,261,922
20250903,35.45,35.8,35.4,35.5,206,733
20250904,35.95,37.25,35.95,36.45,1014,3732
20250905,36.8,36.8,35.95,36,626,2261
20250908,36.1,36.8,36,36,739,2682
20250909,36.2,36.45,35.5,35.8,627,2238
20250910,35.8,36,35.45,35.45,865,3080
20250911,35.7,36,35.5,35.55,433,1546
20250912,35.5,36.25,35.5,36,530,1910
20250915,36,36.2,35.5,35.65,349,1248
20250916,35.8,36.75,35.8,36.7,911,3318
20250917,37,37.5,36.25,36.35,1026,3773
20250918,36.45,37.2,36.45,36.8,779,2875
20250919,37.1,37.5,36.8,37.05,1444,5368
20250922,37.3,37.35,36.6,37,829,3067
20250923,37.3,37.3,36.35,36.95,829,3046
20250924,36.95,37.3,36.9,37.3,601,2230
20250925,37.3,38,37,37.1,838,3140
20250926,37.4,37.4,36.2,36.5,720,2626
20250930,37.05,37.1,36.6,36.9,519,1918
20251001,36.9,37.05,36.3,36.45,459,1676
20251002,36.45,36.65,36.3,36.4,346,1261
20251003,36.5,36.5,35.95,36.05,420,1514
20251007,36.05,36.75,36.05,36.65,393,1435
20251008,37.05,38.05,37,37.3,1937,7276
20251009,37.4,37.75,37.3,37.3,671,2515
20251013,36.8,36.8,35.75,36.25,962,3477
20251014,36.15,37,35.9,36.05,813,2954
20251015,36.1,36.35,34.9,34.9,1952,6878
20251016,35.35,37.2,35.35,37.2,1531,5624
20251017,37.2,37.8,36.65,36.75,721,2680
20251020,37,37.75,37,37.65,1000,3751
20251021,37.8,39.3,37.7,38.6,4683,18179
20251022,38.4,38.55,37.95,38.3,1566,5980
20251023,38,38.9,38,38,1319,5053
20251027,38.3,38.5,37.85,38.15,970,3692
20251028,38.2,38.2,37.4,37.65,744,2797
20251029,37.65,37.8,36.9,36.95,845,3140
20251030,36.95,37.1,36.15,36.25,724,2637
20251031,36.3,36.35,35.9,36,741,2671
20251103,36,37.1,36,36.85,763,2796
20251104,36.85,37.2,36.6,36.65,691,2546
20251105,36.4,37.6,35.95,37.6,906,3346
20251106,37.85,38.45,37.6,38.45,1687,6431
20251107,38.05,39.85,38.05,39.65,3404,13314
20251110,38.6,38.6,35.7,35.75,6434,23350
20251111,35.35,35.35,33.7,33.85,4144,14129
20251112,34.2,34.5,33.6,33.6,2144,7269
20251113,33.65,34.1,33,33.05,2105,6990
20251114,32.6,33.05,32.45,32.55,1546,5050
20251117,32.65,32.7,31.6,31.6,1746,5567
20251118,31.5,31.5,30.75,31,1752,5444
20251119,31.15,31.3,30.2,30.3,1171,3575
20251120,30.7,31,30.6,30.8,677,2087
20251121,30.6,30.95,30.2,30.3,928,2828
20251124,30.75,30.75,30,30.45,1169,3545
20251125,30.6,30.85,30.45,30.65,583,1786
20251126,30.9,31.3,30.85,31.1,498,1547
20251127,31.1,31.55,31.05,31.55,282,883
20251128,31.75,31.75,31.4,31.55,423,1336
20251201,31.6,31.6,31.25,31.25,262,823
20251202,31.5,31.7,31.4,31.4,362,1139
20251203,31.6,31.75,31.35,31.75,335,1059
20251204,31.75,31.9,31.65,31.65,274,871
20251205,31.5,31.5,30.6,30.75,1043,3219
20251208,30.75,30.9,30.55,30.7,383,1175
20251209,30.7,30.75,30.5,30.55,333,1019
20251210,30.45,30.7,30.4,30.4,340,1038
20251211,30.45,30.8,30.4,30.65,469,1435
20251212,30.75,31,30.5,30.55,495,1520
20251215,30.55,30.95,30.2,30.55,314,964
20251216,30.4,30.7,30.2,30.25,530,1609
20251217,30.3,30.85,30.3,30.35,471,1439
20251218,30.35,30.75,30.35,30.6,248,758
20251219,33.2,33.65,31.05,31.3,5896,19128
20251222,31.35,31.65,31.15,31.35,638,2002
20251223,31.35,31.35,30.8,30.85,659,2039
20251224,31,31.15,30.55,30.6,598,1837
20251226,30.6,30.85,30.45,30.5,551,1683
20251229,30.6,31,30.5,30.55,482,1479
20251230,30.55,30.55,29.95,30.25,1345,4047
20251231,30.45,30.45,29.95,29.95,797,2395
20260102,30,30.15,29.9,29.9,729,2185
20260105,29.95,30.1,29.25,29.45,1257,3711
20260106,29.45,29.75,29.45,29.75,520,1541
20260107,30.2,30.75,30.2,30.7,995,3041
20260108,30.95,30.95,30.3,30.3,598,1823
20260109,30.6,30.6,30,30.05,497,1501
20260112,30.15,30.55,30.15,30.45,469,1425
20260113,30.65,30.9,30.45,30.75,835,2565
20260114,31,33.7,30.8,32.65,5272,17130
20260115,32.35,32.35,31.55,32,1544,4910
20260116,32.05,32.15,31.55,31.75,968,3079
20260119,31.95,33,31.6,32.25,1456,4725
20260120,32.3,32.55,32,32.3,799,2582
20260121,32,32.25,31.7,31.95,932,2978
20260122,32.25,33,32.25,32.75,1425,4661
20260123,33.1,33.3,32.5,32.9,1082,3551
20260126,32.9,33.15,32.7,32.75,917,3022
20260127,32.6,32.85,31.95,32,852,2749
20260128,31.95,32.15,31.75,32.05,492,1569
20260129,32.2,32.2,31,31.6,634,1999
20260130,31.45,31.55,30.9,31.1,739,2296
20260202,31,31,30.4,30.6,575,1760
20260203,30.75,31.15,30.55,30.85,468,1441
20260204,30.9,31.65,30.85,31.5,537,1679
20260205,31.5,32.35,31.45,31.8,827,2645
20260206,31.55,31.55,30.5,30.8,549,1692
20260209,31.25,31.25,30.6,30.65,394,1212
20260210,30.6,30.65,30.3,30.5,499,1519
20260211,30.7,30.7,30.05,30.1,1225,3696
20260223,30.15,31.35,30.15,31.15,1054,3264
20260224,31.25,31.65,30.75,30.85,793,2470
20260225,30.9,31.35,30.9,30.95,560,1738
20260226,31,31.4,31,31.2,600,1872
20260302,30.65,30.85,30.35,30.55,772,2361
20260303,30.35,30.6,29.95,30,1193,3593
20260304,29.7,29.8,28.7,28.9,1535,4467
20260305,29.25,29.55,29.1,29.15,607,1779
20260306,29.05,29.45,28.95,29.2,577,1685
20260309,28.35,28.35,27.5,27.8,1129,3141
20260310,28.5,28.65,27.85,28,614,1725
20260311,28.1,28.95,28.1,28.65,641,1832
20260312,28.35,29.15,28.35,28.5,655,1885
20260313,28.35,28.55,28.2,28.4,577,1637
20260316,28.4,28.8,28.2,28.4,595,1695
20260317,28.45,29.2,28.45,29.05,931,2699
20260318,29.2,29.6,28.7,28.75,691,1997
20260319,28.5,28.65,28.2,28.25,815,2313
20260320,28.3,28.65,28.2,28.2,716,2031
20260323,27.9,28.05,27.5,27.65,623,1732
20260324,28.3,28.3,27.3,27.8,625,1732
20260325,28.5,28.55,27.7,28.2,544,1523
20260326,28.35,29.1,28.2,28.5,947,2708
20260327,28.2,28.2,27.7,28.05,527,1470
20260330,27.4,27.65,27.35,27.55,556,1529
20260331,27.35,27.5,26.9,26.95,924,2506
20260401,27.65,27.65,27.15,27.2,296,808
20260402,27.4,27.5,27,27,338,916
20260407,27.15,27.15,26.45,26.6,981,2611
20260408,26.8,27.15,26.8,27.05,697,1882
20260409,27.55,27.75,27.1,27.45,1091,2992
20260410,27.55,27.65,27.15,27.25,825,2257
20260413,27.4,27.8,27,27.75,935,2572
20260414,27.8,27.9,27.55,27.7,654,1809
20260415,27.8,28,27.7,27.75,825,2296
20260416,27.85,28.7,27.85,28.3,1918,5441
20260417,28.4,28.55,28.1,28.15,1097,3107
20260420,28.2,28.5,28.2,28.5,634,1798
20260421,28.55,28.6,28.2,28.6,659,1874
20260422,28.6,28.7,28.35,28.65,659,1879
20260423,29,29.1,27.45,27.75,1214,3405
20260424,27.9,28.1,27.1,27.2,919,2516
20260427,27.1,27.1,26.65,26.95,782,2099
20260428,27,27.05,26.75,26.95,754,2028
20260429,27.05,27.1,26.7,26.75,706,1892
20260430,26.8,27.05,26.6,26.65,863,2307
20260504,26.7,27.15,26.7,26.8,762,2045
20260505,26.9,27.4,26.85,27.4,1214,3307
20260506,27.8,28.4,27.55,28.3,1634,4589
20260507,28.7,28.8,28.15,28.5,1259,3585
20260508,29,31.3,28.85,29.75,5399,16354
20260511,29.75,30.25,29.15,30.2,2268,6715
20260512,30.2,30.2,29.2,29.6,1612,4785
20260513,29.5,29.95,29.3,29.4,1030,3042
20260514,29.7,32.3,29.7,32.3,6438,20338
20260515,32.35,35,31.8,33.85,12865,43443
20260518,34.2,34.6,33.25,33.35,10339,35151
20260519,33.1,33.9,32.35,32.85,3303,10892
20260520,33,34.85,32.8,33,6584,22192
20260521,33.85,36.3,33.85,35.55,12232,43579
20260522,36.25,36.95,35.5,35.65,9408,33970
20260525,35.7,36.5,34.85,35.55,5120,18193
20260526,36.55,38,36.1,36.75,6097,22469
20260527,37.1,37.1,35.45,36,3552,12793
20260528,36,38.5,36,36.75,8111,30331
20260529,37.1,40,37.1,39.3,10406,40693
20260601,39.3,42.9,39,41.8,8252,34224
20260602,41.8,43.5,40.1,41.6,6575,27340
20260603,41.6,41.85,40.35,41.15,3905,16060
20260604,40.8,41.8,40,40.5,3132,12784
20260605,40.6,41.05,38.95,40.35,3497,13975
20260608,36.6,39.55,36.35,39,3504,13132
20260609,39.5,42.9,39.15,42.9,7325,30662
20260610,42.95,46.85,42,42.05,16596,73850
20260611,41.15,43.5,40.8,43,6261,26563
20260612,44.8,45.75,42.85,42.85,5392,23723
20260615,44,46,44,45,9063,41028
20260616,45.4,45.45,43.6,43.6,4979,22077
20260617,43.3,44.5,42.45,44.45,2922,12781
20260618,44.65,47.8,44.65,44.95,7719,35649
20260622,46.5,47.8,44.75,45.3,6404,29391
20260623,45.4,45.4,42.35,42.5,3890,16835
20260624,41.95,43.35,41.65,43,1986,8470
20260625,43.35,43.95,42.2,43.7,2277,9797
20260626,42.9,43.2,40.5,40.8,2977,12385
20260629,41,41,39.25,39.4,2373,9477
20260630,40.2,42.3,39.6,41.7,2118,8751
20260701,42.8,44,41,41.3,2939,12546
20260702,41.05,42,40.15,42,1159,4755
20260703,41.3,41.65,40.65,41,1096,4511
20260706,40.65,43.25,40.65,42.7,3040,12940
20260707,42.4,42.4,38.45,38.45,6281,24740
20260708,38.45,38.8,37.7,38.2,1648,6313
20260709,38.15,38.5,37.1,37.15,1402,5285
20260713,37.35,37.6,35.7,36.1,1718,6251
20260714,36.3,36.3,33.6,34.6,1987,6859
20260715,34.9,36,34.75,35.85,1625,5749
20260716,35.9,36.4,35.2,35.35,664,2374
20260717,34.35,34.6,32.65,32.8,1541,5148
20260720,33.3,33.3,31.25,32.5,1246,4000
20260721,32.65,33.2,32.55,32.7,794,2612
20260722,33.05,33.8,32.85,32.85,769,2559
20260723,33.2,33.25,32.15,32.8,872,2835
20260724,32.45,32.45,31.5,31.9,956,3053
20260727,32.3,32.3,30.8,31.35,989,3090
20260728,30.8,30.8,29.85,30,1254,3785
20260729,30,30.15,27.9,28.95,2217,6359
20260730,28.9,29.4,28.3,28.6,1299,3739
20260731,30,30.8,29.85,30.6,1199,3639
20260803,30.05,30.95,29.6,30.8,1089,3326
20260804,30.3,32.75,30.3,32.1,1282,4091
20260805,32.4,32.5,30.75,31.05,2344,7335
20260806,30.85,31.15,30.25,30.85,1152,3548
20260807,31.25,31.65,30.9,31.15,990,3095
20260810,31.35,31.75,31.25,31.65,858,2702
20260811,31.5,32.25,31.25,31.9,870,2755
20260812,32,32.4,31.8,31.9,940,3019
20260813,32.1,33.05,32.1,32.15,1035,3369
20260814,32.3,32.3,31.7,31.95,523,1669
20260817,31.85,31.95,31.5,31.7,436,1379
20260818,31.7,31.7,31.05,31.05,578,1806
20260819,30.5,31.35,30.5,31.1,456,1418
20260820,31.25,31.55,31,31.15,561,1756
20260821,31.25,31.25,30.85,31,323,1001
20260824,31,31.35,30.8,30.8,268,830
20260825,30.65,30.95,30.2,30.95,508,1550
20260826,31.2,31.55,31,31.3,437,1367
20260827,31.8,31.8,31.35,31.55,503,1586
20260828,31.8,33.15,31.6,31.85,911,2937
20260831,31.7,31.7,31,31.1,472,1475
20260901,30.9,31.8,30.9,31.2,518,1625
20260902,31.2,31.8,30.95,31.75,563,1779
20260903,31.95,32.05,31,31.1,556,1744
20260904,31.4,31.85,31.4,31.5,536,1695
20260907,31.9,31.9,30.85,30.95,705,2187
20260908,31.05,31.05,30.05,30.15,927,2808
20260909,30.05,30.25,30,30.2,613,1847
20260910,30,30.25,29.7,30,641,1916
20260911,29.7,29.85,29.6,29.6,452,1343
20260914,29.6,29.95,29.4,29.7,358,1061
20260915,29.6,29.8,29.05,29.05,618,1812
20260916,29.2,29.65,29.2,29.65,479,1410
20260917,29.65,29.95,29.65,29.8,350,1041
20260918,30,30.05,29.8,29.85,670,2000
20260921,30.05,30.4,29.7,30.4,402,1215
20260922,30.55,30.6,30,30.3,640,1936
20260923,30.3,30.35,29.75,29.8,494,1478
20260924,29.8,30.1,29.5,30.05,579,1729
