# date,open,high,low,close,lot,wan
20250814,34.6,36.15,34.35,35.55,4359,15497
20250815,35.7,36,35.05,35.9,2143,7662
20250818,35.95,36.15,35.2,35.9,1674,5990
20250819,36.2,36.25,35.6,35.75,1483,5314
20250820,35.6,35.6,33.65,35.15,1486,5233
20250821,35.2,35.9,35,35.35,837,2965
20250822,35.35,35.55,35.05,35.25,472,1662
20250825,35.9,36.15,35.5,35.55,1751,6258
20250826,35.5,35.5,35,35.2,936,3290
20250827,35.1,36.95,35.05,36.8,3556,12952
20250828,37,37,36.2,36.6,1200,4392
20250829,36.85,36.85,36.3,36.5,840,3070
20250901,36.5,36.5,35.25,35.5,1031,3685
20250902,35.5,35.9,34.75,35.15,697,2444
20250903,35.05,35.5,35.05,35.3,378,1335
20250904,35.3,35.9,35.3,35.3,639,2270
20250905,35.5,35.5,35,35.2,404,1422
20250908,35.65,35.65,34.75,34.95,558,1952
20250909,34.95,35.1,34.3,34.7,556,1928
20250910,34.75,35.35,34.4,35,593,2068
20250911,34.9,35.2,34.1,34.2,790,2738
20250912,34.2,34.8,34.2,34.5,366,1264
20250915,34.5,34.95,34.5,34.7,518,1800
20250916,34.95,35.3,34.4,35.05,439,1532
20250917,35.1,35.3,34.7,34.8,282,984
20250918,34.95,35.4,34.8,35.4,367,1287
20250919,35.55,36.95,35.55,36.45,2472,9027
20250922,36.25,36.8,36.15,36.5,1021,3728
20250923,36.6,36.7,35.8,36.05,663,2399
20250924,36.3,36.35,35.4,36.25,766,2742
20250925,36.3,36.5,35.95,36.15,566,2051
20250926,36,36,34.85,34.85,768,2706
20250930,34.9,35,34.65,34.85,263,915
20251001,35,35.1,34.4,34.55,424,1469
20251002,34.6,34.85,34.35,34.5,322,1109
20251003,34.85,34.85,34.25,34.4,409,1407
20251007,34.25,34.8,34.25,34.4,292,1009
20251008,34.5,34.5,34,34.15,276,941
20251009,34.35,34.4,34,34.05,380,1300
20251013,33.8,33.8,32.4,33.4,587,1929
20251014,33.4,34.2,33.25,33.6,864,2913
20251015,33.6,34.25,33.3,33.3,802,2681
20251016,33.6,34.8,33.6,34.6,580,2000
20251017,34.7,34.8,34.3,34.4,317,1095
20251020,34.4,34.65,34.1,34.35,208,714
20251021,34.65,35.5,34.5,34.5,561,1964
20251022,34.5,34.75,34.4,34.7,233,804
20251023,34.5,34.85,34.5,34.6,175,605
20251027,34.6,35.55,34.6,35.5,665,2344
20251028,35.55,35.55,34.85,35.2,311,1091
20251029,35.3,35.6,35.1,35.3,293,1038
20251030,35.3,36,35.3,35.85,657,2350
20251031,35.95,35.95,35.2,35.3,526,1863
20251103,35.3,35.35,34.8,35.1,349,1223
20251104,35.1,35.1,34.25,34.35,344,1190
20251105,34.1,34.35,33.75,33.95,338,1148
20251106,34.6,34.6,33.95,34.45,183,627
20251107,34.25,34.3,33.8,34.2,235,801
20251110,34.15,34.15,33.6,33.75,305,1030
20251111,33.75,34.3,33.75,34.05,230,783
20251112,34.1,35.4,34.1,35.4,546,1911
20251113,35,35.1,34.4,35,874,3043
20251114,34.5,34.9,33.7,33.8,976,3319
20251117,33.65,33.85,33.1,33.3,866,2896
20251118,33.05,33.55,32.7,33.05,677,2240
20251119,33.15,33.7,33,33.65,248,830
20251120,33.4,34.5,33.4,33.9,337,1150
20251121,33.25,33.5,32.75,32.95,528,1746
20251124,32.95,33,32.55,32.65,422,1380
20251125,32.9,33,32.6,32.95,123,403
20251126,33.1,33.3,32.95,32.95,298,986
20251127,33.05,33.35,33.05,33.35,187,622
20251128,33.35,33.4,33.15,33.4,141,469
20251201,33.4,33.4,32.8,32.85,226,746
20251202,32.9,33.7,32.9,33.05,371,1234
20251203,33.2,33.7,33.2,33.2,570,1902
20251204,33.65,33.65,33.2,33.35,107,355
20251205,33.55,33.55,33.1,33.1,150,497
20251208,33.1,33.15,32.9,33.05,196,647
20251209,33.05,33.2,32.85,33.1,164,541
20251210,33.1,33.1,32.8,32.85,184,606
20251211,33,33.05,32.85,33,172,565
20251212,33.25,33.45,32.95,33,193,639
20251215,32.65,33.2,32.65,33.2,314,1036
20251216,32.8,33,32.45,32.8,418,1365
20251217,32.8,33.45,32.55,32.75,352,1161
20251218,32.4,33.05,32.4,32.85,316,1038
20251219,32.75,33.2,32.75,33.1,224,738
20251222,33.6,33.6,33.25,33.35,488,1632
20251223,33.35,33.35,32.7,32.9,266,875
20251224,32.95,33,32.6,32.7,225,735
20251226,32.8,32.9,32.25,32.65,463,1502
20251229,32.4,32.6,32.4,32.6,201,655
20251230,32.55,32.55,32.25,32.45,182,588
20251231,32.45,32.75,32.4,32.55,191,619
20260102,32.45,32.8,32.45,32.75,201,655
20260105,32.75,32.95,32.25,32.35,402,1306
20260106,32.3,32.6,32.3,32.45,290,940
20260107,32.35,34.8,32.35,34.3,1264,4268
20260108,34.3,34.3,33.35,33.5,474,1594
20260109,33.85,34,33.1,33.45,430,1440
20260112,33.7,35.45,33.7,34.75,1758,6124
20260113,35,35.15,34.4,34.4,545,1891
20260114,34.5,35,34.5,34.7,519,1808
20260115,34.7,34.9,34.4,34.9,224,777
20260116,35.05,35.1,34.55,34.55,427,1486
20260119,34.35,34.7,34.35,34.5,381,1314
20260120,34.5,35.3,34.25,35.15,805,2822
20260121,35.15,35.35,34.95,35.15,607,2136
20260122,35.15,35.9,35.15,35.85,944,3369
20260123,35.9,36.15,35.55,35.8,937,3362
20260126,36,36.1,35.75,35.95,1792,6446
20260127,36.2,36.65,36,36.3,1088,3956
20260128,36.55,36.55,36.15,36.3,613,2225
20260129,36.45,36.95,36.2,36.3,1225,4472
20260130,36.3,36.55,35.35,35.4,864,3094
20260202,35,35.15,34.55,34.7,506,1761
20260203,34.9,35.7,34.55,35.45,476,1674
20260204,35.35,37.7,35.35,37.7,3181,11850
20260205,37.2,37.3,36.15,36.6,1436,5246
20260206,36.05,36.05,34.85,34.95,991,3487
20260209,35.4,35.45,34.6,34.6,1611,5588
20260210,34.6,35.3,34.4,35,371,1296
20260211,36,37.35,36,36.3,1472,5388
20260223,36.65,37,36.5,36.65,1016,3732
20260224,37,37.5,36.75,37.4,2283,8520
20260225,37.85,38.2,37.5,38.1,1598,6045
20260226,38.35,39.35,37.75,38.7,2939,11352
20260302,37.5,39,37.3,38.25,1298,4992
20260303,38,38.8,37.65,37.85,1045,3977
20260304,37.55,38.1,36,36.3,1327,4907
20260305,37.4,37.8,36.65,37.2,1711,6365
20260306,37.15,37.8,36.75,37.55,822,3069
20260309,35.65,36.1,35.25,35.7,696,2477
20260310,36.3,36.8,35.8,36.25,492,1787
20260311,35.75,37.15,35.75,36.45,1371,4989
20260312,35.65,35.7,34.4,34.55,2565,8949
20260313,33.8,34,33.35,33.6,986,3318
20260316,33.6,33.95,32.85,33.2,1552,5156
20260317,33.2,34.1,33.2,33.75,425,1437
20260318,34.5,34.5,33.7,33.95,1618,5491
20260319,33.6,34.2,33.45,33.8,851,2880
20260320,33.8,34,33.05,33.05,1395,4646
20260323,32.55,33.25,32.45,32.6,451,1478
20260324,33.1,33.1,32.25,32.3,482,1566
20260325,32.4,33,32.4,32.6,328,1074
20260326,32.9,33.2,32.6,32.7,1285,4213
20260327,32.8,33.6,32.4,33.55,440,1454
20260330,33.05,33.2,32.75,32.75,488,1605
20260331,32.6,32.95,32,32.05,738,2386
20260401,32.55,34.1,32.5,33.65,927,3104
20260402,33.7,34.4,32.9,33.3,565,1888
20260407,33.45,33.45,32.65,32.65,564,1853
20260408,32.95,33.7,32.9,33.55,422,1407
20260409,33.6,33.7,33.3,33.65,249,834
20260410,33.7,35.5,33.7,34.9,1381,4807
20260413,34.55,34.7,33.8,34,754,2559
20260414,34.35,35.6,34.2,34.75,953,3334
20260415,35.15,35.5,34.8,35.4,1184,4160
20260416,35.5,36.35,35.5,36.05,1076,3880
20260417,36.35,37.3,36.1,36.6,1496,5516
20260420,36.85,39.5,36.85,38.65,3937,15210
20260421,39,39.2,38.2,38.9,1712,6625
20260422,38.9,39.35,38.65,39.05,2024,7894
20260423,39.65,39.8,36.95,37.6,1674,6398
20260424,38.45,38.45,37.35,37.9,512,1940
20260427,38.5,38.95,37.1,37.3,778,2938
20260428,37.65,37.65,36.85,37,637,2365
20260429,37.25,37.25,36.2,36.7,359,1314
20260430,37,37,36.1,36.25,536,1953
20260504,36.45,37.25,36.4,36.55,433,1592
20260505,36.5,37.2,36.5,37.1,442,1630
20260506,37.4,37.4,36.65,37,657,2424
20260507,37.1,38.25,37.1,37.9,906,3431
20260508,38,38.5,37.45,38,1122,4283
20260511,39,41.8,39,41.8,6809,28374
20260512,43.8,43.8,40.9,41.2,6136,25991
20260513,39.5,39.5,37.2,38.7,4588,17570
20260514,39.05,39.6,38.4,38.55,2125,8255
20260515,38.95,39.25,37.35,37.35,1480,5679
20260518,37,37.35,35.75,37.15,1094,4005
20260519,37.15,37.85,36.7,36.75,672,2494
20260520,36.75,37.2,36.6,36.7,498,1838
20260521,37.4,37.85,37.2,37.7,717,2693
20260522,38.3,38.95,37.9,38.55,947,3640
20260525,39,39.9,38.5,39.55,1638,6445
20260526,39.55,39.65,38.8,39.25,839,3276
20260527,39.4,41.85,39.4,40.65,3045,12386
20260528,40.6,41.2,38.7,38.9,1626,6472
20260529,39.1,39.9,38.55,39,1139,4427
20260601,39,39.5,38.6,38.85,1110,4321
20260602,38.7,38.75,37.2,38.05,1698,6419
20260603,38.35,38.95,38.05,38.45,721,2773
20260604,38.45,38.45,37.35,37.7,871,3283
20260605,37.45,37.65,37,37.1,797,2965
20260608,34.05,35.05,33.65,34.75,1129,3882
20260609,34.9,36.6,34.85,36.05,1004,3600
20260610,35.85,36.35,35,35,542,1936
20260611,35.15,35.65,34.05,35.2,807,2798
20260612,35.8,36.7,35.8,36.05,713,2594
20260615,36.75,36.75,36.2,36.75,587,2145
20260616,36.8,36.85,36.1,36.15,3606,13304
20260617,36.05,36.55,36.05,36.5,307,1114
20260618,36.95,37.4,36.65,37.2,602,2234
20260622,37.5,38,36.1,37.35,1540,5693
20260623,37.85,38.1,36.85,37.05,767,2870
20260624,36.4,37.75,36.4,37.3,637,2366
20260625,37.35,37.55,36.85,36.85,633,2351
20260626,36.7,36.95,35.65,35.65,771,2793
20260629,35.65,36.4,35.65,36.1,407,1464
20260630,36.3,36.65,36.05,36.65,390,1421
20260701,37,37,35.55,35.6,758,2726
20260702,35.7,36.2,35.1,36.15,517,1852
20260703,36.15,36.35,35.3,36.2,453,1631
20260706,36.25,36.5,35.8,35.9,412,1489
20260707,36.15,36.2,34.5,34.65,1231,4304
20260708,34.65,34.85,34.1,34.45,524,1803
20260709,34.75,35.25,34.1,34.1,595,2047
20260713,34.45,34.7,33.95,34.2,467,1599
20260714,34.55,34.55,32.7,33.4,1395,4637
20260715,33.7,34.25,33.5,34.25,394,1338
20260716,34.45,34.45,33.8,34.1,266,910
20260717,33.8,33.9,32.8,32.8,942,3128
20260720,32,32.2,30.6,30.9,1067,3316
20260721,31,31.5,30.9,31.45,812,2526
20260722,31.65,32.8,31.65,32.25,694,2235
20260723,32.25,32.5,31.55,31.75,420,1338
20260724,31.5,31.85,31.25,31.45,253,799
20260727,31.85,31.85,30.7,30.9,492,1525
20260728,30.65,30.65,29.65,29.8,1216,3644
20260729,29.9,29.95,28.1,28.9,1432,4123
20260730,29.2,29.4,28.35,28.5,846,2427
20260731,29.3,30.3,29.15,29.9,799,2378
20260803,29.2,30,29.2,29.7,502,1485
20260804,29.3,29.85,29.2,29.7,346,1022
20260805,30.1,30.45,30,30.2,330,997
20260806,30.1,30.35,29.8,30.35,190,571
20260807,30.4,30.45,30.05,30.3,224,680
20260810,30.55,30.75,30.35,30.7,156,478
20260811,31.35,33,31.35,32.55,1273,4127
20260812,33.35,33.6,32.3,33.3,1220,4042
20260813,34,34.15,33.15,33.3,646,2178
20260814,33.4,33.4,32.75,33,463,1522
20260817,32.85,34.15,32.85,33.95,695,2342
20260818,34.05,34.05,33,33,402,1339
20260819,32.8,32.95,32.45,32.5,390,1273
20260820,32.55,33.05,32.55,32.75,243,797
20260821,32.7,33,32.5,32.95,235,770
20260824,32.95,33,32.55,32.65,299,977
20260825,32.6,32.85,32.2,32.65,233,760
20260826,32.95,32.95,32.7,32.8,227,746
20260827,32.9,33.95,32.8,33.15,602,2001
20260828,33.7,33.7,33.15,33.15,222,738
20260831,32.7,33.25,32.5,32.9,365,1197
20260901,32.95,33.8,32.95,33.5,471,1581
20260902,33.25,33.75,33.1,33.4,199,664
20260903,33.3,33.8,32.75,32.8,483,1593
20260904,32.9,33.2,32.7,32.95,264,872
20260907,33.3,33.45,32.85,32.95,262,865
20260908,32.8,32.8,32.45,32.55,277,903
20260909,32.4,32.85,32.4,32.8,184,602
20260910,32.4,32.65,32.25,32.3,177,573
20260911,32.05,32.85,31.85,32.25,501,1622
20260914,32.7,32.95,32.25,32.85,264,864
20260915,33,33.15,32.25,32.3,269,878
20260916,32.25,32.7,32.25,32.5,310,949
20260917,32.5,33,32.5,32.55,173,567
20260918,32.75,33,32.6,33,806,2634
