# date,open,high,low,close,lot,wan
20250814,181,182.5,176.5,181,828,14819
20250815,190,190,181,182,1837,33799
20250818,179,181,174,174,866,15269
20250819,174,177.5,171,176,733,12818
20250820,174.5,175.5,170,171,493,8493
20250821,173,178.5,173,177.5,514,9078
20250822,177.5,177.5,172.5,174.5,291,5083
20250825,177.5,180.5,176,177,432,7713
20250826,178.5,183.5,174.5,182,694,12536
20250827,183,200,182.5,200,3825,74988
20250828,204,220,183.5,188,20883,425802
20250829,193,194,178.5,180,4546,84282
20250901,182,182,168,171.5,2215,38494
20250902,174.5,175,167,168.5,1079,18390
20250903,169,175,168.5,174,1030,17716
20250904,173,175,169,174,721,12399
20250905,174.5,174.5,171,171,564,9723
20250908,171.5,175.5,171.5,172.5,562,9715
20250909,174.5,175.5,169,170,855,14644
20250910,171,172.5,169,169,587,9995
20250911,169,171,158.5,159.5,2261,36737
20250912,161,162.5,158,159,594,9491
20250915,159.5,160.5,155.5,157,417,6556
20250916,158,160.5,156,160,393,6240
20250917,159.5,162.5,158.5,161,335,5392
20250918,161,167,160,165,608,10002
20250919,165,167,162,162.5,404,6630
20250922,164.5,165.5,163,165,202,3320
20250923,165,169,164,165.5,524,8718
20250924,165.5,166,160.5,161,484,7852
20250925,160,162,157.5,159,362,5771
20250926,161.5,161.5,152.5,153.5,662,10203
20250930,156,159,153.5,156.5,327,5113
20251001,158,164.5,157.5,160,518,8342
20251002,163,172,161,169,1475,24801
20251003,168.5,181,168,176.5,3234,57256
20251007,176.5,186,175.5,184,2999,54379
20251008,188.5,189,181.5,185,3368,62434
20251009,186,187.5,179.5,180.5,1918,35073
20251013,172.5,185.5,172.5,183,1485,26816
20251014,187,192,181.5,185,2971,55725
20251015,185,186,178,185.5,1293,23607
20251016,182.5,190.5,180,185,2161,40027
20251017,183.5,188,182,185,755,13937
20251020,186.5,186.5,179.5,183,971,17658
20251021,182.5,191,182.5,187,2512,47172
20251022,186,186,174.5,175.5,2307,41136
20251023,171,173.5,167.5,169,1081,18350
20251027,172,172.5,165,168,744,12453
20251028,168,168.5,163,163.5,673,11075
20251029,165,169,164,165.5,602,10012
20251030,165.5,169,161,162,587,9620
20251031,163,166.5,160,162,803,13071
20251103,161,167.5,161,167,538,8908
20251104,167.5,168.5,163,166,381,6284
20251105,162,163,159.5,162.5,518,8340
20251106,164.5,173,164,170,1258,21384
20251107,167.5,169.5,164.5,166,569,9494
20251110,161,162.5,152,159,1493,23367
20251111,159,159.5,153,153,717,11125
20251112,152.5,155,151,154,561,8593
20251113,154,154,150.5,151,474,7193
20251114,147,151,147,149.5,439,6536
20251117,151,152,148,148.5,260,3881
20251118,148,148.5,142,142.5,591,8533
20251119,142.5,145,141.5,144,246,3527
20251120,146.5,148.5,143.5,144,223,3234
20251121,140,141.5,137,137,485,6725
20251124,138,142,138,141,190,2671
20251125,142.5,144.5,142.5,143.5,169,2430
20251126,144.5,148,144.5,147,199,2916
20251127,148.5,150.5,145.5,146.5,276,4085
20251128,149,151,147.5,149.5,344,5155
20251201,149,149,147,149,119,1764
20251202,149.5,155,149,149,327,4940
20251203,149,151,148,149.5,152,2267
20251204,149.5,152,149,152,195,2942
20251205,152,152.5,149,149.5,214,3212
20251208,150,156.5,150,154,538,8274
20251209,161,164,153,156,1475,23203
20251210,157,158,153.5,156,393,6114
20251211,158,162,157.5,158,923,14728
20251212,159,159,152.5,154,513,7948
20251215,150.5,152.5,150.5,152,190,2874
20251216,152,156,148,150,387,5844
20251217,150.5,152.5,149,149,152,2287
20251218,147,148,144.5,146,273,3982
20251219,146.5,148.5,146,146,131,1923
20251222,146.5,151,146.5,151,192,2873
20251223,153,153,148,148,212,3180
20251224,150,150,145,145.5,195,2861
20251226,146,150.5,145.5,147.5,231,3411
20251229,147,147,145,145.5,206,3010
20251230,145.5,145.5,142,143.5,233,3334
20251231,142.5,145.5,141,144.5,275,3947
20260102,144.5,147.5,142.5,143,273,3952
20260105,143.5,144.5,138,139,540,7528
20260106,138,144,138,142,259,3681
20260107,142,147,140.5,145,356,5138
20260108,144.5,148.5,141,141,418,6028
20260109,141,142.5,137.5,140,259,3616
20260112,140.5,145,140.5,143,211,3023
20260113,142.5,145,139.5,140,327,4616
20260114,141,148,141,144.5,411,5941
20260115,142,144,141,141.5,247,3499
20260116,143,144.5,139.5,139.5,463,6510
20260119,139.5,145,139.5,144,402,5752
20260120,143.5,145.5,142.5,142.5,175,2510
20260121,142,142.5,139,139,319,4472
20260122,143,143,139,139.5,265,3714
20260123,141.5,149,141.5,143.5,763,11064
20260126,146,148,144,145.5,425,6207
20260127,154,160,154,160,1514,24047
20260128,163.5,163.5,154.5,155.5,2703,43024
20260129,156,158,150.5,150.5,971,14920
20260130,151.5,151.5,141,142,832,11974
20260202,139,139.5,134,136.5,869,11914
20260203,138.5,139,133,139,572,7807
20260204,137,139,136,139,201,2779
20260205,137.5,143,135.5,141.5,557,7874
20260206,140.5,140.5,133,134,486,6569
20260209,139,139.5,136.5,137,344,4749
20260210,138,142,137.5,139.5,234,3258
20260211,139.5,139.5,136.5,136.5,233,3198
20260223,137.5,139.5,134,137.5,387,5299
20260224,137.5,141,137.5,139,219,3053
20260225,140.5,144,139,142,456,6447
20260226,144.5,144.5,139,141,430,6100
20260302,137.5,139.5,133.5,137.5,431,5927
20260303,142,146,136.5,136.5,657,9237
20260304,135,135.5,127.5,127.5,574,7517
20260305,132.5,133,128,129.5,407,5297
20260306,130,136.5,129.5,131.5,424,5656
20260309,124,124,119,122.5,433,5278
20260310,126,128,123.5,125,225,2825
20260311,127,130.5,127,129.5,242,3127
20260312,130,131.5,126.5,128,265,3411
20260313,124.5,128,124.5,127,155,1962
20260316,128,131,127.5,128,202,2598
20260317,131,131,128,128,207,2675
20260318,131,131,129,130,260,3378
20260319,130,130,125,126,318,4028
20260320,127,131.5,124.5,127,355,4556
20260323,124,128.5,121.5,124,392,4925
20260324,128,128,121,121.5,242,2982
20260325,125,125,124,124.5,137,1707
20260326,121.5,128,121,121,341,4202
20260327,120,124,119,123.5,252,3068
20260330,119.5,120.5,118.5,119,257,3067
20260331,118.5,120,113,114,382,4420
20260401,118,118.5,116.5,117,135,1586
20260402,118,120,116.5,117.5,174,2048
20260407,119,121,117.5,119.5,172,2053
20260408,123,126,122.5,126,344,4274
20260409,126,126,122.5,124,167,2064
20260410,124.5,125.5,122,122,184,2261
20260413,121,123.5,121,123,155,1898
20260414,125,125.5,123,123.5,239,2973
20260415,124.5,126,124,124,200,2500
20260416,126.5,136,126,136,1664,22326
20260417,137,143.5,134.5,141,1648,23033
20260420,141.5,149,140,144.5,1260,18176
20260421,147,154.5,145.5,151.5,1852,27978
20260422,151.5,166.5,151,166.5,3483,56526
20260423,169.5,178,153,159.5,6176,102376
20260424,164.5,174,163,164.5,4098,68999
20260427,166.5,168.5,155,163.5,2011,32471
20260428,161,165.5,155.5,156,1294,20552
20260429,153,169.5,151,158.5,1552,25038
20260430,159.5,163.5,153,153,1015,15966
20260504,156,163,155,158,876,13921
20260505,159.5,173.5,159.5,173.5,1826,30837
20260506,190,190.5,176,185.5,5545,102666
20260507,200,204,199.5,204,2841,57713
20260508,220,224,211,219,7218,159162
20260511,221.5,240,217,226,6054,138227
20260512,227,227,208.5,212.5,1790,38302
20260513,204.5,206,193.5,202,1369,27440
20260514,205.5,209.5,200,207,677,13948
20260515,212,215,207,208,960,20275
20260518,205,208,198,208,660,13342
20260519,211,211,195,195,687,13700
20260520,193,196,190,192.5,565,10871
20260521,202,208.5,201.5,206.5,638,13133
20260522,213.5,227,213.5,227,1266,28414
20260525,229,249,229,249,1506,36313
20260526,240,245,224.5,224.5,3213,73768
20260527,226.5,235,212,224.5,2993,66607
20260528,224.5,228,206,212.5,2094,45178
20260529,219.5,220,206,212,1681,35713
20260601,212,229.5,210.5,219,1772,38892
20260602,220,229,214,223,2383,53116
20260603,226,227,216.5,218,1158,25376
20260604,216,216,197.5,197.5,1947,39320
20260605,196,204.5,191,203,1269,25255
20260608,183,193.5,183,190,988,18310
20260609,192.5,193,186,189.5,789,15008
20260610,190,203.5,175,175,1942,36219
20260611,175.5,179,163,173.5,1976,33738
20260612,186,187,177,178,958,17369
20260615,184,187,180,183,707,12959
20260616,185,185,177.5,178,660,11887
20260617,180,182.5,178,182.5,446,8047
20260618,182.5,187,182,184.5,732,13469
20260622,189.5,200,188.5,193,1215,23604
20260623,197,197,184,186.5,836,15758
20260624,182.5,191.5,180.5,189,625,11570
20260625,192,192,176.5,180,1074,19493
20260626,180,198,174.5,187,3454,67069
20260629,197,205.5,193,205.5,2997,60661
20260630,217.5,217.5,205.5,214.5,5176,109766
20260701,216,222,198.5,198.5,2594,54056
20260702,196.5,214,191.5,214,1661,33904
20260703,211,229.5,203.5,208,2775,59169
20260706,210,218,200,201,1424,29502
20260707,202,205,189,191,1271,24857
20260708,200,200,189.5,196,1019,19770
20260709,196,197.5,185.5,185.5,1051,19969
20260713,187,189,174,175.5,1064,19068
20260714,175.5,176,158.5,166,1534,25308
20260715,168,168,164,166,599,9937
20260716,164.5,166.5,160,163,441,7212
20260717,157,159,147,148,891,13490
20260720,148.5,148.5,136.5,142.5,709,10105
20260721,146,152,144,151,555,8194
20260722,155,159,153,154.5,367,5688
20260723,155,155.5,147,150,312,4702
20260724,148,151.5,145,146.5,280,4127
20260727,146,152,145.5,150.5,520,7764
20260728,145,152,143.5,144,751,11033
20260729,146,146,130,134,882,11785
20260730,132,137.5,128,130,517,6830
20260731,142.5,143,137.5,141,401,5645
20260803,137,144,135,140,478,6743
20260804,142,146,139,146,359,5157
20260805,152,152,147.5,150,412,6163
20260806,150,150,144,148,217,3190
20260807,148,149,145,145,228,3346
20260810,141,146,139,144,548,7846
20260811,146,158,144.5,158,1021,15599
20260812,162,163.5,154,159,2317,36988
20260813,161,163.5,156.5,157.5,864,13809
20260814,157.5,157.5,151,151.5,388,5966
20260817,158,159.5,153.5,154.5,450,7047
20260818,154.5,154.5,149,149.5,228,3450
20260819,148,151,145,148,225,3327
20260820,152,153,146.5,147,247,3662
20260821,147.5,160.5,146,156,649,10040
20260824,155.5,155.5,149.5,150,367,5577
20260825,148,165,145.5,165,1850,29938
20260826,165,173,165,168.5,1667,28105
20260827,168,169,160,160,991,16114
20260828,161.5,163.5,158.5,161,447,7193
20260831,159,160,156,156.5,415,6525
20260901,161,172,160,164,1321,21954
20260902,161.5,167,160.5,160.5,375,6102
20260903,160.5,163,156,156.5,372,5925
20260904,159,160,155,158.5,269,4220
20260907,160.5,169.5,158,164,582,9553
20260908,166,180,163,180,1593,28190
20260909,183,198,178.5,198,7282,139473
20260910,203,217.5,201,217.5,7811,166188
20260911,235,239,229.5,239,5627,133876
20260914,240.5,259,235,241,19766,483620
20260915,239,253,239,249.5,1811,44651
20260916,250.5,274,248,272,2649,69865
20260917,273,281,258,258,3117,84165
20260918,263,279,252,279,1578,42090
20260921,282,287.5,271.5,287.5,931,26415
