# date,open,high,low,close,lot,wan
20250814,58.6,60.7,57.4,59.8,21332,125463
20250815,59.8,59.8,58.1,58.7,5075,29879
20250818,59.2,61.5,58.2,60.6,7375,44413
20250819,60.7,60.8,58.3,58.5,4120,24351
20250820,58.5,58.5,56.2,56.5,2796,15904
20250821,57.2,60.4,57.1,60,6323,37531
20250822,61,61.3,57.7,58.4,6593,39303
20250825,59.7,64.2,59.4,64.2,14480,90204
20250826,64.6,70.3,62.2,62.9,37508,247039
20250827,62.5,63.6,61.6,62.2,6144,38310
20250828,62.2,63.5,61.1,61.5,4251,26376
20250829,62.4,62.5,60.5,60.5,2844,17395
20250901,62.3,64.3,60.5,62,7773,48412
20250902,62.7,63.5,60.8,60.8,5386,33381
20250903,60.8,61.9,60.2,60.9,2030,12442
20250904,61.6,61.8,58.9,58.9,2702,16235
20250905,59.4,60.9,59.4,59.5,1663,9982
20250908,59.8,60.9,59,60.6,1876,11261
20250909,60.8,62.3,60.4,60.5,3385,20769
20250910,60,64.8,59.6,63.9,13016,82335
20250911,64.9,65.8,62.6,63.4,10399,66530
20250912,64.6,67.4,63,63.1,15037,97795
20250915,63,63.1,61,61.2,3265,20152
20250916,61.2,62.9,61,61.4,2306,14246
20250917,61.4,61.9,59.2,59.2,3245,19516
20250918,59.5,59.9,57.7,57.9,2476,14447
20250919,58.1,58.2,56.9,57.3,1458,8381
20250922,57.8,59.1,57.3,58.2,1769,10318
20250923,58.7,62.4,58.7,60.9,7963,48494
20250924,61.2,62.8,60.5,60.9,6612,40620
20250925,61,61.7,59.6,59.7,1905,11525
20250926,59,59.1,56.3,56.9,2096,12007
20250930,57,57.6,56.7,57.5,651,3725
20251001,57.7,59.9,57.7,58.3,1746,10277
20251002,58.7,59.4,58,58.4,1335,7833
20251003,61,64.2,60.9,64.2,16992,108041
20251007,64.8,65.4,61,61.1,13446,84156
20251008,60.5,61,59.7,60.3,2822,16994
20251009,60.4,60.5,58.3,58.5,3056,18024
20251013,53.8,57,53.7,57,2229,12376
20251014,57.5,58.4,54.6,55,1810,10198
20251015,54.9,55.5,54.3,55,969,5310
20251016,55.2,57.6,55.2,55.7,1289,7229
20251017,55.3,55.3,54.3,54.4,1010,5524
20251020,54.5,56.9,54.3,55.5,2218,12391
20251021,56.6,57.5,55.9,56.3,1725,9764
20251022,56.3,56.6,55.5,55.9,700,3916
20251023,56,56,54.9,55.1,748,4128
20251027,55.9,56,54.9,55.3,759,4202
20251028,55.4,55.4,54.2,54.5,855,4656
20251029,54.7,55,53.9,54,679,3691
20251030,54.3,54.6,52.9,53.2,985,5277
20251031,53.3,54,53.2,53.5,622,3337
20251103,53.4,53.9,53.1,53.2,529,2825
20251104,53.2,53.2,51.5,51.5,1081,5620
20251105,51,51.5,50.4,51.3,761,3870
20251106,51.6,52.3,51.4,52,560,2899
20251107,53,53.5,51.7,52.3,1444,7590
20251110,52.3,53.3,51.9,52.1,675,3541
20251111,52.2,52.7,51.7,52,692,3615
20251112,52.5,53.4,52,52.9,806,4261
20251113,53.2,53.2,52.2,52.9,665,3508
20251114,52.8,53.5,52.1,52.5,1014,5345
20251117,52.7,53,51.8,51.9,501,2623
20251118,51.4,51.5,50,50.5,749,3785
20251119,50.8,50.8,49.3,49.65,458,2278
20251120,50.7,51.4,50.3,50.8,495,2512
20251121,50.2,50.8,48.9,49.5,674,3346
20251124,50.4,50.4,49.55,50.1,358,1785
20251125,50.4,51.5,50.4,50.8,552,2822
20251126,51.3,52.6,51.3,51.7,580,3017
20251127,52.2,52.9,52,52.1,430,2248
20251128,52.1,52.7,51.6,52,327,1699
20251201,51.7,52.5,51.4,52.1,351,1819
20251202,52.4,54.1,51.8,52.5,1632,8639
20251203,52.7,53.4,52.4,52.4,471,2484
20251204,52.7,53.8,52.6,53,701,3726
20251205,53.2,53.6,52.2,52.3,507,2673
20251208,52.6,52.7,52,52.6,286,1500
20251209,52.7,52.9,52.1,52.5,235,1234
20251210,53,53.9,52.4,52.4,955,5073
20251211,52.2,52.2,50,50.6,1351,6855
20251212,50.8,51.8,50.8,51.1,530,2722
20251215,51.1,51.8,50.5,51.5,338,1736
20251216,51.2,51.7,50.3,51,485,2470
20251217,50.9,51.8,50.5,50.5,396,2024
20251218,50.8,50.8,49.7,50.1,525,2622
20251219,50.2,50.6,49.9,50.2,310,1561
20251222,50.8,51.7,50.8,51.6,458,2351
20251223,51.6,51.8,50.6,50.9,259,1328
20251224,50.7,52.7,50.7,50.9,368,1893
20251226,51.1,51.1,50.3,50.7,373,1887
20251229,50.9,51.7,50.8,50.9,471,2412
20251230,50.6,50.7,49.85,50.3,566,2839
20251231,50.3,50.6,49.85,49.9,538,2690
20260102,50.3,50.9,49.9,50.2,388,1955
20260105,50.8,50.8,49.6,49.8,598,2988
20260106,50.4,50.8,49.95,50.3,464,2342
20260107,50.3,51,50.1,50.9,604,3060
20260108,51,51,49.85,49.95,665,3330
20260109,51.8,53.6,50.9,53.3,3800,20029
20260112,53.7,54.1,52.5,53.3,1929,10316
20260113,53.3,53.7,52.1,52.7,998,5242
20260114,53,54.8,52.5,54.1,2076,11197
20260115,54.7,54.7,53.1,53.4,958,5128
20260116,53.7,53.7,52.6,53,901,4771
20260119,53.8,54.3,53.1,53.6,932,5010
20260120,53.8,58.9,53.3,58.9,7577,43558
20260121,62.1,64.6,61.5,62.1,18353,115167
20260122,63,63.3,60.6,60.6,5635,34836
20260123,60.1,61.4,59.1,59.4,2603,15605
20260126,59.8,60.8,59.1,59.3,2017,12077
20260127,59.5,59.6,58.1,58.2,1803,10527
20260128,58.9,60.5,58,58.6,1986,11686
20260129,58.7,63.5,58.7,63.3,14922,92037
20260130,61.2,61.7,58.7,61.5,6845,41288
20260202,59.2,59.6,56.6,56.6,2612,15209
20260203,57.4,58.1,56.8,57.5,1612,9269
20260204,58,62.5,58,61.5,8014,49263
20260205,60.5,62.6,60.3,62,3603,22182
20260206,61.9,61.9,59.9,60.9,2494,15153
20260209,62.2,62.4,60.9,61.9,4501,27828
20260210,61.4,61.9,60.8,60.8,1841,11273
20260211,60.4,62.5,59.4,62.2,4522,27862
20260223,62.2,62.2,61,61.6,2003,12329
20260224,61.5,62.1,61,61.1,1775,10888
20260225,61.3,61.6,60.1,60.1,1350,8168
20260226,60,61.6,58.9,60.4,2430,14720
20260302,59,60.1,58.5,59.2,1000,5932
20260303,59.1,59.5,57.1,57.1,1702,9853
20260304,56.4,56.4,53.6,53.7,1381,7507
20260305,55.5,55.5,54.4,55.2,911,5020
20260306,54.9,55.9,54.1,55.7,614,3392
20260309,51.5,52.8,50.8,52.5,899,4640
20260310,52.3,52.6,50.4,50.7,2440,12471
20260311,51.1,52.2,50.9,51.6,1186,6123
20260312,51.4,52.5,51.1,51.3,796,4115
20260313,50.5,51.4,50.5,50.9,504,2576
20260316,50.9,51.6,50.3,51.5,641,3269
20260317,51.8,52.9,51.7,52.4,764,3992
20260318,53,53.6,51.7,52.3,1212,6372
20260319,52,52.3,51.1,51.1,642,3327
20260320,51.4,52,50.8,50.9,511,2617
20260323,50,52.4,49.9,49.9,993,5038
20260324,51.2,51.9,49.4,49.55,520,2606
20260325,50,50.7,50,50.4,586,2950
20260326,51.4,52.3,50,50.3,717,3655
20260327,50.3,50.3,49.55,50.2,427,2127
20260330,49.35,49.35,48.35,48.5,651,3170
20260331,48.2,48.6,46.55,46.55,620,2941
20260401,47.5,48.55,47.5,47.9,503,2418
20260402,48.5,48.7,47,47,254,1209
20260407,47.55,47.55,46.6,47.2,291,1369
20260408,47.95,49,47.95,48.8,329,1594
20260409,49.05,49.2,48.15,48.15,361,1745
20260410,48.25,48.95,48.25,48.75,500,2432
20260413,48.5,50.4,48.4,49.65,583,2886
20260414,50.3,51,50,50.6,544,2749
20260415,50.7,51.1,50,50,418,2104
20260416,50.5,50.7,49.8,50,427,2143
20260417,50.1,50.8,50,50.2,357,1796
20260420,50.2,50.8,49.95,49.95,460,2309
20260421,50.2,50.4,49.7,50.3,510,2553
20260422,50.6,51.2,50.4,50.5,541,2750
20260423,50.8,50.8,47.55,48.5,870,4239
20260424,48.45,49.8,47.85,48.1,546,2646
20260427,48.1,48.15,46.9,47.7,498,2360
20260428,47.8,48.65,47.65,48.2,381,1831
20260429,48.2,49.35,48.2,48.95,616,3016
20260430,49.75,50.8,49.35,49.45,755,3766
20260504,49.8,51.4,49.5,50.5,1017,5155
20260505,50.8,51.6,50.4,50.8,624,3177
20260506,51.5,51.5,49.45,49.9,718,3594
20260507,50.6,51,49.95,50.4,695,3514
20260508,50.5,50.5,49.2,49.65,515,2569
20260511,50,51.5,49.85,51,831,4226
20260512,50.4,50.6,49.05,49.2,916,4546
20260513,49,49,48.1,48.2,515,2492
20260514,48.4,48.6,47.8,47.9,408,1964
20260515,48.1,50,48,48.5,821,4028
20260518,48.5,53.2,47.2,52.7,3042,15739
20260519,53.3,57,53.2,53.5,7783,42616
20260520,52.9,53.1,50.9,51,2004,10332
20260521,51.1,52.2,51.1,52.2,1028,5310
20260522,52.4,53.3,51.8,52.8,1528,8053
20260525,53.1,53.5,52.2,53,1887,10018
20260526,53.5,58.3,51.5,58.3,9046,50949
20260527,58.8,58.8,55.7,56.5,6028,34650
20260528,56.5,57.4,54.6,54.8,1592,8916
20260529,55.5,56.9,55.2,55.8,1504,8441
20260601,56,56.5,55.7,55.8,1203,6743
20260602,56.2,56.2,54,54.8,1137,6198
20260603,55,56.9,54.5,55.7,1381,7714
20260604,55.7,56.1,54.5,54.8,790,4355
20260605,54.3,55.4,53.3,53.3,645,3488
20260608,48,52,48,51.5,671,3327
20260609,51.7,52.4,51.1,51.9,580,2999
20260610,51.8,52.5,50.1,50.1,720,3690
20260611,49.3,49.9,48.6,49.4,558,2751
20260612,50.4,50.5,49.8,49.9,383,1920
20260615,50.3,51.1,50.3,50.7,365,1850
20260616,50.7,54.8,50.2,53.8,2579,13834
20260617,54,55.3,52.8,53,2019,10936
20260618,53.5,53.5,51.9,52.1,687,3601
20260622,52.4,52.6,51.9,52.2,611,3191
20260623,52.2,52.3,51.1,51.4,538,2770
20260624,49.75,50.2,49.5,49.85,403,2006
20260625,50.1,50.3,49.25,49.25,358,1779
20260626,49.25,49.25,47.15,47.55,721,3464
20260629,47.45,48.15,46.15,46.5,740,3470
20260630,47,47.25,46.9,47.2,337,1589
20260701,47.25,50.3,46.7,48.05,799,3858
20260702,47.95,49.7,47.4,48.75,592,2891
20260703,48.75,49.65,48.5,49.1,384,1885
20260706,49.5,50,48.6,49.1,504,2487
20260707,49.2,49.2,47.45,47.5,517,2488
20260708,48,48.45,46.85,47,234,1107
20260709,47.1,47.4,46.7,47,239,1123
20260713,47,48.5,46.6,47.1,253,1199
20260714,46.2,46.95,45.35,46.85,619,2850
20260715,46.85,47.5,46.65,47.25,224,1056
20260716,47.65,47.65,46.55,46.65,149,695
20260717,46.5,46.5,44.2,44.2,504,2269
20260720,44.6,44.65,43.45,43.65,320,1408
20260721,43.45,44.6,43.45,44.4,143,630
20260722,44.6,45.05,44.2,44.2,193,864
20260723,44.35,44.35,43.55,43.75,173,757
20260724,43.5,43.65,42.5,42.75,262,1127
20260727,43.05,43.4,42.5,43.15,126,539
20260728,42.7,42.7,41.1,41.4,320,1334
20260729,41.55,41.55,38.35,40.05,698,2763
20260730,40.5,40.5,39,39.5,374,1484
20260731,41.4,41.9,40.65,41.25,214,881
20260803,41.2,42,40.85,41.85,196,813
20260804,41.3,42.35,41.2,41.7,171,715
20260805,42.5,43.9,42.15,42.8,266,1140
20260806,42.5,42.55,41.55,42.3,134,564
20260807,42.3,42.45,41.3,41.3,289,1206
20260810,41.3,42.7,41.3,42.55,436,1837
20260811,42.55,42.6,41.8,42.25,246,1038
20260812,42.25,42.65,42.15,42.5,357,1514
20260813,42.75,43.3,42.6,42.95,480,2059
20260814,43.1,43.2,42.05,42.05,232,986
20260817,42.55,42.9,41.9,42,179,757
20260818,42,42,39.95,39.95,339,1371
20260819,39.6,40.65,39.5,39.75,197,787
20260820,40.4,40.55,40.05,40.5,169,680
20260821,40.1,40.4,39.9,40.2,152,610
20260824,40.2,40.75,40,40,107,430
20260825,40,40.2,39.35,40.05,196,778
20260826,40.3,41.4,40.2,41.15,216,885
20260827,41.1,42.1,41.1,42,162,679
20260828,42.05,42.45,41.3,41.5,225,934
20260831,41.5,41.65,41,41.6,96,399
20260901,41.85,42,41,41,266,1102
20260902,41.3,41.95,40.8,41.65,270,1122
20260903,41.65,41.9,40.2,40.2,305,1243
20260904,40.35,41,40.2,40.95,269,1090
20260907,40.6,40.8,40,40,236,951
20260908,39.9,40.15,39.65,39.75,162,647
20260909,39.55,39.9,39.45,39.8,165,652
20260910,39.3,39.3,38.4,38.4,408,1578
20260911,38.05,38.35,37.6,37.6,268,1016
20260914,37.6,37.7,37.1,37.55,83,312
20260915,37.55,37.55,37.1,37.1,141,528
20260916,37.4,38.2,37.4,37.95,139,525
20260917,38.2,38.55,38.2,38.4,154,592
20260918,38.75,39.2,38.2,39.2,214,829
