# date,open,high,low,close,lot,wan
20250814,128,130.5,128,129,270,3487
20250815,130,130,126,126.5,328,4167
20250818,126.5,130,125.5,127,182,2324
20250819,127,128,124.5,125,322,4044
20250820,123.5,124,121.5,123,380,4673
20250821,123,124.5,123,124,135,1673
20250822,125,125,123,123,97,1201
20250825,123.5,125.5,123,123.5,174,2156
20250826,123.5,123.5,122,122.5,302,3700
20250827,123,126.5,122,126,410,5128
20250828,127,127,124,124.5,259,3242
20250829,125,126.5,124.5,125.5,187,2348
20250901,125.5,129.5,124,127,819,10423
20250902,135,139.5,130,134,5545,75647
20250903,136.5,147,135,147,5434,78242
20250904,146,150,139,139.5,5868,84859
20250905,144.5,145,138,142,2229,31575
20250908,146.5,155,144,153,5039,75761
20250909,148.5,150,145,147.5,2373,34894
20250910,148,149,140.5,140.5,2287,32601
20250911,140,141,134.5,135.5,1686,23128
20250912,135.5,139.5,134,137.5,999,13691
20250915,138.5,146,138.5,143.5,3665,52707
20250916,144.5,155,144,149,5106,76730
20250917,148.5,148.5,143.5,143.5,1700,24723
20250918,145.5,152.5,145.5,147.5,2458,36668
20250919,148.5,149.5,145,147,1523,22457
20250922,146,146.5,142,142.5,1579,22589
20250923,144,144,140,141,940,13274
20250924,141.5,143.5,139.5,142.5,892,12627
20250925,142.5,143.5,138,139,857,12007
20250926,139.5,139.5,135.5,136,840,11462
20250930,136,138,134.5,136.5,421,5739
20251001,138.5,138.5,133.5,134.5,460,6214
20251002,136.5,136.5,131.5,132.5,1089,14456
20251003,132.5,133.5,130.5,131,644,8459
20251007,131,134,131,132,552,7291
20251008,132,133.5,131.5,133.5,257,3403
20251009,136,136.5,134.5,135,706,9556
20251013,131,138,129.5,138,665,8950
20251014,139.5,143.5,137.5,139.5,1329,18699
20251015,142,145,141,144.5,2716,38885
20251016,144.5,144.5,140.5,141,1218,17386
20251017,140.5,142.5,135,136.5,1222,16831
20251020,137,143.5,137,142.5,1286,18269
20251021,147,152.5,145.5,149.5,5503,82000
20251022,148,151,144,146,2018,29713
20251023,146,147,143,144.5,627,9079
20251027,147.5,148,143,144.5,777,11249
20251028,145.5,145.5,140,141,810,11481
20251029,141.5,142.5,139.5,140,459,6452
20251030,142,142,137.5,140,445,6210
20251031,140,141,137,139,347,4816
20251103,138,141.5,138,141.5,284,3990
20251104,142,142,133,133.5,1057,14343
20251105,130.5,135.5,130,134,374,4978
20251106,134,134,130.5,131.5,443,5846
20251107,130,130.5,124.5,125.5,888,11238
20251110,125.5,126.5,124,125,188,2348
20251111,127,127,125,126,214,2697
20251112,126,127,125.5,126.5,227,2864
20251113,126,126.5,123.5,124.5,325,4056
20251114,123,125,122,123,236,2920
20251117,124,124.5,122.5,123.5,207,2557
20251118,123,127,122,123.5,506,6288
20251119,123,124,119.5,120,367,4446
20251120,123,125,122.5,123.5,251,3105
20251121,122,126.5,121.5,124,377,4672
20251124,123.5,124,122,122,150,1839
20251125,123.5,125,123,124.5,135,1677
20251126,125.5,127.5,125,126,212,2670
20251127,126,126.5,124.5,124.5,83,1037
20251128,125,126.5,124.5,126,149,1875
20251201,127.5,128.5,125,125,133,1682
20251202,126.5,127.5,125.5,125.5,165,2087
20251203,127,128,126.5,127,136,1728
20251204,127.5,130,127,128,178,2286
20251205,129,129,125.5,127.5,149,1890
20251208,128,128,124.5,125.5,169,2118
20251209,123.5,123.5,119,121,780,9363
20251210,121,122,118.5,119,361,4308
20251211,119,119.5,117,117,211,2488
20251212,118,118.5,117,118,166,1950
20251215,116.5,117,115.5,116.5,153,1778
20251216,116.5,118,115.5,116,233,2716
20251217,117,119.5,117,118,132,1566
20251218,116,117.5,116,116.5,171,1994
20251219,117,117.5,116,116.5,91,1062
20251222,118.5,118.5,116.5,117.5,177,2077
20251223,117.5,118,116.5,116.5,125,1463
20251224,117,118,115,116.5,180,2094
20251226,116.5,118,116,118,142,1664
20251229,118,118.5,117,118.5,113,1334
20251230,117,120,116.5,119.5,242,2865
20251231,119,120,118,119.5,237,2824
20260102,119.5,119.5,117,117.5,293,3458
20260105,118,118,115,115,391,4528
20260106,116,120,115,119,576,6832
20260107,118.5,121.5,118,120.5,449,5399
20260108,120.5,120.5,117,117.5,335,3981
20260109,118,119.5,116,117.5,150,1764
20260112,119,122.5,118.5,121,379,4582
20260113,122,122,120,121.5,253,3063
20260114,122.5,125,122,124,445,5519
20260115,124,124,122,122,193,2368
20260116,123,125.5,123,124.5,429,5344
20260119,126,129.5,126,127.5,683,8733
20260120,127.5,128,126,127,398,5058
20260121,127,131.5,126.5,129,811,10538
20260122,130,135,129.5,131.5,741,9822
20260123,135,137,131.5,133.5,626,8344
20260126,132.5,133.5,130.5,132,333,4378
20260127,133.5,133.5,129,131,389,5071
20260128,132.5,132.5,130.5,131.5,237,3117
20260129,132,133,128,133,366,4772
20260130,133,133,128,129,276,3573
20260202,129,129,125,126,222,2800
20260203,129,129,125,125,204,2568
20260204,126,130.5,125.5,128.5,357,4574
20260205,129.5,133,128,128.5,405,5277
20260206,128.5,128.5,123.5,126.5,309,3871
20260209,129,129,126,126,214,2710
20260210,126.5,128,125,126,156,1970
20260211,126.5,126.5,123,124,291,3604
20260223,127,128,124,127.5,299,3786
20260224,129,132,129,131.5,468,6112
20260225,132,132,129.5,130,297,3877
20260226,130,133.5,130,131.5,412,5446
20260302,128.5,130,126.5,129,319,4103
20260303,129.5,132,125,125,407,5196
20260304,122,123.5,118,118.5,560,6712
20260305,122,124,121.5,122,233,2857
20260306,120.5,122.5,120,121,147,1783
20260309,116,117,114,116.5,449,5178
20260310,118.5,120,118.5,119,139,1655
20260311,120,127.5,120,127,288,3582
20260312,126,129.5,126,126.5,295,3761
20260313,124.5,127.5,123.5,125.5,160,2011
20260316,128,131,127,130,341,4403
20260317,131.5,131.5,128,128,294,3814
20260318,130,131.5,128.5,129.5,442,5757
20260319,128.5,130.5,127,127.5,228,2936
20260320,127.5,127.5,124,125.5,206,2593
20260323,124,131,122,128.5,415,5326
20260324,131,133,129,130,697,9126
20260325,133,136,131,134.5,884,11804
20260326,134,135.5,130.5,131,794,10543
20260327,129,130,125,127,511,6510
20260330,125.5,125.5,122.5,123,397,4918
20260331,122,123,117.5,119,554,6628
20260401,122.5,123,118,118,491,5909
20260402,118.5,120,117,117.5,232,2736
20260407,120,123,118,122.5,330,3997
20260408,122.5,124.5,122.5,123,292,3594
20260409,123,123,120.5,121.5,291,3534
20260410,122,124,122,122.5,228,2802
20260413,122,124,120.5,121,323,3934
20260414,122.5,125,121,124,325,4004
20260415,125,125,122.5,123,205,2524
20260416,123.5,127.5,123.5,127,542,6846
20260417,127,132.5,126,131.5,804,10492
20260420,133,135,131.5,132.5,666,8874
20260421,133.5,136,132.5,134,732,9826
20260422,136,141,135.5,136.5,1111,15339
20260423,138,138.5,128,132,995,13168
20260424,134,136,128,129.5,451,5893
20260427,131.5,136.5,128,134.5,980,13034
20260428,134.5,134.5,129,131,674,8786
20260429,131.5,136.5,129.5,134.5,564,7534
20260430,136,138.5,134,136,683,9338
20260504,138.5,145.5,136,142.5,1440,20193
20260505,141.5,152,141.5,148.5,2509,37300
20260506,150,150.5,141,143,1361,19580
20260507,143,148.5,141,146,1043,15250
20260508,146,149,141.5,145.5,694,10101
20260511,144,151,141.5,149,1288,19027
20260512,151,153,148,148.5,1547,23270
20260513,146,148.5,143.5,145,629,9151
20260514,149,150.5,143.5,144,927,13611
20260515,146,149.5,138,141,1488,21442
20260518,140.5,144,133,143,830,11471
20260519,143.5,157,141.5,154,3982,61311
20260520,157,158,150,156,3760,58148
20260521,157,160,154.5,154.5,1996,31170
20260522,156.5,158,155,157,1760,27502
20260525,161,172,153,170,3382,55323
20260526,171.5,187,169,187,6350,115656
20260527,198.5,205,184.5,185.5,6607,127614
20260528,186,200,179.5,184.5,6420,121664
20260529,198.5,202,193.5,199.5,7352,146135
20260601,196.5,196.5,183.5,186,5043,95188
20260602,185,185.5,177,180.5,2962,53397
20260603,186,189.5,180,183.5,2635,48871
20260604,182,186.5,180,180,1407,25801
20260605,177,180,172.5,175,1592,27953
20260608,157.5,163.5,157.5,163,1781,28362
20260609,162,178,160.5,168,2240,37663
20260610,165,172,161,162.5,1252,20732
20260611,163.5,163.5,155,159.5,993,15807
20260612,165,169,163.5,168,1185,19795
20260615,175,184.5,172,183,4159,75393
20260616,181.5,181.5,173.5,175.5,2197,38731
20260617,174,180.5,174,177.5,1134,20142
20260618,191.5,195,191.5,195,2743,53338
20260622,214,214.5,212,214.5,3574,76623
20260623,217.5,233,199.5,199.5,12445,267787
20260624,195,202,192,196,2530,49616
20260625,198.5,198.5,186,187.5,2106,40048
20260626,185,190.5,175,175,2124,38673
20260629,175,180.5,173,176.5,1399,24620
20260630,181.5,186,178,184,1353,24749
20260701,189.5,194,181.5,181.5,1465,27432
20260702,179.5,196.5,179.5,195,3340,64141
20260703,187.5,191.5,185,186.5,1530,28717
20260706,200,205,197,202,5079,102729
20260707,197,197.5,182,182.5,3254,61044
20260708,183.5,183.5,176.5,181.5,1069,19299
20260709,183,183.5,176.5,176.5,950,17173
20260713,182,188,176.5,176.5,1496,27144
20260714,175,176,162,169,1430,24034
20260715,171,171.5,166,171.5,807,13618
20260716,170,170,164,164.5,762,12665
20260717,160.5,160.5,150.5,150.5,1329,20575
20260720,152,152,141.5,146,1184,17279
20260721,147,150,146,148,530,7834
20260722,152,160,152,152,603,9335
20260723,153,154,148,149.5,361,5403
20260724,145,149,143.5,144,530,7707
20260727,144.5,147,142,146.5,442,6380
20260728,142.5,142.5,138,138,660,9236
20260729,138,140.5,127,131,1178,15426
20260730,128.5,134,125.5,126.5,611,7919
20260731,136.5,138,134.5,136,504,6866
20260803,136,143,134.5,140,481,6784
20260804,140,142,137.5,141.5,508,7151
20260805,146,148,143.5,146,451,6605
20260806,145,147,140,143,455,6515
20260807,144,144,140.5,141,314,4458
20260810,142,144.5,141,142,398,5694
20260811,144,145,140.5,142,325,4632
20260812,143,149,143,148,517,7583
20260813,151.5,156.5,150.5,152,912,14016
20260814,153,153,148,149,434,6498
20260817,149.5,151.5,146.5,149,297,4434
20260818,151.5,154.5,146.5,146.5,411,6192
20260819,144.5,152.5,144,146,556,8235
20260820,149,149,144.5,146.5,249,3633
20260821,146.5,147.5,142,143.5,272,3912
20260824,145,146,144,144,146,2116
20260825,145.5,146.5,141.5,146,265,3803
20260826,146,152,146,149,361,5407
20260827,149,150.5,148,149,167,2498
20260828,152.5,158.5,151.5,152,736,11323
20260831,148,149,146,147.5,301,4443
20260901,148,151.5,148,150,364,5462
20260902,149.5,150,146.5,146.5,257,3802
20260903,148,150.5,145,145,280,4149
20260904,147.5,147.5,143,145,186,2699
20260907,146,146.5,143,143,253,3650
20260908,144.5,144.5,139.5,139.5,342,4811
20260909,139.5,141,137.5,138.5,370,5141
20260910,138,138.5,136,137,231,3161
20260911,135.5,135.5,132.5,133.5,318,4249
20260914,134,136,132.5,133.5,187,2514
20260915,132.5,135,132,132.5,161,2147
20260916,134,136,133.5,136,200,2701
20260917,136,137,135,135.5,164,2229
20260918,137,137,135.5,136,161,2194
