# date,open,high,low,close,lot,wan
20250814,83,85.7,83,85.7,1162,9822
20250815,86.5,86.5,84.1,84.9,625,5299
20250818,84.6,84.8,83.8,84.8,381,3210
20250819,85.4,85.4,83.8,83.8,378,3191
20250820,83.8,83.8,82,82.2,470,3883
20250821,83,84.1,83,83.3,311,2599
20250822,84,84,82.7,83.4,317,2634
20250825,85.2,87,84.5,85.8,1056,9092
20250826,86,87,85.3,86.5,459,3963
20250827,87.1,88.3,86.7,87.8,841,7380
20250828,88.3,88.7,86.7,87,445,3904
20250829,87.7,87.7,85.3,86.2,383,3302
20250901,85.6,85.9,83,83.3,650,5462
20250902,83.7,84.5,82.7,83.8,351,2935
20250903,84,91.6,83.9,90.8,2810,25187
20250904,91.2,94,90.1,91,3639,33504
20250905,92,92.7,89.3,91.8,2123,19399
20250908,92.5,94.1,91,93.2,2540,23595
20250909,94.1,94.9,92.3,92.5,2542,23731
20250910,92,92.1,88.9,89.3,2442,21970
20250911,91.4,96.8,89.3,89.6,7033,65547
20250912,91.5,98,90.7,95,10606,100998
20250915,95,95.1,91.6,92.6,3798,35333
20250916,92.5,94.6,92,92.3,3271,30464
20250917,92,95.5,91.3,93.2,3792,35553
20250918,94.7,97.4,94.6,96,7087,68257
20250919,96,98.2,94,95.8,4821,46468
20250922,96.2,96.7,94.2,95,2879,27423
20250923,95.5,95.9,93.7,95.5,2560,24285
20250924,95.6,96.3,93.5,95.3,2049,19427
20250925,94.8,95.4,93.2,93.2,1574,14788
20250926,93.2,93.2,90.9,92.4,1367,12581
20250930,93.2,94.5,92.2,94.5,931,8725
20251001,95.4,97.3,95,95.9,2269,21757
20251002,96.3,97.6,94.5,95,1826,17486
20251003,95.7,97.3,94.6,94.6,2113,20263
20251007,95.2,95.8,94.8,94.9,1060,10076
20251008,93.2,93.2,90.8,92.5,2372,21772
20251009,92.6,93.3,91.7,92.6,1021,9445
20251013,88.5,91.7,88.5,91.7,1070,9663
20251014,92.5,92.9,89,89.4,921,8334
20251015,89.4,94.7,88.7,94.7,2594,24166
20251016,95,96.4,94,94.6,2039,19424
20251017,95.3,95.3,92.8,92.9,781,7303
20251020,94.7,96.8,94.4,96.3,2463,23609
20251021,98.4,105.5,98.4,105.5,17488,181109
20251022,105.5,106,100,101.5,13875,142877
20251023,99.7,103.5,99,102,6003,60787
20251027,104,107,101,106.5,8788,91733
20251028,103.5,104.5,98.9,100.5,8286,83366
20251029,101,101.5,99,99.1,3376,33625
20251030,99.1,99.8,96.6,97.2,3283,32105
20251031,101,105.5,100.5,102.5,8915,91735
20251103,101.5,101.5,99.2,100,3824,38294
20251104,101,101.5,97.5,97.5,2823,27869
20251105,95,102,94.7,101,4632,45796
20251106,101.5,102,100,101,3115,31446
20251107,99,99.5,96.2,96.7,3695,36034
20251110,96.6,97.1,95.2,95.6,1735,16626
20251111,95.8,98.4,95.7,95.9,1738,16809
20251112,96.5,96.9,95.5,96.2,1090,10470
20251113,96.2,97.8,95.3,96.2,1394,13443
20251114,95.1,96.1,92.8,93.1,2025,19024
20251117,93.9,94.4,91.7,91.7,1828,16970
20251118,91.1,92.6,90,90,1818,16515
20251119,90.5,90.7,88.5,88.6,1340,11946
20251120,90.1,92.3,89.6,91,2034,18522
20251121,89.4,90.3,88.2,88.3,1212,10788
20251124,89.2,89.3,87,88.1,1102,9685
20251125,89.4,90.6,88.8,89.8,1132,10150
20251126,90.7,91.6,90.4,90.8,800,7275
20251127,91.2,91.9,91,91.5,1428,13061
20251128,92.2,93.4,91.3,93,2363,21855
20251201,92.7,92.7,91.1,91.2,731,6705
20251202,91.2,91.5,89.3,89.3,969,8758
20251203,90,91.3,89.7,90.8,475,4297
20251204,91.4,91.7,89.8,89.8,494,4461
20251205,90.1,90.1,88.8,89.8,311,2784
20251208,88,89.8,87.1,89.3,1148,10147
20251209,89.2,90.2,88.6,88.6,953,8503
20251210,89.5,90,89,89.1,1178,10548
20251211,89.9,90.4,88.5,88.6,1109,9934
20251212,89,89.6,88.3,88.7,543,4817
20251215,87.5,88.1,87.2,87.5,575,5039
20251216,87.5,87.8,85.3,86.5,772,6678
20251217,86.7,91.9,86.7,90.6,3057,27722
20251218,90.8,90.8,89.3,89.8,950,8540
20251219,90.7,90.7,89.5,89.9,784,7059
20251222,90.3,91.8,89.9,91.5,1153,10502
20251223,91.9,91.9,89.9,90.7,641,5797
20251224,90.9,92.4,90.7,90.9,1479,13535
20251226,91.2,91.7,90.9,91.2,638,5824
20251229,91.5,91.6,90.8,90.8,590,5378
20251230,90.8,90.8,89.8,89.9,531,4781
20251231,90,90.9,90,90.1,472,4263
20260102,91,92.4,90.6,92.3,1432,13167
20260105,93.2,93.3,90.2,90.8,1177,10721
20260106,92,92.8,91.5,91.7,1076,9912
20260107,91.4,91.6,90.5,90.8,882,8015
20260108,90.6,90.6,88.5,88.6,1430,12763
20260109,88.7,89.4,87.1,88.8,611,5418
20260112,90.2,91.4,89.2,90.5,786,7126
20260113,90.4,90.4,88,88.5,952,8465
20260114,88.5,91.3,88.5,90.5,1694,15318
20260115,90.7,91.2,90.1,90.1,702,6356
20260116,90.4,92.3,89.3,90.9,1437,13058
20260119,90.9,96,90.8,94.8,3860,36252
20260120,93.3,97.1,91.9,96.7,4069,38887
20260121,96,101,95.7,98.2,7679,75358
20260122,102.5,103,99.6,100,6312,63590
20260123,101,101,96.8,96.9,2996,29408
20260126,96.3,96.8,95.2,95.9,1452,13904
20260127,96.3,96.8,95,95,1015,9678
20260128,95.2,98.4,94.3,96.2,2578,24882
20260129,99,100.5,95.5,95.5,4882,47781
20260130,95.5,96.4,92.3,92.5,1319,12301
20260202,90.7,90.8,88.2,88.8,1328,11866
20260203,91,91,87.3,88.4,907,8037
20260204,88.1,89.8,88,89.8,570,5063
20260205,89.2,96.4,88.2,93.1,3712,34838
20260206,93.1,93.5,88.3,89.9,1459,13144
20260209,92.5,93.5,90.6,90.6,987,9034
20260210,91,91.9,90,90.2,810,7350
20260211,90.2,90.6,89,89.6,1176,10542
20260223,90.6,95.2,90.5,94.9,2241,21029
20260224,94.8,96.4,94.3,95.3,1327,12647
20260225,96,96,94.3,95.5,847,8037
20260226,97.4,99.7,96.1,98.4,4472,43998
20260302,96,100,94.7,98.8,3762,37066
20260303,100.5,102.5,98.1,99.1,4434,44280
20260304,97.6,98.9,93.6,94.6,2503,23857
20260305,97,99.9,96.2,97.8,2206,21673
20260306,96.8,102,96.7,101,4984,50025
20260309,96.5,96.9,93.6,96.5,3826,36399
20260310,98.2,101.5,97.6,99.1,2962,29438
20260311,100.5,103,100.5,101,4242,43196
20260312,101.5,103,100.5,101,3303,33617
20260313,101,111,100,111,9305,100666
20260316,115,116.5,108,112.5,16210,182106
20260317,115,116,111.5,112.5,6402,72373
20260318,113.5,115.5,111,114,4370,49504
20260319,112,115,111.5,112.5,2741,31062
20260320,113,114.5,107,107.5,5484,60438
20260323,104,106.5,103,104,2662,27761
20260324,106.5,107,103.5,105.5,2184,23002
20260325,108,109,104.5,104.5,1993,21234
20260326,106,107,103.5,103.5,1669,17529
20260327,102,103.5,100.5,102.5,1160,11809
20260330,100.5,100.5,97.9,99.3,1939,19181
20260331,99.3,100.5,96,96.6,1426,13931
20260401,99.7,100.5,98.9,99.3,1031,10263
20260402,99.9,102,99.3,100.5,1482,14897
20260407,102,104.5,100.5,104,1664,17155
20260408,107,111.5,106,108.5,4025,43907
20260409,109.5,109.5,107,108,2099,22671
20260410,109.5,110,107,107.5,1754,18991
20260413,108,112,107,111,2786,30762
20260414,114,114,109.5,111,2436,27039
20260415,111.5,111.5,107.5,109,2078,22634
20260416,108.5,118,105.5,116,5803,65430
20260417,115,127.5,114.5,127.5,10715,132867
20260420,129,131,124,126,13293,168984
20260421,129,138,126.5,128,8951,117848
20260422,128,130,125,128,4027,51230
20260423,129,130.5,115.5,117,7610,91985
20260424,120,122,115,116,3930,46550
20260427,122,122,112,119,4019,47161
20260428,119,120,116,118.5,2083,24627
20260429,116.5,120,115.5,119,1981,23251
20260430,119,121,117,118.5,1707,20260
20260504,120.5,120.5,118.5,119.5,2003,23844
20260505,120,125,120,124.5,4173,51470
20260506,127,127,120.5,122,3325,40883
20260507,124.5,128.5,122.5,128,8070,102055
20260508,126.5,127.5,120.5,126,4696,58679
20260511,127,137.5,124.5,135,12188,161882
20260512,135,139.5,129.5,131,7254,96401
20260513,128.5,132.5,127,132,3537,45909
20260514,136,145,136,136,17731,251919
20260515,137,141.5,133.5,134.5,8270,113255
20260518,134.5,141.5,130.5,138.5,7881,108334
20260519,136,139.5,133,135.5,5924,80291
20260520,136.5,149,135.5,149,11264,163857
20260521,149,156,143.5,150,19883,297873
20260522,151,164.5,149,160,11495,181913
20260525,166.5,176,166.5,176,4850,84254
20260526,193.5,193.5,185.5,193.5,14431,275971
20260527,212.5,212.5,188,195,19503,391900
20260528,190,198,183.5,190,16677,316814
20260529,193,193,173.5,181,16747,303266
20260601,182.5,188.5,172,174,9012,160990
20260602,176.5,178.5,161.5,167.5,8982,150499
20260603,171.5,179.5,168,171,10152,175839
20260604,167,177,167,176.5,7104,123971
20260605,173,175,167.5,171,5520,94397
20260608,154,158,154,156,4925,76209
20260609,158,165,152,164.5,5781,92068
20260610,160,168,156.5,156.5,7148,116106
20260611,157.5,159,150,158,4971,77427
20260612,166,173.5,163,173.5,13885,234408
20260615,175.5,187.5,170,186,20951,373686
20260616,183,187,173.5,178,12203,218783
20260617,176,195.5,176,195.5,14234,272059
20260618,215,215,215,215,2912,62615
20260622,236.5,236.5,236.5,236.5,1393,32937
20260623,260,260,251,260,21884,567920
20260624,249.5,268.5,240,246.5,33336,848801
20260625,260,262.5,244.5,255.5,14616,367393
20260626,251.5,281,241.5,244,23939,628251
20260629,250,255,234.5,246,12020,294573
20260630,254,270.5,247,270.5,7219,188707
20260701,297.5,297.5,291.5,297.5,12471,370257
20260702,292,327,282,327,29471,915287
20260703,319.5,352.5,316.5,320,35099,1167872
20260706,352,352,352,352,3270,115110
20260707,357,380.5,337.5,342,27121,969868
20260708,355,355.5,318.5,348,15757,533765
20260709,336.5,351,318.5,325,3231,107858
20260713,332,332,292.5,292.5,5131,153479
20260714,278,307,263.5,307,6416,178971
20260715,307.5,311,291.5,304,2704,80752
20260716,288,296.5,276,278.5,2112,60742
20260717,251,260,251,251,4199,106041
20260720,251,251,226,229,2908,67403
20260721,234,249.5,230,243.5,2324,55715
20260722,254,266,248.5,254,2166,55606
20260723,259.5,259.5,232,235,2309,56982
20260724,221.5,234,215.5,217,2309,50993
20260727,216.5,219,196,216.5,2901,59700
20260728,195.5,208,195,195,4249,84667
20260729,193,195,175.5,175.5,4887,88820
20260730,164.5,175.5,158,158,8072,133848
20260731,173.5,173.5,159.5,163.5,14670,242113
20260803,158,179.5,155.5,171,11020,189433
20260804,171.5,187,165.5,180,10986,195317
20260805,190.5,192,178.5,179.5,10982,203999
20260806,177.5,186.5,171,186.5,6305,113980
20260807,183,184,169.5,172,6831,120042
20260810,175.5,181.5,174,179,5109,91187
20260811,178,191.5,176.5,184,7518,138301
20260812,184,190,183.5,184,4859,90344
20260813,187,202,187,202,11083,220006
20260814,202.5,202.5,185,185,12237,236099
20260817,187,197.5,180.5,195.5,7580,144827
20260818,196.5,210.5,185,186.5,13143,257370
20260819,181,202,179.5,183.5,11749,224545
20260820,186,189.5,176,179.5,6604,119797
20260821,180.5,181,176,177.5,2493,44411
20260824,178,185.5,177.5,177.5,2951,53503
20260825,177,178.5,169.5,177.5,3107,53854
20260826,177.5,188,175.5,186,6665,123128
20260827,186,190,182,185,4714,87766
20260828,186,200,186,187.5,11124,213001
20260831,183,185.5,177.5,178.5,2779,50202
20260901,179.5,185,179.5,182,2346,42907
20260902,179,182.5,177,177,1905,34127
20260903,179,184.5,173,173,3621,64702
20260904,178.5,185.5,174.5,180.5,3506,63117
20260907,183.5,186.5,180,181,3161,57815
20260908,179.5,180,170.5,170.5,4186,72503
20260909,170.5,173.5,169,170.5,1716,29338
20260910,168,170.5,166,168,2049,34373
20260911,164.5,166,162,162,1680,27417
20260914,158,170.5,158,166.5,2716,45207
20260915,166.5,172,164.5,165,1836,30843
20260916,165.5,176,165.5,173.5,2852,48803
20260917,173.5,175.5,168.5,169,2090,35894
20260918,172.5,177,169.5,177,5020,88012
20260921,177.5,178,172.5,173.5,1716,29906
