# date,open,high,low,close,lot,wan
20250814,63.7,63.7,62.1,62.8,1448,9097
20250815,62.6,62.6,60.5,62.1,1577,9714
20250818,62.2,62.3,61.3,61.6,939,5789
20250819,61.8,62.1,60.9,61.6,816,5027
20250820,62.2,62.3,60.1,60.6,1788,10952
20250821,60.6,62.4,60.6,62,996,6167
20250822,62.2,63.9,61.7,63.1,1695,10686
20250825,64,64.5,63.1,63.2,1573,10033
20250826,63,64.1,62.4,64,992,6297
20250827,64.4,64.9,64,64.6,1329,8558
20250828,64.6,64.8,63.8,64,795,5098
20250829,64.1,65.6,63.8,63.8,1373,8866
20250901,63.5,63.7,62,62,899,5632
20250902,62.8,63.1,61,61.6,866,5366
20250903,62.1,65.2,62.1,63.3,1484,9466
20250904,63.9,64.7,62.2,62.3,1138,7218
20250905,64.6,66,64.4,65.4,4503,29375
20250908,67.3,69.8,64.3,65.1,5659,37550
20250909,65.6,65.6,63.3,64.1,1827,11698
20250910,64.2,65.9,63.6,64.4,2047,13253
20250911,64.1,66.5,63.6,64.1,2125,13768
20250912,65.5,67.8,64.5,65.1,4678,31041
20250915,68,70,66.3,68.9,10751,73538
20250916,68.3,68.3,65.3,66.9,6824,45694
20250917,68.8,69.9,66.1,68.3,7970,54097
20250918,69,71,68.8,69.1,12013,83828
20250919,69.6,69.8,67.1,68.7,5231,35743
20250922,69,72,68.5,70.2,8666,60882
20250923,70.2,70.5,67.6,68.3,4352,29820
20250924,68.4,68.6,66.2,68.2,3005,20243
20250925,68.4,69.3,67.8,68,1733,11860
20250926,67.7,67.9,66.3,67,1807,12104
20250930,68.8,72.8,68.7,72.5,10105,72067
20251001,72.5,72.8,70.6,71,5182,37168
20251002,73.7,76.4,72,72,13016,96485
20251003,71.6,73,71.4,72.5,3382,24425
20251007,73,75.7,72.6,75.4,8053,59682
20251008,75.1,77.9,74.3,77.3,14633,111884
20251009,77.7,85,76.2,85,15031,123333
20251013,81.1,93.5,81,92.5,54216,481176
20251014,95.3,100.5,92.5,93.6,49086,472308
20251015,94.7,102.5,91.9,102.5,28043,276930
20251016,105.5,112.5,103.5,112.5,54061,587513
20251017,111.5,117.5,111,113.5,45539,518307
20251020,112,112.5,107,108,6133,66324
20251021,109.5,109.5,103.5,109.5,3483,37105
20251022,106,108.5,106,108,1701,18289
20251023,106.5,109.5,106,109.5,1522,16463
20251027,116,116,112,115,3762,43058
20251028,113,113,103.5,103.5,4101,43921
20251029,103.5,104.5,101,104.5,2854,29280
20251030,105,107.5,103.5,104.5,1657,17454
20251031,103.5,104,102,103.5,1440,14865
20251103,104.5,108,104.5,106,2393,25585
20251104,104,105,95.4,95.4,12023,118326
20251105,89.1,96.9,87.8,94.7,8150,75996
20251106,97.5,101.5,95.5,96.5,11106,108628
20251107,96.6,106,96.6,106,19678,202266
20251110,113.5,116.5,111,116.5,25736,295719
20251111,119,128,118.5,122.5,44076,543916
20251112,124,128,121.5,122,33676,419279
20251113,121,126,116.5,117.5,19539,237389
20251114,114,116.5,110.5,114,7976,90760
20251117,118.5,122.5,108.5,109,23216,268357
20251118,107.5,113,107,107.5,12953,141659
20251119,106,107,100.5,101,7051,72848
20251120,106,107,99.6,102,9970,102395
20251121,97.7,99.1,93.9,95.8,6278,60092
20251124,96.4,96.5,94,94.4,4548,43317
20251125,100,102.5,97.6,100.5,12563,125885
20251126,99.9,102,95,95.9,8446,82336
20251127,97.1,98.2,96.1,96.8,4296,41765
20251128,97.5,102,96.2,100,10187,101678
20251201,99,99.1,96.4,96.8,4598,44775
20251202,98,103,97.7,100,7878,78808
20251203,101.5,103,98.6,98.6,7281,73013
20251204,99.1,100.5,96.3,98.9,6502,63898
20251205,96.7,97.4,95.2,95.9,8076,77672
20251208,96.1,98.1,95.6,96,5693,55043
20251209,96.5,97.3,94.2,96,4656,44354
20251210,96.7,96.9,93,93.1,4335,40869
20251211,93.3,95.1,91.2,91.8,4230,39067
20251212,92.1,94.5,91.5,93,3434,31933
20251215,90.8,95.8,89.2,93.1,4998,46805
20251216,92,93,89.5,90.3,2983,27117
20251217,90.6,94.9,90.6,93,4531,42316
20251218,94.5,96.6,92.5,93.7,10736,101360
20251219,97,99.2,94.3,97.5,18338,177621
20251222,99.5,102,98.7,99.2,12732,127130
20251223,99.2,99.3,96.1,96.6,5430,52834
20251224,96.8,101,95.2,100,10972,108571
20251226,101.5,103,100,100.5,7542,76264
20251229,100,100.5,97.5,98.9,4816,47621
20251230,99.5,108.5,99.3,108.5,16721,177617
20251231,111,116,108.5,113,37160,417379
20260102,114,115,110,113,12015,135695
20260105,117,118,109,109.5,10166,114854
20260106,109.5,114,107,112,10348,114743
20260107,115.5,123,115,119.5,42659,508645
20260108,119.5,128,114.5,127,39112,474038
20260109,130,133.5,116,128.5,54434,688205
20260112,136,138.5,128.5,132,24944,331598
20260113,131,131.5,123,124.5,17524,221522
20260114,123,124.5,120.5,122.5,6928,84634
20260115,120.5,122.5,119,121,5017,60654
20260116,123.5,130,122,129.5,13389,170834
20260119,134,141.5,129.5,131.5,24187,328428
20260120,125.5,130,124,129.5,7848,99751
20260121,128,131,118,118.5,10613,130604
20260122,125,126,118,118,8477,103039
20260123,118.5,120,111.5,112,12081,137628
20260126,114.5,119,113,116.5,7934,92610
20260127,117,118.5,113,117.5,6708,77264
20260128,119.5,125,118,121,12942,157259
20260129,123,126,117.5,119.5,11853,144489
20260130,120,127.5,118,123.5,15929,195946
20260202,119,119.5,111.5,112,7492,85583
20260203,116,116.5,104.5,106,8478,92781
20260204,104,108,104,106.5,4038,42801
20260205,103,106,101,102.5,3202,33077
20260206,110,112.5,108.5,112.5,11633,129656
20260209,122.5,123.5,121,123.5,9603,118344
20260210,123.5,125,116.5,117,13529,163294
20260211,115,118,113,118,5998,69534
20260223,120,124,118,121,8412,101732
20260224,119,123,117,122.5,6036,72784
20260225,122.5,122.5,117,119.5,5593,66456
20260226,122,124,118,121.5,6904,83804
20260302,115.5,122.5,114.5,119.5,4451,52815
20260303,120,121,111.5,113,4955,56953
20260304,109,111.5,105,107,3475,37531
20260305,113,117,112.5,116,5147,59590
20260306,117,124,114.5,121,9846,118938
20260309,112,123,111.5,122,8223,97760
20260310,126,133.5,124.5,131,19574,253431
20260311,137.5,144,133.5,144,18573,260705
20260312,145,158,145,158,19277,297342
20260313,173.5,173.5,173.5,173.5,2444,42406
20260316,189,190.5,185,190.5,14528,275247
20260317,186,206.5,186,186,6938,135167
20260318,194,204.5,192,204.5,4294,84736
20260319,198,216,197.5,208.5,4689,96008
20260320,210,210,188,188,2243,42598
20260323,169.5,169.5,169.5,169.5,643,10893
20260324,170,170,153,153.5,1805,27816
20260325,161,161.5,155.5,160,1124,17828
20260326,155,158.5,146,146,1226,18368
20260327,133.5,144.5,131.5,144.5,2052,27514
20260330,137.5,148,137.5,144,887,12806
20260331,137,138,130,130,886,11825
20260401,139,143,139,143,956,13631
20260402,146.5,147.5,142,145.5,1091,15890
20260407,157,160,138,141.5,13029,189204
20260408,147.5,155.5,146,155.5,7984,120711
20260409,155.5,160,150.5,154.5,7993,123735
20260410,165,169.5,159,164.5,10133,167341
20260413,162,164,154,156,8563,135238
20260414,159.5,166,157.5,159.5,9387,151446
20260415,164.5,165,157,159.5,6475,104307
20260416,160,165,157.5,163.5,4851,78097
20260417,179,179.5,177.5,179.5,6361,114081
20260420,197,197,197,197,2690,52992
20260421,216.5,216.5,209,216.5,12868,276816
20260422,228,238,225,238,11158,260100
20260423,254.5,256,214.5,222,24856,577064
20260424,213.5,213.5,200,200,1825,37042
20260427,196,215,192.5,211,1522,30946
20260428,219.5,225,215,225,972,21346
20260429,214,229.5,214,218,896,19932
20260430,225,225,220,220,893,19723
20260504,229,229,222.5,223,914,20481
20260505,223,232,223,232,875,19940
20260506,245,245,236.5,243,1546,37384
20260507,248.5,249,246.5,248,1264,31298
20260508,255,260.5,242,260.5,1858,46918
20260511,264,266,247,256,11446,294632
20260512,265,271,241,249,10672,267041
20260513,241.5,248.5,238,248,3960,96055
20260514,254,264,251,252,7013,179824
20260515,254.5,257,241,242,4950,122848
20260518,236.5,239.5,228,236,3418,80188
20260519,236.5,236.5,218,221.5,4622,103368
20260520,221.5,222,211.5,215,3163,68674
20260521,223,224,216.5,220,2981,65459
20260522,223,230.5,220.5,224.5,3422,77434
20260525,227,231.5,217.5,229,3872,87537
20260526,230.5,235,226.5,230,3137,72359
20260527,245,249,228,232.5,5663,134357
20260528,234.5,243,231.5,237,7539,179706
20260529,242,247.5,239.5,245.5,5991,146500
20260601,248.5,256,245.5,248.5,6613,165888
20260602,251,264.5,248,257.5,11769,301122
20260603,260,261,247,250,5736,144694
20260604,245,257.5,244.5,245,5077,127812
20260605,235,235,220.5,222,7397,165574
20260608,200,210.5,200,210,3143,64433
20260609,215,220,209,217,2461,53103
20260610,214.5,216,201,202,2622,54669
20260611,195.5,205,189.5,197,4734,93263
20260612,206.5,206.5,200.5,202.5,4122,83616
20260615,206,210.5,205.5,208.5,2353,48971
20260616,213,215.5,204.5,206,2708,56479
20260617,205,208.5,202,208.5,1335,27405
20260618,210.5,213.5,209,211,2180,46037
20260622,214.5,221.5,214.5,215.5,3426,74543
20260623,217,217,203,205.5,2795,58647
20260624,200.5,206.5,199.5,203.5,1721,34828
20260625,206.5,210,204,204.5,2538,52445
20260626,204.5,211,197.5,198,2773,56500
20260629,200.5,200.5,192.5,193.5,1978,38712
20260630,196,197.5,191,194.5,1817,35402
20260701,193,193,180,180,2906,53447
20260702,174.5,192.5,174,192.5,2307,42664
20260703,192,197,188.5,193,2250,43501
20260706,196,200,191,196,1780,35004
20260707,196,196,182.5,185.5,2655,50059
20260708,186.5,187.5,178,181,2051,37061
20260709,183,186,179,181,1664,30413
20260713,183,185.5,181,183,1924,35205
20260714,182,183,166,173.5,2483,42807
20260715,176,182.5,176,181.5,1417,25588
20260716,178.5,189.5,177.5,187.5,2132,39284
20260717,185.5,205.5,184,190,10777,207871
20260720,191,192.5,175.5,184,3822,70045
20260721,188.5,194.5,186.5,191.5,2565,48871
20260722,200,202.5,196,196.5,3630,72347
20260723,199,210.5,193,210,5041,102266
20260724,211,223,204,212.5,14806,316538
20260727,211,218,206,218,6353,134676
20260728,208.5,211.5,204,205,4729,97972
20260729,210,225.5,201.5,222.5,18407,394157
20260730,217.5,229,200.5,204,18618,401262
20260731,223,224,214,223,10137,224364
20260803,219,226.5,217,219.5,8994,199030
20260804,219.5,226,213,224,7506,166516
20260805,228.5,238,225,227,10429,240003
20260806,225,249.5,221.5,247,17297,417717
20260807,240,244.5,235,235.5,9433,225693
20260810,233.5,237.5,228.5,235.5,6983,163268
20260811,232.5,235,229,234.5,4354,100989
20260812,236,238.5,231,232,4783,111949
20260813,233.5,235,228.5,229.5,4357,100656
20260814,231.5,236.5,224.5,233,8476,196112
20260817,233.5,233.5,227.5,228,3196,73334
20260818,229,232,223,223,2875,65166
20260819,218,221,215.5,219.5,2444,53344
20260820,223.5,233,221.5,233,5119,116766
20260821,233,237,230.5,232.5,7334,171816
20260824,232,246,231.5,235.5,8274,198323
20260825,232.5,233.5,224,230,4451,101571
20260826,231,232,228,231,2038,46916
20260827,231.5,237,230.5,234,3833,89864
20260828,235.5,244,232.5,232.5,4821,114117
20260831,230,234.5,227,227.5,2492,57249
20260901,228.5,232,226,226,2199,50147
20260902,226.5,230.5,224.5,225.5,1580,35925
20260903,227.5,229.5,217,217,3191,70812
20260904,220,222,213,217,1937,42000
20260907,222,226.5,220,222,1856,41324
20260908,223,227,219.5,219.5,1608,35750
20260909,220.5,222,217,217.5,1425,31202
20260910,216.5,216.5,211,211,2411,51280
20260911,208,208.5,205.5,206,1384,28606
20260914,206,206,201,202,994,20169
20260915,202,203,198.5,199.5,1043,20926
20260916,200,214.5,200,210,2217,46232
20260917,211,213,204,204,2162,44925
20260918,208,209,204.5,205.5,1189,24478
20260921,207,208,204,204,905,18635
20260922,206,206,201,201.5,1068,21678
20260923,203,204,200,200.5,1098,22087
20260924,200.5,200.5,197,200,977,19393
