# date,open,high,low,close,lot,wan
20250814,14.55,14.55,14.35,14.5,110,159
20250815,14.5,14.6,14.45,14.6,85,123
20250818,14.5,14.65,14.5,14.55,49,71
20250819,14.55,14.7,14.55,14.6,55,80
20250820,14.55,14.65,14.5,14.5,78,113
20250821,14.55,14.9,14.55,14.85,40,59
20250822,14.65,14.9,14.6,14.9,60,88
20250825,14.9,15,14.8,15,24,36
20250826,15,15,14.85,14.9,49,73
20250827,14.8,15,14.8,14.9,33,49
20250828,14.9,15,14.85,15,57,85
20250829,14.9,15,14.9,14.95,56,84
20250901,15,15,14.75,14.9,136,203
20250902,14.6,14.6,14.25,14.35,55,79
20250903,14.25,14.4,14.2,14.3,23,33
20250904,14.25,14.5,14.25,14.35,21,30
20250905,14.35,14.5,14.25,14.25,67,96
20250908,14.25,14.35,14.25,14.25,94,134
20250909,14.3,14.3,14.25,14.25,60,86
20250910,14.25,14.5,14.2,14.35,18,26
20250911,14.25,14.4,14.25,14.4,48,69
20250912,14.4,14.45,14.35,14.45,11,16
20250915,14.4,14.55,14.4,14.4,46,67
20250916,14.4,14.5,14.35,14.45,29,42
20250917,14.45,14.5,14.35,14.35,44,64
20250918,14.3,14.55,14.3,14.45,53,77
20250919,14.45,14.45,14.4,14.4,12,17
20250922,14.4,14.4,14.35,14.35,18,26
20250923,14.3,14.35,14.3,14.3,30,43
20250924,14.2,14.3,14.15,14.2,124,176
20250925,14.25,14.3,14.2,14.2,51,73
20250926,14.2,14.3,14.15,14.15,40,57
20250930,14.4,14.4,14.2,14.3,26,37
20251001,14.35,15.05,14.35,15,232,341
20251002,14.8,15.75,14.8,15.1,304,465
20251003,15.1,16.1,15.1,15.65,436,686
20251007,15.7,15.7,15.4,15.45,104,161
20251008,15.55,15.55,15.25,15.25,98,150
20251009,15.25,15.4,15.1,15.15,488,742
20251013,15.5,15.5,14.95,15,50,75
20251014,15.05,15.15,14.75,14.75,85,127
20251015,14.75,16.1,14.75,16.1,576,912
20251016,16.15,16.15,15.55,15.9,201,320
20251017,15.9,16.1,15.8,15.8,137,218
20251020,16.15,16.15,15.5,15.5,133,211
20251021,15.65,15.65,15.45,15.45,48,74
20251022,15.45,15.6,15.3,15.3,38,59
20251023,15.5,15.5,15.25,15.5,59,91
20251027,15.45,15.45,15,15,139,211
20251028,15.05,15.35,15,15,38,57
20251029,14.9,15,14.65,14.65,81,120
20251030,14.65,15.15,14.65,15.15,48,72
20251031,15.1,15.25,14.9,15.05,98,148
20251103,15.05,15.1,14.9,14.9,20,30
20251104,14.85,15.2,14.85,15.1,51,77
20251105,15.2,16.35,15.2,16.2,775,1235
20251106,16.5,17.3,16.3,16.75,1332,2259
20251107,16.95,17,16.25,16.65,272,452
20251110,16.65,16.65,16.15,16.55,137,225
20251111,16.25,16.25,15.5,15.75,234,371
20251112,15.95,15.95,15.55,15.55,83,130
20251113,15.45,15.7,15.45,15.55,45,70
20251114,15.6,15.75,15.3,15.5,55,85
20251117,15.65,15.7,15.4,15.4,35,54
20251118,15.3,15.65,15.3,15.3,20,31
20251119,15.3,15.4,15.25,15.4,9,14
20251120,15.3,15.4,15.2,15.35,26,40
20251121,15.15,15.25,15.1,15.15,23,35
20251124,15.2,15.2,15.05,15.05,10,15
20251125,15.15,15.2,15.05,15.05,97,146
20251126,15.15,15.3,15.05,15.2,91,138
20251127,15.3,15.3,15.2,15.25,22,34
20251128,15.7,16.25,15.4,15.7,141,222
20251201,15.75,15.75,15.6,15.6,42,66
20251202,15.85,17.15,15.85,16.9,502,833
20251203,16.85,17.3,16.8,16.95,406,690
20251204,17,17.15,16.75,16.75,89,151
20251205,16.7,16.7,16.55,16.55,39,65
20251208,16.35,16.55,16.35,16.55,48,79
20251209,16.55,16.55,16.3,16.35,51,83
20251210,16.35,16.4,16,16,52,84
20251211,16.1,16.4,15.9,16,59,95
20251212,16.05,16.5,16,16.45,30,49
20251215,16.45,16.7,16.2,16.2,137,222
20251216,16.45,16.45,16.15,16.4,20,32
20251217,16.35,16.5,16.3,16.3,210,343
20251218,16.65,16.65,16.3,16.3,32,52
20251219,16.25,16.3,16.15,16.25,40,65
20251222,16.3,16.4,16.1,16.3,21,34
20251223,16.1,16.1,15.9,15.9,52,83
20251224,15.9,16.05,15.9,15.95,12,19
20251226,16.2,16.2,15.95,15.95,18,29
20251229,15.95,16.2,15.95,16.1,84,135
20251230,15.95,16.1,15.95,16.1,35,56
20251231,16.1,16.15,16,16,39,63
20260102,16,16.3,16,16.15,87,141
20260105,16.1,16.15,15.7,15.85,107,170
20260106,15.85,16.4,15.85,16.3,164,262
20260107,16.3,16.55,16.1,16.1,94,153
20260108,16.15,16.3,15.75,15.75,185,296
20260109,15.75,15.75,15.25,15.6,164,254
20260112,15.6,15.8,15.6,15.7,54,84
20260113,15.7,15.85,15.7,15.7,32,50
20260114,15.7,15.9,15.7,15.8,62,98
20260115,15.8,15.85,15.7,15.7,34,54
20260116,15.7,15.85,15.6,15.6,71,112
20260119,15.6,15.75,15.5,15.7,43,67
20260120,15.7,16,15.7,15.9,136,216
20260121,15.7,16.15,15.7,16,135,214
20260122,16,16.1,15.65,15.7,51,81
20260123,15.75,16.2,15.75,16.05,96,152
20260126,16.05,16.15,16,16,68,109
20260127,16,16.05,15.9,15.9,30,48
20260128,15.9,16,15.65,15.7,40,63
20260129,15.7,15.7,15.4,15.45,25,39
20260130,15.35,15.5,15.35,15.45,32,49
20260202,15.2,15.45,15.15,15.15,34,52
20260203,15.2,15.35,15.2,15.2,49,75
20260204,15.2,15.35,15.2,15.3,26,40
20260205,15.2,15.35,15.2,15.3,42,64
20260206,15.3,15.4,15.05,15.15,44,67
20260209,15.15,15.2,15.15,15.15,26,39
20260210,15.2,15.45,15.2,15.4,41,63
20260211,15.4,15.5,15.4,15.4,26,40
20260223,15.4,15.45,15.3,15.45,37,57
20260224,15.2,15.3,15.2,15.25,50,76
20260225,15.25,15.35,15.25,15.3,41,63
20260226,15.3,15.5,15.3,15.4,249,383
20260302,15.4,15.55,15.4,15.4,63,97
20260303,15.3,15.3,15.25,15.25,14,21
20260304,15.15,15.15,15,15.05,19,29
20260305,15,15.1,15,15.1,12,18
20260306,15.1,15.2,15.1,15.15,4,6
20260309,14.85,15.15,14.85,14.9,38,57
20260310,15.15,15.6,15.15,15.35,19,29
20260311,15.35,15.4,15,15.25,124,188
20260312,15.25,15.4,15.25,15.4,82,125
20260313,15.35,15.45,15.3,15.45,59,90
20260316,15.3,15.4,15.3,15.4,12,18
20260317,15.35,15.6,15.35,15.55,18,28
20260318,15.45,15.5,15.4,15.45,131,202
20260319,15.4,15.5,15.35,15.4,53,82
20260320,15.55,15.55,15.4,15.4,35,54
20260323,15.4,15.4,15.1,15.1,13,20
20260324,15.1,15.5,15.1,15.1,27,41
20260325,15.15,15.4,15.15,15.15,7,11
20260326,15.15,15.3,15,15.3,22,33
20260327,15.1,15.2,15.1,15.15,27,41
20260330,15.1,15.1,14.95,15.05,20,30
20260331,15,15.3,14.95,15,49,74
20260401,15.05,15.25,15,15,48,72
20260402,15,15.05,14.95,15,37,56
20260407,15,15.15,15,15,33,50
20260408,15.05,15.1,15,15,40,60
20260409,15,15.1,15,15.05,54,81
20260410,15.2,16,15.2,15.7,145,228
20260413,15.9,15.9,15.45,15.9,155,244
20260414,15.75,15.75,15.55,15.55,91,142
20260415,15.5,15.6,15.25,15.6,96,148
20260416,15.75,16.9,15.65,16.3,452,743
20260417,16.3,16.3,15.85,16.05,176,282
20260420,16.3,17.65,16.3,17.65,1639,2846
20260421,17.65,18.95,17.65,18.85,2041,3732
20260422,18.8,19.5,18.8,19,1304,2500
20260423,18.9,19.45,17.1,17.25,2656,4611
20260424,17.25,17.35,16.6,16.8,439,738
20260427,17,17,16.2,16.25,348,567
20260428,16.3,16.3,15.6,15.7,183,291
20260429,15.7,15.9,15.65,15.9,65,103
20260430,16.25,16.25,15.7,15.85,101,161
20260504,15.8,16,15.6,15.6,127,200
20260505,15.85,15.85,15.5,15.55,64,100
20260506,15.6,15.75,15.1,15.25,161,247
20260507,15.1,15.5,15.1,15.5,81,123
20260508,15.5,15.5,15.25,15.3,16,24
20260511,15.4,15.95,15.2,15.85,42,65
20260512,16.2,16.4,16.1,16.35,146,237
20260513,16.3,17.95,16.25,17.8,609,1067
20260514,18.2,18.2,17.2,17.2,204,360
20260515,17.2,18.05,17.05,17.3,157,276
20260518,16.65,17,16.5,16.6,101,168
20260519,16.4,16.65,16.05,16.05,92,150
20260520,16.2,16.4,16,16.4,70,114
20260521,16.1,16.5,16.1,16.45,54,88
20260522,16.5,17.2,16.5,16.65,37,61
20260525,16.85,16.85,16,16.5,184,299
20260526,16.7,16.9,16.5,16.7,116,193
20260527,16.95,17.15,16.75,16.85,102,173
20260528,17,17.3,16.75,17.1,288,488
20260529,17.15,17.3,16.8,16.85,176,298
20260601,16.95,17.15,16.8,16.8,166,280
20260602,16.8,16.8,16.4,16.7,100,165
20260603,16.8,17,16.5,16.95,111,187
20260604,17,17,16.7,16.8,31,52
20260605,17,17,16.4,16.7,334,559
20260608,16.2,16.85,15.65,16.75,181,298
20260609,16.8,16.8,16.55,16.55,27,45
20260610,16.65,16.65,16.35,16.5,343,567
20260611,16.5,16.5,16.15,16.5,76,124
20260612,16.85,16.85,16.35,16.5,273,450
20260615,16.45,16.5,16.4,16.45,65,107
20260616,16.45,16.45,16.3,16.4,32,52
20260617,16.45,16.5,16.4,16.45,31,51
20260618,16.45,16.5,16.45,16.45,35,58
20260622,16.5,16.55,16.35,16.4,209,343
20260623,16.3,16.3,16.15,16.3,67,109
20260624,16.3,16.4,16.1,16.35,14,23
20260625,16.35,16.35,16.3,16.3,14,23
20260626,16.15,16.2,15.8,16.2,45,72
20260629,16.15,16.35,16,16.2,181,291
20260630,16.2,16.7,16.15,16.15,49,79
20260701,16.15,17.05,15.9,16.65,364,589
20260702,16.5,16.6,16.3,16.3,44,72
20260703,16.8,16.8,16.45,16.5,13,22
20260706,16.45,18.15,16.45,17.75,921,1617
20260707,18.05,18.6,17.55,17.8,846,1531
20260708,18.3,18.45,17,17.4,575,1011
20260709,17.5,17.5,16.7,16.75,222,376
20260713,16.75,16.85,16.2,16.35,169,278
20260714,16.55,17,16.15,16.6,152,249
20260715,16.6,16.85,16.3,16.7,66,109
20260716,16.7,16.7,16.35,16.35,66,109
20260717,16.35,16.5,16,16.2,103,166
20260720,16.05,16.2,15.5,16,174,277
20260721,16,16.25,15.85,15.85,54,86
20260722,16,16.25,15.9,15.9,49,78
20260723,16.2,16.3,15.8,15.8,36,57
20260724,15.8,15.9,15.7,15.75,31,49
20260727,15.75,15.75,15.5,15.5,58,90
20260728,15.25,15.5,15.25,15.3,49,75
20260729,15.3,15.35,14.9,15.1,146,220
20260730,14.8,15,14.8,14.95,58,86
20260731,15,15.85,14.85,15.85,86,132
20260803,15.3,15.7,15.3,15.45,18,28
20260804,15.75,15.85,15.6,15.8,20,31
20260805,15.65,15.65,15.5,15.5,13,20
20260806,15.3,15.45,15.1,15.4,10,15
20260807,15.3,15.45,15.15,15.15,45,69
20260810,16.65,16.65,16.65,16.65,234,390
20260811,16.55,18.25,16.45,17.95,929,1619
20260812,18,18.5,17.7,18.2,774,1404
20260813,18.5,18.5,17.8,17.8,515,930
20260814,17.8,17.95,17.5,17.7,89,158
20260817,17.8,18.1,17.55,17.55,109,192
20260818,17.4,17.4,17.1,17.25,88,151
20260819,17.25,17.4,17.15,17.25,42,72
20260820,17.1,17.3,17.1,17.3,60,103
20260821,17.35,17.75,17.3,17.4,46,81
20260824,17.4,17.75,17.35,17.65,106,186
20260825,17.45,17.7,17.2,17.7,80,139
20260826,17.5,17.75,17.45,17.5,111,195
20260827,17.5,17.5,17.35,17.4,51,89
20260828,17.6,17.6,17.25,17.25,55,96
20260831,17.15,17.3,17.15,17.2,33,57
20260901,17.2,17.35,17.1,17.3,55,95
20260902,17.2,17.85,17.1,17.7,303,534
20260903,17.8,18,17.45,17.7,252,445
20260904,17.8,18,17.5,17.85,51,90
20260907,18,18,17.45,17.45,47,83
20260908,17.45,17.45,17.3,17.3,43,75
20260909,17.2,17.35,16.8,17.35,65,111
20260910,17.3,17.45,17.1,17.25,106,183
20260911,17.15,17.25,16.9,17.25,56,95
20260914,17.15,17.15,17,17,6,10
20260915,17,17,16.8,16.8,27,46
20260916,16.85,16.85,16.65,16.85,20,33
20260917,16.7,17.25,16.7,17.05,140,239
20260918,17.05,17.1,16.9,17,21,36
20260921,17,17.25,16.8,16.85,25,42
20260922,16.85,17.7,16.8,17.35,133,227
20260923,17,17.2,16.95,17.2,8,14
20260924,17,17.1,16.9,17.1,20,34
