# date,open,high,low,close,lot,wan
20250814,62.1,63.2,62.1,62.9,502,3152
20250815,63.7,63.7,61.7,62.8,708,4420
20250818,62.8,63,62,62.8,597,3725
20250819,63,63.7,62.8,63.5,514,3252
20250820,63.6,64.1,62,63.6,575,3639
20250821,64,64.7,63.6,64.6,545,3502
20250822,64.7,66.8,64.7,65.8,1445,9539
20250825,67,67.8,66.4,67.1,1190,7992
20250826,67.7,67.9,66.6,67.2,686,4617
20250827,67.7,68.3,67.5,68,1111,7551
20250828,68.5,70.4,68.3,69.8,1510,10489
20250829,71,71.4,68.5,68.6,1365,9494
20250901,70,71.5,68.1,70.2,1917,13500
20250902,71.5,71.6,69.5,69.5,1344,9464
20250903,70.6,71.3,69.5,69.5,1121,7857
20250904,70,70.5,67.8,68.2,1163,7994
20250905,68.8,69.8,68.2,68.7,669,4606
20250908,68.8,69,67.1,68.5,849,5798
20250909,69.8,70.9,68.6,69,897,6255
20250910,68,68,65.6,66.7,1865,12457
20250911,66.6,67.1,65.1,65.3,742,4884
20250912,66.5,66.5,65.3,66.2,355,2342
20250915,66,66,64.8,65.3,250,1633
20250916,66,67.2,66,66.8,513,3414
20250917,67.2,69.3,67,67.6,1453,9897
20250918,66.9,67.3,66,66.6,587,3906
20250919,66.5,66.7,65.5,66.4,374,2467
20250922,66.9,67.6,66.6,66.8,355,2378
20250923,67.8,68.3,67,67.5,815,5519
20250924,68.3,68.3,67.1,67.2,326,2204
20250925,68.5,71.2,67.8,67.9,2947,20545
20250926,67.9,68.5,66.5,66.7,850,5734
20250930,69,70.1,68.5,69.9,1883,13101
20251001,70.8,71.4,68.6,71.1,1979,13898
20251002,69.1,69.6,68.4,68.7,1665,11465
20251003,68.7,68.8,68.1,68.3,405,2770
20251007,69.6,70.8,69.3,70.7,1927,13548
20251008,71,72.5,70.8,70.8,1356,9673
20251009,70.9,71.2,70,70.6,1153,8140
20251013,71.5,72.5,68.7,68.7,2636,18508
20251014,70,70.2,67.8,68.1,1343,9256
20251015,68.3,69.1,67.6,68.9,723,4941
20251016,68.9,69.8,68.8,69.1,483,3342
20251017,70.5,71.8,69.6,70.4,2067,14599
20251020,69.3,69.7,68.1,69.2,1284,8824
20251021,70.1,70.9,69.4,69.7,1132,7939
20251022,68.5,68.5,66.7,67.1,1890,12719
20251023,66.7,66.7,65.8,65.8,992,6562
20251027,65.9,66.1,64.6,66,880,5747
20251028,65.5,65.6,64.8,64.9,524,3407
20251029,65,65.5,64.8,64.9,355,2309
20251030,65.1,65.1,64,64.2,447,2877
20251031,64.7,64.8,64.1,64.2,291,1874
20251103,64.2,64.2,63.3,63.8,305,1941
20251104,63.7,64,62.7,62.9,577,3646
20251105,62.5,63.2,61.6,63.2,355,2215
20251106,63.3,64,62.9,63.8,223,1415
20251107,63.8,65.6,63.8,64.7,484,3130
20251110,67,68.1,66.5,67.2,1335,8963
20251111,67.6,69.2,67.5,68.5,1273,8742
20251112,69,69,67.2,68,540,3667
20251113,68.5,69.3,68.4,69,1096,7566
20251114,69.1,71,68.7,69.7,1827,12794
20251117,70.2,70.7,69.2,70.5,936,6557
20251118,70,70.3,68.9,69.2,834,5791
20251119,69.1,71.2,68.9,71,1442,10173
20251120,71.1,78,70.7,77.3,4683,34993
20251121,76,80,75.9,78.3,5001,39319
20251124,79,82.8,78.4,82.7,4468,36541
20251125,83,84.4,79.6,83.5,4879,40092
20251126,84,87.9,83.6,85.9,3000,25889
20251127,87,89.9,85.1,88.6,2988,26283
20251128,89.1,89.4,86.5,86.5,1970,17251
20251201,87.2,88.5,85.5,86.4,1598,13869
20251202,87.2,87.2,83.9,84,1755,14919
20251203,85,85.2,83.4,84.2,1101,9268
20251204,84.7,84.7,81.2,81.4,1393,11484
20251205,81.8,82.3,80.5,81.4,886,7222
20251208,81.6,83.5,81.1,83,1069,8825
20251209,83,84.5,82.2,83.8,880,7352
20251210,84.4,85.5,83.8,84,851,7195
20251211,84.5,88.1,84.5,86.2,2173,18796
20251212,87.9,89,86.5,86.9,1677,14705
20251215,85.5,92,85.5,91.2,2737,24689
20251216,90.9,91.3,86,88.6,2266,20059
20251217,89.2,97.4,88.7,97.4,2822,26794
20251218,97.2,99.8,91.7,93,9538,91124
20251219,92.6,93.6,84.8,86.1,4356,38433
20251222,86.2,87.4,83.6,86.2,2437,20797
20251223,88.4,89.9,87.7,87.9,2675,23732
20251224,88.6,89.3,86.8,88,1293,11405
20251226,89.3,92,88.9,91.3,2057,18660
20251229,95.6,100,92.8,93.6,6891,66631
20251230,91.2,91.2,88.2,91.2,2710,24355
20251231,91.4,93.1,90,90.4,1569,14297
20260102,91.7,93.6,91,92.2,1588,14656
20260105,95,97.1,92.6,93.8,1989,18787
20260106,95.2,97.2,93.8,96.4,1620,15475
20260107,98.4,99.4,96,96,1947,18997
20260108,95.6,95.9,93.4,94.2,1167,11020
20260109,94.3,96.5,92.5,96.5,955,9027
20260112,95,102.5,94,99.5,3644,36052
20260113,100.5,108,98.7,103.5,6139,63498
20260114,105,106.5,102.5,103,3376,35194
20260115,104,104.5,98.6,99.8,2306,23292
20260116,100,100,96.3,97.2,2127,20734
20260119,98.5,100,95.4,96,2149,20988
20260120,96.1,99.3,95.7,99.2,1146,11171
20260121,101,104,95.4,95.8,5049,50164
20260122,95.4,97.7,91.8,97.5,3653,34443
20260123,99,102.5,95.9,96.7,2770,27417
20260126,100,101.5,98.6,98.6,2226,22220
20260127,100,102.5,99.7,100.5,2348,23737
20260128,102,103,99.4,101,2579,26100
20260129,104.5,107,102.5,104,3414,35653
20260130,105.5,106,99.3,100,2767,28155
20260202,93.5,94.8,90.6,94,3593,33119
20260203,94.2,96.1,92.8,93.3,1686,15832
20260204,95,95,93.4,94.7,669,6306
20260205,92.5,95.6,91.3,92.4,1160,10777
20260206,93.1,96.5,90.5,95.1,3266,30598
20260209,96.5,101,96.5,100,2728,27203
20260210,100,109,98.3,106.5,4695,49160
20260211,107.5,108,102,103.5,2638,27537
20260223,107,107,101.5,102.5,1968,20448
20260224,101.5,103.5,99.6,102,1571,15894
20260225,100.5,103,100.5,102,1011,10273
20260226,102,104,101.5,103,1187,12200
20260302,109.5,111,102.5,102.5,4194,44542
20260303,103,105,100,101,1561,15893
20260304,97.9,99.3,93.2,93.2,2234,21501
20260305,95.5,99.4,94.7,98.1,1351,13077
20260306,96.9,96.9,94.6,95.4,1041,9954
20260309,91,92.9,88.2,92.6,1469,13248
20260310,94.9,97.6,93.6,96.9,1178,11354
20260311,99,105,98.3,103.5,2109,21547
20260312,103,104,99.6,100.5,1057,10709
20260313,98.5,100.5,98.5,100,544,5429
20260316,98.9,101.5,98,98.5,896,8908
20260317,99.2,100.5,98.9,99,813,8109
20260318,99.9,100.5,98.5,98.5,765,7589
20260319,97.4,97.4,94.6,94.8,1200,11484
20260320,94,95.2,93.5,94.2,751,7077
20260323,90,92.5,89,90.2,952,8631
20260324,91.2,91.8,89.8,90.2,597,5420
20260325,92.5,93.2,91.7,93.2,385,3563
20260326,93.5,94.1,90.5,90.7,512,4709
20260327,89.9,92,89.5,91.1,302,2747
20260330,90.9,92.3,88.8,89.6,654,5891
20260331,90,90.8,88.1,88.5,614,5474
20260401,90.4,91.5,89.5,90.6,504,4553
20260402,91.6,91.8,88.4,88.8,536,4792
20260407,89.1,90.3,88.2,89.7,364,3249
20260408,91.5,93.4,91,93,733,6778
20260409,92.2,95,91.4,94.8,717,6696
20260410,95.1,95.7,93.6,94.3,572,5411
20260413,90.5,92.7,88.5,91.4,2426,21885
20260414,90.8,92.9,90.8,91.3,768,7039
20260415,91.9,92.5,91,91.4,587,5376
20260416,91.4,92.2,91.1,91.6,383,3508
20260417,92,92.1,89.9,90,651,5894
20260420,90.5,90.7,88.2,88.4,807,7191
20260421,89.4,89.4,86.2,86.5,950,8320
20260422,86.5,87.3,85.8,86.3,762,6578
20260423,86.3,86.3,82.2,84.7,1195,10029
20260424,84.2,85.4,82.8,84,843,7081
20260427,84.5,85.4,82.8,85.3,687,5815
20260428,86.2,88.8,85.5,87.9,872,7634
20260429,87.2,88.8,85.4,86.6,569,4910
20260430,85.8,86.9,85.4,85.4,353,3036
20260504,86.2,87.3,85.1,86.7,440,3789
20260505,87,89.3,87,89.1,509,4489
20260506,90.4,91.9,89.3,91.6,868,7902
20260507,95,95,92.8,94.4,1111,10436
20260508,94.8,95,92.9,94.1,734,6909
20260511,100,103.5,99.7,103.5,3536,36350
20260512,106,113,104,110.5,4362,47618
20260513,111,116,108,114,2023,22626
20260514,114,116.5,109,111,1709,19146
20260515,112.5,122,111.5,119.5,3409,40420
20260518,118,125.5,116,119,2455,29783
20260519,120.5,120.5,111,114.5,2226,25547
20260520,114,115,111.5,113,944,10702
20260521,115,120,113,120,1375,16103
20260522,124,124,117.5,120,1398,16838
20260525,122,130,120,120.5,2307,28803
20260526,122.5,126,120,120.5,1161,14151
20260527,122,122,118,121.5,912,10959
20260528,120,124.5,119.5,121,1343,16453
20260529,126,126,121,121.5,849,10416
20260601,123,123.5,119.5,120.5,769,9290
20260602,121,121,114.5,120,1138,13346
20260603,120,120,117,119.5,716,8484
20260604,119.5,128,119,125,1980,24795
20260605,123,127.5,122.5,125,1078,13473
20260608,115,123.5,113.5,123,1070,12580
20260609,124,131,124,129.5,1804,23212
20260610,128,132,117,117,2903,35392
20260611,113,113,107,110.5,1757,19368
20260612,114,114.5,110,111,802,8967
20260615,113,117.5,112.5,117,894,10308
20260616,117.5,118,114.5,114.5,541,6250
20260617,114,116,112.5,113,373,4239
20260618,113.5,115,113,114,1033,11750
20260622,115.5,119,115,116,798,9348
20260623,116.5,116.5,113,113.5,512,5839
20260624,111,112,106,108.5,1245,13535
20260625,108,109,106.5,108,573,6154
20260626,108,108,103,104,544,5712
20260629,104,108,103,107.5,343,3661
20260630,108,108.5,106.5,107.5,433,4655
20260701,108,108,103.5,104,711,7442
20260702,104,108.5,104,107,534,5682
20260703,108,110.5,107,109,381,4150
20260706,110.5,110.5,106.5,107,323,3490
20260707,107.5,107.5,101.5,102,686,7113
20260708,102,104,102,102.5,265,2722
20260709,102.5,103.5,101,102.5,506,5174
20260713,105,105,101,102.5,682,6988
20260714,103,103,99.2,100.5,630,6346
20260715,102.5,103.5,101,102,262,2676
20260716,103,104,101.5,102.5,353,3619
20260717,98.7,98.7,93.7,94.2,884,8499
20260720,94.3,95.2,91.8,92.7,406,3778
20260721,93,95.8,93,95.3,238,2253
20260722,96,97.2,95.9,96.2,277,2670
20260723,96.3,96.3,93.9,94.8,342,3243
20260724,93.1,96,93.1,94,211,1987
20260727,94.1,95,91.7,93.1,559,5187
20260728,92,93,90.8,91.6,301,2761
20260729,90.5,92,85.5,88.9,1090,9647
20260730,88.9,90.9,87,87.2,431,3822
20260731,90.2,91.3,89.5,90.2,445,4026
20260803,89,94.4,89,94.1,345,3187
20260804,94,94.5,92.9,94.1,166,1555
20260805,95.1,96.1,94.3,95.3,313,2979
20260806,98.1,98.5,96.2,98.5,583,5704
20260807,98.5,98.9,96.8,97,327,3191
20260810,99.5,102.5,99,102,577,5815
20260811,99,102,96,99.1,823,8184
20260812,99.2,103.5,99.2,100,485,4907
20260813,102,102.5,99.9,100.5,381,3850
20260814,101,101,99.2,99.4,356,3559
20260817,99,99.7,98.2,98.9,332,3285
20260818,99.2,99.2,96.5,96.6,349,3407
20260819,97,97,95.2,95.4,345,3299
20260820,98.1,100.5,97.5,97.5,399,3926
20260821,97.5,99.3,96.8,99,365,3567
20260824,102,103.5,100,100,916,9332
20260825,101,102,98.7,100,674,6743
20260826,99.7,102,99.7,102,529,5356
20260827,102,103,100.5,101,471,4788
20260828,101,101,99.7,99.8,353,3534
20260831,99.5,99.9,98.8,99.2,309,3064
20260901,99.5,99.9,98.7,98.7,229,2270
20260902,98.4,98.4,97.1,97.4,310,3022
20260903,97.7,98.2,97.1,97.1,165,1610
20260904,97.7,99.2,96.7,97,373,3631
20260907,97,97.5,96.1,96.6,202,1955
20260908,96.6,98.7,96.3,97.9,318,3110
20260909,98.4,98.6,97,97.8,300,2935
20260910,96,96,92.3,92.4,1261,11780
20260911,90.7,92,90.5,91.2,358,3258
20260914,91,91.2,90,90.4,221,2001
20260915,90.4,91,90,90.3,186,1685
20260916,91.5,92.8,91.1,92.3,203,1865
20260917,92.4,92.6,91.7,92.3,118,1087
20260918,92.9,92.9,91.3,91.8,198,1819
20260921,92.5,92.7,91.7,91.8,130,1198
