# date,open,high,low,close,lot,wan
20250814,28,28.4,28,28.25,101,284
20250815,28.35,28.9,28.2,28.55,127,363
20250818,28.75,28.75,28.5,28.7,81,232
20250819,28.65,28.75,28.55,28.7,84,241
20250820,28.8,28.8,28.5,28.7,125,358
20250821,28.75,29,28.7,28.85,146,421
20250822,28.9,28.9,28.6,28.75,84,241
20250825,28.95,28.95,28.6,28.7,125,359
20250826,28.7,28.85,28.6,28.7,184,528
20250827,26.9,26.9,26.7,26.85,156,418
20250828,26.65,27.7,26.65,27.7,96,263
20250829,28.05,28.05,27.7,27.85,47,130
20250901,27.9,28.35,27.85,27.95,38,106
20250902,27.95,28.05,27.8,28.05,46,129
20250903,28.05,28.2,28.05,28.05,55,155
20250904,28.1,28.2,28.05,28.2,37,104
20250905,28.3,28.3,28.15,28.25,40,113
20250908,28.25,28.3,28.1,28.3,37,104
20250909,28.3,28.65,28.3,28.6,71,203
20250910,28.7,28.7,28.55,28.65,35,100
20250911,28.65,28.8,28.55,28.65,73,209
20250912,28.5,28.8,28.5,28.75,46,132
20250915,28.75,28.75,28.5,28.55,48,137
20250916,28.65,28.7,28.4,28.6,87,248
20250917,28.65,28.8,28.55,28.8,47,135
20250918,28.8,28.8,28.4,28.75,92,263
20250919,29.35,29.35,28.55,28.75,52,149
20250922,28.6,28.75,28.55,28.75,30,86
20250923,28.85,28.9,28.75,28.8,56,161
20250924,28.85,28.95,28.7,28.8,39,112
20250925,28.8,28.95,28.7,28.9,40,115
20250926,28.9,28.9,28.25,28.7,52,149
20250930,28.75,28.8,28.5,28.65,51,146
20251001,28.6,28.75,28.5,28.7,42,120
20251002,28.95,28.95,28.7,28.75,31,89
20251003,28.8,28.8,28.4,28.6,128,366
20251007,28.6,28.75,28.5,28.6,57,163
20251008,28.9,29.05,28.8,29,103,298
20251009,29.05,29.05,28.9,28.9,43,125
20251013,28.9,28.9,28,28.55,79,225
20251014,28.65,28.7,28.5,28.55,153,437
20251015,28.7,28.75,28.65,28.75,26,75
20251016,28.85,28.85,28.75,28.85,75,216
20251017,28.9,28.9,28.7,28.75,105,302
20251020,28.7,28.75,28.55,28.7,41,117
20251021,28.75,28.9,28.6,28.8,44,126
20251022,28.7,28.8,28.65,28.65,24,69
20251023,28.65,28.7,28.5,28.55,50,143
20251027,29.35,29.35,28.55,29,84,242
20251028,29.1,29.1,28.75,28.8,45,130
20251029,29.2,29.2,28.7,28.8,22,63
20251030,28.65,28.8,28.6,28.8,37,106
20251031,29,29,28.7,28.75,35,101
20251103,28.75,28.9,28.65,28.7,24,69
20251104,28.7,28.9,28.7,28.85,35,101
20251105,28.85,28.9,28.75,28.75,26,75
20251106,28.75,28.8,28.7,28.75,33,95
20251107,28.75,28.75,28.6,28.65,40,115
20251110,28.5,28.55,28,28.5,131,370
20251111,28.5,28.6,28.5,28.5,65,185
20251112,28.4,28.55,28.4,28.5,55,157
20251113,28.55,28.6,28.45,28.6,92,262
20251114,28.6,28.6,28.45,28.45,32,91
20251117,28.45,28.55,28.4,28.55,64,182
20251118,28.55,28.55,28.3,28.55,53,151
20251119,28.55,28.55,28.4,28.45,40,114
20251120,28.45,28.55,28.45,28.45,42,120
20251121,28.5,28.55,28.1,28.3,89,252
20251124,28.4,28.4,28.3,28.3,49,139
20251125,28.35,28.55,28.3,28.5,40,114
20251126,28.5,28.65,28.5,28.6,49,140
20251127,28.6,28.65,28.6,28.65,16,46
20251128,28.65,28.7,28.6,28.7,21,60
20251201,28.4,28.7,28.4,28.6,66,188
20251202,28.6,29,28.6,28.6,56,161
20251203,28.65,28.7,28.6,28.65,57,163
20251204,28.65,28.75,28.6,28.6,83,237
20251205,28.6,28.8,28.6,28.7,27,77
20251208,28.7,28.7,28.45,28.7,37,106
20251209,28.5,28.7,28.5,28.7,33,94
20251210,28.6,28.8,28.5,28.6,25,71
20251211,28.65,28.65,28.5,28.55,82,234
20251212,28.55,28.55,28.4,28.5,52,148
20251215,28.55,28.65,28.45,28.55,41,117
20251216,28.55,28.65,28.5,28.55,36,103
20251217,28.75,28.8,28.6,28.6,25,72
20251218,28.65,28.8,28.65,28.65,37,106
20251219,28.8,29.05,28.65,28.7,157,452
20251222,28.75,28.85,28.7,28.85,37,106
20251223,28.8,29,28.6,28.85,94,270
20251224,28.85,28.9,28.7,28.75,40,115
20251226,28.8,28.8,28.75,28.75,31,89
20251229,28.8,28.85,28.7,28.75,75,216
20251230,28.75,28.75,28.7,28.7,36,103
20251231,28.7,28.85,28.7,28.85,55,158
20260102,28.85,29.1,28.85,29.05,75,218
20260105,29,29,28.8,28.9,116,335
20260106,28.9,29.1,28.9,29,43,125
20260107,29,29,28.8,29,49,142
20260108,28.85,29,28.75,28.9,50,144
20260109,28.9,28.95,28.8,28.9,38,110
20260112,29.75,29.75,29.1,29.4,68,199
20260113,29.65,29.65,29.1,29.35,69,202
20260114,29.4,29.4,29.25,29.35,27,79
20260115,29.1,29.6,29.1,29.6,69,203
20260116,29.6,29.7,29.45,29.55,40,118
20260119,29.55,29.85,29.55,29.65,76,226
20260120,29.55,29.65,29.5,29.65,32,95
20260121,29.65,29.65,29.5,29.6,40,118
20260122,29.5,29.65,29.5,29.55,68,201
20260123,29.55,29.75,29.4,29.5,60,177
20260126,29.3,29.5,29.2,29.3,38,111
20260127,29.3,29.3,28.8,29.15,111,321
20260128,29,29.1,28.95,28.95,19,55
20260129,28.9,28.9,28.5,28.7,77,221
20260130,29.15,29.15,28.75,29.05,36,104
20260202,28.8,29.45,28.65,29.45,82,236
20260203,29.15,29.4,28.8,28.8,52,151
20260204,28.8,29.1,28.8,28.85,21,61
20260205,28.85,28.85,28.75,28.75,23,66
20260206,28.7,28.9,28.6,28.85,40,115
20260209,28.95,29.1,28.8,28.9,123,355
20260210,28.9,28.9,28.75,28.85,74,213
20260211,28.9,28.9,28.8,28.85,73,211
20260223,28.9,29.05,28.9,29.05,84,243
20260224,29.05,29.35,29.05,29.25,61,178
20260225,29.3,29.3,29,29.2,142,413
20260226,29.2,29.25,29,29.1,113,328
20260302,29.1,29.2,28.9,29.1,54,157
20260303,29.05,29.15,29,29.15,78,226
20260304,29,29,28.4,28.55,97,278
20260305,28.6,29.1,28.6,28.75,70,201
20260306,28.8,29,28.75,28.95,46,133
20260309,28.55,29.1,28.55,28.95,85,245
20260310,27.1,28,26.15,26.55,1007,2670
20260311,26.55,27.65,26.35,27.15,285,770
20260312,27.15,27.45,26.7,26.95,76,204
20260313,26.95,27,26.75,27,42,113
20260316,27.1,27.1,26.7,26.9,54,145
20260317,27.5,27.5,26.9,26.9,61,165
20260318,27.25,27.25,26.7,26.85,70,188
20260319,26.85,26.85,26.5,26.6,131,349
20260320,27,27,26.4,26.9,61,162
20260323,26.65,26.8,26.6,26.65,85,227
20260324,26.7,26.9,26.55,26.55,24,64
20260325,26.5,26.7,26.5,26.6,34,90
20260326,26.6,26.8,26.6,26.6,88,235
20260327,25.85,25.85,25.4,25.6,67,171
20260330,25.5,25.5,25.2,25.3,107,270
20260331,25.3,25.3,24.75,24.8,142,354
20260401,25.4,25.4,24.95,25,25,63
20260402,25.1,25.1,24.8,25,33,82
20260407,25,25,24.85,24.95,14,35
20260408,24.95,25,24.8,24.9,29,72
20260409,24.9,24.95,24.65,24.95,66,163
20260410,25.05,25.05,24.7,24.85,72,179
20260413,24.85,25,24.7,24.8,37,92
20260414,24.8,24.9,24.75,24.75,57,141
20260415,24.85,25,24.75,25,36,90
20260416,24.9,25,24.8,25,28,70
20260417,25,25,24.85,24.85,14,35
20260420,24.7,24.75,24.5,24.6,106,261
20260421,24.55,24.6,24.55,24.55,65,160
20260422,24.45,24.85,24.35,24.5,90,220
20260423,24.5,24.5,24.2,24.3,124,302
20260424,24.3,24.3,24.1,24.2,119,288
20260427,24.2,25.1,24.05,24.25,155,376
20260428,24.3,24.8,24.25,24.3,13,32
20260429,24.6,24.6,24.35,24.5,13,32
20260430,24.5,24.5,24.3,24.45,37,90
20260504,24,25,24,24.75,77,189
20260505,24.7,24.7,24.45,24.6,30,74
20260506,24.6,24.65,24.4,24.45,66,162
20260507,24.45,24.55,24.2,24.4,58,141
20260508,24.4,24.4,24.15,24.2,62,151
20260511,24.25,24.25,24.1,24.2,101,244
20260512,24.25,24.25,24,24.05,92,221
20260513,24.05,24.05,23.8,23.8,118,282
20260514,24.75,24.75,23.85,24,44,106
20260515,24.4,24.4,23.85,23.95,66,158
20260518,23.7,23.9,23.3,23.7,84,199
20260519,23.7,23.7,23.1,23.2,133,310
20260520,23.1,23.2,22.8,23,63,145
20260521,23,23,22.8,23,69,158
20260522,23,23.05,22.85,22.9,55,126
20260525,23.15,23.45,23,23.05,47,109
20260526,22.95,23,22.85,22.95,52,119
20260527,22.9,22.9,22.7,22.75,81,185
20260528,24,24,23.15,23.2,75,176
20260529,23.2,23.25,23.15,23.15,39,90
20260601,23,23,22.75,22.9,89,203
20260602,22.9,22.9,22.75,22.9,64,146
20260603,22.9,23.3,22.9,23.3,141,325
20260604,23.35,23.35,22.8,23.2,59,137
20260605,23.3,23.3,22.9,23.05,29,67
20260608,22.5,22.75,22.3,22.6,66,149
20260609,22.7,22.9,22.7,22.8,24,55
20260610,22.85,22.9,22.75,22.8,88,201
20260611,22.8,22.85,22.45,22.8,49,111
20260612,22.8,23,22.8,22.85,49,112
20260615,23.1,23.1,23,23.1,42,97
20260616,23.2,23.25,22.9,22.95,32,74
20260617,22.8,22.95,22.65,22.95,34,78
20260618,22.8,23.1,22.8,23,41,94
20260622,23.05,23.05,22.85,22.85,32,73
20260623,22.9,22.9,22.7,22.85,40,91
20260624,22.85,22.85,22.85,22.85,11,25
20260625,22.85,23,22.7,22.9,19,43
20260626,23,23,22.65,22.65,48,109
20260629,23.3,23.3,22.95,22.95,16,37
20260630,23.1,23.1,22.8,22.95,34,78
20260701,23.2,23.2,22.9,23.05,13,30
20260702,23.05,23.05,22.9,22.95,8,18
20260703,22.8,23.05,22.8,23,68,156
20260706,22.85,23.1,22.85,23.1,63,145
20260707,23.1,23.1,22.85,22.95,58,133
20260708,22.75,22.95,22.75,22.95,23,53
20260709,23,23.3,22.8,22.9,38,87
20260713,22.95,23,22.85,22.95,17,39
20260714,22.95,22.95,22.7,22.95,36,82
20260715,22.8,23.05,22.8,22.95,23,53
20260716,22.9,22.95,22.85,22.95,5,11
20260717,23.15,23.15,22.7,22.75,96,218
20260720,22.75,22.85,22.6,22.85,18,41
20260721,22.85,22.95,22.75,22.95,33,75
20260722,23.1,23.2,23,23.05,15,35
20260723,23.2,23.2,23.05,23.1,27,62
20260724,22.9,23.4,22.8,22.8,24,55
20260727,22.8,22.9,22.8,22.9,12,27
20260728,22.9,22.9,22.5,22.6,26,59
20260729,23,23,22,22.5,99,221
20260730,22.5,22.5,22.25,22.5,30,67
20260731,22.9,23.05,22.15,22.6,70,158
20260803,22.6,22.8,22.5,22.8,35,79
20260804,22.7,22.8,22.7,22.8,12,27
20260805,22.7,22.85,22.65,22.8,9,20
20260806,22.8,22.8,22.7,22.7,9,20
20260807,22.9,22.9,22.6,22.75,20,46
20260810,22.9,23,22.8,22.9,37,85
20260811,22.9,23,22.85,23,37,85
20260812,23,23.25,22.95,23.2,102,235
20260813,23.25,23.25,23,23.05,27,62
20260814,23.05,23.05,23.05,23.05,4,9
20260817,23.25,23.25,23.2,23.2,9,21
20260818,23.05,23.2,22.75,22.9,18,41
20260819,23,23,22.8,22.85,23,53
20260820,23.1,23.15,23.1,23.15,2,5
20260821,23.15,23.15,23.05,23.1,15,35
20260824,23.2,23.2,23.15,23.15,7,16
20260825,23.15,23.15,23.1,23.1,5,12
20260826,23.05,23.1,22.85,22.9,35,80
20260827,22.9,23.1,22.8,23,59,135
20260828,23,23,22.7,22.8,19,43
20260831,22.8,22.9,22.75,22.75,26,59
20260901,22.75,22.8,22.75,22.75,31,71
20260902,22.75,22.8,22.75,22.75,33,75
20260903,22.9,22.9,22.8,22.8,2,5
20260904,22.8,22.85,22.75,22.75,16,36
20260907,22.75,22.95,22.75,22.8,18,41
20260908,22.8,22.85,22.75,22.75,65,148
20260909,22.75,22.85,22.5,22.75,89,202
20260910,22.85,22.85,22.6,22.65,42,95
20260911,22.65,22.75,22.55,22.65,87,197
20260914,22.65,22.65,22.4,22.65,23,52
20260915,22.65,22.8,22.5,22.7,29,66
20260916,22.7,22.7,22.7,22.7,1,2
20260917,22.7,23,22.7,22.9,14,32
20260918,22.9,22.9,22.7,22.75,8,18
20260921,22.8,22.8,22.5,22.8,41,93
20260922,22.75,22.8,22.55,22.55,13,29
20260923,22.6,22.6,22.5,22.55,35,79
20260924,22.7,22.8,22.5,22.75,21,48
