# date,open,high,low,close,lot,wan
20250814,18.7,18.8,18.7,18.8,14,26
20250815,18.8,18.85,18.8,18.85,5,9
20250818,18.95,18.95,18.8,18.8,56,105
20250819,18.9,18.9,18.85,18.85,3,6
20250820,18.8,18.85,18.8,18.8,26,49
20250821,18.8,18.9,18.8,18.9,19,36
20250822,19,19,18.9,18.9,6,11
20250825,18.9,19.1,18.9,18.9,9,17
20250826,18.8,18.85,18.8,18.85,11,21
20250827,19.05,19.05,18.85,18.85,25,47
20250828,19,19,18.8,18.9,27,51
20250829,18.9,18.9,18.8,18.9,35,66
20250901,18.8,19.45,18.8,19.25,24,45
20250902,19.2,19.2,18.85,18.9,26,49
20250903,18.85,18.95,18.8,18.85,54,102
20250904,19,19.2,19,19.2,16,30
20250905,19.45,19.45,19.1,19.1,45,86
20250908,19.85,19.85,19.2,19.4,133,257
20250909,19.5,19.8,19.4,19.65,115,225
20250910,18.45,18.45,17.8,17.9,156,281
20250911,17.8,18.2,17.8,17.85,12,21
20250912,18.45,18.45,17.95,18.1,19,34
20250915,17.85,18,17.85,18,26,47
20250916,17.85,18,17.85,18,5,9
20250917,18,18,17.8,17.8,4,7
20250918,18,18.05,17.85,17.9,23,41
20250919,17.9,17.9,17.9,17.9,5,9
20250922,17.9,17.9,17.8,17.85,5,9
20250923,17.9,18.05,17.9,18.05,16,29
20250924,17.9,17.95,17.9,17.95,13,23
20250925,17.9,18,17.9,17.95,7,13
20250926,17.9,18.7,17.9,18.7,14,25
20250930,18.7,18.7,18.1,18.55,36,66
20251001,18.3,18.3,18.3,18.3,5,9
20251002,18.05,18.1,18.05,18.1,4,7
20251003,17.95,18.05,17.95,18.05,6,11
20251007,18.05,18.05,18.05,18.05,5,9
20251008,18.15,18.15,18.1,18.15,17,31
20251009,18,18.15,18,18.1,13,23
20251013,17.7,18.1,17.65,18.1,64,114
20251014,17.9,17.9,17.9,17.9,2,4
20251015,17.85,18.15,17.85,18.1,24,43
20251017,18.1,18.1,18.1,18.1,3,5
20251020,18.1,18.1,17.7,17.7,5,9
20251021,17.7,17.9,17.7,17.9,7,13
20251022,17.7,17.7,17.7,17.7,1,2
20251023,17.7,17.7,17.7,17.7,4,7
20251027,17.8,18,17.8,17.95,35,63
20251028,17.95,17.95,17.8,17.9,41,73
20251029,17.9,18,17.9,17.95,12,22
20251030,17.85,17.95,17.8,17.95,9,16
20251031,17.95,17.95,17.9,17.9,20,36
20251103,17.85,17.85,17.5,17.55,32,56
20251104,17.6,17.6,17.3,17.3,6,10
20251105,17.9,17.9,17.5,17.5,16,28
20251106,17.5,17.7,17.5,17.7,9,16
20251107,18,18,17.55,17.55,10,18
20251110,17.55,17.55,17.55,17.55,3,5
20251111,17.6,17.7,17.3,17.7,17,30
20251112,17.8,17.8,17.7,17.7,4,7
20251113,17.45,17.55,17.45,17.55,16,28
20251114,17.5,17.55,17.5,17.55,7,12
20251117,17.8,17.8,17.5,17.5,36,63
20251118,17.5,17.5,17.35,17.35,7,12
20251119,17.35,17.5,17.35,17.45,7,12
20251120,17.45,17.45,17.4,17.45,4,7
20251121,17.4,17.4,17.4,17.4,3,5
20251124,17.4,17.4,17.35,17.35,9,16
20251125,17.35,17.5,17.35,17.5,12,21
20251126,17.5,17.7,17.35,17.5,49,86
20251127,17.6,17.6,17.35,17.55,14,24
20251128,17.45,17.6,17.4,17.5,10,18
20251201,17.5,17.6,17.5,17.6,192,338
20251202,17.55,17.75,17.5,17.75,194,344
20251203,17.8,17.8,17.75,17.75,24,43
20251204,17.75,17.85,17.75,17.85,28,50
20251205,17.85,17.85,17.75,17.75,32,57
20251208,17.7,17.75,17.7,17.7,19,34
20251209,17.7,17.8,17.65,17.75,22,39
20251210,17.75,17.75,17.7,17.7,5,9
20251211,17.7,17.7,17.65,17.65,9,16
20251212,17.7,17.75,17.7,17.7,10,18
20251215,17.7,17.75,17.7,17.75,6,11
20251216,17.75,17.9,17.75,17.8,13,23
20251217,17.8,17.8,17.8,17.8,2,4
20251218,17.75,17.75,17.15,17.5,58,100
20251219,17.6,17.95,17.55,17.7,17,30
20251222,17.8,17.8,17.8,17.8,1,2
20251223,17.9,18,17.8,17.8,6,11
20251224,17.9,18,17.9,18,11,20
20251226,17.75,17.75,17.7,17.75,23,41
20251229,18,18,17.9,17.9,13,23
20251230,17.75,17.8,17.7,17.8,7,12
20251231,17.8,18,17.8,18,7,13
20260102,18.2,19.5,18.2,18.3,56,106
20260105,18.2,18.2,18.2,18.2,4,7
20260106,18,18,18,18,4,7
20260107,18,18,18,18,2,4
20260108,17.95,17.95,17.95,17.95,3,5
20260109,17.85,17.95,17.8,17.9,23,41
20260112,17.9,18.9,17.9,18.25,41,75
20260113,18.35,18.65,18.35,18.45,38,70
20260114,19.4,19.4,18.6,18.75,77,146
20260115,19.1,19.1,18.75,18.85,17,32
20260116,18.65,18.85,18.65,18.7,26,49
20260119,18.7,19,18.45,18.5,22,41
20260120,18.5,18.55,18.5,18.55,26,48
20260121,18.55,18.8,18.55,18.6,27,50
20260122,18.4,18.95,18.4,18.6,9,17
20260123,18.55,18.6,18.5,18.6,15,28
20260126,18.45,18.7,18.45,18.7,8,15
20260127,18.5,18.7,18.5,18.7,6,11
20260128,18.6,18.6,18.5,18.55,17,32
20260129,18.7,18.7,18.5,18.7,15,28
20260130,18.55,18.55,18.5,18.5,10,19
20260202,18.5,18.5,18.5,18.5,7,13
20260203,18.5,18.6,18.5,18.55,8,15
20260204,18.65,18.7,18.6,18.7,20,37
20260206,18.5,18.7,18.5,18.7,11,21
20260209,18.7,18.7,18.6,18.6,4,7
20260210,18.6,18.6,18.5,18.55,45,83
20260211,18.55,18.75,18.55,18.75,10,19
20260223,18.8,18.8,18.8,18.8,1,2
20260224,18.8,18.8,17.95,18.55,59,108
20260225,18.65,18.7,18.65,18.7,14,26
20260226,18.6,19.35,18.6,19.2,6,11
20260302,18.65,18.75,18.6,18.75,11,20
20260303,18.7,18.7,18.5,18.55,27,50
20260304,18.5,18.6,18.5,18.5,5,9
20260305,18.5,18.5,18.25,18.35,10,18
20260306,19.15,19.15,18.95,19,26,49
20260309,18.55,18.55,18.5,18.55,3,6
20260310,18.3,18.3,18.3,18.3,15,27
20260311,18.35,19.55,18.35,19.55,26,50
20260312,19.35,19.35,18.95,18.95,4,8
20260313,18.4,18.5,18,18.3,28,51
20260316,18.5,18.5,18.5,18.5,2,4
20260317,18.4,18.4,18,18.2,53,96
20260318,18.2,18.2,18.1,18.1,8,15
20260319,18.15,19.5,18.1,19.5,53,100
20260320,19.45,19.6,19,19.1,213,415
20260323,18.55,18.8,18.55,18.8,3,6
20260324,18.8,18.8,18.35,18.45,11,20
20260325,18.5,18.6,18.4,18.6,34,63
20260326,18.55,18.75,18.55,18.75,3,6
20260327,19.8,19.8,19.15,19.15,12,23
20260330,18.7,18.7,18.7,18.7,1,2
20260331,18.45,18.45,17.95,17.95,54,98
20260401,18.05,18.65,17.95,18.6,54,98
20260402,18.6,18.6,18.45,18.45,5,9
20260407,18.6,18.75,18.45,18.45,16,30
20260408,18.4,18.45,18.05,18.2,19,35
20260409,18.2,18.4,18.2,18.4,7,13
20260410,18.4,18.4,18.2,18.2,14,26
20260413,18.2,18.25,18.15,18.15,12,22
20260414,18.15,18.15,18.05,18.05,8,14
20260415,18,18.35,18,18.35,17,31
20260416,18.35,18.4,18.2,18.2,12,22
20260417,18.3,18.35,18.2,18.3,14,26
20260420,18.3,18.35,18,18,34,62
20260421,18.05,18.5,18.05,18.5,42,77
20260422,18.25,18.3,18.2,18.2,13,24
20260423,19,19,18.05,18.2,36,67
20260424,18.2,18.4,18.2,18.4,2,4
20260427,18,18.2,17.9,18.2,24,43
20260428,18.05,18.05,17.9,17.9,49,88
20260429,17.9,17.9,17.75,17.75,26,46
20260430,17.8,18.15,17.75,17.95,21,38
20260504,17.95,17.95,17.9,17.95,9,16
20260505,17.95,18,17.9,18,8,14
20260506,17.9,17.9,17.9,17.9,2,4
20260507,17.95,18,17.8,17.95,30,54
20260508,18,18.05,17.8,17.95,17,30
20260511,18.05,18.05,17.9,18,40,72
20260512,17.95,18,17.9,17.9,32,57
20260513,17.75,17.9,17.7,17.85,19,34
20260514,17.9,17.95,17.7,17.8,45,80
20260515,17.8,18,17.75,17.75,34,61
20260518,17.75,17.75,17.7,17.75,54,96
20260519,18,18,17.8,17.85,12,21
20260520,17.85,17.9,17.7,17.7,4,7
20260521,17.75,18,17.75,17.85,17,30
20260522,17.85,17.85,17.7,17.8,42,75
20260525,17.8,17.8,17.65,17.7,27,48
20260526,17.7,17.75,17.65,17.7,29,51
20260527,17.55,17.9,17.55,17.55,39,69
20260528,17.8,18,17.4,17.4,20,35
20260529,17.4,17.7,17.4,17.7,52,91
20260601,17.7,17.75,17.7,17.7,16,28
20260602,17.7,17.8,17.45,17.65,9,16
20260603,18,18,17.7,17.85,8,14
20260604,17.85,18.05,17.85,18.05,17,31
20260605,17.9,17.9,17.65,17.75,11,20
20260608,17.65,17.8,17.65,17.8,26,46
20260609,18.35,18.35,17.85,17.85,41,75
20260610,17.85,17.95,17.8,17.8,19,34
20260611,17.9,17.9,17.7,17.8,16,28
20260612,17.75,17.8,17.7,17.75,8,14
20260615,17.75,17.9,17.7,17.9,29,51
20260616,17.7,17.85,17.65,17.8,27,48
20260617,17.75,17.75,17.75,17.75,4,7
20260618,17.75,17.75,17.75,17.75,13,23
20260622,17.65,17.8,17.65,17.8,6,11
20260623,17.6,17.8,17.6,17.8,6,11
20260624,17.6,17.6,17.3,17.6,13,23
20260625,17.6,17.7,17.6,17.7,8,14
20260626,17.7,17.7,17.6,17.6,7,12
20260629,17.65,17.8,17.6,17.7,9,16
20260630,17.7,17.7,17.7,17.7,12,21
20260701,17.65,17.65,17.6,17.65,6,11
20260702,17.6,17.6,17.6,17.6,13,23
20260703,17.6,17.85,17.6,17.85,7,12
20260706,17.8,18.1,17.7,17.75,20,36
20260707,17.75,17.8,17.65,17.65,32,57
20260708,17.6,17.85,17.6,17.85,24,43
20260709,17.85,17.85,17.85,17.85,5,9
20260713,17.8,17.8,17.55,17.55,9,16
20260714,17.55,17.55,17.55,17.55,1,2
20260715,17.6,17.7,17.6,17.6,4,7
20260716,17.7,17.7,17.7,17.7,1,2
20260717,17.7,17.7,17.6,17.6,16,28
20260720,17.6,17.6,17.55,17.55,11,19
20260721,18.9,18.9,18.15,18.15,22,41
20260722,18.15,18.15,17.75,17.8,7,12
20260723,17.8,17.8,17.75,17.8,8,14
20260724,17.7,17.8,17.7,17.8,17,30
20260727,17.55,17.6,17.5,17.5,21,37
20260728,17.4,17.45,17.35,17.4,24,42
20260729,17.4,17.4,17.25,17.4,21,36
20260730,18,18,17.5,17.5,26,46
20260731,17.5,18,17.5,17.55,31,55
20260803,17.6,17.75,17.6,17.75,4,7
20260804,17.85,18,17.85,18,3,5
20260805,18,18,17.75,17.9,31,55
20260806,17.95,18.05,17.95,18,15,27
20260807,18.05,18.05,18,18,12,22
20260810,18.05,18.05,17.85,17.85,17,30
20260811,18.05,18.1,17.85,18,6,11
20260812,18.05,18.05,17.85,17.9,5,9
20260813,17.7,17.75,17.7,17.7,12,21
20260814,17.7,17.8,17.7,17.8,4,7
20260817,17.8,17.8,17.8,17.8,1,2
20260818,17.8,17.95,17.75,17.9,8,14
20260819,17.85,17.85,17.8,17.8,7,12
20260820,17.6,17.95,17.6,17.95,34,60
20260821,17.65,17.8,17.65,17.8,26,46
20260824,17.75,17.75,17.75,17.75,2,4
20260825,17.9,17.9,17.8,17.85,15,27
20260826,17.85,18,17.85,18,5,9
20260827,17.85,17.85,17.85,17.85,2,4
20260828,17.85,17.85,17.8,17.8,14,25
20260831,17.85,17.85,17.8,17.85,7,12
20260901,18.15,18.45,17.9,17.95,22,40
20260902,17.95,18.15,17.95,18,46,83
20260903,18.15,18.3,18.15,18.15,30,55
20260904,18.4,18.4,18.2,18.2,15,27
20260907,18.2,18.25,18.1,18.1,18,33
20260908,18.15,18.15,18,18.15,32,58
20260909,18.15,18.15,18.15,18.15,3,5
20260910,18.6,19.5,18.25,18.3,46,86
20260911,18.65,18.65,18.3,18.35,42,78
20260914,17.7,18.3,17.1,17.7,58,103
20260915,17.55,18,17.55,17.65,15,27
20260916,18,18,17.7,17.9,9,16
20260917,17.75,18,17.75,17.8,11,20
20260918,17.95,17.95,17.85,17.85,7,13
20260921,18,18,18,18,5,9
20260922,18,18.3,18,18,33,60
