# date,open,high,low,close,lot,wan
20250814,14.4,14.4,14,14.35,122,172
20250815,14.35,14.4,14,14.1,45,64
20250818,14.1,14.15,14.05,14.05,11,16
20250819,14.1,14.1,13.95,14.05,67,94
20250820,14.05,14.05,13.85,14.05,41,57
20250821,14.1,14.15,14.05,14.15,30,42
20250822,14.15,14.35,14.1,14.2,20,28
20250825,14.2,14.25,13.9,14.2,63,89
20250826,14.2,14.25,14,14.1,58,82
20250827,14.15,14.2,14,14.1,55,77
20250828,14.15,15.5,14.15,15.5,217,331
20250829,16.2,16.8,16,16.2,367,599
20250901,15.75,15.85,14.6,14.6,134,200
20250902,14.75,14.75,14.2,14.25,53,77
20250903,14.25,14.25,14,14,64,90
20250904,14.15,14.15,14,14,24,34
20250905,14.3,15.25,14.3,14.85,113,168
20250908,14.9,14.9,14.2,14.5,47,69
20250909,14.7,14.7,14.3,14.3,14,20
20250910,14.4,14.6,14.25,14.4,29,42
20250911,14.5,15.1,14.45,14.5,33,49
20250912,14.5,14.85,14.25,14.8,53,76
20250915,14.5,14.6,14.3,14.3,31,45
20250916,14.5,15.05,14.25,14.55,82,121
20250917,14.5,14.6,14.15,14.35,47,67
20250918,14.5,14.5,14.2,14.2,15,21
20250919,14.5,14.5,14.1,14.1,14,20
20250922,14.3,14.3,14.1,14.1,12,17
20250923,14.45,14.45,14,14.25,30,43
20250924,14.3,14.3,14.1,14.25,8,11
20250925,14.8,14.8,14.15,14.15,20,29
20250926,14.2,14.45,14,14.25,14,20
20250930,14.2,14.2,14.05,14.1,10,14
20251001,14,14.1,13.85,14,41,57
20251002,14.05,14.1,13.9,13.95,20,28
20251003,14.1,14.25,14,14.2,17,24
20251007,14.25,14.9,14.25,14.3,14,20
20251008,14,14,13.85,13.9,25,35
20251009,13.85,13.85,13.25,13.25,51,69
20251013,13.25,13.25,12.5,12.55,39,49
20251014,12.6,13.05,12.6,12.8,41,53
20251015,12.6,12.7,12.5,12.5,27,34
20251016,12.5,12.5,12,12,89,108
20251017,12,12.15,12,12.15,18,22
20251020,12,12,11.95,11.95,10,12
20251021,11.95,12.05,11.65,11.65,22,26
20251022,11.6,11.75,11.2,11.3,47,54
20251023,11.3,11.7,11.1,11.7,66,74
20251027,11.5,11.7,11.4,11.65,16,18
20251028,11.5,11.5,11.5,11.5,2,2
20251029,11.45,11.45,11.25,11.35,10,11
20251030,11.1,11.4,11.1,11.3,8,9
20251031,11.2,11.2,11.05,11.2,25,28
20251103,11.2,11.2,10.95,11,15,17
20251104,11,11.05,10.75,10.75,28,31
20251105,10.8,10.8,10.4,10.4,27,28
20251106,10.3,10.3,9.98,9.98,63,63
20251107,9.98,10.1,9.9,9.98,85,85
20251110,9.91,9.91,9.52,9.7,71,69
20251111,9.6,9.6,9.55,9.6,23,22
20251112,9.5,9.55,9.32,9.33,36,34
20251113,9.4,10.25,9,10.25,206,199
20251114,10.15,10.5,10,10.3,103,105
20251117,10.25,10.25,9.84,10,67,68
20251118,10.3,10.3,9.9,9.9,39,39
20251119,10.05,10.05,9.51,10,31,30
20251120,10,10.05,10,10,15,15
20251121,9.55,9.66,9.55,9.66,5,5
20251124,9.62,9.62,9.55,9.55,11,11
20251125,9.55,9.55,9.5,9.55,12,11
20251126,9.6,9.91,9.6,9.91,4,4
20251127,9.7,9.88,9.7,9.88,2,2
20251128,9.55,10.25,9.13,10.25,87,84
20251201,10.25,10.25,9.95,10.05,28,28
20251202,9.8,10.2,9.8,10.2,45,45
20251203,10,10.55,10,10.25,28,29
20251204,10.25,11.25,10.25,11.25,181,195
20251205,11.35,11.7,11.25,11.5,138,158
20251208,11.6,12.05,11.6,11.85,90,106
20251209,11.95,12.2,11.95,12,52,63
20251210,12.1,12.3,12.05,12.05,50,61
20251211,12,12.2,11.65,11.9,90,107
20251212,12,12.1,11.65,11.9,47,56
20251215,13.05,13.05,13,13.05,130,170
20251216,14.3,14.35,13.1,14.3,399,563
20251217,15,15,13.3,13.8,214,299
20251218,13.8,13.8,12.75,12.8,62,82
20251219,13.2,13.5,12.95,13.1,41,54
20251222,12.8,12.8,11.9,12.05,62,76
20251223,12.3,12.8,11.85,12.05,52,64
20251224,12.3,12.4,11.75,12.05,40,48
20251226,11.9,12.65,11.9,12.55,175,215
20251229,12.65,13.4,12.2,13.2,87,112
20251230,13.2,13.2,12.1,12.45,53,67
20251231,12.2,12.25,12.15,12.15,18,22
20260102,12.1,12.1,11.75,11.75,24,29
20260105,11.8,11.8,11.55,11.65,13,15
20260106,11.55,11.75,11.5,11.75,17,20
20260107,11.1,11.6,11.05,11.6,17,19
20260108,11.35,11.35,11.25,11.25,9,10
20260109,11.2,11.2,10.9,10.9,19,21
20260112,10.7,10.85,10.4,10.7,37,39
20260113,10.45,10.45,10.05,10.05,70,72
20260114,10.1,10.3,10,10.15,40,40
20260115,10,10.3,10,10.3,16,16
20260116,10.3,10.3,10.05,10.15,10,10
20260119,10.15,11.15,10.05,11.15,157,162
20260120,11.2,11.4,10.75,10.85,88,97
20260121,10.5,10.5,10.3,10.45,19,20
20260122,10.15,10.25,10.15,10.25,26,27
20260123,10.25,11.25,10.25,10.95,118,131
20260126,10.7,10.75,10.4,10.4,80,84
20260127,10.05,10.35,10.05,10.3,22,22
20260128,10.6,10.6,10.35,10.35,22,23
20260129,10.2,10.4,10.15,10.3,20,20
20260130,10.35,10.4,10.25,10.25,30,31
20260202,10.3,10.5,10.05,10.4,43,44
20260203,10.05,10.4,10,10.05,72,72
20260204,10.05,10.35,10,10.2,27,27
20260205,10.2,10.2,10.05,10.05,19,19
20260206,10.15,10.15,9.91,9.96,43,43
20260209,10,10.15,9.95,10.15,20,20
20260210,10,10.1,9.95,10.05,50,50
20260211,10.05,10.05,9.9,9.9,50,50
20260223,10.15,10.2,9.96,9.96,12,12
20260224,10.1,10.1,9.98,9.99,14,14
20260225,9.99,9.99,9.5,9.75,134,132
20260226,9.75,9.79,9.51,9.6,40,38
20260302,9.5,9.55,9.2,9.31,52,49
20260303,9.3,9.81,9.25,9.38,44,42
20260304,9.11,9.49,9.11,9.17,39,36
20260305,9.12,9.12,9.09,9.1,20,18
20260306,9,9.03,8.83,8.83,151,134
20260309,8.9,8.9,8.5,8.75,15,13
20260310,9.01,9.02,8.96,9.02,12,11
20260311,9,9.01,8.71,8.85,36,32
20260312,8.53,8.75,8.53,8.65,12,10
20260313,8.55,8.9,8.55,8.61,22,19
20260316,8.5,8.94,8.45,8.7,26,22
20260317,8.7,8.79,8.5,8.52,16,14
20260318,8.7,8.92,8.53,8.55,63,55
20260319,8.6,8.69,8.6,8.69,7,6
20260320,8.72,8.72,8.52,8.6,22,19
20260323,8.6,8.97,8.6,8.97,20,18
20260324,9,9,8.7,8.71,24,21
20260325,9,9,8.76,8.76,12,11
20260326,8.98,8.98,8.75,8.75,16,14
20260327,8.9,8.95,8.75,8.95,18,16
20260330,9,9,8.71,8.8,29,26
20260331,9.57,9.57,8.8,9.1,54,50
20260401,9.1,9.3,8.88,9.3,40,37
20260402,9,9.2,8.88,8.9,40,36
20260407,8.7,8.7,8.31,8.4,28,24
20260408,8.01,8.01,7.56,7.56,59,45
20260409,6.81,6.81,6.81,6.81,38,26
20260410,6.13,6.3,6.13,6.3,155,95
20260413,5.84,5.84,5.67,5.68,79,45
20260414,5.49,5.49,5.12,5.12,87,45
20260415,4.67,5.32,4.65,5.2,135,66
20260416,5.19,5.61,5.19,5.3,37,20
20260417,5.3,5.3,5.15,5.16,22,12
20260420,4.99,5.12,4.99,5.01,22,11
20260421,5.01,5.01,4.98,5,13,6
20260422,5.03,5.31,5.03,5.2,35,18
20260423,5.03,5.05,5.03,5.05,9,5
20260424,5.02,5.1,4.95,5,42,21
20260427,5,5.1,5,5.1,23,12
20260428,5.1,5.18,5,5.18,14,7
20260429,5.55,5.69,5.55,5.69,70,40
20260430,5.69,6.25,5.69,6.25,135,84
20260504,6.21,6.23,6,6.03,104,63
20260505,6,6.09,6,6.02,37,22
20260506,6,6.61,6,6.5,59,37
20260507,6.07,6.7,5.88,6.5,59,37
20260508,6.5,6.7,6.5,6.7,18,12
20260511,6.55,7.37,6.55,7.15,69,48
20260512,7.22,7.5,7.2,7.33,37,27
20260513,7.45,8.06,7.45,8.06,63,50
20260514,8.84,8.86,8.65,8.86,88,78
20260515,8.1,9.64,8.1,9.02,49,45
20260518,8.5,8.5,8.12,8.12,42,35
20260519,7.52,7.52,7.31,7.31,13,10
20260520,6.62,6.9,6.58,6.8,129,86
20260521,7,7,6.66,6.66,60,40
20260522,6.01,6.67,6,6.67,117,72
20260525,6.67,6.67,6.5,6.5,41,27
20260526,6.2,6.35,6.15,6.15,26,16
20260527,6.5,6.5,6.15,6.15,36,23
20260528,5.64,6,5.6,5.6,41,24
20260529,5.5,5.52,5.5,5.51,35,19
20260601,5.02,5.13,5,5,50,25
20260602,4.98,4.98,4.66,4.67,84,40
20260603,4.67,5.13,4.67,5.13,86,44
20260604,4.91,5.41,4.91,5.12,70,37
20260605,4.83,5,4.83,4.9,21,10
20260608,4.41,4.56,4.41,4.56,36,16
20260609,4.36,4.9,4.36,4.52,33,16
20260610,4.86,4.97,4.86,4.97,138,68
20260611,4.94,4.94,4.53,4.9,114,56
20260612,4.56,4.78,4.56,4.72,45,21
20260615,4.6,4.8,4.6,4.7,60,28
20260616,4.99,4.99,4.6,4.87,27,13
20260617,4.65,4.73,4.65,4.71,31,15
20260618,4.4,4.6,4.4,4.6,23,11
20260622,4.99,5.06,4.98,5.06,38,19
20260623,5.07,5.51,5.07,5.51,64,34
20260624,5.8,6.06,5.8,6.06,54,33
20260625,6.57,6.66,6.57,6.66,71,47
20260626,7.25,7.25,6.59,6.59,59,40
20260629,6,6.06,5.96,6.06,27,16
20260630,6.22,6.22,5.95,5.95,4,2
20260701,5.55,5.6,5.55,5.6,14,8
20260702,5.6,5.6,5.59,5.59,3,2
20260703,5.59,5.59,5.39,5.41,4,2
20260706,5.41,5.41,5.12,5.14,8,4
20260707,5.13,5.14,5.13,5.14,13,7
20260709,5.15,5.56,5.15,5.56,3,2
20260713,5.04,5.54,5.03,5.54,7,4
20260714,5.67,5.67,5.67,5.67,1,1
20260715,5.5,5.5,5.18,5.5,3,2
20260716,5.04,5.75,5.04,5.75,3,2
20260721,5.65,5.65,5.65,5.65,3,2
20260722,5.6,5.6,5.58,5.58,3,2
20260724,5.1,5.1,5.07,5.07,7,4
20260727,5.07,5.07,5.07,5.07,1,1
20260729,5,5,4.65,4.65,20,9
20260730,4.65,4.99,4.6,4.99,7,3
20260731,5.47,5.47,5.44,5.44,2,1
20260803,5.17,5.17,5.17,5.17,3,2
20260805,5.23,5.35,5.22,5.35,19,10
20260806,5.35,5.5,5.35,5.5,9,5
20260807,5.55,5.55,5.35,5.35,15,8
20260810,5.5,5.5,5.5,5.5,6,3
20260811,5.3,5.3,4.99,4.99,6,3
20260812,4.61,5.47,4.61,5.4,3,2
20260813,5.35,5.35,4.86,4.86,34,17
20260814,5.2,5.2,5.01,5.01,18,9
20260817,5.03,5.03,5,5,10,5
20260818,5,5,5,5,5,2
20260820,5.01,5.01,5.01,5.01,1,1
20260821,5.28,5.28,5.28,5.28,2,1
20260825,4.75,5.25,4.75,5,13,6
20260826,5,5,4.96,4.96,18,9
20260827,4.5,4.65,4.5,4.63,13,6
20260828,4.9,5.09,4.89,5.09,41,21
20260831,4.68,4.68,4.68,4.68,8,4
20260901,4.29,4.89,4.29,4.89,21,10
20260902,4.52,4.52,4.51,4.51,7,3
20260903,4.6,4.6,4.5,4.6,4,2
20260904,4.6,4.95,4.6,4.95,6,3
20260907,5,5,5,5,14,7
20260908,5,5,5,5,5,2
20260909,5,5,5,5,20,10
20260910,4.76,5,4.76,4.76,12,6
20260911,4.5,4.5,4.5,4.5,1,0
20260914,4.88,4.88,4.6,4.6,2,1
20260916,4.6,4.6,4.6,4.6,6,3
20260917,4.3,5,4.25,5,19,8
20260918,4.6,4.6,4.5,4.59,28,13
20260922,4.46,4.51,4.46,4.51,4,2
