# date,open,high,low,close,lot,wan
20250814,103.5,104.5,102.5,104,294,3053
20250815,105,105,102.5,102.5,105,1082
20250818,103,103,102,102.5,64,657
20250819,102,102.5,101.5,101.5,70,713
20250820,102,102.5,100,101,151,1520
20250821,101.5,102,100.5,102,56,567
20250822,102,102,101,101,34,345
20250825,101,101.5,99.9,100.5,163,1634
20250826,100,100.5,100,100,31,311
20250827,100.5,101,100,100.5,64,644
20250828,101,101,100.5,100.5,82,826
20250829,101.5,101.5,100.5,101,49,493
20250901,100.5,100.5,100,100,41,412
20250902,100.5,100.5,98.5,99.2,115,1144
20250903,99.4,100.5,99.4,100.5,34,341
20250904,100,101.5,100,101.5,65,656
20250905,101.5,101.5,100.5,101,80,808
20250908,101,101,100.5,101,43,434
20250909,101,101,100,100,40,402
20250910,100.5,100.5,99.7,100,98,980
20250911,100,100,99.5,99.6,69,688
20250912,99.8,100,98,99.7,71,702
20250915,99.2,100,99.2,99.8,35,348
20250916,99.8,99.8,99.3,99.4,32,319
20250917,99.2,99.5,98.9,99.2,33,327
20250918,99,99.3,99,99.3,17,169
20250919,98.8,99.4,98.8,99.3,41,407
20250922,99.3,99.9,98.1,99,75,743
20250923,99.1,99.1,98.3,98.8,71,700
20250924,99,99.3,98.8,98.9,50,495
20250925,99,99.5,98.6,98.7,66,653
20250926,98.7,98.7,98.1,98.1,79,776
20250930,98.3,98.9,98.1,98.4,62,611
20251001,98.5,99.3,98.4,98.4,24,237
20251002,98.8,99.1,98.3,98.3,34,335
20251003,98.2,98.5,98.1,98.3,23,226
20251007,98.4,98.4,97.8,97.8,86,843
20251008,97.8,97.9,97.2,97.2,95,927
20251009,97.1,97.2,96.4,96.5,62,599
20251013,96,96,94.3,95.5,140,1332
20251014,95.7,96.5,93.7,94.4,269,2554
20251015,93.6,94.3,92.5,93.7,467,4351
20251016,93.5,94.3,92.8,93.5,154,1439
20251017,93.5,94.4,93.1,94.1,70,657
20251020,94.1,95.5,93.9,95,59,559
20251021,95,95,94.6,94.7,33,313
20251022,94.7,95.2,94.7,95,42,399
20251023,94.9,95,94.7,94.9,34,323
20251027,95,95,93.5,93.9,144,1353
20251028,93.9,94.5,93.4,93.7,58,543
20251029,93.8,94.1,93.8,93.9,40,376
20251030,93.9,93.9,92.9,93,102,950
20251031,93.9,93.9,93.1,93.5,67,626
20251103,94.1,95,93.8,94.9,91,862
20251104,96.5,97.8,96.1,96.8,193,1868
20251105,96.1,96.8,95.5,96.5,84,807
20251106,96,96.5,95.5,95.8,66,632
20251107,95.8,95.8,94.9,95,57,543
20251110,95,95.3,94.5,94.6,59,558
20251111,95.1,96.3,95.1,95.8,105,1004
20251112,96.2,97.3,96,97.3,101,977
20251113,97.5,98.1,97.3,97.5,98,957
20251114,97,97.2,96.3,96.8,41,397
20251117,96.5,96.5,95.1,95.1,56,536
20251118,95.1,95.1,93.8,94,83,782
20251119,93.9,94.5,93.9,93.9,82,771
20251120,94.8,95.5,94.8,95,38,362
20251121,94.9,95.5,94.5,94.5,54,512
20251124,95,95.2,94.5,95.1,54,512
20251125,96,96.3,95.3,95.4,23,220
20251126,95.4,96,94.7,95.1,59,563
20251127,95.6,96.2,95.4,96,40,384
20251128,95.7,96.7,95.7,96.3,54,520
20251201,96.1,96.5,95.6,95.6,35,336
20251202,95.8,95.8,95,95.6,69,658
20251203,95.6,95.8,95.2,95.3,31,296
20251204,95.7,96.2,95.3,95.3,64,613
20251205,95.3,95.5,95.2,95.2,35,334
20251208,95.2,95.2,95,95.1,31,295
20251209,95.2,95.5,95,95,37,352
20251210,95.3,97,95.2,96.2,111,1068
20251211,96.5,96.5,95.8,96.3,48,462
20251212,96.7,96.8,95.1,95.2,105,1006
20251215,95.2,95.8,94.8,95.3,46,438
20251216,95.3,95.8,95.3,95.4,40,382
20251217,95.9,96.2,95.8,95.8,39,374
20251218,95.9,96.2,95.8,95.8,35,336
20251219,96.2,96.2,95.7,96.1,19,183
20251222,96.3,96.6,96,96.2,43,414
20251223,96.5,96.9,96.3,96.7,41,396
20251224,96.9,97.4,95.9,96.1,71,685
20251226,96.4,96.4,95.9,96,36,346
20251229,96.3,97,96.3,96.8,49,474
20251230,96.8,96.8,96.3,96.7,47,453
20251231,98.8,98.8,96.6,97.1,80,778
20260102,97.5,97.9,96.9,97.9,63,614
20260105,97.9,97.9,96.6,96.6,99,959
20260106,96.6,96.7,96.2,96.4,43,415
20260107,96.5,96.5,95.5,95.8,213,2043
20260108,95.8,96.1,95.6,96.1,119,1140
20260109,96.4,96.6,95.5,96,71,681
20260112,95.5,95.8,95,95.6,102,972
20260113,95.6,95.6,95,95.2,55,524
20260114,95.2,96,95.2,95.6,76,726
20260115,95.4,95.6,95,95.2,102,972
20260116,95.5,95.5,94.6,95,148,1405
20260119,95,95,94.6,94.8,123,1166
20260120,94.9,95.1,94.5,94.8,96,910
20260121,94.5,94.9,94.1,94.1,92,868
20260122,94.2,94.4,94.1,94.3,40,377
20260123,94.7,95.3,94.4,95.1,87,825
20260126,95.5,95.8,95.3,95.8,73,698
20260127,95.6,96.3,95,95.3,89,849
20260128,95.1,95.4,94.5,94.5,80,757
20260129,94.5,94.6,94,94.5,91,858
20260130,94,94.5,93.6,93.8,97,910
20260202,93.9,94,93.2,94,106,993
20260203,94,94.2,93.8,94,28,263
20260204,94,94.7,94,94.2,40,377
20260205,94.2,94.7,93.7,94,42,395
20260206,93.8,94.5,93.2,93.7,40,375
20260209,93.7,94,93.5,94,49,459
20260210,94.5,94.5,94.1,94.1,29,273
20260211,94.1,94.4,94,94.3,34,320
20260223,95.5,95.5,94.2,94.3,58,548
20260224,94.3,94.6,94.2,94.3,105,991
20260225,94.5,94.6,94.2,94.4,58,547
20260226,94.5,95.3,94.5,94.6,79,750
20260302,94.5,95,94.1,95,71,672
20260303,95,95.2,94.6,95,67,635
20260304,94.7,94.7,93.2,94.2,127,1192
20260305,94.1,95.1,94,95.1,72,683
20260306,94.8,96.1,94.8,96.1,76,727
20260309,94.8,95.2,94,95,157,1487
20260310,97.2,97.5,95.8,96.5,246,2373
20260311,96.5,97.4,96.5,96.9,173,1679
20260312,97,97.1,96.2,96.5,122,1178
20260313,96.6,97.4,96.4,97.1,111,1077
20260316,97.1,97.1,96.2,96.7,67,648
20260317,96.9,97.4,96.6,97.3,115,1116
20260318,97.5,98.3,97.3,97.8,148,1445
20260319,98,99.7,98,99.1,246,2429
20260320,99.7,99.8,98.1,99,157,1553
20260323,98.1,99.4,97.9,98.9,153,1514
20260324,99.7,99.7,98.8,99.5,193,1917
20260325,100,100,98.6,98.7,113,1119
20260326,98.9,99.2,98.5,98.9,147,1452
20260327,98.8,100,98.8,100,180,1790
20260330,100,100,99.1,99.3,120,1195
20260331,99,99.6,97.6,97.9,193,1905
20260401,98.6,99.5,98.4,98.4,90,887
20260402,99,99,97.8,98.1,95,933
20260407,98.5,98.5,97.6,98.3,106,1039
20260408,98.5,98.9,97.8,98.3,196,1925
20260409,98.5,98.5,97.1,97.8,213,2079
20260410,97.9,98.3,97.8,98.3,288,2822
20260413,98.9,99,98.1,98.8,418,4117
20260414,98.7,98.8,98.2,98.4,442,4348
20260415,98.6,99.1,98.2,99.1,481,4741
20260416,91,91.1,90.2,90.7,402,3642
20260417,90.7,90.8,90.5,90.5,143,1296
20260420,90.2,90.2,89.2,89.3,300,2685
20260421,89.3,89.3,87.9,88,303,2674
20260422,88,88,85.8,86.4,446,3856
20260423,86.5,86.5,84.5,85.2,302,2573
20260424,85.2,85.4,84.5,84.7,171,1452
20260427,85.2,85.2,84,84.3,171,1440
20260428,84.2,86.8,84,86.8,180,1532
20260429,86.2,86.8,85.7,85.9,89,766
20260430,85.7,85.7,84.2,84.4,154,1307
20260504,84.4,84.4,82.9,83,311,2595
20260505,83,83.3,82,83.3,145,1198
20260506,83.3,85,82.8,84.5,178,1497
20260507,85,86.2,84.5,85.2,220,1879
20260508,85.6,85.6,83.7,83.7,198,1667
20260511,83.7,84.5,83.5,84.2,101,849
20260512,84.2,84.4,83.7,83.7,113,949
20260513,84,84,83.4,83.8,108,903
20260514,83.8,84,83.4,83.6,90,754
20260515,83.7,84.6,83.7,84,156,1313
20260518,84.2,85.8,84.2,85.1,103,880
20260519,85.1,85.1,84.7,84.8,53,449
20260520,84.9,85.1,84.8,85.1,56,476
20260521,85.8,86.3,85.2,85.5,104,891
20260522,85.5,85.5,84.5,84.8,60,509
20260525,85.2,85.2,84.3,84.5,112,948
20260526,84.3,84.9,84,84.7,69,582
20260527,84.7,85.5,84.7,85.5,112,955
20260528,85.5,86.7,85.2,85.6,182,1568
20260529,86.5,87.4,85.8,85.8,156,1348
20260601,85.9,85.9,84.4,84.6,160,1358
20260602,84.6,85.1,84,84.4,139,1173
20260603,84.5,84.9,84,84.9,91,770
20260604,85.3,87.8,85.2,86.6,123,1060
20260605,86.9,87.1,85.8,86.4,68,587
20260608,86.1,95,86,89.6,1012,9180
20260609,89.6,89.6,88,88.2,223,1980
20260610,88.3,88.5,87,87.5,110,963
20260611,87.5,88.3,86.9,88.3,80,702
20260612,88.6,88.9,88.1,88.6,63,558
20260615,89,89.1,88.1,88.4,66,584
20260616,88.8,88.8,87.7,87.7,66,581
20260617,87.9,88.4,87.5,88.2,79,696
20260618,88.6,88.8,87.9,87.9,62,548
20260622,87.8,88.6,87.2,87.4,86,753
20260623,87.4,87.4,86.8,87.2,64,557
20260624,87.3,88.3,87.3,88,40,351
20260625,88,88.1,87.5,87.9,36,316
20260626,87.7,88,86.8,86.9,65,568
20260629,87.7,89.7,87.4,88,80,703
20260630,88.2,88.6,88,88.6,87,767
20260701,88.6,88.6,87.4,87.9,74,651
20260702,87.7,88.1,87.3,87.5,41,359
20260703,87.3,88.6,87.3,88.5,66,582
20260706,88.5,88.9,88.4,88.6,58,514
20260707,88.6,88.6,87.9,88.3,50,441
20260708,88,88.2,87.6,88.2,26,229
20260709,87.3,87.5,84.9,85.5,284,2433
20260713,86.4,87,86.1,87,82,709
20260714,86.2,87.5,86.2,87.5,96,835
20260715,87.5,87.7,87,87.1,34,297
20260716,88.3,88.3,87,87,24,210
20260717,87,87,85.5,85.6,85,731
20260720,85.9,86,85.4,85.7,104,892
20260721,86.4,86.4,85.7,86,63,541
20260722,86.3,87.1,86.2,86.7,48,415
20260723,86.9,86.9,86.4,86.7,60,520
20260724,86.7,87.1,86.5,86.9,22,191
20260727,86.7,86.7,86,86.3,60,517
20260728,86,86.2,85.3,85.7,92,789
20260729,85.8,88.5,84.5,84.6,87,739
20260730,84.1,84.6,83.8,84.4,110,926
20260731,85.6,85.6,84.1,84.6,89,752
20260803,85.3,85.4,84.6,85.1,50,425
20260804,85.2,85.3,84.7,85.2,24,204
20260805,85.3,86.3,85,85.1,54,462
20260806,85.1,85.9,85.1,85.7,22,188
20260807,86,86,85.1,85.1,42,358
20260810,85.3,86,85,85.2,36,307
20260811,85.9,86,85.5,85.6,32,274
20260812,86.2,86.9,85.8,86.1,48,414
20260813,86,86.1,85.1,85.6,52,445
20260814,85.9,86,85.4,85.6,27,232
20260817,86.6,86.7,85.4,85.7,37,317
20260818,86.3,86.3,85.4,85.5,40,343
20260819,85.9,86.2,84.9,85.1,50,427
20260820,86.2,86.2,84.5,84.8,83,707
20260821,85.4,85.5,84.7,85.2,42,357
20260824,85.3,85.3,84.7,85.1,42,357
20260825,85,85,84.7,84.9,29,246
20260826,85.2,85.3,84.7,85.3,24,204
20260827,84.8,85.3,84.8,85.2,25,212
20260828,85.4,85.4,85,85.4,28,238
20260831,85.4,85.7,85,85.2,48,409
20260901,85.2,85.3,84.8,85,32,272
20260902,85.2,85.3,84.8,85.2,35,298
20260903,85.2,85.6,85.2,85.6,58,496
20260904,85.6,85.7,85.1,85.7,24,205
20260907,85.7,85.8,85,85.4,50,427
20260908,85.4,85.5,85,85.1,28,239
20260909,85.4,86.2,85.3,86.1,56,481
20260910,86.2,86.3,85.4,86.1,46,395
20260911,86.1,86.1,85,86,45,386
20260914,85.2,85.8,85.2,85.5,42,359
20260915,85.5,85.5,84.8,84.8,38,323
20260916,85,85,84.7,85,28,238
20260917,85,85.4,84.8,85.1,26,221
20260918,85,85,84.4,84.7,48,406
20260921,84.8,84.8,84.6,84.6,8,68
20260922,84.5,84.6,84.2,84.2,21,177
