# date,open,high,low,close,lot,wan
20250814,150,150,146,148.5,194,2863
20250815,150,150.5,147,148.5,135,2008
20250818,148.5,150,147.5,147.5,34,497
20250819,147,150,145,149,160,2352
20250820,148,148,145,145.5,142,2070
20250821,145.5,148,145.5,146.5,47,698
20250822,146.5,148,146,147.5,36,532
20250825,149,153.5,149,150,310,4707
20250826,152.5,157.5,152,153.5,470,7248
20250827,154,158.5,153.5,158,360,5644
20250828,160.5,161.5,158,160.5,374,6002
20250829,161.5,170,161.5,169.5,821,13731
20250901,170,170,163.5,165,311,5164
20250902,165,166.5,161.5,161.5,360,5899
20250903,161.5,166.5,161.5,162.5,187,3051
20250904,162,162,159,159.5,174,2784
20250905,160,161,158.5,160,106,1701
20250908,160,164,158,164,178,2864
20250909,163.5,167.5,162.5,167.5,233,3840
20250910,167,168.5,166,168.5,151,2528
20250911,167,167.5,160.5,162,255,4149
20250912,161.5,162,160,160.5,73,1171
20250915,160.5,161.5,159,159.5,76,1214
20250916,159,160,156.5,157,178,2815
20250917,156,159,155,155,131,2054
20250918,156,156,152,154,198,3049
20250919,154,155.5,153.5,154.5,80,1228
20250922,155,159.5,152.5,157,205,3215
20250923,157,157,154.5,155.5,117,1824
20250924,155.5,159.5,155.5,157,189,2987
20250925,157,162.5,157,161.5,266,4290
20250926,161.5,166,161,163,293,4799
20250930,162.5,165,160,164,108,1761
20251001,164.5,168.5,163,166,226,3756
20251002,166,167.5,164,166.5,184,3043
20251003,167,168.5,160.5,160.5,198,3228
20251007,160.5,162,158,161,128,2040
20251008,160,161,158,158.5,97,1552
20251009,157,159.5,157,158,116,1835
20251013,155,162,155,158,290,4614
20251014,160,162.5,159,160.5,126,2030
20251015,160.5,164,160,164,166,2711
20251016,163,167,159,162.5,170,2769
20251017,162.5,164,161,162.5,64,1047
20251020,161.5,163.5,161.5,163,54,874
20251021,164,167,162.5,163,104,1716
20251022,163.5,167.5,163.5,166,239,3969
20251023,164.5,164.5,161.5,161.5,113,1834
20251027,161,163.5,159.5,162.5,91,1474
20251028,161.5,162.5,159,160,92,1466
20251029,160,161.5,158,160.5,120,1920
20251030,161,165,161,163,183,2995
20251031,163.5,165,161.5,164,111,1819
20251103,164,165,163,165,91,1498
20251104,166,170,166,168,306,5149
20251105,168,168,165,166.5,113,1877
20251106,168,169,165.5,169,296,4966
20251107,168.5,168.5,158,163,515,8322
20251110,162,162,156.5,161.5,358,5692
20251111,160.5,162.5,159,159.5,138,2214
20251112,157,160,157,157.5,124,1966
20251113,157.5,158,155.5,156,134,2095
20251114,155,157,154,155,137,2121
20251117,153.5,154.5,150.5,151,227,3455
20251118,151,157,150,152.5,245,3763
20251119,152.5,158.5,152,156,274,4290
20251120,156,160.5,156,158,152,2426
20251121,156.5,160.5,154.5,157.5,143,2267
20251124,157.5,159,157.5,158,40,631
20251125,157.5,158.5,155.5,156,56,872
20251126,156.5,158,155.5,157,96,1507
20251127,157,157,155.5,155.5,44,682
20251128,156.5,158,156,157.5,44,695
20251201,160,160,154.5,155.5,125,1952
20251202,156.5,157,154,154,34,525
20251203,154,154.5,153,153.5,52,803
20251204,152.5,154.5,152.5,154.5,56,856
20251205,154.5,156,153.5,154.5,78,1212
20251208,154.5,156,154.5,155,59,911
20251209,155,155,154,154,28,425
20251210,153.5,157.5,152.5,153.5,130,2016
20251211,154.5,154.5,150,150,235,3549
20251212,151,152.5,151,152.5,44,674
20251215,151,152.5,151,152,24,365
20251216,151,151.5,147.5,149.5,146,2178
20251217,149.5,149.5,148,148,61,907
20251218,148.5,148.5,145.5,147.5,88,1297
20251219,147,149,147,148,52,778
20251222,148,148,145,146,152,2221
20251223,146,146,145.5,146,30,439
20251224,145.5,147,144,146,83,1207
20251226,145,148,145,148,108,1588
20251229,148.5,151.5,148,149.5,111,1660
20251230,149.5,150,148,149,35,518
20251231,148,152,146.5,151,106,1596
20260102,152,152,147.5,147.5,140,2081
20260105,147.5,148,145.5,148,137,2009
20260106,147.5,152,147,150.5,166,2483
20260107,150.5,155.5,150.5,154.5,165,2539
20260108,155,158.5,153.5,158,145,2262
20260109,158.5,161,158.5,158.5,248,3965
20260112,161,161,157,159,115,1827
20260113,160,160,156.5,158.5,76,1206
20260114,159.5,160,155.5,156,95,1497
20260115,155,156.5,155,155.5,61,954
20260116,155.5,156,153,153.5,83,1279
20260119,153.5,153.5,150,151,177,2685
20260120,151,151,149,149.5,166,2488
20260121,149,150,147.5,150,110,1642
20260122,150,150.5,146.5,146.5,171,2515
20260123,148,149.5,147,148.5,90,1340
20260126,147.5,148.5,147,147.5,96,1416
20260127,148,148,146.5,146.5,140,2062
20260128,146,146,140,144.5,368,5274
20260129,143,144,140.5,141,331,4685
20260130,141,142.5,135.5,142,285,3990
20260202,141,141,138,138.5,197,2741
20260203,138.5,139.5,137.5,138.5,163,2266
20260204,140,140,138,140,146,2034
20260205,139.5,143,139,142.5,101,1428
20260206,142.5,144,139.5,143,195,2763
20260209,144.5,144.5,140,141,198,2806
20260210,141.5,142,140.5,141.5,103,1452
20260211,144,144,141.5,142,104,1480
20260223,144.5,146.5,143.5,146,182,2639
20260224,146,146,142,142.5,229,3280
20260225,143,144.5,142.5,143.5,134,1924
20260226,143.5,144,142,143,169,2415
20260302,142.5,142.5,141.5,141.5,80,1133
20260303,141.5,142,140,141,131,1841
20260304,140.5,140.5,137.5,137.5,169,2347
20260305,139,141,139,139.5,79,1100
20260306,138.5,141.5,138.5,140,56,784
20260309,135.5,139,133.5,134.5,196,2650
20260310,135,138,134.5,137.5,117,1588
20260311,139,140,137.5,138.5,89,1229
20260312,146,149,143,143.5,305,4438
20260313,142,145.5,141.5,145.5,93,1338
20260316,146.5,150,146.5,149.5,302,4491
20260317,149.5,150,146,147,281,4150
20260318,147,148.5,144.5,147.5,458,6744
20260319,145.5,145.5,142.5,143,333,4782
20260320,143,144,140.5,143,325,4638
20260323,141,144,140.5,141.5,215,3048
20260324,142,142,139,141,200,2798
20260325,144,144,140.5,142,153,2162
20260326,143.5,147.5,143,145.5,198,2870
20260327,145,145,143.5,144.5,58,840
20260330,142.5,142.5,139,139.5,222,3114
20260331,139,139,136.5,137,108,1488
20260401,140,142,139.5,141,116,1625
20260402,139,142,138.5,138.5,56,781
20260407,141.5,142,138.5,139,50,692
20260408,140,142.5,138.5,142,151,2124
20260409,142,142,138.5,139,139,1939
20260410,139.5,140.5,138.5,139,91,1265
20260413,139,141.5,139,140.5,82,1157
20260414,141,141,139.5,140,107,1507
20260415,140.5,141.5,140,140.5,105,1476
20260416,141,143,141,142,128,1815
20260417,142.5,142.5,141,142,44,618
20260420,143,143.5,142,142.5,92,1309
20260421,143.5,145,142.5,144,123,1769
20260422,144.5,145,143,144,119,1719
20260423,144,145.5,142.5,144,211,3032
20260424,145,146,143,143.5,110,1585
20260427,143.5,143.5,141.5,143.5,176,2520
20260428,145.5,150,145.5,149.5,355,5263
20260429,150,150,148,149.5,158,2348
20260430,151,152,148.5,149,82,1226
20260504,151,151,147.5,147.5,150,2233
20260505,147.5,148,146,148,134,1965
20260506,148.5,149.5,146,147.5,113,1663
20260507,147.5,147.5,146.5,147.5,124,1829
20260508,147,149.5,147,148,101,1488
20260511,148,150,147.5,147.5,121,1788
20260512,147.5,147.5,143.5,146.5,177,2577
20260513,147.5,148.5,146,146,91,1334
20260514,146.5,146.5,143,144,194,2797
20260515,143,144,141.5,142,195,2777
20260518,142,142,139,139.5,148,2067
20260519,138.5,139.5,138.5,139.5,74,1032
20260520,139.5,139.5,137,138,150,2069
20260521,138.5,140,138.5,139.5,69,963
20260522,140,140,137.5,138.5,149,2056
20260525,138.5,139,137,138,190,2625
20260526,138,138,135.5,136.5,241,3294
20260527,136.5,137.5,135,137.5,101,1379
20260528,137.5,139.5,137,138.5,105,1451
20260529,140.5,140.5,139,139.5,98,1364
20260601,139.5,142,138.5,141.5,182,2550
20260602,140.5,141.5,138.5,140,106,1480
20260603,141.5,141.5,139,139,107,1494
20260604,140,141.5,140,141,102,1437
20260605,141,141,139,139.5,128,1796
20260608,138.5,139,135,139,188,2591
20260609,138,141.5,138,141.5,106,1495
20260610,140,143,140,142,114,1623
20260611,143.5,145.5,141,144,208,2995
20260612,143.5,146.5,143.5,145.5,119,1725
20260615,147,147,144.5,145,99,1439
20260616,146.5,147,144.5,146,104,1508
20260617,145.5,146,144,144.5,267,3864
20260618,138,140,137.5,139,233,3229
20260622,139,139,135.5,136,270,3685
20260623,137,138.5,135.5,138.5,124,1696
20260624,138.5,138.5,135.5,135.5,199,2712
20260625,135.5,137.5,135,137,147,2011
20260626,136,137,135.5,136,173,2359
20260629,137.5,145,137.5,142,335,4754
20260630,142.5,143,141.5,143,92,1306
20260701,142,144,141,143,132,1878
20260702,143,146,143,144.5,125,1797
20260703,144,147.5,144,147,205,3008
20260706,148,151,147.5,151,194,2907
20260707,150.5,155.5,149.5,155,284,4311
20260708,156,156.5,153.5,156,198,3088
20260709,157,159.5,155.5,159,316,4988
20260713,160.5,161.5,156,160,340,5426
20260714,160.5,167.5,160.5,167,996,16392
20260715,168,168,160,161,371,6057
20260716,161.5,162,158.5,160,151,2411
20260717,160,161,153.5,156.5,272,4272
20260720,158.5,159,155,155.5,125,1948
20260721,158,158,154.5,157,115,1796
20260722,157.5,158,155.5,156,114,1780
20260723,156,156.5,153,154.5,107,1655
20260724,153,158,153,155.5,88,1370
20260727,157,159,156,158.5,109,1720
20260728,154.5,161,154.5,160,174,2774
20260729,160,164.5,160,164,417,6750
20260730,164,173.5,163,172,578,9754
20260731,172,174.5,166.5,168.5,447,7626
20260803,170,170,163.5,165,265,4439
20260804,166,167.5,162,164,202,3312
20260805,162.5,167,161.5,166.5,162,2669
20260806,165,166.5,162,164.5,152,2489
20260807,165,170.5,165,168.5,208,3501
20260810,168.5,171.5,165.5,171.5,126,2132
20260811,170,171,166.5,169.5,125,2101
20260812,171.5,181,171.5,179,423,7524
20260813,178.5,181,177,179.5,193,3470
20260814,179.5,179.5,175.5,176,141,2494
20260817,173.5,178.5,173.5,177.5,91,1607
20260818,176,176,174,174,86,1503
20260819,173,178.5,173,174,119,2096
20260820,176,177,174,176,62,1079
20260821,175,176,173.5,175.5,39,685
20260824,175.5,175.5,173.5,175.5,56,974
20260825,174,175,172,174.5,82,1416
20260826,174.5,177,174,175.5,48,845
20260827,176,176,173,174,34,600
20260828,174,174,169.5,171,165,2827
20260831,171,171,165.5,168,178,2987
20260901,167.5,172,167,171.5,65,1101
20260902,169,170.5,166.5,168,71,1196
20260903,167.5,167.5,164,165.5,116,1909
20260904,165,166,163,165.5,75,1245
20260907,168,168,163,164.5,113,1851
20260908,164.5,167,164.5,167,45,745
20260909,167.5,167.5,165,165.5,33,547
20260910,165.5,165.5,164,164.5,49,804
20260911,163,163,159,159.5,175,2803
20260914,158.5,162,158.5,162,32,513
20260915,160.5,161,159.5,160.5,43,694
20260916,161,161,158,158.5,109,1730
20260917,158.5,161.5,158.5,161.5,45,713
20260918,161.5,162.5,160,162,35,568
