# date,open,high,low,close,lot,wan
20250814,201,204,201,202,269,5457
20250815,203,203.5,198.5,203,277,5576
20250818,202.5,203,197.5,198,375,7476
20250819,198.5,198.5,191.5,192,437,8446
20250820,195.5,195.5,190.5,193.5,339,6555
20250821,195.5,204.5,195.5,197.5,429,8573
20250822,198,198,195,195.5,171,3357
20250825,195,201.5,195,197.5,209,4146
20250826,198.5,198.5,194,194.5,179,3497
20250827,196,205,196,200.5,607,12208
20250828,201,201,197.5,198,256,5096
20250829,199,202,196.5,198,289,5765
20250901,198,198,188,189.5,496,9513
20250902,191.5,194.5,189.5,192,323,6188
20250903,192,195,191,193,241,4642
20250904,194,196,192,193,140,2706
20250905,195.5,195.5,191.5,195,156,3029
20250908,195,201.5,195,201,432,8615
20250909,201.5,201.5,197,198,160,3181
20250910,197.5,202,196,201,359,7195
20250911,217,221,215,221,1861,41017
20250912,229,238.5,224,226.5,3589,83046
20250915,227.5,229.5,210,215.5,1190,25931
20250916,218.5,224.5,214,219,780,17045
20250917,221.5,236.5,218.5,231.5,2131,48987
20250918,231,232,220.5,221,1028,23078
20250919,220,227,215,225,797,17770
20250922,224,224.5,217.5,219,411,9047
20250923,219.5,221.5,215.5,217,436,9498
20250924,218,233.5,217,230.5,1289,29332
20250925,233,238,226.5,226.5,1368,31738
20250926,225.5,230.5,220.5,222,570,12788
20250930,225,225,220.5,224,278,6194
20251001,224,225.5,219.5,220,265,5864
20251002,221.5,224,217.5,219,302,6640
20251003,219.5,219.5,205.5,207,902,18973
20251007,207,210,203,208,338,6980
20251008,206,208,204,205,325,6682
20251009,206.5,208.5,202,202,364,7435
20251013,198,205.5,194.5,202.5,481,9606
20251014,204.5,212,202,202.5,468,9687
20251015,205.5,209.5,203.5,203.5,526,10761
20251016,204.5,206.5,196,198,662,13145
20251017,198,200.5,196,196.5,239,4726
20251020,199,199,195,196,177,3465
20251021,199,200.5,195.5,195.5,228,4515
20251022,197,198.5,195,196,176,3456
20251023,196,196.5,193,193.5,221,4277
20251027,195,195.5,191.5,193.5,161,3114
20251028,195,199.5,193,193,258,5043
20251029,193,193.5,190,192.5,238,4576
20251030,193,195,191.5,192.5,154,2978
20251031,193.5,197.5,193,195,241,4710
20251103,195.5,201,195.5,198.5,316,6283
20251104,199.5,201.5,193.5,195.5,238,4692
20251105,193.5,195,188,195,233,4475
20251106,198,199.5,196,198,176,3479
20251107,196,197,192,193,194,3766
20251110,195,195,189,191,227,4317
20251111,194,198.5,193,194.5,293,5729
20251112,196,212,196,204,1158,23803
20251113,203.5,207.5,198,199.5,431,8645
20251114,196.5,198.5,193.5,194,236,4605
20251117,196.5,196.5,190,190,247,4730
20251118,189,192,185,190,326,6164
20251119,190,190,185.5,185.5,252,4701
20251120,188,191,188,191,156,2958
20251121,189,193.5,188,192.5,196,3739
20251124,192.5,195.5,190,190,135,2595
20251125,190,191,186,187.5,264,4963
20251126,189.5,193.5,189.5,193.5,242,4648
20251127,194.5,201,194.5,198,358,7066
20251128,195.5,198,194.5,197,136,2676
20251201,196.5,199,195.5,196,104,2059
20251202,197,201,197,197.5,215,4277
20251203,198.5,200.5,196,196.5,147,2908
20251204,197.5,201,197,201,250,4980
20251205,202,202.5,199,200.5,135,2701
20251208,200.5,202,199,200.5,132,2648
20251209,200,201,199,201,93,1865
20251210,201.5,201.5,198.5,199.5,149,2971
20251211,200.5,203,194,196,510,10154
20251212,194,199.5,193.5,195,192,3762
20251215,192,197,191.5,196,244,4746
20251216,193.5,194,191,192.5,201,3874
20251217,191.5,196,191.5,194,164,3183
20251218,194,197.5,194,196,196,3832
20251219,196,201.5,195.5,200,266,5307
20251222,201,209,201,207,585,12034
20251223,208,208.5,205.5,208.5,280,5793
20251224,208.5,209.5,206,206.5,125,2590
20251226,206,209,195.5,196,529,10509
20251229,196,197,189,191.5,516,9877
20251230,191.5,191.5,188.5,189.5,180,3409
20251231,190,191,188,188,217,4101
20260102,190.5,192,189,192,165,3158
20260105,198,198,188.5,189,277,5315
20260106,190,192,188.5,188.5,154,2923
20260107,190.5,192,188.5,191.5,215,4095
20260108,191,192.5,190.5,191,71,1368
20260109,192.5,192.5,189.5,190,74,1407
20260112,192.5,195,192,193,247,4771
20260113,194,194,187.5,188.5,263,4977
20260114,189.5,193,189.5,191.5,198,3792
20260115,192,192,187.5,188.5,234,4406
20260116,190,190.5,188.5,190.5,143,2708
20260119,190,196.5,188,194.5,441,8563
20260120,195,196.5,192.5,192.5,169,3285
20260121,190.5,192,188,189,267,5054
20260122,190.5,191,189,190,122,2309
20260123,191,195.5,191,191.5,257,4970
20260126,191.5,193,190,192,131,2513
20260127,193,194,189,189.5,150,2865
20260128,189.5,190,184,189,466,8687
20260129,188.5,190,187,188.5,107,2011
20260130,189,189,183,184.5,245,4517
20260202,183.5,183.5,178.5,181,153,2763
20260203,183.5,184.5,179.5,181.5,134,2423
20260204,181,185.5,181,185.5,82,1511
20260205,185,188.5,183.5,183.5,160,2978
20260206,184,184,178,179,250,4483
20260209,181,181,179,179,88,1584
20260210,179,182,177,182,100,1800
20260211,177,177,167,169.5,806,13678
20260223,174,174,169,170,270,4600
20260224,170,171.5,169,171,131,2223
20260225,171.5,173,170.5,172,141,2420
20260226,171,173,170,171,146,2501
20260302,171,171,167.5,169.5,147,2489
20260303,169.5,170,166,167.5,159,2662
20260304,165,165.5,158.5,159,314,5063
20260305,161.5,164,159.5,163.5,172,2799
20260306,163.5,166.5,163,165.5,126,2082
20260309,158,161,154,159,231,3650
20260310,163,168.5,162.5,168.5,157,2601
20260311,179,179,173,174.5,351,6155
20260312,172.5,174.5,168,168,179,3051
20260313,163,165,163,163.5,158,2589
20260316,163.5,164.5,163,163.5,69,1123
20260317,164.5,166.5,164,164,115,1902
20260318,166,167,163.5,164,130,2150
20260319,163,163,160,161.5,129,2074
20260320,161,164,160.5,163,109,1770
20260323,162,166,160.5,161,142,2309
20260324,163,163.5,158.5,159.5,101,1622
20260325,162.5,165,160.5,165,162,2640
20260326,165.5,170.5,162,162,201,3351
20260327,161.5,162.5,158,161.5,67,1067
20260330,157.5,161.5,155.5,160,283,4467
20260331,159,161,156,156,114,1784
20260401,161,161,158,158.5,70,1118
20260402,159.5,160.5,156,156,93,1470
20260407,156.5,158,155.5,157.5,66,1028
20260408,158,166.5,158,163.5,154,2494
20260409,163.5,163.5,158.5,159.5,99,1581
20260410,161,163.5,160.5,162,99,1602
20260413,170,176.5,169,170.5,609,10536
20260414,173,173.5,168,169,254,4322
20260415,169,170,167.5,167.5,135,2270
20260416,169,172,168,169.5,136,2304
20260417,171,171.5,169,171.5,109,1852
20260420,172,173.5,171.5,172.5,157,2713
20260421,172.5,174.5,169.5,173,252,4338
20260422,173,178.5,173,177,277,4890
20260423,177.5,185,170.5,173,591,10502
20260424,173,173.5,167,169,157,2657
20260427,171.5,171.5,167,170,146,2472
20260428,170,171.5,170,171,82,1394
20260429,172.5,172.5,169.5,171,87,1485
20260430,171,171,167.5,168.5,126,2126
20260504,168.5,168.5,163.5,166.5,245,4075
20260505,168,169,167,168,93,1557
20260506,170,173.5,168,169.5,380,6505
20260507,169,169,166.5,168,167,2791
20260508,168,169.5,166.5,169,107,1801
20260511,169,169,163,163,341,5623
20260512,164.5,164.5,160,160,313,5056
20260513,166,169.5,163.5,165,661,10992
20260514,164,166,160.5,160.5,228,3688
20260515,162.5,162.5,157,158,233,3696
20260518,156,156,153,153.5,245,3775
20260519,152.5,154.5,152,152,149,2283
20260520,153,153,149,150.5,199,2990
20260521,152,154.5,150.5,152,282,4283
20260522,152.5,154,152,152.5,114,1741
20260525,153,153,149.5,150.5,229,3459
20260526,150.5,152,150,150.5,137,2061
20260527,151.5,154,150,150,366,5570
20260528,151.5,151.5,149.5,150,198,2969
20260529,152.5,153.5,151.5,153,158,2409
20260601,154,159,151.5,155.5,296,4604
20260602,155.5,155.5,152.5,154.5,220,3385
20260603,155.5,158.5,153.5,158,516,8034
20260604,159,161,156.5,159,242,3837
20260605,159,168,157.5,162.5,625,10187
20260608,153,159.5,152.5,159.5,322,5033
20260609,158.5,163,158.5,161.5,202,3252
20260610,161.5,171,161.5,166,618,10296
20260611,151,155,150,152,814,12364
20260612,153.5,153.5,151.5,152.5,321,4896
20260615,154,154,150,150.5,341,5161
20260616,151,152.5,150,151.5,163,2466
20260617,152.5,153,151.5,152,135,2062
20260618,153,153.5,151,151,239,3636
20260622,151,152,150.5,151.5,135,2045
20260623,151.5,152.5,151,152,106,1600
20260624,151,152,151,152,143,2161
20260625,153,153.5,152,152.5,114,1744
20260626,152,152,146.5,146.5,523,7767
20260629,148,155,147,152.5,362,5511
20260630,153,153,151,151.5,114,1731
20260701,152.5,154.5,151,153.5,156,2382
20260702,153.5,156,152.5,154,213,3284
20260703,153,161.5,153,160,586,9258
20260706,159.5,168.5,159.5,162,648,10663
20260707,162.5,162.5,157,157,223,3553
20260708,159.5,160,155,155.5,104,1630
20260709,157.5,157.5,154,154,111,1719
20260713,157.5,160,155.5,156.5,189,2967
20260714,157.5,159,153,154.5,264,4089
20260715,155,156.5,153.5,156,118,1836
20260716,157,157,155,155.5,66,1031
20260717,154.5,158,150.5,150.5,399,6162
20260720,152.5,153.5,149.5,151,163,2461
20260721,152,153,151.5,152,141,2147
20260722,151.5,153.5,151.5,152,151,2311
20260723,153.5,153.5,149.5,150,170,2570
20260724,151,151,148.5,149,139,2074
20260727,150.5,153.5,149.5,153,145,2212
20260728,153,153,149.5,150.5,136,2056
20260729,152.5,153,147,151,291,4345
20260730,151.5,151.5,148.5,149,136,2034
20260731,153.5,154,150.5,152,207,3148
20260803,152,152,150,151,98,1482
20260804,149.5,151,149,150.5,107,1602
20260805,151,152.5,150.5,150.5,132,2002
20260806,150.5,151.5,150,151.5,150,2266
20260807,152.5,153,150,151.5,264,4002
20260810,147,147.5,145.5,147,137,2007
20260811,148,148.5,145.5,147,119,1747
20260812,148,148,145.5,146,153,2248
20260813,147,147,145.5,146,125,1822
20260814,146,146,143.5,143.5,267,3848
20260817,143.5,143.5,141,141.5,177,2524
20260818,140.5,142,139,139.5,163,2282
20260819,139,139,136.5,138,151,2072
20260820,141,144.5,140,142,179,2542
20260821,142,143,141,143,81,1158
20260824,142.5,143,140.5,141.5,66,938
20260825,142,142,139,142,80,1115
20260826,142,144.5,141.5,144,170,2423
20260827,145,145.5,143.5,144.5,73,1049
20260828,144.5,144.5,141.5,141.5,119,1691
20260831,141.5,142.5,140.5,141,131,1854
20260901,140.5,142.5,140.5,142,98,1379
20260902,141,144.5,141,144.5,98,1404
20260903,143,143,140.5,141,92,1304
20260904,141.5,142.5,141,142,64,913
20260907,143.5,143.5,140.5,142.5,98,1394
20260908,141.5,142.5,141,141.5,29,406
20260909,140.5,142,140.5,141,38,532
20260910,140.5,141.5,140,141,49,690
20260911,141,142,140,141.5,44,626
20260914,141,142,140,142,49,692
20260915,140.5,142,140.5,141.5,41,579
20260916,141.5,142,141,142,34,485
20260917,142.5,144,142,143.5,129,1847
20260918,144.5,144.5,141.5,141.5,88,1259
20260921,141,141.5,140,140,84,1183
20260922,140.5,140.5,139,139.5,94,1308
20260923,139,140,139,139.5,54,757
20260924,139,139.5,138,139.5,67,929
