# date,open,high,low,close,lot,wan
20250814,39.85,41.25,39.5,40.5,111,449
20250815,41,41,40.1,40.55,90,363
20250818,40.5,41.4,40.2,40.75,106,433
20250819,40.5,40.6,39.85,40.1,115,463
20250820,38.85,39.25,37.9,38.4,327,1261
20250821,38.4,39.4,38.3,38.45,88,340
20250822,38.7,38.7,37,37.05,178,670
20250825,38.2,38.7,37.25,37.45,85,321
20250826,37.75,37.85,37.05,37.4,49,183
20250827,37.85,38.55,37.6,38,91,346
20250828,38.4,38.4,37.45,38.05,81,307
20250829,38.25,38.6,37.55,37.8,144,548
20250901,37.25,37.35,36.45,36.9,156,574
20250902,37.4,37.9,37.2,37.7,40,150
20250903,37.95,37.95,37.55,37.85,36,136
20250904,38.25,38.25,37.8,38.05,42,160
20250905,38.5,39.2,38.5,38.85,82,317
20250908,39.65,41.05,39,41,208,839
20250909,40.55,41.35,40.25,41.15,126,513
20250910,41.2,41.7,40.65,40.65,136,560
20250911,40.7,40.7,39.45,39.45,136,541
20250912,40.05,40.05,39.3,39.3,58,229
20250915,39.3,40.25,39.3,40.25,87,348
20250916,40.15,40.8,40.1,40.5,115,466
20250917,40.5,41.8,40.5,41.8,156,640
20250918,42.2,42.55,41.1,41.8,182,762
20250919,41.95,42.6,41.45,41.5,111,466
20250922,41.1,41.2,39.8,39.85,110,444
20250923,39.85,40.35,39.5,40.35,58,232
20250924,39.95,40.4,39.95,39.95,39,156
20250925,39.95,40,39.95,39.95,15,60
20250926,39.75,39.75,39,39.35,71,279
20250930,39.75,40.4,39.75,40.25,15,60
20251001,40.25,43,40.25,42,116,484
20251002,42.4,42.4,41,41.05,58,239
20251003,40.75,42.05,40,42.05,125,508
20251007,41.8,42,41.05,42,167,691
20251008,43,43,41,43,396,1663
20251009,42.35,44.8,42.35,44.35,515,2242
20251013,44.35,46.5,43.35,45.5,571,2588
20251014,45.8,46.5,44.3,45.55,412,1870
20251016,46.85,49.5,46.4,47.2,911,4383
20251017,47.2,48.9,47.2,48.6,410,1979
20251020,48.55,48.7,47.35,47.65,222,1059
20251021,48.4,48.9,45.3,46.3,423,1964
20251022,45.55,47.2,45.55,46.3,80,371
20251023,45.7,47.45,45.7,47,250,1171
20251027,47.05,47.05,45.7,46.05,102,470
20251028,46.15,46.2,45.7,46.2,79,363
20251029,46.2,46.25,45.4,45.4,117,536
20251030,45.75,45.75,43.6,43.75,211,939
20251031,44.25,44.25,43.5,43.75,46,201
20251103,43.75,43.75,42.8,42.8,94,406
20251104,42.65,43.25,41.5,42,112,474
20251105,41.6,42,41.5,41.85,62,259
20251106,41.85,41.85,40.4,40.5,98,402
20251107,40.7,41.7,40.5,41,62,254
20251110,41.45,43.25,41.45,43,64,273
20251111,41.65,43.8,41,41.5,84,352
20251112,41.55,42.4,40.8,40.9,67,276
20251113,41.1,41.1,40.6,40.8,53,216
20251114,40.8,40.8,40,40.15,87,350
20251117,40.2,40.35,39.25,40.35,72,288
20251118,40.3,40.45,40.05,40.3,39,157
20251119,40.35,40.5,40.3,40.4,23,93
20251120,40.4,41.2,39.85,40.2,60,241
20251121,40.45,40.5,40,40.25,74,298
20251124,39.75,41.05,39.75,40.35,29,117
20251125,41.75,42.35,40.45,41.5,42,173
20251126,40.9,41.5,40.9,41.5,10,41
20251127,41.5,42.2,41.5,41.9,45,188
20251128,41.95,41.95,41.3,41.85,24,100
20251201,41.85,41.85,41.05,41.75,12,50
20251202,41.25,41.3,40.8,40.9,30,123
20251203,40.95,41.35,40.55,41.2,88,360
20251204,41.75,43.5,41.75,42.15,140,595
20251205,42.35,42.35,41.85,41.95,7,29
20251208,41.65,41.7,40.85,40.85,34,141
20251209,40.35,40.6,39.55,40,59,237
20251210,39.8,40.45,39.5,39.6,102,405
20251211,41.3,42.95,39.8,40.2,262,1073
20251212,40.8,41,39.65,40.3,78,313
20251215,40.35,40.5,39.7,39.7,31,124
20251216,39.7,40.95,39.65,40,31,124
20251217,41.1,41.1,40.1,40.25,150,609
20251218,41.45,41.8,40.55,41.8,241,993
20251219,42,43.6,41.8,42.3,213,904
20251222,43.5,45,42.5,44,359,1578
20251223,45.45,45.45,43.3,43.35,138,606
20251224,44.2,44.2,40.85,41.7,317,1326
20251226,41.4,41.4,40.75,40.75,53,218
20251229,40.8,40.8,40,40.05,70,281
20251230,40.05,41,39.6,41,47,189
20251231,41,41,40.15,40.2,22,89
20260102,40.1,40.5,40,40.05,47,188
20260105,40.05,40.3,39.75,40.15,73,292
20260106,39.95,40.05,39.5,39.5,79,314
20260107,39.4,40.9,39.4,40,23,93
20260108,41,41,39.65,39.7,50,200
20260109,39.5,40.5,39.25,40,56,224
20260112,39.5,40.35,39.5,39.5,68,271
20260113,41.1,41.2,40,40.4,108,439
20260114,41,41.2,40.2,41.15,70,286
20260115,40.3,42.5,40.2,42.25,148,619
20260116,43,43,41.2,43,123,518
20260119,42.8,42.8,41.4,41.4,113,471
20260120,42,42,39,39,186,743
20260121,39.4,39.7,38.55,38.55,160,625
20260122,38.7,39.75,38.1,38.8,97,376
20260123,38.5,38.8,37.85,38.4,138,528
20260126,38.4,38.4,37.6,37.6,87,329
20260127,37.6,37.6,36.8,37.6,112,417
20260128,38.1,38.55,37.2,37.65,79,298
20260129,38.15,38.15,36.75,37,49,182
20260130,36.75,37.05,35.6,37.05,109,396
20260202,37.7,37.7,35.85,37.1,57,207
20260203,37.1,37.45,36.5,37.45,50,185
20260204,38.2,38.2,36.8,37.35,24,89
20260205,37.5,37.5,37.5,37.5,11,41
20260206,36.6,37.4,36.45,37.35,30,111
20260209,36.6,37,36.3,37,24,88
20260210,36.35,37,36.35,37,42,155
20260211,37,37,36.55,37,66,244
20260223,37,38.45,36.6,37,44,163
20260224,37,37,36.1,36.1,39,142
20260225,36,36,34,34.2,148,509
20260226,33.8,33.95,32.85,32.85,191,634
20260302,32.35,32.6,31.7,31.8,111,354
20260303,31.5,31.5,28.65,28.65,1045,3049
20260304,27.95,30.35,25.8,25.8,1564,4124
20260305,26.8,27.3,23.25,23.3,1990,4751
20260306,23.3,25.6,23.1,25.1,1053,2568
20260309,24.25,24.6,22.6,22.6,2069,4731
20260310,22.65,24.2,22.05,23.25,758,1777
20260311,24,24.4,21.6,21.75,1858,4201
20260312,22,23.9,22,23.9,615,1420
20260313,24.4,26.25,24,26.25,576,1453
20260316,26.6,28.85,26.3,27.6,1129,3140
20260317,27.6,27.6,25.8,25.9,711,1877
20260318,25.95,26.35,25.8,25.85,206,535
20260319,25.1,26.6,25.05,25.05,228,581
20260320,25.3,25.35,24.35,24.95,157,389
20260323,23.6,24.4,23.6,24.2,101,243
20260324,24.7,24.95,24.15,24.65,53,130
20260325,24.35,25.8,24.35,25.8,76,193
20260326,26.3,26.4,24.85,25.1,147,376
20260327,24.65,25.65,24.6,25.55,49,124
20260330,24.85,26,24.6,25.8,109,278
20260331,25.25,25.65,24.5,25.65,148,370
20260401,25.9,26.15,25.1,26.15,606,1553
20260402,26.4,28.4,26.4,26.7,407,1103
20260407,26.35,26.85,25.15,26.7,192,496
20260408,26.2,27.65,26.2,26.95,168,451
20260409,27.05,27.45,25.7,25.7,123,326
20260410,25.85,26.1,25.35,25.4,112,286
20260413,25.4,25.7,23.15,25.1,248,601
20260414,24.85,25.35,24.5,25.35,178,444
20260415,25.45,26.8,25.25,26.2,221,576
20260416,26.35,27.95,26.2,26.45,634,1719
20260417,26.45,27.05,26,26.8,63,167
20260420,27.25,27.85,26.35,27.75,594,1627
20260421,27.9,29.95,26.9,28.6,671,1909
20260422,28.5,29.7,28.15,28.95,317,914
20260423,29.55,29.55,27.8,28.5,466,1331
20260424,29.4,29.4,27.4,27.6,156,434
20260427,28.15,28.55,27.05,27.25,60,165
20260428,27.25,27.8,27.25,27.25,61,167
20260429,26.8,27.4,26.75,27.2,94,254
20260430,28,28.05,26.2,26.35,55,146
20260504,26,26,25.7,25.85,93,240
20260505,25.55,26,25.55,25.85,37,95
20260506,25.45,25.6,24.9,25.15,131,329
20260507,25.15,25.2,24.75,25.2,59,147
20260508,25,25,24.6,24.8,54,133
20260511,24.5,25.1,24.5,25,70,173
20260512,24.95,25.3,24.75,25,104,260
20260513,25,25,24.6,24.8,50,124
20260514,24.8,24.85,24.4,24.55,58,143
20260515,24.15,24.65,24.15,24.4,17,41
20260518,26.8,26.8,26.8,26.8,231,619
20260519,26.7,27.15,25.1,25.45,336,881
20260520,25.7,25.7,23.05,25,368,885
20260521,24.9,25.2,24.15,24.4,178,436
20260522,24.35,24.35,23,23.9,432,1019
20260525,23.9,23.9,23.45,23.55,111,261
20260526,23.5,23.75,23.25,23.45,86,202
20260527,23.8,23.8,22.95,22.95,101,235
20260528,22.75,23.05,22.45,22.7,121,275
20260529,22.65,23,22.55,22.9,63,143
20260601,22.9,23.4,22.7,23.3,88,202
20260602,23.05,23.05,21.75,22.6,230,515
20260603,22.3,22.95,22.3,22.8,81,184
20260604,22.7,23.4,22.7,23.4,83,192
20260605,23.4,23.75,23.3,23.7,51,120
20260608,23,23.4,21.45,23.4,156,346
20260609,23.15,23.4,22.9,22.95,73,169
20260610,22.95,23,22.35,22.65,51,116
20260611,22.95,22.95,21.7,22.05,87,192
20260612,22.5,22.5,22,22.25,31,69
20260615,22.05,22.65,21.8,22.6,36,80
20260616,22.65,22.85,22.3,22.5,35,79
20260617,22.5,22.5,22.1,22.35,44,98
20260618,22.35,22.35,22,22.15,51,113
20260622,22.15,22.4,22,22.15,49,109
20260623,22.1,22.35,22.1,22.15,14,31
20260624,22.35,22.35,22,22.25,38,84
20260625,22.2,22.25,21.85,22.1,62,137
20260626,22.1,22.25,21.55,21.75,57,124
20260629,21.9,21.9,21.55,21.7,75,163
20260630,21.5,22,21.5,21.7,75,163
20260701,21.75,22.05,21.6,21.6,36,78
20260702,21.65,21.75,21.55,21.75,21,45
20260703,21.75,22.1,21.75,22.1,40,88
20260706,22,22.1,21.65,22.1,38,83
20260707,21.9,22,21.7,21.9,23,50
20260708,21.75,21.85,21.7,21.85,29,63
20260709,21.75,21.8,21.65,21.7,33,72
20260713,21.8,23.85,21.8,23.35,340,793
20260714,23.2,23.35,22,22.75,120,272
20260715,23.1,23.15,22.65,23.05,48,110
20260716,23.05,24.6,23.05,24.15,225,538
20260717,23.6,23.65,22.9,22.9,93,217
20260720,22.6,22.95,22.6,22.85,32,73
20260721,22.95,23.1,22.8,22.95,25,57
20260722,22.95,23.1,22.75,22.95,38,87
20260723,22.8,23.3,22.8,23.05,51,117
20260724,23.4,23.4,22.75,22.95,42,96
20260727,22.8,22.9,22.8,22.9,19,43
20260728,22.8,22.8,22.3,22.3,48,108
20260729,22.1,22.55,21.5,21.9,74,162
20260730,22,22.4,21.6,21.8,34,74
20260731,21.7,22.25,21.7,21.9,82,180
20260803,22,22.4,22,22.35,32,71
20260804,22.7,22.7,22.3,22.55,28,63
20260805,22.6,22.9,22.2,22.9,93,210
20260806,22.5,22.85,22.5,22.85,7,16
20260807,22.6,22.9,22.5,22.9,11,25
20260810,23.25,23.25,22.9,23.05,21,48
20260811,22.8,22.95,22.55,22.95,28,64
20260812,23.4,23.4,22.7,23.1,34,78
20260813,22.3,23.05,22.3,22.75,22,50
20260814,23.1,23.1,22.6,22.9,32,73
20260817,22.75,22.8,22.4,22.75,13,29
20260818,22.55,22.65,22.45,22.6,14,32
20260819,22.45,22.85,22.45,22.7,26,59
20260820,22.65,22.9,22.65,22.9,7,16
20260821,22.7,22.85,22.6,22.85,34,77
20260824,22.8,23.2,22.75,23,54,124
20260825,22.8,22.9,22.55,22.85,27,61
20260826,22.75,22.8,22.55,22.8,50,113
20260827,22.85,22.85,22.35,22.5,15,34
20260828,22.35,22.6,22.35,22.45,48,108
20260831,22.35,22.45,22.05,22.4,15,33
20260901,22.5,22.5,22.2,22.25,32,71
20260902,22.05,22.1,21.8,21.8,57,125
20260903,21.8,21.95,21.8,21.9,45,98
20260904,21.8,22.1,21.7,22.1,24,52
20260907,21.85,22.25,21.85,22.15,6,13
20260908,22.2,22.2,21.8,22,29,63
20260909,21.85,22,21.8,21.95,20,44
20260910,21.95,22,21.7,21.95,20,44
20260911,21.95,21.95,21.7,21.9,9,20
20260914,21.95,21.95,21.7,21.75,17,37
20260915,21.5,21.75,21.5,21.6,38,82
20260916,21.55,21.65,21.5,21.65,23,50
20260917,21.6,21.65,21.4,21.55,24,52
20260918,21.5,21.75,21.4,21.6,27,58
20260921,21.5,21.5,21.4,21.5,41,88
20260922,21.4,23.65,21.2,23.4,445,1027
20260923,23.4,23.4,22.5,22.65,147,338
