# date,open,high,low,close,lot,wan
20250814,47.9,47.95,47.6,47.95,180,862
20250815,48.2,48.6,47.8,48.35,395,1903
20250818,48.6,48.6,48,48.5,118,569
20250819,48.6,48.8,48.1,48.8,147,715
20250820,48.95,49.05,48.5,49,176,859
20250821,49.2,50,49.2,49.5,141,698
20250822,49.55,50,49.25,50,116,577
20250825,50,50,49.55,50,95,473
20250826,50,50.4,49.6,50.3,127,635
20250827,50.4,50.5,49.95,49.95,47,236
20250828,49.8,50.4,49.8,50.3,187,935
20250829,50.3,50.3,49.8,50,156,780
20250901,51,51,49.9,50.2,80,403
20250902,50.5,50.5,49.85,50.2,108,540
20250903,49.9,50.4,49.9,50.3,103,516
20250904,50,50.3,49.9,50.2,90,451
20250905,49.95,50.2,49.85,50.2,90,450
20250908,50,50.3,49.4,50,137,684
20250909,50,50.3,49.5,50,147,735
20250910,50,50,49.75,50,224,1119
20250911,49.8,50,49.7,50,141,704
20250912,50,50.1,49.75,50.1,56,280
20250915,50.1,50.1,49.7,50,87,434
20250916,50.3,50.4,49.7,49.7,128,639
20250917,49.95,50,49.7,50,133,664
20250918,50,50.1,49.75,50,121,604
20250919,49.9,50,49.75,49.8,80,399
20250922,50,50.1,49.5,49.85,120,597
20250923,49.8,49.9,49.2,49.6,211,1045
20250924,49.6,49.6,49.1,49.6,113,559
20250925,49.25,49.5,49.25,49.5,89,440
20250926,49.4,49.95,49.25,49.95,228,1133
20250930,49.9,50,49.45,49.95,133,663
20251001,49.7,49.8,49.4,49.8,117,581
20251002,49.5,49.8,49.4,49.75,117,581
20251003,49.7,49.75,49.5,49.75,102,507
20251007,49.75,50,49.5,50,181,900
20251008,49.85,49.85,49.3,49.35,70,346
20251009,49.7,49.7,48.15,48.65,129,631
20251013,48.55,48.95,48.1,48.95,89,431
20251014,48.95,48.95,48.65,48.9,36,176
20251015,48.9,48.9,48.2,48.7,78,378
20251016,48.7,49,48.35,48.9,74,360
20251017,48.9,49,48.7,48.75,26,127
20251020,48.75,48.75,48.6,48.7,28,136
20251021,48.7,48.75,48.45,48.75,81,394
20251022,48.75,48.75,48.35,48.35,61,296
20251023,48.35,48.45,48.2,48.25,31,150
20251027,48.6,48.75,47.95,48,85,409
20251028,48.4,48.45,47.6,47.6,144,688
20251029,47.6,47.8,47.6,47.7,64,305
20251030,48.05,48.1,47.6,47.7,25,119
20251031,47.6,48,47.5,47.8,74,353
20251103,47.6,47.65,47.25,47.55,47,223
20251104,47.6,47.6,47.5,47.5,21,100
20251105,47.5,47.5,47.1,47.4,24,114
20251106,47.5,47.7,47.35,47.4,48,228
20251107,48.4,48.4,47.85,48.2,122,587
20251110,48.25,48.3,47.7,48.3,68,327
20251111,48.1,48.4,48.1,48.1,19,92
20251112,48.1,48.1,47.8,48.1,42,202
20251113,48.1,48.1,47.9,48.1,50,240
20251114,48,48.75,48,48.7,168,814
20251117,48.75,49.5,48.6,49.1,112,549
20251118,49.1,49.1,48.2,49.1,55,268
20251119,49.3,49.3,48.5,48.9,20,98
20251120,49.15,49.15,48.6,49.05,53,259
20251121,48.95,49.25,48.8,49.15,61,299
20251124,49.1,49.3,48.95,49.3,54,265
20251125,49,49.1,48.8,48.95,62,304
20251126,48.95,49.25,48.9,49.1,38,186
20251127,49.05,49.1,48.8,49.1,24,117
20251128,49.1,49.1,48.95,49,21,103
20251201,48.8,49.1,48.8,49,35,171
20251202,48.8,49,48.7,49,24,117
20251203,49,49,48.8,49,13,64
20251204,49,49,48.75,49,27,132
20251205,48.7,48.9,48.65,48.85,40,195
20251208,49,49,48.85,49,34,166
20251209,48.85,49,48.85,49,27,132
20251210,48.95,48.95,48.7,48.85,50,244
20251211,49,49.4,48.8,49,89,437
20251212,49,49.5,49,49.45,118,581
20251215,49.45,49.7,49.3,49.6,147,728
20251216,49.55,49.6,48.9,49.6,50,247
20251217,49.8,50.5,49.8,50.5,128,643
20251218,50.8,50.8,50.2,50.6,89,449
20251219,50.6,50.8,50,50.4,287,1450
20251222,50.4,50.5,50.2,50.4,82,413
20251223,50.3,50.4,50,50.3,69,346
20251224,50.1,50.2,49.9,50.1,65,325
20251226,50,50.1,49,50.1,92,458
20251229,50.1,50.1,49.5,49.85,90,448
20251230,49.85,49.85,49.5,49.65,118,586
20251231,49.7,49.8,49.4,49.8,84,417
20260102,49.8,49.95,49.45,49.85,63,313
20260105,49.7,49.9,49.45,49.6,86,426
20260106,49.7,49.7,49.25,49.65,97,480
20260107,49.65,49.7,49.35,49.5,62,306
20260108,49.5,49.55,49.25,49.55,82,405
20260109,49.55,49.6,49.4,49.6,62,307
20260112,49.6,49.75,49.5,49.6,73,362
20260113,49.55,49.65,49.5,49.6,77,382
20260114,49.65,49.65,49.4,49.65,131,649
20260115,49.65,49.85,49.35,49.65,84,416
20260116,49.65,49.65,49.3,49.5,106,524
20260119,49.95,49.95,49.25,49.55,95,470
20260120,49.6,49.6,49.35,49.5,116,573
20260121,49.45,49.5,49.15,49.45,137,675
20260122,49.45,49.45,49.1,49.4,135,665
20260123,49.3,49.3,49,49.2,138,678
20260126,49.7,49.7,49.2,49.5,115,568
20260127,49.5,49.65,49.2,49.5,138,681
20260128,49.4,49.4,49.05,49.3,110,541
20260129,49.15,49.3,49,49.25,112,550
20260130,49.25,49.25,48.9,49.15,76,373
20260202,49,49.1,48.55,48.95,112,547
20260203,49.05,49.15,48.8,49.05,107,524
20260204,49.05,49.4,49.05,49.05,154,757
20260205,49.5,49.5,49.05,49.1,48,236
20260206,49.1,49.1,48.4,48.8,93,453
20260209,48.85,49,48.65,48.75,65,317
20260210,48.7,49.05,48,48,328,1585
20260211,47.95,48.2,47.55,48.05,120,574
20260223,48.05,48.05,47.45,47.45,149,712
20260224,47.45,47.75,47.45,47.45,94,447
20260225,47.8,47.8,47.35,47.5,76,361
20260226,47.5,47.5,47.25,47.35,154,730
20260302,47.45,47.5,47.2,47.2,132,625
20260303,47.2,47.2,46.95,47.2,143,673
20260304,47.1,47.1,46.3,46.75,132,616
20260305,46.75,47.1,46.75,47.05,73,343
20260306,47.05,47.45,46.85,47.35,64,302
20260309,46.5,46.6,46.2,46.55,106,493
20260310,46.6,48.1,46.25,47.3,441,2081
20260311,47.4,47.95,47.35,47.95,117,558
20260312,47.8,47.95,47.1,47.4,90,429
20260313,47.15,47.6,46.9,47,82,386
20260316,47,47.3,47,47,53,250
20260317,47,47.05,46.9,46.9,64,301
20260318,47,47.55,46.8,47.55,116,547
20260319,47.1,47.8,47.1,47.75,160,763
20260320,47.8,47.8,47.4,47.75,116,552
20260323,47.65,47.65,46.65,47.1,133,626
20260324,46.8,47.15,46.5,47.05,64,300
20260325,47.2,47.3,46.9,47.1,65,306
20260326,47.05,47.2,46.9,47.1,89,419
20260327,47.25,47.25,46.9,47.1,36,169
20260330,47,47.15,46.8,47.1,98,460
20260331,47.1,47.5,46.9,47.05,69,325
20260401,47.5,47.5,47.05,47.3,53,250
20260402,47.5,47.5,47,47.3,83,391
20260407,47.8,47.8,47.1,47.4,54,256
20260408,47.8,47.8,47.2,47.6,57,270
20260409,47.75,47.75,47.3,47.7,55,262
20260410,47.8,48.15,47.45,47.7,57,272
20260413,47.65,47.65,47.15,47.55,98,465
20260414,47.85,47.85,47.3,47.6,69,328
20260415,47.8,48,47.5,47.65,83,395
20260416,47.9,47.95,47.55,47.9,59,282
20260417,47.8,47.9,47.55,47.55,50,238
20260420,47.6,47.75,47.4,47.65,67,319
20260421,47.6,48.4,47.5,48.3,174,833
20260422,48.3,48.7,48.05,48.4,125,605
20260423,48.4,48.4,47.85,48.3,180,868
20260424,48,48.25,47.55,48,68,326
20260427,47.7,47.85,47.5,47.85,65,310
20260428,47.85,47.85,47.45,47.6,66,314
20260429,47.4,47.4,47.25,47.25,86,407
20260430,47.85,47.85,47.2,47.35,58,274
20260504,47.4,47.4,47.05,47.1,117,552
20260505,47.2,47.25,46.9,47,149,701
20260506,47,47.3,46.2,47,244,1142
20260507,46.8,47.05,46.55,47.05,192,899
20260508,47.05,47.7,46.75,47.7,179,847
20260511,47.5,47.55,47.05,47.3,116,549
20260512,47.3,47.3,46.2,46.7,182,851
20260513,46.7,46.9,46.3,46.5,99,460
20260514,46.8,46.8,46.25,46.65,141,656
20260515,46.9,46.9,46.25,46.6,61,284
20260518,46.7,46.75,46.1,46.65,53,246
20260519,47.2,47.2,46.6,46.6,23,107
20260520,46.5,46.65,46.4,46.65,41,191
20260521,46.65,46.7,46.35,46.5,57,265
20260522,46.75,46.75,46.15,46.5,133,617
20260525,46.85,46.85,45.5,45.5,238,1092
20260526,45.5,45.75,45.25,45.5,126,572
20260527,45.4,45.5,45.05,45.15,184,832
20260528,45.3,45.55,44.8,45.15,137,616
20260529,45.5,45.5,44.7,44.95,178,798
20260601,44.95,44.95,44.3,44.95,365,1629
20260602,44.9,44.9,44.45,44.85,189,845
20260603,44.85,44.85,44.2,44.85,252,1125
20260604,44.85,44.85,44.5,44.85,168,752
20260605,44.85,45.25,44.65,45.15,150,676
20260608,44.85,44.9,44.45,44.9,134,599
20260609,45.05,45.15,44.9,45.1,126,568
20260610,45.1,45.1,44.8,45,60,270
20260611,44.95,45,44.55,44.9,122,546
20260612,45,45.3,44.9,45,52,234
20260615,45,45.05,44.75,44.95,94,422
20260616,45.1,45.1,44.6,44.85,47,210
20260617,44.65,44.7,44.55,44.55,61,272
20260618,44.6,44.6,44.3,44.3,156,692
20260622,44.3,44.35,44,44,305,1347
20260623,44,44,43.5,43.65,214,935
20260624,43.5,43.5,43,43.1,208,898
20260625,43.2,43.35,42.5,42.5,319,1367
20260626,42.75,43,42.5,42.8,219,935
20260629,42.8,43.3,42.8,43.25,91,393
20260630,43.4,43.85,43.25,43.65,199,868
20260701,44,44,43.4,43.5,129,562
20260702,43.4,43.6,43.35,43.4,50,217
20260703,43.45,43.8,43.45,43.8,104,454
20260706,43.9,44.5,43.9,44,135,596
20260707,44.05,44.25,43.85,44.25,63,277
20260708,44.25,44.25,43.9,43.9,47,207
20260709,43.7,44,43.7,43.95,33,145
20260713,43.95,43.95,43.05,43.1,115,499
20260714,43.05,43.25,42.7,43.25,52,223
20260715,42.95,43,42.75,42.8,121,519
20260716,42.8,42.95,42.65,42.65,129,552
20260717,42.65,43.25,42.4,42.85,95,407
20260720,42.7,42.7,42.1,42.4,161,681
20260721,42.45,42.45,42,42,316,1330
20260722,42.45,42.7,41.95,42.05,133,560
20260723,41.3,42.25,41.2,41.75,186,776
20260724,41.45,42.1,40.8,41.95,663,2736
20260727,42.6,42.7,41.95,42.3,91,385
20260728,42.25,42.6,42.2,42.25,44,186
20260729,42.5,42.7,42.25,42.45,93,395
20260730,42.65,43,42.55,42.65,65,278
20260731,42.9,43.15,42.65,42.85,74,318
20260803,42.85,43.15,42.75,42.75,77,330
20260804,43,43.05,42.8,43.05,33,142
20260805,43.1,43.15,43,43.05,107,461
20260806,43.8,43.8,43.2,43.3,124,539
20260807,43.5,43.65,42.85,42.9,113,487
20260810,43,43.45,42.85,43.25,177,765
20260811,43.7,43.7,43.15,43.25,398,1725
20260812,40,40.2,39.8,40.05,316,1263
20260813,40.05,40.3,39.95,40.3,54,217
20260814,40.6,40.6,40.1,40.3,72,290
20260817,40.55,40.55,40.25,40.55,69,279
20260818,40.6,40.6,40.3,40.4,50,202
20260819,40.3,40.6,40.05,40.4,61,246
20260820,40.5,40.5,40.25,40.5,44,178
20260821,40.5,40.55,40.25,40.4,81,327
20260824,40.5,40.6,40.35,40.55,48,194
20260825,40.5,40.55,40.3,40.5,33,133
20260826,40.7,40.9,40.5,40.85,105,428
20260827,40.95,41,40.7,41,42,172
20260828,41.15,41.25,41,41.1,64,263
20260831,41.25,41.3,41,41,60,247
20260901,40.95,41.3,40.7,40.9,41,168
20260902,41.2,41.3,40.8,41,74,304
20260903,41.25,41.3,40.95,40.95,27,111
20260904,41,41.05,40.9,40.95,32,131
20260907,41.05,41.55,41.05,41.3,133,549
20260908,41.3,41.3,41,41,18,74
20260909,41,41,40.8,41,40,164
20260910,40.9,41.35,40.85,41,70,288
20260911,41,41.4,40.95,41,13,53
20260914,41.15,41.15,40.75,40.75,70,286
20260915,40.75,41.55,40.75,40.8,73,300
20260916,40.9,41,40.75,40.75,42,172
20260917,40.9,41.5,40.9,41.25,84,346
20260918,41.25,41.35,41,41,57,234
20260921,41.35,41.35,40.75,40.85,26,107
20260922,40.85,41.1,40.85,40.95,63,258
20260923,40.95,40.95,40.75,40.9,20,82
20260924,40.85,41.6,40.55,40.85,59,240
