# date,open,high,low,close,lot,wan
20250814,56.6,58.1,56.1,57.8,157,899
20250815,57.8,60.1,57.5,59.7,314,1861
20250818,60,60.5,59,60.1,203,1215
20250819,60,60.5,59.5,60,106,636
20250820,60.2,60.2,58.8,59.2,58,344
20250821,59.5,59.9,58.7,58.8,79,467
20250822,58.7,58.8,58.2,58.2,52,304
20250825,58.6,58.6,57.9,58.2,82,478
20250826,58.3,59,58.3,59,67,394
20250827,59,59.5,59,59.1,55,326
20250828,59.2,61.2,59.2,60.9,169,1023
20250829,61.1,63.1,60.9,61.3,287,1779
20250901,64.2,67,63.5,63.5,647,4202
20250902,63.5,63.5,62.4,62.5,122,767
20250903,62.5,64.2,62.5,63.4,125,795
20250904,68.6,68.6,66.3,66.4,498,3360
20250905,67.9,67.9,65.8,66.8,211,1410
20250908,67.1,68,67,67.1,236,1593
20250909,67.2,67.2,65.8,66.1,174,1154
20250910,66.6,66.8,65.6,66.4,121,803
20250911,66.7,67.4,66,66.5,166,1104
20250912,66.8,66.8,65.9,66.1,84,555
20250915,66.7,67.6,66.4,67.1,173,1163
20250916,68.1,68.1,66.6,66.8,83,557
20250917,67,68.5,67,67.5,136,923
20250918,68.1,68.9,67.6,68.5,167,1141
20250919,69,69,67.6,67.9,113,768
20250922,68,68,67.5,67.8,53,359
20250923,67.9,67.9,67.1,67.2,108,727
20250924,67.5,70.6,67.5,70.1,546,3816
20250925,70.3,70.8,69.6,70.4,189,1325
20250926,70.1,71.1,69.9,70.1,249,1753
20250930,72,73.3,71,73,404,2916
20251001,74,74,71.2,71.7,216,1555
20251002,71.2,72.1,71.2,71.8,116,832
20251003,71.8,71.8,70.5,71.2,138,982
20251007,71.3,71.5,70.5,70.5,147,1042
20251008,70,72.3,69.7,72,170,1213
20251009,71.9,72.6,70.8,70.9,125,895
20251013,70.8,71.4,69.4,71.1,93,659
20251014,71.6,72.5,70,70.6,105,749
20251015,70.6,71,70.3,70.9,40,283
20251016,71.1,71.3,70.2,70.2,80,565
20251017,70.2,71,70.1,70.3,38,267
20251020,70.3,70.3,68.5,69.8,106,735
20251021,69.8,70.2,69.2,69.5,57,397
20251022,69.1,70.6,69,70.6,170,1186
20251023,70.6,71.5,70.6,70.9,57,404
20251027,71.5,73,71.5,72.3,203,1469
20251028,72.5,73.5,72,73.1,199,1450
20251029,73.5,75,73.5,73.9,159,1179
20251030,74.1,74.8,72.6,73.3,125,922
20251031,73.3,74.4,72.5,74.2,133,980
20251103,74.5,75.4,74.4,74.9,115,859
20251104,75,76,74.2,75.2,191,1440
20251105,76,76.4,73.8,74.5,239,1792
20251106,75.4,75.4,72.5,73.4,183,1338
20251107,73.4,73.4,72.3,72.5,97,707
20251110,73.6,73.6,71.5,72.5,65,468
20251111,73,74.9,73,74.7,232,1722
20251112,74.4,74.4,73.1,73.5,95,699
20251113,73.1,73.3,72.6,73,63,459
20251114,72,73.1,71.6,71.6,84,606
20251117,72.4,73,71,71.9,122,879
20251118,71.6,72.6,70.8,70.9,92,656
20251119,70.6,71.2,70.2,70.8,72,510
20251120,71,71.8,71,71.3,19,136
20251121,70.2,71.4,70.2,70.8,37,263
20251124,70.7,72.9,70.7,72.5,86,622
20251125,72.2,72.6,71.8,72.2,42,303
20251126,72.5,72.8,72,72.4,82,594
20251127,72,73.2,72,72.7,29,209
20251128,72.5,73,72.1,72.8,31,225
20251201,72.9,73,72.3,72.6,35,254
20251202,72,72.8,71.9,72.6,27,196
20251203,72.6,73.2,72.4,73,70,510
20251204,73.1,74.4,73.1,74.3,181,1340
20251205,75.7,75.7,74.3,75,177,1326
20251208,75.8,75.8,73.4,73.8,79,584
20251209,74.9,75,73,73.1,68,499
20251210,73.1,73.1,72.6,72.8,25,182
20251211,73.6,73.6,72.1,73,57,414
20251212,73,73.3,72.7,72.8,14,102
20251215,72.8,73.6,72.7,73.6,35,255
20251216,72.7,72.7,72,72.2,38,274
20251217,72.2,72.6,71.7,72.2,85,613
20251218,71.2,72.1,71.2,71.4,45,322
20251219,71.5,72,71.4,71.5,53,380
20251222,71.4,72,71.4,71.8,43,308
20251223,72,72.3,71.5,71.7,84,604
20251224,71.8,72.6,71.8,72.6,45,326
20251226,72.8,73.7,72.2,72.3,125,908
20251229,72.1,72.5,72.1,72.4,46,332
20251230,72.4,72.4,72,72.1,9,65
20251231,71.8,72.2,71.8,72.1,109,784
20260102,72.1,72.2,71.6,71.7,125,898
20260105,71.6,71.7,70.2,70.4,206,1455
20260106,72.7,72.7,70.3,71.6,100,716
20260107,71.7,72.2,71.3,71.8,131,943
20260108,72.1,72.2,71.9,72.1,54,389
20260109,71.7,72.1,71.7,71.7,49,352
20260112,71.4,72,71.4,71.9,65,466
20260113,71.8,72.1,71.5,71.9,65,467
20260114,71.7,72.8,71.5,72.7,108,781
20260115,72.5,72.7,71.9,72.4,154,1112
20260116,72.4,73.3,72.4,73.2,128,934
20260119,74.3,75.2,73.6,74.8,194,1449
20260120,75,75.7,74.3,74.6,93,696
20260121,74.6,74.6,73.7,73.7,86,637
20260122,74,74.2,73.7,73.9,64,473
20260123,73.6,73.6,72.6,72.9,69,504
20260126,72.9,73.4,72.9,73.2,72,526
20260127,73.2,73.2,72.4,72.8,74,538
20260128,73.8,73.8,72.6,72.8,51,371
20260129,72.8,73.1,72.6,72.7,43,313
20260130,72.5,72.5,71,71.3,122,873
20260202,71.3,71.3,70.3,70.5,65,458
20260203,71,71.2,70.5,71.1,56,397
20260204,71.4,72.1,71.1,71.9,42,300
20260205,71.9,71.9,71.4,71.4,21,151
20260206,71,71,70,71,50,352
20260209,71.1,71.1,70.4,70.6,72,509
20260210,70.3,70.7,70.1,70.5,74,521
20260211,70.9,70.9,70,70.2,109,766
20260223,70.2,70.6,69.4,70.1,91,637
20260224,70,70.1,69.3,69.5,226,1574
20260225,69.6,69.9,69.3,69.3,87,605
20260226,69.3,69.7,69.2,69.6,166,1154
20260302,69.5,69.9,69,69.6,150,1039
20260303,69.6,69.6,69,69.5,99,685
20260304,69,69,67.7,68,244,1659
20260305,68.2,70.2,68.2,69.9,190,1326
20260306,69.9,70.5,68.9,70.3,78,545
20260309,68.6,69.8,68.3,68.8,138,952
20260310,70,70,68.8,69.8,106,736
20260311,68.8,69.2,67.7,68.9,225,1544
20260312,69,69,67.8,68.5,202,1377
20260313,68.3,68.8,68,68.3,73,499
20260316,68.3,68.9,68.2,68.6,80,549
20260317,69.5,69.6,68.6,68.7,113,778
20260318,68.9,69.1,68.7,68.9,76,524
20260319,69.4,69.4,68.5,68.5,74,508
20260320,68.5,68.6,68,68.2,45,308
20260323,67.8,67.8,67.3,67.4,81,547
20260324,67.8,67.8,66.6,67.5,97,652
20260325,68.2,68.2,67.8,68,47,319
20260326,68,68.3,68,68,23,157
20260327,68,68,67.5,67.9,33,223
20260330,67,68.6,67,67.2,54,365
20260331,66.8,67.3,66.5,66.8,71,474
20260401,67.2,67.6,67,67.3,42,282
20260402,67.3,67.3,66.8,67,48,321
20260407,67,67,66.1,66.7,22,146
20260408,67.1,67.5,67.1,67.3,58,390
20260409,67.7,68,67.1,67.8,66,446
20260410,67.6,68.5,67.6,68.2,47,320
20260413,68.1,68.2,67.8,67.9,81,551
20260414,67.5,68,67.5,68,93,630
20260415,68.2,68.2,67.6,67.9,79,536
20260416,67.7,68,67.5,67.7,138,934
20260417,68,68.7,67.9,68.4,94,642
20260420,68.6,68.9,68.2,68.6,140,960
20260421,68.6,68.7,68.4,68.5,123,843
20260422,68.6,68.8,68.5,68.8,117,803
20260423,69,69.1,68.5,69,224,1537
20260424,69,69,68.5,68.7,109,748
20260427,67.8,68.2,67.2,68,168,1136
20260428,68,68.6,68,68.6,65,444
20260429,68.5,68.9,68.4,68.7,56,384
20260430,68.7,69.1,68.7,68.7,38,262
20260504,69.2,69.2,68.3,68.9,92,632
20260505,68.9,68.9,68.2,68.8,125,855
20260506,63.4,65,62,64,1570,9931
20260507,64,64.2,62.9,63.8,315,2004
20260508,63.8,63.9,63.3,63.7,226,1437
20260511,63.3,64,63,64,266,1691
20260512,64,64.5,63.8,64.5,164,1051
20260513,64.9,64.9,64.4,64.8,93,602
20260514,64.8,65,64.7,64.7,105,680
20260515,64.7,64.7,64.1,64.2,90,579
20260518,63.6,64,63.6,63.9,45,288
20260519,64,65,63.9,64,91,584
20260520,64,64.6,64,64.3,43,277
20260521,64.4,64.7,64,64.2,124,796
20260522,64,64.5,64,64.2,134,860
20260525,64.3,64.4,63.7,63.9,218,1394
20260526,64.2,64.3,63.9,64,147,942
20260527,64,64,63.4,63.5,419,2665
20260528,63.5,64.1,63.4,63.6,249,1587
20260529,64.2,64.5,63.8,64.5,483,3096
20260601,60,60,58.7,59.3,595,3521
20260602,59.1,59.8,58.8,59,135,797
20260603,59.5,59.5,58.5,58.8,212,1245
20260604,58.5,58.5,58,58.2,206,1198
20260605,57.8,58.2,57.7,57.9,97,562
20260608,56.7,57.1,56,56.9,135,766
20260609,57.5,57.6,57.4,57.5,66,379
20260610,57.2,57.2,56.3,56.7,106,601
20260611,56.3,56.3,55.1,55.6,140,780
20260612,55.7,56.2,55.6,56.2,116,647
20260615,57.1,57.1,56,56.3,96,539
20260616,56.3,56.3,55.5,55.7,158,880
20260617,56,56,55.7,55.9,57,319
20260618,56,56.4,56,56.2,115,646
20260622,56.3,56.3,55.5,55.7,98,548
20260623,55.9,56.3,55.8,56.3,56,314
20260624,56,56.3,56,56.2,52,292
20260625,56.3,56.6,56.3,56.3,75,424
20260626,56.1,56.3,55.8,56,162,908
20260629,56,56,55.4,55.6,109,606
20260630,56.5,56.5,55.6,56,30,168
20260701,56,59.2,55.9,58.8,253,1455
20260702,58,60.5,57.5,60.5,189,1123
20260703,60.1,60.8,59.5,60.1,130,784
20260706,60.1,60.1,59,59.2,66,392
20260707,59,59,57.6,57.7,75,436
20260708,57.7,57.7,57,57.4,44,252
20260709,56.6,57.5,56.4,57.3,19,108
20260713,57.3,57.4,56.4,56.8,62,352
20260714,56.4,56.4,55.7,55.9,43,241
20260715,56.1,56.8,55.8,56.4,45,253
20260716,56.2,56.7,56,56.4,51,287
20260717,56.4,56.4,55.5,55.7,85,474
20260720,55.4,55.8,55.1,55.7,47,261
20260721,55.8,56.3,55.8,56.3,41,230
20260722,56.3,56.3,55.8,55.8,36,202
20260723,55.8,58.4,55.6,58,143,814
20260724,58,58,56.8,57,100,572
20260727,58,58,56.8,56.9,70,401
20260728,56.8,56.8,55.7,55.7,77,432
20260729,55.8,55.8,54.6,55.3,145,799
20260730,55.3,55.3,54.1,54.1,182,993
20260731,54.2,55,53.5,53.6,204,1100
20260803,53.6,53.9,53.4,53.5,34,182
20260804,53.5,53.9,53.4,53.8,32,171
20260805,53.1,53.1,51.5,52,392,2038
20260806,52,52.5,51.2,51.9,104,539
20260807,51.7,51.7,51,51.5,85,436
20260810,51.4,51.5,51.2,51.5,84,431
20260811,51.7,51.8,51.3,51.8,70,361
20260812,51.5,51.8,51.2,51.8,65,334
20260813,51.8,51.8,51.3,51.6,64,329
20260814,51.3,51.6,51.1,51.4,74,380
20260817,51,51.2,50.8,51,83,423
20260818,50.8,51,50.6,50.6,58,294
20260819,50.4,50.8,50.4,50.6,37,187
20260820,51,51,50.5,50.5,41,208
20260821,50.5,50.7,50.4,50.6,44,222
20260824,50.8,50.8,50.6,50.7,32,162
20260825,50.6,50.6,50.3,50.4,45,227
20260826,50.4,50.4,50.1,50.2,54,271
20260827,50.2,50.5,50.1,50.3,45,226
20260828,50.3,50.3,50.1,50.3,33,166
20260831,50.2,50.3,50.1,50.3,40,201
20260901,50.5,50.5,50.2,50.5,39,196
20260902,50.3,50.4,50,50.2,88,441
20260903,50.2,50.3,50,50.3,96,481
20260904,50.1,51.5,50,51.3,100,505
20260907,51.3,51.4,50.5,51,37,188
20260908,50.5,50.9,50.3,50.3,19,96
20260909,50.4,50.7,50.3,50.6,27,136
20260910,50.1,50.8,50.1,50.7,22,111
20260911,50.2,50.8,50,50.1,62,311
20260914,50,50.5,49.85,50,95,475
20260915,50,50,49.65,49.9,33,164
20260916,49.9,49.9,49.4,49.9,84,416
20260917,49.4,49.95,49.4,49.9,49,243
20260918,49.9,50.1,49.5,50.1,123,612
20260921,50.1,50.1,49.05,49.75,63,312
