# date,open,high,low,close,lot,wan
20250814,189,194.5,188.5,191,5280,101281
20250815,189,193,185,190.5,3393,64118
20250818,194,205,192,203,8843,175649
20250819,202.5,202.5,194.5,195,4835,95278
20250820,194,200,191,197,3127,61099
20250821,199.5,214,198,210,6529,135705
20250822,210,214,206.5,207,3144,65991
20250825,210,218,208,214.5,4660,99317
20250826,215,223,214,220.5,6912,151703
20250827,224,228.5,218,223,4105,91464
20250828,220,225,220,223,1545,34375
20250829,224,238,223.5,229.5,5591,129462
20250901,229,234.5,227,228,3778,86808
20250902,233,235.5,208.5,217,6891,151888
20250903,219,233,218,230.5,3442,77989
20250904,233,234,222.5,224.5,2565,58133
20250905,227,241.5,227,241.5,4091,96078
20250908,235,239.5,225,237,4054,94793
20250909,242,248.5,237,237.5,5534,134174
20250910,234,236.5,228.5,231,3728,86442
20250911,231,235,220,221.5,5010,112726
20250912,225,226.5,209,210,5559,119490
20250915,211.5,212,197.5,201.5,4430,89586
20250916,203.5,216.5,201.5,215,4414,93385
20250917,213,217,206,210,2412,50936
20250918,213.5,219,210.5,213,1861,39913
20250919,214,215,208,212.5,5805,123122
20250922,215,217,207,214,1868,39751
20250923,214,214,205.5,206,1684,35233
20250924,206,208,201,203,1483,30170
20250925,203.5,211,201,208.5,1518,31346
20250926,206,210,202,210,1326,27407
20250930,203.5,215,203,204.5,4025,83558
20251001,205.5,209,205,207.5,871,18060
20251002,210.5,214,204,205.5,2285,47624
20251003,205.5,208,202.5,205.5,920,18878
20251007,210,213.5,202.5,205,1514,31209
20251008,205,211,203.5,208.5,942,19595
20251009,208.5,211.5,206,209.5,789,16480
20251013,206,208.5,203.5,207,971,20006
20251014,210,212,198.5,201,1878,38274
20251015,203,221,203,219,5396,116214
20251016,220,220,206,207,4276,90942
20251017,205,209,203.5,207,1094,22556
20251020,207.5,212,203,206,1465,30395
20251021,206,207.5,200,202,1415,28685
20251022,203,205,195.5,195.5,1990,39502
20251023,193.5,196,180.5,189.5,3684,69142
20251027,194,195,187,190.5,1415,26924
20251028,190.5,192,183,187.5,1164,21787
20251029,189,191,185,185,1068,20026
20251030,186,187,177,182.5,3142,57082
20251031,182.5,190.5,182,184.5,2022,37700
20251103,185,187.5,182,183,749,13776
20251104,183,187,181.5,183.5,1044,19182
20251105,182,188,179.5,187.5,1332,24400
20251106,186.5,189,181,188.5,1491,27711
20251107,188,190,186.5,188,735,13838
20251110,188,192,184,187,1178,22009
20251111,188,191,177,177,2637,48476
20251112,176.5,178,171.5,172.5,2546,44220
20251113,172.5,175,168.5,170,1839,31462
20251114,168.5,172,161,162,2126,35273
20251117,162,162.5,153.5,157.5,2868,45385
20251118,155,165,155,158,1631,25963
20251119,158,165,157.5,162,1479,24052
20251120,162.5,167,162.5,165,977,16074
20251121,161,163,157.5,161.5,1313,21040
20251124,162,177,162,174.5,3428,59312
20251125,174.5,175,170.5,171.5,1559,26831
20251126,174,174.5,170.5,172,867,14929
20251127,176,181.5,174,175.5,1719,30615
20251128,175,177,172.5,175.5,720,12599
20251201,177,178.5,172.5,177.5,902,15871
20251202,179.5,180.5,175,175,853,15106
20251203,177,178,174,175.5,787,13854
20251204,176.5,177.5,173.5,174.5,489,8569
20251205,174.5,176.5,170,170.5,843,14497
20251208,170.5,172.5,168,171.5,667,11360
20251209,171.5,173,169.5,170.5,399,6821
20251210,172,173.5,168.5,173,527,9044
20251211,175,175,167.5,167.5,946,16132
20251212,168,172,166,166.5,720,12134
20251215,166,170,163,169.5,716,11984
20251216,169,170.5,166.5,170,644,10840
20251217,171.5,172.5,165,166.5,848,14254
20251218,165.5,169,165,165,477,7920
20251219,168.5,171.5,167.5,169.5,1074,18192
20251222,169.5,172,161.5,165.5,1508,24996
20251223,165.5,167,163,166,441,7295
20251224,167,170.5,166,170,595,10027
20251226,169.5,175,169,172.5,719,12397
20251229,172,174,169.5,170.5,483,8260
20251230,167.5,168,161.5,166.5,1757,28924
20251231,167.5,169,165,167.5,504,8432
20260102,169.5,169.5,163.5,165.5,966,15943
20260105,166,168,163,167,820,13541
20260106,167.5,170.5,166,169.5,841,14185
20260107,170,174.5,168.5,171,1094,18718
20260108,170.5,174,170,171.5,667,11475
20260109,171.5,173.5,166.5,170,1060,17905
20260112,168,169.5,165.5,165.5,893,14911
20260113,168,168,162.5,165.5,964,15880
20260114,166.5,178,165,174.5,1475,25519
20260115,175,191.5,173,188,3743,69173
20260116,187,188.5,181,184,3026,55827
20260119,185,190.5,184,188,2671,50195
20260120,186,198,185,188.5,3180,60768
20260121,187,189.5,182,184,2037,37673
20260122,188,192,185,188.5,2549,48264
20260123,191.5,191.5,186.5,190,1433,27046
20260126,190.5,207,189,204,8339,168185
20260127,206,207.5,197.5,204,4412,89417
20260128,205,209,201.5,209,3907,80439
20260129,215,219,202.5,207,7713,161445
20260130,208,210.5,186.5,196.5,12754,250436
20260202,193.5,203.5,193.5,202,5188,103666
20260203,207,210,202.5,208,4777,98908
20260204,208,208.5,198,199.5,2989,60666
20260205,195,198,189,193,4196,81170
20260206,191,194,182.5,192,2299,43266
20260209,196.5,196.5,188,188.5,1374,26263
20260210,188.5,193.5,186.5,189.5,1275,24281
20260211,189.5,190.5,186,186,805,15155
20260223,190,194.5,190,192,2220,42733
20260224,193,200,188.5,199.5,3192,62159
20260309,89.8,89.8,89.8,89.8,1636,14691
20260310,91,97.2,88.8,90.5,6315,58297
20260311,93,99,90.6,96.5,4042,38352
20260312,96,99.5,94.6,94.6,2457,23637
20260313,94,94,91.6,92,1597,14804
20260316,92,92,87.6,88,2726,24418
20260317,89.3,90.4,88,89.1,1186,10585
20260318,89.1,89.7,84.2,84.7,3013,25980
20260319,84,86.5,81.2,82.1,3291,27473
20260320,83.4,84.6,79.9,81.7,2596,21114
20260323,80,82.9,80,81.7,1824,14854
20260324,83.5,85,81.6,82,1594,13235
20260325,83.1,85,82.5,84,1380,11577
20260326,84.1,85.4,81.1,82.6,1963,16237
20260327,82.2,83,80.8,82,1055,8614
20260330,81.6,82.9,80.2,82.7,1262,10281
20260331,82.6,82.7,79.3,80.5,2525,20312
20260401,83,83,80.6,82,1154,9396
20260402,83.4,83.4,79.9,80.1,1478,11920
20260407,81.5,82.5,80.7,81.9,809,6602
20260408,83.1,84.4,82.5,83.2,988,8218
20260409,83.4,83.7,81.1,82.4,1055,8638
20260410,82.7,82.7,80,81,2437,19670
20260413,82.2,82.7,80.6,81.7,1122,9136
20260414,82.3,89.8,82.1,88,3321,28987
20260415,89.4,89.4,86.5,87,1466,12843
20260416,88.9,89.5,86.1,86.6,1437,12555
20260417,87.5,91.1,87.1,89.9,1630,14594
20260420,91,98.8,90.5,98.8,4279,41235
20260421,99.8,105,97.6,101,9416,96022
20260422,99.4,103.5,98.9,99.5,3520,35390
20260423,99.8,100.5,92.2,94.8,4644,44455
20260424,94.8,97.5,91.8,92.6,2676,25132
20260427,93,93,87.6,89.5,2873,25571
20260428,89.6,90.3,87.8,87.9,1435,12697
20260429,87.9,90.9,87.6,90.2,1149,10284
20260430,91.3,92.4,88.9,89.5,4135,37303
20260504,89.6,89.8,88.4,88.5,3897,34689
20260505,90.8,95,87.5,92.8,3483,31235
20260506,93.1,93.9,89.9,92,2934,26805
20260507,92.8,92.8,90.5,91.5,1796,16457
20260508,91.6,94.3,89.5,92.5,2147,19735
20260511,93.5,93.5,90.4,92.5,2080,19127
20260512,93,94.7,92.2,92.7,1678,15608
20260513,92.8,96.5,91.7,96,2887,27311
20260514,97.6,102.5,97.6,100.5,4929,49367
20260515,102,103.5,98.2,98.4,4348,43376
20260518,98.2,104,97.2,100,2848,28781
20260519,100,103.5,99,102,3282,33295
20260520,101.5,101.5,96.4,98.9,4780,47172
20260521,102,103.5,99.6,100,3416,34486
20260522,102,102.5,99,101,3462,34761
20260525,103,107,100.5,105.5,5976,61878
20260526,105.5,108,100,101.5,3732,38370
20260527,102.5,103,99.5,100,3059,30735
20260528,101,102,96.2,97,5022,49436
20260529,98.6,103,98.5,100.5,3625,36452
20260601,101,106,100,103.5,3865,39903
20260602,103,104.5,100,102.5,2016,20577
20260603,101.5,103,99.3,99.7,2123,21300
20260604,99.7,105,99.3,100,2362,23985
20260605,102.5,104,99.8,102,3306,33802
20260608,93.4,105.5,93.4,100.5,4085,41151
20260609,101,105.5,100,101.5,3096,31709
20260610,101,102.5,98.3,98.6,2686,26875
20260611,98.6,102,95.2,98.2,3343,32739
20260612,100,108,100,106.5,11157,118025
20260615,105,106.5,102,103,6493,67412
20260616,103.5,105,100,100.5,3173,32279
20260617,100.5,101,99.4,100,1837,18372
20260618,101,102.5,99.5,100,2074,20761
20260622,100,103,99.2,100,2254,22657
20260623,100.5,102.5,98.5,100.5,2195,21978
20260624,100,106,99.6,104.5,4260,43833
20260625,104,114.5,102.5,114.5,11167,125731
20260626,120,122.5,109.5,111,20303,233967
20260629,111.5,113,103.5,105,8351,89817
20260630,105,110,104,108.5,3124,33654
20260701,108.5,110,105.5,108,2690,29025
20260702,107,109.5,106,107.5,1293,13936
20260703,107,108,105,105.5,2340,24863
20260706,106.5,116,106,116,6761,76157
20260707,115,118.5,112.5,115,7723,89038
20260708,116,123.5,115,119.5,10148,121775
20260709,122.5,122.5,116.5,118.5,6901,82198
20260713,118.5,119.5,113,115,3881,44908
20260714,113,115,110,115,4207,47277
20260715,116,126.5,114.5,126.5,9534,117642
20260716,124.5,130,124.5,129.5,12490,159233
20260717,125,128.5,117,117,8228,100299
20260720,117,117.5,108.5,116.5,6566,74499
20260721,118,119.5,116,118.5,3123,36713
20260722,119.5,121.5,116.5,118,3506,41836
20260723,118,119,114,115.5,3111,36122
20260724,115,116,110.5,111,2810,31565
20260727,111,111,106.5,109,3056,33149
20260728,104,104,98.1,98.1,5391,53681
20260729,96.2,96.5,88.3,89.5,5801,52751
20260730,88.4,91.5,83.3,86.6,6416,56113
20260731,93.5,93.9,85.9,88.7,6199,55664
20260803,88,95.7,86.4,93.6,2710,25085
20260804,93.4,100.5,92.7,98.8,3142,30736
20260805,100,103.5,99.3,99.4,2173,21891
20260806,99.4,103,98.2,101,1715,17249
20260807,99.5,101,97,98,1479,14593
20260810,96.7,104.5,96.6,102,2499,25371
20260811,100,106.5,100,105,2276,23570
20260812,105,109,103.5,107.5,2319,24742
20260813,108.5,108.5,105,105,2230,23788
20260814,105,109.5,105,108,2802,30380
20260817,108,113,107,110,3226,35727
20260818,109.5,111.5,107.5,109,2305,25219
20260819,107,111.5,105,109,3116,34058
20260820,109,114,108.5,112,3141,35331
20260821,111.5,111.5,105,106,3513,37789
20260824,106,108.5,104,105.5,1236,13070
20260825,105,113,105,112,7591,83211
20260826,112,118.5,109.5,115,6770,77769
20260827,114,115.5,103.5,105,9075,96942
20260828,88.5,96.2,88.5,94.3,8046,74731
20260831,94.3,96,91.3,96,3794,35562
20260901,94.3,95.2,92.9,93.7,2110,19797
20260902,93,93,90.3,90.8,1645,15030
20260903,90.8,92.4,89.7,89.7,1753,15884
20260904,90.1,92.6,88.7,91.4,2210,20013
20260907,92.2,94.3,91.2,94.2,1969,18333
20260908,94,94.6,91.6,92.4,1998,18506
20260909,92.8,95.5,92.6,93.4,2565,24045
20260910,93.4,93.5,91.8,92.3,1894,17536
20260911,91,91.7,90.1,90.6,1716,15577
20260914,90.5,91.6,88.5,90.6,1609,14512
20260915,90.8,92.7,85.1,85.8,2886,25526
20260916,86.2,90.7,85.9,89.3,2302,20456
20260917,89.3,91.4,88.4,89.1,1194,10709
20260918,90.1,92.9,89.1,92.9,2043,18652
20260921,92.8,95.9,92.3,94.9,2248,21262
20260922,95.1,96.5,93.3,93.7,1193,11274
20260923,95.1,95.1,92.2,93.2,1063,9974
20260924,93.3,93.4,92,92.6,642,5940
