# date,open,high,low,close,lot,wan
20250814,43.1,43.45,43.1,43.2,174,753
20250815,43.2,43.2,42.85,43,255,1096
20250818,43,43.05,42.7,42.7,216,924
20250819,42.75,42.85,41.8,41.9,607,2556
20250820,41.5,41.5,40.75,41.25,367,1509
20250821,41.2,41.8,41.15,41.3,173,716
20250822,41.3,41.3,40.75,40.9,202,827
20250825,41.05,41.3,41,41.1,116,477
20250826,41.1,41.1,40.7,40.7,334,1364
20250827,41.05,41.35,40.75,41.2,241,991
20250828,41.45,41.95,41.35,41.55,143,595
20250829,41.95,41.95,41.15,41.2,177,734
20250901,41,41.35,40.95,41.1,191,784
20250902,41.1,41.1,40.7,40.75,123,503
20250903,40.5,40.5,40.15,40.3,284,1145
20250904,40.1,40.7,40.1,40.55,187,757
20250905,40.7,41,40.4,40.4,125,507
20250908,40.25,40.3,39.6,39.7,574,2291
20250909,39.7,39.7,39.2,39.4,401,1578
20250910,39.4,39.4,38.8,39.2,500,1952
20250911,39.15,39.2,38.35,38.45,379,1467
20250912,38.45,38.55,38,38.25,419,1603
20250915,38.25,38.65,38.25,38.35,135,518
20250916,38.35,38.35,38,38.15,149,568
20250917,38.15,38.3,37.75,37.75,322,1221
20250918,37.8,38.25,37.8,37.95,194,738
20250919,38.25,39.6,38,39.25,564,2202
20250922,39.25,39.25,38.7,38.8,194,755
20250923,39.1,39.4,38.65,39.2,225,881
20250924,39.4,39.8,39.25,39.5,228,901
20250925,39.4,39.95,39.4,39.6,245,974
20250926,39.6,39.6,38.75,38.8,214,834
20250930,38.6,38.8,38.05,38.75,107,411
20251001,38.7,39,38.45,38.85,95,368
20251002,38.65,39.5,38.65,39.05,135,527
20251003,39.15,39.15,37.2,37.45,922,3480
20251007,37.2,37.2,36.35,36.6,577,2114
20251008,36.8,36.8,36.15,36.25,246,894
20251009,36.25,36.4,35.6,35.65,627,2243
20251013,34.95,35.4,34.35,35.05,381,1331
20251014,35.6,35.75,34.45,34.5,353,1231
20251015,34.55,34.55,34,34.4,314,1074
20251016,34.5,34.8,34.3,34.7,280,967
20251017,34.15,34.6,34.15,34.35,133,456
20251020,34.35,34.55,34.15,34.2,174,596
20251021,34.4,34.7,34.2,34.5,214,737
20251022,34.65,35.2,34.65,34.95,411,1436
20251023,34.95,34.95,34.35,34.4,177,611
20251027,34.55,34.75,34.25,34.7,221,762
20251028,35,35.1,34.5,34.6,186,645
20251029,34.55,34.8,34.25,34.6,245,846
20251030,34.45,34.8,34.15,34.2,158,543
20251031,34.4,34.65,34.25,34.55,132,456
20251103,35.2,35.25,34.2,34.25,154,531
20251104,34.5,34.65,34.25,34.5,71,244
20251105,34.7,34.7,33.8,34,347,1180
20251106,34.2,34.45,34.2,34.45,79,271
20251107,34.35,34.45,33.7,33.7,295,999
20251110,34.4,37,34.4,36.05,773,2782
20251111,35.95,35.95,35.45,35.6,189,675
20251112,35.1,36.2,35.1,36,211,756
20251113,36,37,35.9,36.95,290,1055
20251114,36.9,37.1,36.4,36.85,341,1258
20251117,37.1,37.1,36.65,37.05,187,689
20251118,37,37.45,36.6,36.6,392,1448
20251119,36.65,37.2,36.65,37.1,168,621
20251120,37.1,38.1,37.1,37.7,407,1542
20251121,37.5,37.55,36.5,36.8,304,1122
20251124,37.45,37.85,37,37.3,163,610
20251125,37.7,37.7,37,37.2,82,305
20251126,37.25,37.3,37,37.1,57,212
20251127,37.2,37.85,36.85,36.9,60,222
20251128,37.3,37.65,36.9,37.6,143,535
20251201,37.6,38.3,37.6,38,120,456
20251202,38.4,38.5,37.95,38.05,107,407
20251203,37.95,38.3,37.8,37.8,141,536
20251204,37.6,37.65,37.5,37.55,80,301
20251205,37.45,37.65,37,37,134,500
20251208,37.05,37.05,36.55,36.6,98,360
20251209,36.6,36.6,36.25,36.45,84,306
20251210,36.4,36.8,36.4,36.55,124,453
20251211,36.65,37.2,36.5,36.85,96,354
20251212,36.95,37.85,36.95,37.45,100,375
20251215,37.2,37.2,36.5,37.15,62,229
20251216,37.2,37.45,36.7,37.05,129,478
20251217,36.8,37.3,36.75,36.75,72,266
20251218,37.1,37.5,36.6,37.15,98,362
20251219,37.2,37.4,37,37.35,100,372
20251222,37.4,37.8,36.85,37.2,117,435
20251223,37.2,39,37,38.8,760,2914
20251224,38.8,38.8,37.3,37.5,440,1661
20251226,37.5,37.6,36.75,36.8,257,952
20251229,37.1,37.3,36.85,36.9,90,333
20251230,36.75,36.9,36.7,36.7,91,335
20251231,36.7,36.8,36.2,36.45,138,504
20260102,36.45,36.65,36,36.2,172,624
20260105,36.3,36.3,35.15,35.3,308,1095
20260106,35.15,35.2,34.8,34.95,284,993
20260107,34.95,34.95,34.35,34.4,293,1010
20260108,34.4,34.4,34,34.15,204,695
20260109,34.4,34.45,33.8,34,256,870
20260112,34,34.2,33.8,33.95,214,726
20260113,34.1,34.4,33.85,34.3,215,733
20260114,34.4,35,34.4,34.9,187,650
20260115,34.75,34.9,34.35,34.55,201,694
20260116,35.1,37.7,35,37.25,1060,3894
20260119,37.4,40.95,37.25,40.95,1527,6123
20260120,40.4,41.05,39.5,40.3,949,3819
20260121,39.05,39.75,39.05,39.6,315,1240
20260122,40.15,40.15,39.15,39.4,322,1278
20260123,39.5,39.75,39,39.4,261,1026
20260126,39.8,39.9,39.3,39.45,200,792
20260127,39.95,39.95,38.85,39.25,234,915
20260128,39.3,39.7,39.25,39.5,163,642
20260129,39.4,40.5,39.1,39.1,419,1663
20260130,39.5,39.5,38.1,38.1,258,994
20260202,38,38,37.1,37.3,266,996
20260203,38.2,38.2,36.85,37.75,257,962
20260204,37.5,38,37.15,37.9,142,534
20260205,38.4,38.9,37.8,38,218,835
20260206,37.8,37.85,36.2,36.9,272,1001
20260209,37.5,37.8,36.75,37.05,176,653
20260210,37.9,38.4,37.1,37.65,140,527
20260211,37.2,37.6,36.95,37.3,211,786
20260223,37.2,38.15,37.2,37.95,275,1038
20260224,37.95,38.25,37.45,38,199,751
20260225,38,38.2,37.45,37.7,156,588
20260226,37.55,37.7,37.05,37.25,254,949
20260302,36.8,37.1,36,37,240,883
20260303,37,37,36.35,36.6,243,888
20260304,36.35,36.45,35.3,35.5,490,1749
20260305,35.75,36.6,35.65,36,281,1011
20260306,36,36.15,35.25,35.9,224,799
20260309,35.3,35.3,34.4,34.55,398,1380
20260310,35.35,35.35,34.9,35.2,144,505
20260311,35.2,36.9,35.2,36.65,333,1203
20260312,36.6,37.2,35.9,36.25,258,940
20260313,35.95,36,35.35,35.4,239,851
20260316,35.4,35.6,35.1,35.2,172,606
20260317,35.55,36.45,35.55,36.45,277,999
20260318,36.8,38.85,36.8,38.4,883,3383
20260319,38.1,38.2,36.8,38,557,2092
20260320,38,38.8,37.4,37.4,363,1382
20260323,36.85,37.05,36,36.5,285,1044
20260324,37.4,37.6,36.5,36.55,154,568
20260325,36.85,37.05,36.35,36.55,93,340
20260326,36.55,36.65,36.15,36.25,165,601
20260327,36.1,37.25,35.95,36.8,213,779
20260330,36.75,37.35,36.3,36.55,177,650
20260331,36.3,36.7,36,36.25,180,653
20260401,36.9,37.95,36.45,37.35,339,1264
20260402,37.45,38.2,37,37.95,360,1356
20260407,37.8,38.15,37.55,37.85,204,771
20260408,37.8,40.1,37.8,39,832,3260
20260409,38.7,39.9,38.7,39.5,450,1770
20260410,40.15,42.65,39.9,42.5,1705,7084
20260413,42.85,43.6,42.3,42.7,980,4197
20260414,42.75,46.95,42.7,46,3084,14055
20260415,45.5,45.8,44,44.35,1178,5279
20260416,44.9,44.95,43,43.5,607,2658
20260417,43.5,45.25,42.6,44.85,747,3271
20260420,45.65,46.1,44.4,44.6,568,2559
20260421,45.3,45.3,42.95,43.6,1589,6953
20260422,43.75,44.1,43,43.05,370,1609
20260423,43.2,44.4,41.6,43.05,747,3193
20260424,43,43,41.2,41.65,570,2382
20260427,41.65,41.65,39.9,40.7,517,2087
20260428,41.55,43.3,40.45,42.6,489,2063
20260429,42.2,42.7,41.75,42.25,179,753
20260430,42.6,42.75,41.8,42.5,222,940
20260504,43.05,43.4,42.2,42.85,432,1844
20260505,42.9,44.05,42.9,43.9,388,1685
20260506,43.85,43.85,42.6,42.9,480,2062
20260507,43,47.15,42.8,45.4,2067,9488
20260508,45.3,46.2,43.8,44.2,781,3493
20260511,45.7,48.35,44.55,45.4,1886,8809
20260512,46.4,46.4,42.4,43.9,1097,4851
20260513,43.7,43.7,41.85,42.8,592,2517
20260514,42.75,43.1,41.65,42,481,2036
20260515,42.5,43.4,41.8,42.5,581,2464
20260518,42.45,42.45,41.55,42.1,333,1395
20260519,42.2,43.35,41.95,42.05,327,1391
20260520,42,42.2,40.9,41.2,381,1580
20260521,41.5,42.05,41.5,41.85,297,1240
20260522,42,42,40.75,40.8,597,2453
20260525,41.45,41.45,40,41.1,539,2187
20260526,41.7,41.75,40.7,41,348,1431
20260527,41.55,41.55,40.2,40.3,389,1576
20260528,40.5,42.2,40.5,41.45,767,3160
20260529,41.45,42.2,41.25,41.7,382,1592
20260601,41.8,42.1,41.2,41.7,481,1999
20260602,41.7,42,40.55,41,487,1994
20260603,40.85,41.75,40.85,41.5,377,1558
20260604,41.6,42.35,41.5,41.55,238,995
20260605,41.5,41.5,40.75,41.4,424,1738
20260608,39.55,40.2,39,40.2,357,1415
20260609,40.8,40.85,40.2,40.4,193,780
20260610,40.2,40.4,39.95,40.1,349,1400
20260611,39.9,40.8,39.55,40.5,246,988
20260612,40.6,41.5,40.6,41.35,264,1087
20260615,41.7,42.2,41.65,41.85,321,1344
20260616,42,42,41.05,41.3,177,733
20260617,41.25,41.9,40.95,41.6,206,853
20260618,41.75,42.8,41.75,42.3,426,1800
20260622,42.3,42.45,41.85,42.2,381,1606
20260623,42.5,42.5,41.3,41.65,260,1084
20260624,40.9,41.65,40.9,41.45,217,896
20260625,41.8,41.8,41.3,41.4,172,713
20260626,41.65,41.65,41.1,41.1,279,1152
20260629,41.6,41.7,41.1,41.65,167,692
20260630,41.8,42,41.6,41.7,150,626
20260701,41.9,41.9,41.2,41.35,205,850
20260702,41,41.15,40.55,40.8,285,1162
20260703,40.8,41.5,40.8,41,202,832
20260706,41.4,41.4,40.9,41,161,662
20260707,41,41.25,40.35,40.35,207,840
20260708,40.35,40.5,39.85,40.35,170,682
20260709,40.35,40.35,39.95,40.1,116,465
20260713,40.1,40.1,39.65,39.7,290,1156
20260714,40.2,40.2,39.15,39.6,235,928
20260715,40.1,40.45,40,40.25,180,724
20260716,40.25,40.35,39.85,39.85,161,646
20260717,39.45,39.65,38.9,38.9,434,1701
20260720,38.9,39.15,38.2,38.5,193,746
20260721,38.6,39.3,38.6,38.95,122,476
20260722,39,39.35,38.85,38.85,269,1051
20260723,38.05,38.05,37.3,37.7,266,1004
20260724,37.7,38,37.55,37.55,100,377
20260727,37.55,37.55,37.15,37.3,155,579
20260728,36.9,37.05,36.5,36.8,294,1080
20260729,36.75,36.85,35.55,36,385,1390
20260730,35.8,36.25,35.8,36,116,418
20260731,36.6,37,36.1,36.6,171,627
20260803,36.4,37.15,36.4,36.9,89,327
20260804,36.9,37.4,36.9,37.2,134,498
20260805,37.9,37.9,37.4,37.6,110,414
20260806,37.6,38,37.45,37.9,91,342
20260807,37.9,38.95,37.9,38.6,169,649
20260810,38.6,38.85,38.45,38.85,132,510
20260811,38.45,40,38.45,39.45,340,1339
20260812,39.45,40.65,39.45,40.05,235,942
20260813,41.9,43.45,41.9,42.8,1670,7139
20260814,42.7,43.4,42.2,43,691,2971
20260817,43.2,43.25,42.05,42.25,443,1884
20260818,42.25,42.3,41.55,41.55,319,1335
20260819,41.4,41.6,41,41.25,150,619
20260820,41.75,42.1,41.5,42,192,803
20260821,42.15,42.4,41.8,42.25,245,1032
20260824,42.25,42.6,42.05,42.45,244,1033
20260825,42.45,42.75,42.15,42.7,249,1057
20260826,42.8,44,42.7,43.75,699,3036
20260827,43.3,43.6,43,43.1,237,1025
20260828,42.9,42.95,42.45,42.7,173,738
20260831,42.7,42.8,42,42.15,203,860
20260901,42.55,42.6,42,42.15,101,426
20260902,42.15,42.15,41.65,42,112,469
20260903,42.2,42.9,42.2,42.5,295,1254
20260904,42.7,42.9,42.1,42.4,137,582
20260907,42.7,42.7,41.75,42.25,186,783
20260908,42.1,42.1,41.75,41.85,118,495
20260909,41.85,41.95,41.75,41.9,95,397
20260910,41.9,41.9,41.5,41.8,85,354
20260911,41.55,41.7,41.5,41.7,64,266
20260914,41.5,41.5,41.2,41.4,87,360
20260915,41.4,41.4,41,41,90,370
20260916,41,41.35,40.9,41.15,124,510
20260917,41.55,41.55,41.2,41.35,83,343
20260918,41.5,41.5,40.3,40.3,195,795
20260921,40.55,41,40.55,40.75,152,620
20260922,40.5,40.75,40.4,40.7,73,296
20260923,40.7,40.7,40.55,40.6,118,479
