# date,open,high,low,close,lot,wan
20250814,28.45,28.75,28.25,28.6,16354,46694
20250815,28.6,28.75,28.25,28.75,19113,54521
20250818,28.75,28.8,28.5,28.55,12293,35196
20250819,28.5,28.6,28.2,28.45,12972,36827
20250820,28.45,28.6,28.05,28.05,23689,66749
20250821,28.2,28.4,28.15,28.2,12931,36594
20250822,28.25,28.4,28.15,28.35,7759,21959
20250825,28.5,28.65,28.3,28.6,20579,58737
20250826,28.6,28.85,28.1,28.25,213559,603546
20250827,28.5,29.35,28.5,28.55,23146,66675
20250828,28.7,29.15,28.6,28.7,19239,55611
20250829,28.95,29,28.65,28.85,8589,24740
20250901,28.8,28.8,28.25,28.3,11327,32196
20250902,28.35,28.45,27.95,28.1,17994,50567
20250903,28.15,28.3,28.1,28.25,4794,13519
20250904,28.3,28.55,28.2,28.5,9373,26672
20250905,28.6,28.8,28.45,28.55,7293,20841
20250908,28.7,28.75,28.5,28.55,6097,17430
20250909,28.65,28.75,28.5,28.7,149239,428225
20250910,29.25,29.5,29,29.05,40989,119628
20250911,28.9,28.95,28.1,28.1,34692,98309
20250912,28.1,28.35,28.1,28.1,14547,40967
20250915,28.25,28.45,28.15,28.2,5878,16609
20250916,28.3,28.55,28.2,28.25,9953,28214
20250917,28.3,28.7,28.3,28.4,12927,36826
20250918,28.55,28.8,28.5,28.65,11763,33717
20250919,28.75,29,28.65,28.8,15449,44499
20250922,28.85,29.1,28.8,28.95,8354,24160
20250923,28.95,29.1,28.7,28.9,9442,27230
20250924,28.95,29.1,28.75,28.8,6525,18817
20250925,28.95,29.05,28.8,29,11056,31974
20250926,29,29,28.4,28.5,11021,31476
20250930,28.8,28.9,28.6,28.85,9358,26953
20251001,28.95,29.05,28.7,28.75,9772,28228
20251002,29,29.05,28.8,28.85,8926,25827
20251003,28.95,28.95,28.65,28.65,9110,26205
20251007,28.7,28.9,28.55,28.8,6983,20098
20251008,28.9,28.95,28.7,28.85,6692,19324
20251009,28.85,29.9,28.85,29.7,31240,92174
20251013,29.05,29.15,28.8,29,15782,45711
20251014,29.05,29.25,28.55,28.55,15427,44546
20251015,28.75,28.95,28.6,28.95,14386,41569
20251016,29,29.65,28.95,29.2,12718,37205
20251017,29.25,29.45,29.05,29.15,8009,23410
20251020,29.3,29.6,29.15,29.2,8873,25981
20251021,29.4,29.45,29.2,29.25,5298,15535
20251022,29.45,30.2,29.4,30,21810,65193
20251023,30,30.25,29.85,30.1,10031,30131
20251027,30.3,30.4,29.65,29.7,10290,30711
20251028,29.8,29.9,29.15,29.2,12560,36793
20251029,29.35,29.5,29.2,29.25,7055,20663
20251030,29.25,29.35,28.9,29.05,9688,28095
20251031,29.2,29.5,29.05,29.3,11906,34903
20251103,29.5,29.5,28.65,28.7,13971,40292
20251104,28.7,28.95,28.55,28.65,8175,23448
20251105,28.6,29.05,28.4,29.05,8613,24728
20251106,29.2,29.4,28.8,29.4,7579,22119
20251107,29.35,29.4,29.15,29.3,6380,18683
20251110,29.25,29.25,28.8,28.85,6119,17693
20251111,29.1,29.15,28.85,28.95,4087,11831
20251112,29.05,29.55,28.95,29.4,10842,31817
20251113,29.5,30.2,29.5,29.8,15295,45646
20251114,29.85,30.8,29.5,29.9,25655,77814
20251117,30.3,30.5,29.7,29.75,12682,38072
20251118,29.5,29.5,28.9,29.1,15815,46083
20251119,29.2,29.45,29.05,29.4,8235,24129
20251120,29.6,29.8,29.45,29.6,9774,28968
20251121,29.4,29.7,29.2,29.3,8607,25282
20251124,29.5,30,29.5,29.85,11688,34802
20251125,29.85,30,29.55,29.85,6997,20852
20251126,30.1,30.55,30.1,30.5,15449,46928
20251127,30.6,30.75,30.15,30.6,9850,30002
20251128,30.5,30.8,30.4,30.6,5606,17139
20251201,30.55,31.2,30.55,31.1,14406,44636
20251202,31.1,31.3,30.75,31,8805,27403
20251203,31.1,31.5,31,31.4,8741,27385
20251204,31.6,31.7,31.35,31.4,7039,22170
20251205,31.4,31.4,30.9,30.95,7987,24784
20251208,31.3,31.55,31,31.1,8231,25688
20251209,30.9,30.95,30.3,30.8,9366,28762
20251210,30.8,31,30.65,30.8,6096,18802
20251211,31,31.35,30.9,31,7845,24390
20251212,31.2,31.65,31.15,31.25,8651,27168
20251215,31.15,31.15,30.65,30.95,8330,25785
20251216,30.7,31.35,30.7,31.25,9510,29623
20251217,31.3,31.6,31,31.2,10197,31921
20251218,31.05,31.15,30.75,30.9,7708,23864
20251219,30.95,31.1,30.75,30.75,11566,35664
20251222,30.9,30.95,30.45,30.55,11218,34351
20251223,30.55,30.7,30.3,30.5,7306,22253
20251224,30.6,30.65,30.2,30.25,9323,28274
20251226,30.45,30.5,30.2,30.3,4957,15027
20251229,30.4,30.65,30.3,30.4,6649,20338
20251230,30.25,30.35,29.9,30.2,7000,21071
20251231,30.2,30.45,30.1,30.15,11338,34278
20260102,30.3,31,30.25,30.25,18459,56328
20260105,30.5,30.7,30.15,30.15,17785,53912
20260106,30.35,30.6,30.2,30.4,6161,18742
20260107,30.5,31.2,30.35,31.15,15515,48047
20260108,31.1,31.1,30.7,30.8,7045,21719
20260109,31,31.5,30.95,31.25,8205,25644
20260112,31.5,32.4,31.35,32.2,19194,61554
20260113,32.2,32.2,30.9,31,17105,53673
20260114,31.1,31.7,31.1,31.65,9209,28957
20260115,31.65,32,31.45,31.7,6512,20631
20260116,31.95,31.95,31.4,31.65,5482,17297
20260119,31.45,31.45,31.1,31.45,7971,24976
20260120,31.4,31.65,31.35,31.4,6830,21503
20260121,31.4,31.4,30.55,30.7,13642,42098
20260122,30.8,31.15,30.7,30.8,6226,19209
20260123,31,31.3,30.75,30.9,7751,24015
20260126,31.2,31.45,30.7,31.4,8669,27067
20260127,31.55,32.3,31.15,31.15,12008,37965
20260128,31.25,31.35,30.7,30.85,10418,32199
20260129,30.85,31.2,30.7,31,7069,21881
20260130,31,31.15,30.45,30.45,8929,27344
20260202,30.6,30.6,30.1,30.6,6061,18417
20260203,30.6,30.9,30.3,30.4,5064,15467
20260204,30.35,30.9,30.25,30.8,4238,13013
20260205,30.75,31.2,30.75,30.95,5659,17560
20260206,30.75,30.95,30.35,30.8,5315,16314
20260209,31.2,31.4,30.8,31,6853,21251
20260210,31.1,31.1,30.7,30.9,5034,15519
20260211,31,31.05,30.75,30.85,7136,22036
20260223,31.2,31.2,30.45,31.15,10937,33932
20260224,31.15,31.3,30.9,31.05,7886,24459
20260225,31.15,31.15,30.75,30.8,6924,21370
20260226,30.85,31.1,30.75,31.05,8238,25469
20260302,30.7,31.05,30.6,30.8,8663,26672
20260303,31,31,30.15,30.25,11259,34240
20260304,30,30.05,29,29.05,14522,42610
20260305,29.5,29.8,29.3,29.8,7441,21996
20260306,29.4,30.15,29.35,30.1,4870,14557
20260309,29.25,29.8,29.2,29.55,9147,26947
20260310,30,30,29.15,29.35,7323,21568
20260311,29.5,30.25,29.5,30.05,5665,16968
20260312,29.75,30.35,29.75,30.2,6166,18574
20260313,30.15,30.15,29.4,29.5,12474,36840
20260316,29.4,29.4,29.05,29.15,10493,30610
20260317,29.25,29.25,29.05,29.15,8816,25697
20260318,29.25,29.35,29,29.05,9105,26502
20260319,28.95,29,28.55,28.6,10532,30206
20260320,28.6,28.75,28.3,28.6,13311,38073
20260323,28.1,28.5,28.05,28.35,6817,19328
20260324,28.5,28.75,28.4,28.55,5537,15803
20260325,29.1,29.1,28.5,28.6,4925,14136
20260326,28.9,28.9,28.55,28.6,4427,12694
20260327,28.4,28.9,28.4,28.9,4216,12093
20260330,28.1,28.75,28.1,28.55,7192,20526
20260331,28.55,28.8,28.3,28.3,5516,15719
20260401,28.8,28.85,28.45,28.85,7632,21862
20260402,28.85,28.85,28.4,28.45,5987,17077
20260407,28.55,28.6,28.35,28.45,3706,10537
20260408,28.8,28.95,28.55,28.9,5524,15917
20260409,28.75,28.8,28.5,28.55,6683,19096
20260410,28.55,28.65,28.3,28.4,12763,36296
20260413,28.35,28.35,27.9,28,21933,61581
20260414,28.15,28.2,27.95,28.05,9612,26959
20260415,28.2,28.25,28,28.05,7593,21309
20260416,28.15,28.3,28.05,28.1,11465,32252
20260417,28.2,28.25,27.8,27.9,16297,45560
20260420,27.9,27.9,27.5,27.5,23378,64578
20260421,27.5,27.5,27.05,27.05,27946,75937
20260422,27,27.1,26.6,26.7,29663,79321
20260423,26.6,26.85,26.5,26.75,20878,55624
20260424,26.8,26.8,26.5,26.6,14466,38473
20260427,26.5,26.5,26.15,26.2,13619,35793
20260428,26.05,26.2,25.8,25.8,20820,53986
20260429,25.8,25.95,25.8,25.85,11634,30095
20260430,25.9,26.3,25.75,25.75,12978,33636
20260504,26.05,26.05,25.55,25.6,12176,31309
20260505,25.6,25.8,25.4,25.6,10157,25997
20260506,25.7,25.8,25.5,25.6,10259,26309
20260507,25.7,26.1,25.55,25.95,14714,37974
20260508,26.2,26.2,25.75,25.9,11646,30139
20260511,25.95,26.2,25.75,25.8,17539,45431
20260512,26,26.15,25.8,25.85,14870,38509
20260513,25.85,26.15,25.6,26.05,12930,33426
20260514,26.05,26.15,25.85,25.85,11112,28826
20260515,26.15,26.7,25.9,26,21748,57168
20260518,26.5,26.65,26.05,26.35,16399,43343
20260519,26.35,26.65,26.1,26.1,14664,38566
20260520,26.2,26.2,25.65,25.65,18311,47181
20260521,25.75,25.9,25.6,25.8,16077,41373
20260522,25.8,25.9,25.7,25.8,12592,32506
20260525,25.85,25.85,25.55,25.65,13594,34861
20260526,25.7,25.85,25.5,25.55,11925,30574
20260527,25.6,25.6,25.35,25.35,16984,43213
20260528,25.35,25.5,25.1,25.2,16106,40635
20260529,25.25,25.55,25.2,25.45,12334,31325
20260601,25.5,25.8,25.4,25.8,22821,58617
20260602,25.75,26.35,25.65,26.1,23731,62014
20260603,26.3,26.5,26.05,26.5,23295,61407
20260604,26.5,26.7,26.35,26.4,21946,58231
20260605,26.55,26.65,26.35,26.45,21051,55801
20260608,25.8,26.05,25.55,25.9,21151,54729
20260609,26,26.65,26,26.5,24459,64621
20260610,26.6,26.9,26.35,26.5,28067,74809
20260611,26.35,26.45,26.1,26.3,17329,45520
20260612,26.5,26.8,26.45,26.65,17857,47607
20260615,26.85,26.9,26.55,26.65,19241,51358
20260616,26.8,26.8,26.2,26.2,22471,59297
20260617,26.2,26.75,26.15,26.45,19911,52840
20260618,26.5,26.75,26.15,26.15,43192,113603
20260622,26.35,26.55,26.1,26.1,22724,59675
20260623,26.2,26.25,26,26,21017,54849
20260624,26,26.05,25.85,25.95,18187,47203
20260625,25.9,26.2,25.9,25.95,28110,73196
20260626,25.95,25.95,25.3,25.3,42079,107586
20260629,25.35,25.45,25.25,25.4,25104,63651
20260630,25.4,25.55,25.3,25.35,29111,73915
20260701,25.4,25.6,25,25,62377,157330
20260702,24,24.3,23.8,24.1,43499,104531
20260703,24.1,24.7,24.1,24.45,25716,62943
20260706,24.75,24.85,24.35,24.35,20299,49743
20260707,24.4,24.5,24.2,24.35,18652,45359
20260708,24.35,24.45,24.25,24.3,12689,30890
20260709,24.35,24.45,24.2,24.25,15908,38674
20260713,24.25,24.6,24.2,24.25,16432,40019
20260714,24.35,24.45,23.9,24.05,21796,52437
20260715,24.15,24.4,24,24.3,16525,40006
20260716,24.35,24.8,24.35,24.6,36840,90687
20260717,24.8,25.45,24.45,24.6,48299,120303
20260720,24.85,24.95,24.35,24.35,24005,58757
20260721,24.4,24.7,24.4,24.4,17847,43752
20260722,24.4,24.55,24.25,24.25,21267,51785
20260723,24.3,24.45,24.2,24.25,13793,33502
20260724,24.3,24.6,24.3,24.4,11377,27805
20260727,24.35,24.45,24.2,24.3,12204,29672
20260728,24.3,24.4,24,24.05,18189,43869
20260729,24.1,24.35,23.7,24.1,27993,67217
20260730,24.15,24.2,23.95,24,20134,48428
20260731,24.1,24.45,23.9,23.95,23077,55628
20260803,23.9,24.3,23.7,24.3,14853,35758
20260804,24.05,24.1,23.75,23.75,28044,66883
20260805,23.85,23.9,23.4,23.45,39366,92779
20260806,23.35,23.8,23.3,23.75,12631,29831
20260807,23.75,24.1,23.75,23.9,17390,41640
20260810,24,24.15,23.75,24.1,12118,29104
20260811,24.1,24.2,24,24.05,10387,24992
20260812,24.05,24.15,23.9,23.95,11987,28761
20260813,24,24,23.75,23.9,14076,33589
20260814,24.45,25.35,24.45,25.25,55097,137243
20260817,25.25,25.3,24.65,24.8,22058,54907
20260818,24.7,24.7,24.3,24.5,18652,45656
20260819,24.55,24.9,24.3,24.7,17299,42642
20260820,24.85,25.15,24.85,25.05,20673,51754
20260821,25.05,25.25,24.9,25,14601,36564
20260824,25.05,25.1,24.8,25.05,10875,27132
20260825,24.95,25.15,24.9,25.1,7162,17962
20260826,25.05,25.6,25.05,25.05,17061,43080
20260827,25.05,25.15,24.75,24.8,11903,29644
20260828,24.65,24.65,24.35,24.35,22854,55930
20260831,24.4,24.85,24.25,24.85,19189,47431
20260901,24.7,25,24.7,24.9,6985,17374
20260902,24.9,24.9,24.6,24.75,8119,20069
20260903,24.7,24.85,24.55,24.55,8278,20390
20260904,24.7,24.75,24.5,24.6,5729,14104
20260907,24.75,24.75,24.5,24.6,7782,19111
20260908,24.65,24.75,24.5,24.7,6406,15771
20260909,24.55,24.65,24.45,24.55,10431,25574
20260910,24.45,24.55,24.1,24.1,16926,40989
20260911,24.1,24.3,24,24.2,9629,23209
20260914,24.2,24.25,24,24.05,7377,17762
20260915,24.15,24.35,24.05,24.25,6567,15902
20260916,24.35,24.55,24.3,24.5,12968,31690
20260917,24.55,24.8,24.4,24.8,14262,35205
20260918,24.9,24.9,24.6,24.7,19262,47570
