# date,open,high,low,close,lot,wan
20250814,18.05,18.2,17.95,18.05,2122,3829
20250815,18.05,18.4,18,18.4,2773,5064
20250818,18.3,18.5,18.25,18.4,2463,4520
20250819,18.3,18.45,18.1,18.4,1990,3644
20250820,18.4,18.65,18.25,18.35,4473,8254
20250821,18.45,18.85,18.4,18.8,7483,13959
20250822,18.8,18.9,18.55,18.7,2688,5021
20250825,18.85,18.85,18.6,18.6,1846,3449
20250826,18.55,18.7,18.55,18.6,972,1808
20250827,18.55,18.7,18.4,18.5,2941,5445
20250828,18.4,18.5,18.3,18.35,1635,3004
20250829,18.4,18.5,18.25,18.35,1732,3178
20250901,18.3,18.35,18,18.1,2298,4164
20250902,18.1,18.25,18,18.05,1096,1984
20250903,18.05,18.35,18.05,18.35,1312,2392
20250904,18.35,18.6,18.35,18.5,2094,3879
20250905,18.5,18.55,18,18.1,5008,9078
20250908,18.1,18.2,18.05,18.15,1071,1942
20250909,18.2,18.25,18.05,18.15,1186,2147
20250910,18.1,18.15,18,18.05,1463,2641
20250911,18,18.05,17.6,17.65,4851,8615
20250912,17.7,17.9,17.6,17.8,2015,3577
20250915,17.8,17.85,17.65,17.75,996,1767
20250916,17.8,17.85,17.65,17.7,1385,2454
20250917,17.8,17.85,17.6,17.6,935,1655
20250918,17.75,17.75,17.55,17.65,1135,2001
20250919,17.65,17.65,17.5,17.55,1657,2908
20250922,17.75,17.75,17.5,17.6,1419,2493
20250923,17.55,17.7,17.5,17.7,934,1644
20250924,17.7,17.85,17.55,17.55,1204,2126
20250925,17.6,17.85,17.5,17.55,1303,2297
20250926,17.6,17.75,17.5,17.65,1301,2289
20250930,17.75,18,17.75,17.9,1922,3430
20251001,17.95,17.95,17.65,17.75,2006,3562
20251002,17.85,17.85,17.5,17.5,2687,4724
20251003,17.6,17.65,17.5,17.6,1106,1945
20251007,17.6,17.7,17.5,17.65,1902,3347
20251008,17.75,17.85,17.65,17.8,2055,3654
20251009,17.85,18,17.8,18,3150,5648
20251013,17.95,18.15,17.75,17.95,2766,4975
20251014,18,18.35,17.95,17.95,4139,7518
20251015,18,18.15,17.8,18.15,10744,19443
20251016,18.25,18.25,18,18.05,1707,3097
20251017,18.05,18.3,18.05,18.2,2792,5087
20251020,18.25,18.35,18.15,18.25,1940,3542
20251021,18.3,18.35,18.2,18.25,1768,3231
20251022,18.35,18.6,18.35,18.55,2646,4889
20251023,18.55,18.55,18.25,18.35,2072,3804
20251027,18.3,18.5,18.25,18.3,1571,2876
20251028,18.3,18.35,18.1,18.15,1842,3356
20251029,18.15,18.25,18.05,18.15,1332,2417
20251030,18.15,18.15,18,18.1,1240,2242
20251031,18.1,18.25,17.95,17.95,1758,3181
20251103,18.1,18.15,17.85,18.15,1541,2781
20251104,18.2,18.7,18.2,18.6,6029,11162
20251105,18.7,19.5,18.65,19.4,16830,32299
20251106,19.6,20.4,19.55,19.85,10473,20838
20251107,19.8,20.35,19.75,19.95,9824,19683
20251110,20.15,20.5,20,20.15,8956,18142
20251111,19.1,19.25,18.65,18.9,12251,23164
20251112,18.9,19.25,18.8,18.9,6675,12692
20251113,18.9,19,18.45,18.45,5588,10384
20251114,18.45,18.75,18.35,18.5,2317,4298
20251117,18.45,18.7,18.35,18.65,2796,5177
20251118,18.45,18.5,17.65,17.9,7705,13828
20251119,18,18,17.65,17.8,2822,5014
20251120,17.9,18.2,17.85,18.15,2525,4562
20251121,18.2,18.4,17.95,18.1,3477,6319
20251124,18.05,18.3,17.9,18.15,2316,4193
20251125,18.15,18.25,18,18.25,1495,2716
20251126,18.25,18.5,18.2,18.5,2691,4942
20251127,18.5,18.65,18.4,18.55,1564,2902
20251128,18.45,18.9,18.45,18.75,3840,7195
20251201,18.7,19.1,18.55,18.55,2667,5021
20251202,18.6,18.9,18.55,18.65,1473,2750
20251203,18.65,18.7,18.55,18.7,1377,2566
20251204,18.7,18.8,18.55,18.75,1570,2932
20251205,18.7,18.7,18.4,18.6,2958,5475
20251208,18.6,18.85,18.6,18.8,1598,2992
20251209,18.8,18.95,18.75,18.9,1513,2854
20251210,18.8,18.8,18.35,18.4,2991,5526
20251211,18.2,18.35,18,18.2,3445,6241
20251212,18.15,18.35,18.15,18.2,1020,1861
20251215,18.2,18.5,18.1,18.5,2431,4470
20251216,18.3,18.45,18.2,18.25,4364,7985
20251217,18.45,18.45,17.85,17.9,7684,13871
20251218,17.95,18.3,17.95,18.05,7733,14012
20251219,18.1,18.35,18.05,18.1,7807,14239
20251222,18.3,18.35,17.9,18.35,9591,17483
20251223,18.4,18.65,18.15,18.55,11113,20524
20251224,18.55,18.55,18.15,18.4,9604,17609
20251226,18.4,18.45,18.15,18.2,10036,18365
20251229,18.2,18.3,18.05,18.2,4033,7324
20251230,18.1,18.1,17.85,17.85,5080,9098
20251231,17.85,17.9,17.75,17.8,2662,4748
20260102,17.95,17.95,17.75,17.85,2795,4991
20260105,17.8,18,17.75,17.85,3032,5430
20260106,17.85,17.95,17.8,17.8,2724,4865
20260107,17.8,18.3,17.8,18.25,4336,7877
20260108,18.25,18.8,18.25,18.4,8299,15411
20260109,18.7,18.8,18.45,18.6,5176,9632
20260112,18.55,18.7,18.45,18.6,3182,5901
20260113,18.75,19,18.6,18.9,5612,10565
20260114,19,19.1,18.85,19,3476,6606
20260115,18.9,19.1,18.8,18.9,2004,3787
20260116,18.85,19,18.7,18.75,2966,5576
20260119,18.6,18.95,18.6,18.8,2919,5490
20260120,18.75,18.85,18.6,18.6,2013,3761
20260121,18.55,18.6,18.4,18.6,3177,5875
20260122,18.65,18.8,18.6,18.65,1957,3654
20260123,18.65,18.85,18.6,18.65,1744,3254
20260126,18.95,18.95,18.7,18.7,1704,3204
20260127,18.7,18.8,18.4,18.45,2355,4368
20260128,18.45,18.5,18.15,18.15,2546,4648
20260129,18.2,18.35,18.1,18.1,1548,2817
20260130,18.1,18.2,17.9,17.9,2462,4426
20260202,17.9,17.9,17.7,17.8,3095,5504
20260203,17.85,18,17.75,17.85,2333,4165
20260204,17.85,17.95,17.75,17.9,1444,2581
20260205,17.9,18.05,17.9,17.9,1615,2899
20260206,17.9,17.9,17.7,17.8,1955,3482
20260209,17.95,18,17.8,17.8,1730,3088
20260210,17.8,17.9,17.75,17.75,2447,4350
20260211,18.15,18.4,18.15,18.3,4779,8750
20260223,18.5,19,18.45,18.95,6689,12584
20260224,19.15,19.25,18.9,19.05,4009,7637
20260225,19.05,19.5,19,19.5,5775,11145
20260226,19.35,19.5,18.95,18.95,3823,7314
20260302,18.9,19.1,18.8,19.1,2150,4082
20260303,19.05,19.15,18.75,19,1987,3765
20260304,19.05,19.35,18.8,19.15,6252,11958
20260305,19.4,19.45,18.9,18.9,4214,8065
20260306,18.8,19,18.65,18.95,2695,5068
20260309,18.5,18.75,18.25,18.55,2751,5103
20260310,18.75,18.85,18.6,18.65,2382,4465
20260311,18.55,18.65,18.3,18.35,5437,10018
20260312,18.3,18.45,18.15,18.25,3397,6204
20260313,18.15,18.25,18.05,18.1,3054,5543
20260316,18.15,18.2,18,18.1,2626,4748
20260317,18.15,18.35,18.15,18.2,2281,4158
20260318,18.4,18.4,18.2,18.3,3495,6386
20260319,18.25,18.25,18,18,4073,7353
20260320,18,18.1,17.9,17.9,4358,7837
20260323,17.8,17.95,17.7,17.85,2824,5046
20260324,18,18.15,17.85,18.05,2005,3611
20260325,18.25,18.25,18,18,3227,5825
20260326,18.15,18.25,18,18.1,2398,4351
20260327,18.05,18.2,18.05,18.15,1850,3357
20260330,18.1,18.6,18.1,18.3,4186,7710
20260331,18.3,18.5,18.2,18.2,1811,3319
20260401,18.45,18.75,18.45,18.65,4541,8442
20260402,18.75,18.75,18.45,18.5,1444,2679
20260407,18.5,18.7,18.45,18.65,1721,3202
20260408,18.75,18.75,18.55,18.55,2426,4519
20260409,18.7,18.7,18.35,18.35,2089,3846
20260410,18.4,18.45,18.2,18.25,2143,3918
20260413,18.15,18.15,17.9,18.05,3333,6015
20260414,18.1,18.15,18,18.1,3036,5482
20260415,18.1,18.15,18,18,2504,4517
20260416,18,18.1,17.95,18.05,2254,4065
20260417,18.15,18.15,17.95,18,2908,5240
20260420,18.1,18.1,17.9,17.95,3632,6524
20260421,18.05,18.05,17.85,17.9,5065,9065
20260422,18,18,17.8,17.85,3699,6604
20260423,17.85,17.85,17.7,17.75,5465,9702
20260424,17.8,17.8,17.6,17.75,3779,6679
20260427,17.8,17.95,17.55,17.9,3757,6649
20260428,17.95,18,17.75,17.75,2520,4500
20260429,17.9,17.9,17.6,17.7,3701,6571
20260430,17.7,17.75,17.55,17.55,3694,6512
20260504,17.65,17.8,17.5,17.65,3399,5998
20260505,17.7,17.85,17.5,17.6,4522,7970
20260506,17.5,17.5,17.3,17.3,7444,12934
20260507,17.3,17.35,17,17.25,4901,8428
20260508,17.25,17.25,17,17.1,3918,6709
20260511,17.15,17.15,16.9,17,4379,7454
20260512,17.05,17.05,16.85,16.85,4357,7375
20260513,16.85,16.85,16.45,16.45,8216,13632
20260514,16.45,16.55,16.2,16.4,5580,9141
20260515,16.45,16.5,16.1,16.1,7651,12425
20260518,16,16.1,15.8,15.9,6503,10402
20260519,16.05,16.25,15.9,16,3599,5791
20260520,16.1,16.1,15.85,15.9,4015,6392
20260521,16,16.15,15.9,16.05,2751,4424
20260522,16.05,16.15,15.9,15.95,3990,6387
20260525,16,16.05,15.85,15.95,2995,4776
20260526,15.95,16.1,15.85,15.85,3809,6074
20260527,15.95,16,15.8,15.85,3164,5024
20260528,15.85,15.95,15.8,15.8,2923,4634
20260529,15.95,16,15.85,15.95,3229,5148
20260601,16.1,16.25,16.05,16.2,4822,7797
20260602,16.25,16.4,16.25,16.35,4423,7227
20260603,16.5,16.8,16.45,16.75,5255,8777
20260604,16.8,16.8,16.6,16.8,4283,7152
20260605,16.85,16.85,16.65,16.65,4765,7968
20260608,16.2,16.55,16.2,16.45,4160,6829
20260609,16.45,16.75,16.45,16.55,4504,7487
20260610,16.55,16.8,16.55,16.7,3528,5891
20260611,16.5,16.75,16.45,16.75,4380,7253
20260612,16.75,16.85,16.7,16.7,3547,5950
20260615,16.8,16.85,16.7,16.75,4369,7330
20260616,16.75,16.8,16.5,16.65,6997,11642
20260617,16.5,16.7,16.4,16.65,8170,13544
20260618,16.7,16.85,16.6,16.7,11090,18548
20260622,15.7,15.7,15.4,15.5,9624,14889
20260623,15.55,15.55,15.15,15.15,7467,11367
20260624,15.1,15.2,15,15.05,6997,10562
20260625,15.1,15.5,15.1,15.4,7566,11629
20260626,15.25,15.45,14.9,14.95,9358,14053
20260629,14.95,15.2,14.95,15.2,4609,6960
20260630,15.2,15.3,15,15.15,6881,10387
20260701,15.25,15.5,15.05,15.45,8701,13386
20260702,15.3,15.35,15.15,15.15,2875,4371
20260703,15.1,15.65,15.1,15.55,5188,8030
20260706,15.6,15.65,15.4,15.4,3075,4771
20260707,15.5,15.5,15.25,15.4,3038,4669
20260708,15.45,15.5,15.15,15.3,3461,5288
20260709,15.3,15.3,15.05,15.1,2452,3708
20260713,15.25,15.25,15.1,15.2,4161,6317
20260714,15.3,15.3,15,15.2,4027,6086
20260715,15.1,15.35,15.1,15.3,4421,6719
20260716,15.3,15.4,15.2,15.3,3973,6071
20260717,15.3,15.3,15,15.1,5724,8640
20260720,15.2,15.3,14.9,15.1,4953,7464
20260721,15.1,15.4,15.1,15.35,4068,6223
20260722,15.35,15.4,15.15,15.15,2985,4546
20260723,15.2,15.3,15,15.15,1918,2891
20260724,15.05,15.15,15.05,15.15,2385,3600
20260727,15.15,15.2,14.95,15.1,2563,3856
20260728,15,15.2,14.95,15.2,3087,4654
20260729,15.2,15.25,14.95,15.25,4532,6834
20260730,15.25,15.35,15.05,15.35,3514,5367
20260731,15.25,15.5,15,15,6830,10395
20260803,15,15.15,14.95,15.05,2525,3794
20260804,14.95,15,14.7,14.75,7996,11837
20260805,14.75,14.85,14.45,14.55,8462,12313
20260806,14.45,14.55,14.35,14.4,5829,8396
20260807,14.4,14.7,14.4,14.6,3506,5085
20260810,14.65,14.9,14.5,14.85,2537,3737
20260811,14.85,14.85,14.75,14.8,1341,1984
20260812,14.8,14.95,14.8,14.9,1422,2116
20260813,15,15.1,14.9,15,2052,3075
20260814,15,15,14.75,14.85,1375,2040
20260817,14.8,14.9,14.75,14.85,967,1434
20260818,14.8,14.95,14.75,14.85,1227,1820
20260819,14.8,15.2,14.75,15.05,3009,4519
20260820,15.05,15.25,15.05,15.2,2223,3376
20260821,15.2,15.35,15.2,15.3,1721,2627
20260824,15.3,15.3,15.15,15.3,810,1235
20260825,15.3,15.4,15.2,15.35,1541,2365
20260826,15.35,15.4,15.2,15.35,1395,2138
20260827,15.25,15.55,15.25,15.45,5143,7952
20260828,15.45,15.5,15.3,15.35,1590,2447
20260831,15.35,15.4,15.25,15.25,2810,4298
20260901,15.2,15.5,15.2,15.45,1562,2407
20260902,15.3,15.5,15.3,15.5,742,1146
20260903,15.5,15.6,15.35,15.35,2102,3253
20260904,15.4,15.4,15.25,15.25,1116,1706
20260907,15.4,15.4,15.15,15.3,1270,1936
20260908,15.3,15.35,15.25,15.25,452,691
20260909,15.2,15.4,15.2,15.35,646,991
20260910,15.2,15.35,15.2,15.3,836,1277
20260911,15.15,15.25,15.1,15.1,1302,1973
20260914,15.1,15.1,15,15,852,1281
20260915,15,15.05,14.9,14.9,1313,1963
20260916,14.95,15,14.85,14.85,848,1265
20260917,15,15,14.85,14.95,1699,2539
20260918,15.05,15.05,14.85,15,1744,2609
20260921,15.05,15.05,14.95,14.95,730,1094
20260922,15.05,15.05,14.85,14.9,1387,2072
