# date,open,high,low,close,lot,wan
20250814,121.5,127,121.5,124,1069,13306
20250815,124,126,122.5,124,401,4960
20250818,123,125,122,122,457,5601
20250819,121.5,122,119.5,121.5,579,6981
20250820,124.5,124.5,118.5,120,949,11453
20250821,120.5,121.5,120,121,207,2494
20250822,120,122.5,119,122,606,7341
20250825,122.5,123.5,121.5,122.5,451,5531
20250826,121.5,121.5,119.5,119.5,1059,12692
20250827,119.5,120.5,118,118.5,888,10562
20250828,118.5,119.5,117,117.5,992,11716
20250829,118,118.5,117.5,117.5,405,4779
20250901,117.5,117.5,113,113.5,1037,11894
20250902,114,116.5,112.5,113,846,9632
20250903,113,114.5,112,112,516,5826
20250904,113,114.5,113,114,519,5902
20250905,114,115,113.5,115,343,3928
20250908,115,115.5,114,115,351,4031
20250909,115,115,114,115,395,4532
20250910,115,115,113,113,488,5543
20250911,113,113,111.5,112.5,511,5739
20250912,112.5,113.5,111.5,112.5,515,5783
20250915,112.5,113,111,111.5,483,5399
20250916,111.5,114,111.5,114,817,9256
20250917,113,115,113,115,976,11161
20250918,115.5,117,114,115.5,965,11123
20250919,115.5,115.5,111.5,111.5,3501,39181
20250922,113,115,112,113,736,8334
20250923,112,112.5,111,111,842,9388
20250924,111.5,113,111,113,430,4828
20250925,117.5,118,113.5,117,1675,19417
20250926,115,118.5,115,118,1444,16907
20250930,119.5,123.5,118.5,123,1696,20687
20251001,130,132.5,126,132,3750,48843
20251002,131.5,134,131,133,1396,18551
20251003,133,133,129,131,1330,17386
20251007,133.5,134.5,131.5,133,1322,17548
20251008,133,134.5,132.5,134.5,841,11235
20251009,135.5,136,133.5,135,812,10959
20251013,129,133,129,131,1024,13401
20251014,131,133,129.5,131,966,12663
20251015,131,132.5,130,132.5,535,7054
20251016,134,134,131.5,132.5,482,6381
20251017,131.5,133,128,128,1141,14860
20251020,130,133,127.5,133,1363,17935
20251021,135,135,128,128.5,1130,14594
20251022,129.5,132,128,131,1336,17460
20251023,131,133,131,131.5,965,12712
20251027,130,131,126.5,129.5,1717,22042
20251028,128.5,128.5,123.5,125.5,996,12492
20251029,126.5,126.5,120.5,121.5,1665,20339
20251030,121.5,123.5,120.5,123.5,1297,15844
20251031,124,124,122,122,628,7693
20251103,125,126,123,123,1075,13362
20251104,121.5,125,121.5,122,507,6223
20251105,122,122.5,119.5,122.5,903,10959
20251106,124.5,125,121.5,121.5,940,11527
20251107,121.5,124,120.5,123,1028,12631
20251110,122.5,123,119.5,121.5,780,9440
20251111,122.5,123,121,122.5,429,5257
20251112,121.5,123,120.5,121,678,8246
20251113,120.5,126.5,120.5,125,709,8834
20251114,123,130,123,127.5,879,11272
20251117,126,129.5,125.5,128,580,7409
20251118,125,126,124,126,531,6639
20251119,127,129,125.5,128.5,997,12733
20251120,128.5,129.5,123.5,125.5,559,7024
20251121,127,127.5,126,126.5,666,8443
20251124,128,131.5,128,130,2099,27306
20251125,129,129.5,125.5,126,690,8766
20251126,127,130.5,127,129,762,9846
20251127,127.5,130,127.5,129,414,5327
20251128,129,130,127.5,129,818,10526
20251201,127,129.5,126.5,127.5,362,4617
20251202,127.5,129.5,127,129.5,305,3932
20251203,130,130,127.5,128.5,431,5556
20251204,129.5,129.5,128,129,258,3327
20251205,128.5,128.5,123,124.5,979,12203
20251208,124.5,126,122.5,124,731,9069
20251209,122.5,126,122.5,123,526,6493
20251210,123,125,123,123,363,4485
20251211,123.5,123.5,119.5,119.5,712,8560
20251212,121.5,125,121.5,123,788,9732
20251215,121.5,123,120.5,121.5,472,5743
20251216,119.5,123,119.5,120.5,674,8177
20251217,123,124,120.5,120.5,454,5516
20251218,120.5,123,120,121,555,6736
20251219,120.5,121.5,120,120,874,10517
20251222,120,120.5,118.5,118.5,704,8397
20251223,118.5,118.5,114.5,115,892,10331
20251224,115,115,113,113,611,6965
20251226,115,115,111,111,878,9864
20251229,111.5,113,111,111,695,7754
20251230,111,116,108,116,2558,28755
20251231,115.5,116.5,111.5,116.5,3077,35338
20260102,117,117.5,112.5,112.5,2674,30561
20260105,113,113,107.5,107.5,1620,17754
20260106,108,109,106,106.5,1389,14903
20260107,108,108,105.5,106.5,1335,14203
20260108,106.5,111.5,106,111.5,1733,18928
20260109,107,107.5,106,107,2574,27490
20260112,106,106,104,104,2266,23774
20260113,105,105.5,103,104,1286,13395
20260114,105.5,108,105,107.5,1287,13734
20260115,105,107.5,103.5,106.5,1301,13742
20260116,105.5,106,104,104,1484,15572
20260119,102.5,104.5,100,101.5,2503,25604
20260120,101,102.5,98.6,100,2825,28358
20260121,99.1,100.5,99.1,99.8,3222,32131
20260122,100.5,100.5,99.2,99.5,2587,25756
20260123,100,100.5,98.2,98.8,2314,22875
20260126,98.8,98.8,95.2,96,2980,28706
20260127,96.3,98.1,96.3,96.9,2280,22146
20260128,97,97.2,94.5,94.5,2947,28104
20260129,94.6,94.6,92.6,93.6,2390,22288
20260130,94.5,96.2,92.4,96.2,2244,21139
20260202,96,96,93.1,93.1,1561,14649
20260203,93.5,95.4,92.6,92.8,1137,10644
20260204,92.8,94.5,92.8,93.2,919,8607
20260205,94.3,97.9,94,94,1802,17229
20260206,93.8,94.6,92.9,93,1158,10824
20260209,94,94,91.1,92.1,2033,18700
20260210,92.2,92.9,91.2,92.5,1733,15987
20260211,91.1,93,90.8,92.3,3013,27784
20260223,91,94.6,90.3,94,3668,34087
20260224,93.5,94.4,93,93.3,1902,17840
20260225,93.3,95.5,93.3,95,2416,22867
20260226,95,97.8,93.2,93.8,47375,444821
20260302,91,93.8,90.8,92.8,4982,46310
20260303,92.6,93.8,91.8,92.3,2453,22666
20260304,91,92.9,90.2,92.3,3044,27998
20260305,93.7,97.3,92.1,96.2,2944,28157
20260306,93.8,93.8,90.2,90.6,3730,33974
20260309,87.3,90,86.2,88,3900,34446
20260310,90.3,91,87.3,88.8,2325,20608
20260311,88.9,89.2,87.4,88.5,3024,26742
20260312,87.5,88.4,86.8,86.8,2836,24747
20260313,86.4,86.6,83.8,83.8,3847,32518
20260316,83.9,84.4,82.2,83.5,1999,16696
20260317,83.6,83.7,80.6,82.1,3147,25712
20260318,83.3,84.5,81.9,83.9,2246,18777
20260319,82.5,82.9,79.7,79.9,3247,26103
20260320,79.6,81.4,79.3,81.3,1576,12733
20260323,79.3,81.2,78.7,79.2,1601,12758
20260324,80.4,81.9,80.4,81.2,1455,11803
20260325,83.3,83.3,80.9,82,1160,9492
20260326,82.7,82.7,80.7,80.7,1103,8976
20260327,80,81.1,80,81,832,6703
20260330,79.5,81.3,79.5,80.5,1365,10998
20260331,80,80.9,79.6,80.1,1052,8440
20260401,81.3,82.3,80.2,81.7,1329,10790
20260402,81.1,81.1,78.8,79,2079,16486
20260407,79.1,79.6,78.5,78.9,1211,9566
20260408,79.9,81.4,78.9,81,2008,16107
20260409,81.4,81.4,78.5,78.6,1808,14292
20260410,78.5,79.4,76.5,76.9,1875,14569
20260413,77.3,78.1,76.4,78,1086,8431
20260414,78,78.1,76,76,2480,19100
20260415,76.5,78,75.7,76.8,2213,17075
20260416,77.4,78.5,76.9,78.1,2236,17473
20260417,78.5,79.3,77.5,77.5,1538,11994
20260420,78,78.4,76.8,78.1,2374,18508
20260421,79,79,77.5,78,1960,15312
20260422,77.9,78.3,77,77.4,2360,18336
20260423,76.9,77.8,76,76.1,2721,20818
20260424,76.1,76.4,72.5,73,5056,37305
20260427,72.5,72.5,70.4,70.6,2792,19831
20260428,70.6,72.8,70.6,71.7,2268,16282
20260429,72.6,72.6,70.5,70.8,1530,10863
20260430,70.5,71.4,70.1,70.1,1423,10027
20260504,70.2,72.4,69.2,70.7,2606,18493
20260505,70.7,70.7,69,69.3,2852,19847
20260506,69.3,69.3,67.7,68.8,2913,19912
20260507,68.5,70.8,68,70.1,3182,22271
20260508,71,74.4,70.7,73.8,3582,26167
20260511,74.4,77.5,73.8,74.4,2871,21625
20260512,75.4,75.4,73.2,73.5,1998,14771
20260513,72.7,73.2,71.5,71.6,1134,8162
20260514,71,71.9,69.7,70.5,1295,9132
20260515,70.8,71.8,70.1,70.3,2060,14552
20260518,71.2,72.1,70,70.4,3253,23103
20260519,70.4,70.9,69.3,69.4,1889,13183
20260520,69.5,70.2,68.6,70.1,2199,15232
20260521,70.5,70.7,69.2,69.2,1952,13617
20260522,69.2,69.8,67.8,68.7,3534,24303
20260525,69,69.3,67.8,67.8,2260,15394
20260526,67.7,68,66.8,67.5,2486,16796
20260527,67.5,67.8,66.4,67.2,3260,21806
20260528,67.3,68.4,66.8,68,2559,17385
20260529,69,70.2,68,70.2,4101,28315
20260601,70,72,69.3,71.9,3160,22526
20260602,71.8,79,71.6,79,12400,95384
20260603,79,86.8,77,82.5,14217,118317
20260604,81.7,84.8,80.4,80.5,11981,99225
20260605,80.5,81.6,75.5,76.9,12287,95315
20260608,73.9,79.3,73.9,78.5,8303,64257
20260609,78,86.3,77.9,86.3,9600,80955
20260610,86.3,94,85.5,94,15574,142473
20260611,94.5,99,93.1,97,15983,153229
20260612,97.7,98.5,91.8,91.9,8428,80493
20260615,88.2,89.1,79.1,79.1,6260,50768
20260616,79.5,79.5,71.2,78,16752,122997
20260617,76.6,76.7,72.8,72.8,5619,41626
20260618,72.7,74.3,72.2,72.6,4796,34994
20260622,72.6,72.9,70.2,70.7,5319,37808
20260623,70.4,72.4,69.4,71.4,2619,18663
20260624,71.3,72.6,70.5,71.8,2611,18714
20260625,72,72,69.8,69.8,3226,22721
20260626,69.4,69.5,68.1,69.5,3116,21413
20260629,70,72.1,70,70.6,2667,18934
20260630,70.8,70.8,69.3,70,2740,19099
20260701,70.3,70.7,68.4,69,1904,13166
20260702,69.1,70,66.5,66.5,5982,40258
20260703,66.9,69,66.7,68.6,2304,15676
20260706,68.2,69.7,68.2,69.2,1586,10903
20260707,69.1,69.4,68.1,68.3,918,6291
20260708,68.4,69.4,67.3,68,1042,7070
20260709,68.3,68.3,67.1,67.5,724,4895
20260713,67.6,68.2,66.8,67.4,1229,8273
20260714,67.9,67.9,66.5,66.9,1597,10656
20260715,67,67.5,66.8,66.8,781,5239
20260716,66.9,68,66.9,67.8,853,5770
20260717,67.9,69.3,66.8,66.8,2924,19810
20260720,68.9,71,67.7,68.2,2677,18424
20260721,69,70,67.2,68.1,2492,17039
20260722,68,69.8,68,68.3,2289,15769
20260723,68.9,69.8,68,68.8,2038,14084
20260724,68.2,69,67.8,68.5,995,6810
20260727,69.4,69.8,68.6,69.2,1003,6957
20260728,68.4,69.7,68.2,69.1,1138,7866
20260729,69.8,71.7,69.6,70.8,3176,22453
20260730,71.4,71.4,69.3,70.4,1675,11765
20260731,70.6,71.3,68.4,68.4,1749,12098
20260803,68,68.3,67.1,67.2,1533,10346
20260804,66.5,67.7,66.5,67.4,1284,8594
20260805,68,68.1,67,67.4,1134,7634
20260806,66.9,69.7,66.9,69.7,1312,8987
20260807,69.7,70.4,68.8,69.5,754,5241
20260810,70.3,70.3,69.2,70.2,881,6145
20260811,69.6,71.3,69.6,71.3,1817,12894
20260812,71.9,73.2,70.5,71,1515,10832
20260813,71.4,71.4,69.2,70.3,1537,10732
20260814,70.3,70.3,68.5,69.4,1306,9011
20260817,69.4,70,68.7,69.8,1887,13076
20260818,69.3,69.5,68,69.1,1640,11264
20260819,68.9,69.4,68.1,68.8,1449,9969
20260820,69.5,70.7,69.4,70.4,1140,8012
20260821,70.4,70.8,69.6,70.4,842,5912
20260824,70.2,71.1,69.7,71,960,6781
20260825,71,71.4,69.9,70,830,5841
20260826,69.5,69.7,67.8,67.9,2368,16159
20260827,67.8,68.4,67.7,68.3,574,3906
20260828,68.1,68.5,67.9,68.2,568,3869
20260831,68.4,68.5,67.7,67.7,1385,9394
20260901,67.7,68.7,67.7,68.3,719,4913
20260902,68.3,68.3,67.5,68,1206,8167
20260903,68.6,68.6,67.6,67.7,595,4038
20260904,67.7,69,67.7,68.9,801,5494
20260907,69.1,69.9,68,69.8,1038,7186
20260908,71,73.4,70.7,71.8,3762,27134
20260909,71.5,71.9,68.5,68.6,1984,13760
20260910,68.3,68.7,68.1,68.5,448,3069
20260911,67.8,68.2,67.4,67.8,1161,7862
20260914,67.8,68.1,67.5,67.8,514,3486
20260915,67.8,68.8,67.7,68.4,822,5615
20260916,68.8,68.8,67.3,67.5,1621,11007
20260917,67.9,69.1,67.6,69.1,1078,7390
20260918,69.3,69.3,68.1,68.4,1627,11169
20260921,68.6,69.1,68.2,68.4,676,4645
20260922,69,69.1,68.4,68.6,757,5205
20260923,69,70.6,68.9,70,1710,11961
