# date,open,high,low,close,lot,wan
20250814,114.5,117.5,113,115,3150,36419
20250815,115.5,115.5,111.5,113.5,1572,17848
20250818,113,113.5,109,110,1822,20156
20250819,110.5,110.5,104.5,105,2649,28084
20250820,104.5,106.5,102.5,105.5,1686,17726
20250821,106,115,106,109.5,2473,27482
20250822,110,110,107.5,108,841,9128
20250825,110,112,109,111,781,8652
20250826,110.5,112.5,109,111,987,10976
20250827,113,118.5,112.5,112.5,2497,28832
20250828,112.5,114,111.5,112.5,1326,14984
20250829,113,114,111,113.5,1294,14653
20250901,114.5,115,111.5,112.5,1088,12304
20250902,112.5,117,112.5,114,1380,15850
20250903,114,114.5,109.5,110.5,1185,13220
20250904,111.5,114.5,111,114,824,9342
20250905,114.5,115,112.5,113,525,5941
20250908,113,115.5,112.5,112.5,546,6169
20250909,111.5,112,108.5,109,1798,19676
20250910,109,110.5,107,109.5,1028,11205
20250911,110,110,106,107,1248,13335
20250912,107.5,109.5,107,107.5,330,3566
20250915,107.5,109.5,106.5,108,279,3027
20250916,108,110.5,107.5,109,1079,11810
20250917,109.5,113,109,110,939,10427
20250918,110.5,113,110.5,112,562,6295
20250919,113,113,108.5,108.5,1563,17123
20250922,110,111,107.5,109,464,5075
20250923,110,110.5,108,108,622,6791
20250924,109,109,107,107.5,392,4219
20250925,106.5,107,103,105,2085,21947
20250926,104.5,105.5,102,103,1362,14025
20250930,104,104,100,101.5,1677,16992
20251001,102.5,103,99.8,100,1226,12361
20251002,100,101.5,100,100.5,778,7822
20251003,100.5,101.5,99.7,101,689,6918
20251007,100,103,99.5,102.5,1671,16904
20251008,102,104.5,102,103,627,6471
20251009,103.5,103.5,99.1,99.2,1559,15582
20251013,97.1,99.9,95.6,99.8,1209,11835
20251014,100.5,102.5,100,101,925,9356
20251015,101.5,102,99.7,99.9,1730,17352
20251016,99.6,105,99.6,103,1456,15002
20251017,103,103.5,101.5,102.5,440,4508
20251020,103,104,101.5,103,466,4778
20251021,104,104,102,102,361,3705
20251022,102,104,101.5,103.5,2327,23792
20251023,103.5,110,103.5,108.5,2217,23955
20251027,109.5,110,104,105,1245,13168
20251028,106.5,106.5,103,104.5,774,8101
20251029,104,104.5,101.5,103.5,724,7465
20251030,103,104,101.5,102,489,5004
20251031,102.5,103.5,100,100,926,9328
20251103,100,101.5,99.6,100,803,8050
20251104,100,100.5,96.9,98.4,2148,21083
20251105,97.5,99.4,96,99.4,909,8893
20251106,100.5,103.5,99.5,100.5,1424,14341
20251107,100,100.5,98.4,98.7,864,8572
20251110,99.3,100.5,94.3,94.5,5764,55071
20251111,95.5,96,93.1,93.4,1752,16600
20251112,94,94.7,92.7,94.3,569,5347
20251113,94.3,95.4,93.7,95.4,1345,12743
20251114,96,98.8,95,95.1,2510,24284
20251117,96.2,96.7,93.1,93.5,964,9086
20251118,92.8,92.8,87,88.4,4188,37175
20251119,89.3,90.1,87.8,88.7,1051,9348
20251120,90,90.8,87.8,88.6,1825,16205
20251121,88.1,91.5,87.9,90.4,1711,15459
20251124,90.6,92,89.3,89.4,1400,12595
20251125,90,90.8,89.5,90.4,657,5926
20251126,91.4,96.5,91,96,1945,18390
20251127,96.5,98.3,94.1,95.3,3210,30588
20251128,95.7,95.8,92.3,92.5,1981,18528
20251201,92.7,94.2,91.8,93.5,1337,12454
20251202,94.3,94.9,93.6,93.8,752,7083
20251203,93.9,93.9,92.6,93.3,668,6225
20251204,93.3,94.6,93.2,93.8,463,4339
20251205,93.7,93.7,91.4,92.3,806,7429
20251208,93,93,90.6,91.7,838,7647
20251209,92,92,89.6,90,1125,10145
20251210,90,90.3,88.5,89.4,1417,12625
20251211,89.7,89.9,88,88.1,1285,11352
20251212,88.7,89.7,87.8,88.1,1407,12458
20251215,87.6,89.1,86.5,87.2,1465,12834
20251216,87,87,85.2,85.9,1963,16855
20251217,86.5,87.2,83.2,83.4,2800,23585
20251218,83.5,86.2,82.9,84.6,1996,16980
20251219,84.7,86,84.7,86,596,5096
20251222,86,87.4,85.4,86.2,618,5342
20251223,86.1,86.2,84.1,84.2,664,5633
20251224,85,85,82.6,82.9,979,8148
20251226,83,83,81.4,82.4,1412,11581
20251229,82.5,83.3,82,83,450,3726
20251230,83,83,82,82.9,477,3932
20251231,82.9,82.9,81.4,82.7,1010,8289
20260102,82.7,82.7,78.5,78.5,2955,23615
20260105,78.6,79.4,78.2,79,1297,10226
20260106,79,79.7,78.6,79.4,1462,11570
20260107,79.5,80.9,79,80.3,1920,15378
20260108,80.3,81.4,79.6,81,1984,15990
20260109,81.1,81.8,79.7,81,1065,8577
20260112,81,81,79.6,80.4,1464,11721
20260113,83.7,86.5,82.6,84.1,3615,30436
20260114,85,89.3,84.7,89,3651,32071
20260115,89.4,89.4,86.4,87.3,2761,24161
20260116,88.2,92.7,88.1,92.1,4313,39387
20260119,93.5,98.7,92.1,92.3,6129,58050
20260120,91.8,94.1,89.8,89.9,3824,34892
20260121,90.8,90.8,87.6,88.7,3755,33167
20260122,90.4,91.7,88.7,89.5,2500,22412
20260123,90.4,90.5,87.9,88.8,1479,13079
20260126,89,89,86.5,87.6,2870,25095
20260127,88.5,89.3,87.2,88.4,1303,11467
20260128,88.8,89,86,86.2,1858,16159
20260129,86.5,86.7,85.2,86.4,900,7744
20260130,86.4,86.4,84.1,84.4,1575,13361
20260202,83,86.5,82.7,86.1,1442,12277
20260203,89.3,92.4,86.8,88.9,2358,20982
20260204,88.7,88.8,85.4,86,1874,16243
20260205,85.5,87.7,85.4,86.4,1203,10383
20260206,86,86,83.3,83.9,1916,16109
20260209,84.9,84.9,82.1,82.6,1770,14692
20260210,83.3,83.3,81.4,82.5,1368,11232
20260211,81,83.2,79.7,82.1,1926,15658
20260223,83,83,77.7,78,4468,35317
20260224,78.3,78.9,76.2,78,2844,22001
20260225,77.9,77.9,76,76.2,2944,22569
20260226,76.9,77,75,75.2,3027,22863
20260302,72.9,74.2,72.1,74,2577,18851
20260303,73.8,73.8,71.5,71.6,1717,12395
20260304,70.5,71,68.8,69.9,2340,16322
20260305,71,71.4,70,70.8,1681,11883
20260306,70.9,71.6,69.9,70.3,1285,9072
20260309,68,69.1,66.1,69.1,1549,10529
20260310,69.8,70.9,68,68.7,1211,8369
20260311,69.8,70.4,68.6,70,1900,13265
20260312,69.4,71.2,69,69.8,1572,11003
20260313,69.8,70,68.6,69.2,943,6544
20260316,69.4,71.8,68.5,70.4,3438,24168
20260317,70.2,70.3,69.4,69.4,2013,14056
20260318,70,70,67.6,68.2,2814,19276
20260319,67.9,68.3,67,67.1,1603,10824
20260320,67,68.8,66.9,68.1,1086,7394
20260323,67.1,70.2,67,68.5,1395,9614
20260324,69.3,69.5,67.5,67.9,1127,7660
20260325,69.3,69.4,67.3,67.6,1195,8112
20260326,68,68.4,67.1,67.5,968,6550
20260327,67,67,65.5,66,2354,15552
20260330,65.1,66.7,65.1,65.7,2002,13127
20260331,65.7,65.7,64.5,64.9,2462,16017
20260401,65.6,66,64.9,65.5,1429,9348
20260402,65.2,65.4,63.8,64.6,1987,12769
20260407,64.7,64.7,62.2,63.6,3637,23014
20260408,64,64.4,61.4,61.9,4706,29226
20260409,61.5,61.5,57.6,58.1,6920,40723
20260410,58.3,60.1,58.3,59.4,2659,15729
20260413,59.5,61.2,59.3,60.8,2763,16677
20260414,61.3,61.7,60.2,60.5,1542,9378
20260415,60.7,61.2,60.1,60.5,1214,7341
20260416,60.6,62.7,60.6,62.3,1525,9453
20260417,62.6,62.6,60.6,60.9,1294,7955
20260420,61.3,61.4,60.7,60.7,901,5492
20260421,60.8,61.8,60.6,61.6,769,4714
20260422,61.6,61.8,61.1,61.5,744,4575
20260423,61.4,61.4,59,59.9,1874,11219
20260424,59.7,59.9,57.3,57.5,2636,15289
20260427,57,57.4,55.1,57.2,1724,9685
20260428,57,57.2,56.5,56.6,1077,6109
20260429,56.8,57.9,56.7,57.9,732,4195
20260430,57.7,59,57.5,57.9,1027,5975
20260504,58,59.3,57.6,57.9,901,5254
20260505,57.9,58.7,57.6,58.2,620,3596
20260506,58.1,58.1,56,56.4,1737,9875
20260507,56.2,56.8,55.9,56.1,1679,9457
20260508,56.2,57.7,55.6,55.7,1574,8838
20260511,56,58.5,55.5,57.5,1655,9515
20260512,57.3,59.7,56.7,59.5,2803,16438
20260513,59.6,63.4,59,62.9,4887,30126
20260514,63.5,65.6,63,63.8,4036,25898
20260515,65,70.1,64.6,70.1,7274,50369
20260518,70,71,67.3,68.4,4717,32614
20260519,68.1,70.6,67.3,68.5,2450,16958
20260520,68.5,69.6,67.5,68.5,1684,11511
20260521,68.6,70.7,68.5,70,2660,18571
20260522,69.6,69.6,67.5,67.8,3291,22413
20260525,68.5,68.9,67.3,68.2,1424,9715
20260526,68.2,68.2,66.1,67.3,1786,11934
20260527,67.4,67.4,64.7,64.9,2068,13566
20260528,65.2,66,63.8,66,1319,8581
20260529,66.3,68.8,66,66.7,2758,18564
20260601,67,68,66,68,1163,7798
20260602,68.1,69.3,67.6,68.9,1615,11071
20260603,69.5,69.9,68.1,69.3,1293,8939
20260604,69.3,69.8,67.4,68.6,1220,8393
20260605,68.7,69.8,67.5,69.1,1217,8337
20260608,65,68.6,65,68,1682,11314
20260609,67.5,69.4,67,68.6,1139,7756
20260610,67.7,69.5,67.7,69,1221,8411
20260611,69.4,75.5,68.7,73.7,4795,34976
20260612,74.7,75.4,72.7,73.4,3084,22836
20260615,74,76,73,73.7,2903,21683
20260616,73.7,76.3,73.2,74.1,2068,15408
20260617,74.1,74.4,72,73,2484,18137
20260618,73,73.9,72.1,72.1,981,7119
20260622,72.2,76.6,72.2,73.4,2622,19609
20260623,74,74,71.3,72.1,1528,10991
20260624,71.7,72.1,70.8,71.5,945,6742
20260625,72.6,73.4,72.1,72.8,580,4218
20260626,73,74.2,72.6,73.6,1971,14489
20260629,74.4,80.9,74.4,78,6798,53507
20260630,76.8,80,76.1,78.3,3618,28285
20260701,78.4,78.5,76.8,77.7,2234,17303
20260702,77.4,77.9,74.4,74.8,2537,19158
20260703,74.8,77.7,74.8,76.6,1661,12750
20260706,77.7,78.5,75.5,75.9,984,7543
20260707,76.7,76.7,74.6,75,1126,8482
20260708,75,75.5,73.9,74.2,1044,7777
20260709,74.3,74.3,72.8,72.8,954,6975
20260713,73.1,75.9,73,75.4,1419,10637
20260714,76,77,73.8,76.1,2082,15767
20260715,76.2,77.3,74.6,76.6,2194,16753
20260716,81.6,84.2,80.1,84.2,13074,109644
20260717,82.2,87.7,82,84,26060,221311
20260720,83.8,88,76.8,79.8,10242,83656
20260721,79,81.4,78.3,80.4,2709,21542
20260722,79.9,82.3,79.2,79.3,2426,19435
20260723,80.7,80.7,77.8,78.1,2291,17998
20260724,78.2,80,77.4,78.9,2222,17481
20260727,80,80,77,78,1420,11072
20260728,78.1,79.3,77,77.2,2501,19533
20260729,78.4,80.9,77.5,79.2,4376,34616
20260730,79.2,79.5,75.5,78.4,4076,31601
20260731,78,78.9,76.5,76.8,3900,30247
20260803,76.7,77.4,75.8,76.4,1981,15130
20260804,75.5,76.9,75.3,76.2,1339,10185
20260805,77.2,78.7,76.1,78.3,3112,24035
20260806,76.7,79.5,76.5,79.5,2610,20407
20260807,79,81.4,79,80.8,1563,12587
20260810,83,88.1,82.7,86,6297,54130
20260811,84.6,94.6,83.5,94.3,12298,110342
20260812,94.6,96.8,91.3,93.3,9829,91938
20260813,90.1,90.5,84.3,85.5,10073,86838
20260814,84.4,84.7,79.3,83.3,7313,59724
20260817,87.5,87.6,80.6,81.5,4652,38696
20260818,81,82,80.3,80.6,1184,9577
20260819,80.8,88.6,80.8,88.6,6603,56843
20260820,88.9,95.3,86.5,87.8,7066,62873
20260821,88.2,89,86.6,87.8,2177,19090
20260824,87.1,87.6,84.2,84.5,2036,17294
20260825,84.6,87.8,84,86.2,2082,18012
20260826,86.2,87.6,84.5,84.9,2199,18798
20260827,85.2,86.2,83.9,84.4,1882,15957
20260828,84.3,84.4,83,83.1,1176,9813
20260831,83.1,83.2,81.8,81.9,1272,10463
20260901,82.2,83,81.6,82.1,1292,10622
20260902,82.1,82.1,81,81,894,7264
20260903,81,81.8,79.6,79.6,1505,12077
20260904,80.1,80.8,78.9,79.3,917,7296
20260907,80.8,80.8,77.8,77.8,1437,11265
20260908,78,78,76.7,77,896,6913
20260909,76.7,79.7,76.1,79.2,1270,9925
20260910,78.2,79,77,77.4,1166,9028
20260911,75.5,75.5,69.7,69.7,5895,41606
20260914,67.9,69.3,66.4,68.7,3490,23857
20260915,68.2,69.2,67.2,68.1,2615,17859
20260916,68.1,69.2,67.6,67.9,1374,9364
20260917,67.7,68.2,67.3,67.6,1188,8042
20260918,68.1,68.1,67.5,67.6,1808,12243
20260921,67.6,68.2,67.2,67.5,1001,6780
20260922,67.7,68,66.6,66.7,1356,9085
