# date,open,high,low,close,lot,wan
20250814,115.5,116,115,116,274,3167
20250815,116.5,117,114.5,114.5,648,7451
20250818,114.5,115,113.5,114,465,5307
20250819,114.5,114.5,113.5,113.5,401,4560
20250820,114,114,112.5,113,634,7174
20250821,113,113.5,112.5,113,290,3276
20250822,113,113,112,112.5,496,5582
20250825,113,113.5,112.5,113,242,2734
20250826,112.5,113,112.5,112.5,271,3049
20250827,112.5,113,111.5,112,720,8074
20250828,112,113,111.5,112,434,4876
20250829,112,113,112,112,185,2081
20250901,112,112.5,111.5,111.5,347,3889
20250902,111.5,112.5,111.5,112,252,2825
20250903,112,112,111.5,111.5,324,3613
20250904,112,113,112,112.5,180,2026
20250905,113,113,112,113,280,3146
20250908,113,113.5,112.5,113,147,1654
20250909,113,113.5,113,113.5,274,3103
20250910,113,113.5,112.5,113,249,2820
20250911,113,113.5,112.5,112.5,278,3140
20250912,113,113.5,112.5,113,375,4230
20250915,113,113.5,112.5,113,276,3124
20250916,113,113.5,112.5,112.5,484,5463
20250917,113,113,112,112,511,5745
20250918,113,113,112,112,553,6207
20250919,112.5,113.5,112,112,973,10930
20250922,112.5,112.5,112,112,188,2110
20250923,112,112.5,111.5,111.5,627,7009
20250924,112,112.5,111.5,112,228,2553
20250925,112.5,112.5,111.5,112,177,1980
20250926,112,112,110.5,111.5,561,6242
20250930,111.5,112,111,111.5,350,3898
20251001,111.5,111.5,111,111,261,2903
20251002,111,111.5,111,111.5,302,3357
20251003,111,111.5,110,110,967,10665
20251007,110.5,110.5,109,109.5,940,10313
20251008,110.5,110.5,110,110,247,2725
20251009,110,110.5,110,110,248,2733
20251013,110,110.5,108,109,907,9879
20251014,109,109.5,108,108.5,781,8484
20251015,108.5,109,107.5,107.5,998,10760
20251016,107.5,108.5,107.5,108,569,6149
20251017,108,109.5,108,108,535,5807
20251020,108,109.5,108,109,325,3551
20251021,109.5,110.5,109.5,109.5,539,5930
20251022,110,111.5,110,111,392,4351
20251023,110.5,111.5,110.5,111,299,3326
20251027,111.5,111.5,109.5,109.5,460,5064
20251028,110.5,110.5,108.5,108.5,617,6750
20251029,109,110,108.5,109,583,6371
20251030,108.5,109.5,108,108.5,481,5215
20251031,109,109,108,108,255,2766
20251103,108.5,108.5,107.5,107.5,447,4819
20251104,107.5,108,107,107,639,6861
20251105,107,107,105.5,107,910,9690
20251106,108,109.5,107.5,109,754,8212
20251107,108.5,109,108,108.5,221,2398
20251110,109,109,107.5,108,289,3120
20251111,108.5,108.5,107,107,368,3955
20251112,107.5,108,107,107,307,3298
20251113,107.5,108,107.5,108,236,2536
20251114,107.5,108.5,107.5,107.5,437,4703
20251117,107.5,107.5,106.5,106.5,673,7205
20251118,106,106.5,105,106,783,8277
20251119,106.5,106.5,105.5,105.5,309,3269
20251120,106,107,106,106.5,308,3277
20251121,106,106.5,105.5,106.5,486,5159
20251124,107,107.5,106.5,107.5,555,5944
20251125,107.5,107.5,106.5,107,283,3020
20251126,107,108.5,107,108.5,468,5041
20251127,108,108.5,107.5,108,156,1681
20251128,108,108.5,107.5,108.5,258,2794
20251201,108,109,106.5,106.5,508,5450
20251202,107,108,107,107.5,389,4183
20251203,108,108.5,107,107,406,4359
20251204,107,108,107,107,278,2982
20251205,107,107.5,107,107.5,279,2992
20251208,107.5,108,107,107.5,250,2691
20251209,107.5,108.5,107,107.5,352,3788
20251210,107.5,109,107.5,108,472,5112
20251211,108,108.5,107.5,107.5,255,2748
20251212,108.5,108.5,107.5,107.5,214,2308
20251215,107.5,108,107,107,357,3824
20251216,107,107,106,106.5,727,7741
20251217,107,107.5,106.5,106.5,382,4070
20251218,106.5,107,106,106,782,8321
20251219,106,107.5,106,106.5,958,10204
20251222,107,107.5,106.5,107,673,7202
20251223,107,108.5,107,107,802,8611
20251224,107.5,107.5,106.5,106.5,620,6619
20251226,107,107,106.5,106.5,657,7004
20251229,106.5,108,106.5,108,750,8070
20251230,108,108.5,107.5,107.5,342,3689
20251231,107.5,108.5,107.5,108,266,2874
20260102,108,109,108,108,253,2742
20260105,108,108.5,107.5,108.5,460,4975
20260106,108.5,109,108,108.5,537,5824
20260107,108,109,108,108.5,332,3610
20260108,108.5,110.5,108.5,110,1105,12147
20260109,110,110.5,110,110,426,4694
20260112,110,111,110,110,453,5007
20260113,110.5,110.5,109.5,109.5,450,4940
20260114,110,110,109,109.5,590,6472
20260115,110,110.5,109.5,109.5,361,3969
20260116,109.5,110,108,108,763,8303
20260119,108,109.5,108,109,582,6328
20260120,108.5,109.5,108,108,577,6259
20260121,108,108,107.5,108,485,5228
20260122,108,108.5,107,107,572,6153
20260123,107,107.5,106,106.5,972,10368
20260126,107,107,105.5,106,823,8727
20260127,106,107,106,106,395,4202
20260128,106,107,106,106.5,617,6561
20260129,106.5,106.5,106,106,422,4484
20260130,106.5,106.5,105.5,106.5,1285,13632
20260202,106.5,106.5,105,105,825,8694
20260203,105.5,106,105,105,412,4336
20260204,105,105.5,105,105,356,3742
20260205,105,105.5,105,105.5,481,5073
20260206,105.5,105.5,104.5,105,907,9516
20260209,105.5,105.5,104.5,105,698,7327
20260210,105,106,105,106,470,4954
20260211,106,106.5,105.5,105.5,625,6605
20260223,106,106.5,106,106,588,6243
20260224,106.5,106.5,105,105.5,737,7780
20260225,105.5,106,105.5,106,412,4354
20260226,106,106.5,105.5,106,687,7281
20260302,106,107,105.5,107,559,5953
20260303,107,107.5,106.5,107,451,4826
20260304,106.5,106.5,105,105,913,9630
20260305,105.5,106.5,105,105.5,577,6103
20260306,105,106,105,106,333,3515
20260309,105,105,103.5,104,1218,12689
20260310,105,105.5,104.5,104.5,416,4363
20260311,109.5,114,109.5,111.5,3127,34883
20260312,111.5,113,111.5,112.5,1095,12296
20260313,112,113.5,111.5,113,887,10009
20260316,113,115,112.5,115,803,9160
20260317,115,115.5,113.5,113.5,1034,11822
20260318,114.5,115,114,114.5,533,6102
20260319,114,114.5,112,113,1072,12114
20260320,112.5,113.5,111.5,113.5,906,10203
20260323,112,112.5,111.5,111.5,442,4943
20260324,113,113,111.5,113,435,4891
20260325,114.5,114.5,113,114,754,8587
20260326,114,114.5,113.5,113.5,452,5141
20260327,112.5,114.5,112.5,114,853,9672
20260330,112.5,113.5,112.5,113,365,4124
20260331,113,114,112.5,113.5,642,7277
20260401,114.5,116,114,115.5,1253,14420
20260402,116,116,114.5,115.5,485,5599
20260407,115.5,116.5,115,115,658,7601
20260408,116.5,116.5,114.5,114.5,697,8024
20260409,115,115,114,115,469,5382
20260410,115,116.5,115,116,314,3641
20260413,116,116,115,115,553,6380
20260414,116,116,115,115.5,617,7131
20260415,116,116,115,115.5,460,5318
20260416,116,116.5,116,116.5,450,5223
20260417,116.5,116.5,115.5,116.5,387,4491
20260420,116,116.5,114.5,115.5,575,6636
20260421,115.5,116,115,115.5,459,5295
20260422,115.5,116,115,115.5,386,4449
20260423,115,115.5,114,115,936,10732
20260424,115,115.5,114,114,530,6072
20260427,114,114,112.5,113,756,8554
20260428,113,113.5,112.5,113,171,1930
20260429,114,114.5,113.5,114.5,247,2818
20260430,114,114,112.5,113,460,5201
20260504,113,114,112.5,112.5,351,3960
20260505,113,113,112,112.5,385,4330
20260506,113.5,113.5,112,113.5,380,4287
20260507,113.5,114.5,113,113.5,582,6608
20260508,114,114,113,114,299,3400
20260511,114,114,112.5,113,402,4544
20260512,113.5,113.5,112,112.5,428,4826
20260513,113,113,112,113,360,4059
20260514,114,114,112.5,113,402,4546
20260515,113,113,112,112,852,9564
20260518,112.5,112.5,111,111,624,6953
20260519,111.5,113.5,111,113,480,5406
20260520,113.5,113.5,112,113,472,5316
20260521,113,113,112,112.5,540,6079
20260522,113,113,112,112,332,3730
20260525,113,113,112,113,344,3880
20260526,113,114,112.5,113,367,4156
20260527,113,114,113,114,434,4924
20260528,114.5,114.5,112.5,113,440,4986
20260529,113.5,114,113,114,406,4616
20260601,114,115,113.5,115,831,9505
20260602,115,115,114,114.5,480,5499
20260603,115,116,115,115,592,6827
20260604,115,117.5,115,117,1022,11896
20260605,117,118,116.5,116.5,711,8336
20260608,115.5,117.5,115,116.5,825,9599
20260609,116.5,118,116.5,118,657,7721
20260610,118,119,117.5,118.5,624,7381
20260611,119,120,118.5,120,805,9590
20260612,120.5,122,119,122,1892,22904
20260615,122,123,118.5,119,1823,21832
20260616,119.5,119.5,118,118,1295,15332
20260617,117.5,118.5,117,117.5,1285,15150
20260618,117.5,118.5,116.5,117,1089,12746
20260622,117,117.5,116,116.5,1231,14385
20260623,116.5,117,115,116,2125,24669
20260624,110,110,106,106,3151,33769
20260625,106.5,108,105,108,1419,15149
20260626,107.5,107.5,105,105.5,1097,11603
20260629,106,106,105,106,770,8133
20260630,107,107,105.5,105.5,418,4429
20260701,106,106,105,105,802,8443
20260702,105.5,106,105,105,507,5339
20260703,105.5,107.5,105.5,107,944,10042
20260706,107,107,106,106,445,4743
20260707,106,107,105,105,903,9548
20260708,106,106,105,105.5,404,4268
20260709,106,107.5,105.5,107.5,673,7180
20260713,108,108,106,107.5,547,5855
20260714,107.5,107.5,105,106.5,648,6871
20260715,106.5,107.5,106,107,604,6453
20260716,107,108,106.5,108,502,5394
20260717,107.5,109.5,107,109,1262,13686
20260720,109.5,111.5,109,109,1931,21259
20260721,109,110,108.5,108.5,352,3841
20260722,108.5,109,107.5,107.5,384,4146
20260723,108,108.5,107.5,108.5,247,2669
20260724,109,110.5,108,110,774,8485
20260727,111,111,109.5,110.5,387,4270
20260728,110.5,111,109.5,110.5,520,5726
20260729,111,111,109,111,1186,13066
20260730,111,111,110,111,438,4844
20260731,110.5,112.5,109,109,1396,15424
20260803,109,110,108.5,109.5,418,4568
20260804,108,109,108,108.5,413,4481
20260805,108.5,108.5,107.5,108,534,5767
20260806,108,108.5,107.5,108,275,2968
20260807,107.5,108.5,107.5,108,231,2499
20260810,108.5,108.5,107,107.5,285,3066
20260811,107.5,108,107.5,107.5,255,2748
20260812,107.5,108,107.5,107.5,136,1470
20260813,108,108.5,107.5,107.5,210,2259
20260814,108,108,107.5,107.5,189,2036
20260817,107.5,108.5,107.5,108.5,225,2426
20260818,108,108.5,108,108.5,228,2464
20260819,108.5,109,108,108,238,2573
20260820,108.5,110,108.5,110,374,4092
20260821,110,111,109.5,111,516,5710
20260824,110.5,110.5,110,110,155,1705
20260825,110,111,110,110.5,175,1936
20260826,110,111,110,111,325,3600
20260827,111,111.5,110.5,111,313,3477
20260828,110.5,111,110,111,418,4626
20260831,106.5,106.5,105,106,859,9088
20260901,105.5,107,105.5,106,412,4368
20260902,106,107,105.5,106,318,3375
20260903,106,106.5,105.5,106,226,2392
20260904,106.5,106.5,106,106.5,278,2953
20260907,107,107,106.5,106.5,339,3617
20260908,106.5,107,106,106.5,261,2778
20260909,106.5,106.5,106,106,325,3453
20260910,106,106,105.5,105.5,268,2826
20260911,105.5,106,105.5,105.5,275,2900
20260914,105.5,106.5,105,106.5,287,3039
20260915,106,106,105.5,106,337,3558
20260916,106,106,105,106,391,4131
20260917,106,106,105.5,106,481,5085
20260918,106.5,108.5,106,108.5,727,7818
20260921,108,108,106.5,106.5,247,2637
20260922,106.5,107,106,106,349,3714
20260923,106.5,107,106,106.5,230,2446
