# date,open,high,low,close,lot,wan
20250814,40.5,40.5,40.5,40.5,1,5
20250815,40.45,40.45,40.45,40.45,2,9
20250818,39.8,40.2,39.8,40.2,2,9
20250819,39.95,40.3,39.95,40.1,6,24
20250820,41,41,40,40,5,21
20250821,40.1,40.1,40,40,4,16
20250822,40,40,39.95,39.95,3,12
20250825,39.9,40,39.65,40,9,36
20250826,39.95,39.95,39.9,39.95,16,64
20250827,39.8,40,39.8,40,8,33
20250828,40,40,39.75,39.75,2,8
20250901,39.85,39.85,39.8,39.8,5,20
20250902,40.1,40.1,40.1,40.1,7,29
20250903,40.1,40.1,39.6,39.85,6,25
20250904,39.65,39.65,39.65,39.65,1,5
20250908,39.6,39.6,39.55,39.55,5,19
20250909,39.55,39.8,39.55,39.8,2,8
20250910,39.7,39.95,39.6,39.95,7,29
20250912,39.65,39.65,39.5,39.5,9,34
20250915,39.55,39.55,39.35,39.35,13,51
20250916,39.45,39.45,39.4,39.4,4,16
20250917,39.5,39.5,39.5,39.5,6,24
20250918,39.45,39.45,39.4,39.45,17,67
20250919,39.5,39.6,39.5,39.5,6,24
20250922,39.5,39.5,39.5,39.5,2,8
20250923,39.5,39.5,39.5,39.5,1,5
20250924,39.6,39.6,39.4,39.45,16,64
20250925,39.4,39.4,39.4,39.4,1,5
20250926,39.4,39.45,39.4,39.45,8,33
20250930,39.85,40.9,39.5,40.1,55,221
20251001,39.65,39.65,39.6,39.6,3,10
20251002,39.7,39.7,39.7,39.7,2,7
20251003,39.45,39.7,39.45,39.7,5,21
20251007,39.7,39.7,39.6,39.6,3,13
20251008,39.45,39.45,39.4,39.45,5,20
20251009,39.45,39.45,39.45,39.45,8,30
20251013,40,40,39.3,39.7,12,48
20251014,39.7,39.7,39.5,39.5,3,10
20251015,39.6,39.6,39.55,39.55,14,57
20251016,39.9,39.9,39.25,39.5,8,31
20251017,39.85,39.85,39.45,39.45,7,26
20251020,39.1,39.2,39.1,39.2,4,16
20251021,39.3,39.5,39.25,39.3,11,43
20251022,39.3,39.55,39.3,39.55,6,23
20251023,39.55,39.55,39.55,39.55,2,8
20251027,39.6,39.6,39.2,39.2,14,57
20251028,39.3,39.5,39.2,39.5,7,28
20251029,39.5,39.55,39.5,39.55,11,44
20251030,39.3,39.55,39.3,39.55,8,31
20251031,39.65,39.65,39.5,39.5,12,49
20251103,39.5,39.55,39.5,39.5,9,37
20251104,39.5,39.55,39.5,39.55,14,56
20251105,39.25,39.65,39.25,39.65,13,51
20251106,39.35,39.9,39.35,39.6,15,60
20251107,39.55,39.8,39.55,39.8,2,10
20251110,39.85,39.9,39.8,39.8,3,14
20251111,39.5,39.5,39.25,39.4,7,28
20251112,39.7,39.75,39.35,39.35,8,32
20251113,39.7,39.75,39.35,39.75,29,114
20251114,39.2,39.85,39.2,39.85,16,64
20251117,39.85,39.85,39.5,39.85,14,54
20251118,39.4,39.6,39.25,39.6,9,37
20251119,39.1,39.8,39.1,39.75,29,114
20251120,39.75,39.75,39.75,39.75,1,5
20251121,39.6,39.7,39.4,39.7,8,32
20251124,39.65,39.65,39.65,39.65,15,60
20251125,39.65,39.75,39.4,39.75,11,44
20251126,39.65,39.7,39.6,39.7,7,29
20251127,39.3,39.8,39.3,39.8,26,104
20251128,39.45,39.75,39.45,39.55,15,61
20251201,39.3,39.75,39.3,39.5,12,49
20251202,39.7,39.75,39.6,39.7,54,216
20251203,39.7,39.75,39.6,39.7,78,310
20251204,39.6,39.7,39.6,39.7,57,227
20251205,39.7,39.7,39.7,39.7,26,104
20251208,39.7,39.7,39.65,39.65,28,109
20251210,39.65,39.75,39.65,39.65,16,64
20251211,39.65,39.7,39.65,39.65,41,163
20251212,39.3,39.65,39.3,39.65,2,8
20251215,39.4,39.7,39.4,39.5,5,20
20251216,39.2,39.65,39.1,39.4,26,104
20251217,39.65,39.65,39.45,39.55,13,52
20251218,39.3,39.7,39.3,39.7,109,434
20251219,39.45,39.7,39.45,39.7,15,61
20251222,39.7,39.8,39.7,39.8,27,106
20251223,39.8,39.9,39.8,39.8,201,800
20251224,39.5,39.7,39.5,39.7,3,12
20251226,39.65,39.7,39.65,39.7,4,17
20251229,39.7,39.8,39.55,39.65,21,84
20251230,39.65,39.7,39.65,39.7,11,44
20251231,39.7,39.75,39.7,39.75,3,12
20260102,39.6,39.75,39.6,39.75,9,37
20260105,39.65,39.7,39.65,39.65,15,59
20260106,39.7,39.75,39.7,39.7,30,120
20260107,39.7,39.7,39.6,39.6,16,63
20260108,39.6,39.9,39.6,39.7,14,56
20260109,39.7,39.7,39.7,39.7,7,29
20260112,39.65,39.65,39.65,39.65,10,40
20260113,39.65,39.7,39.1,39.15,30,118
20260114,39.25,39.65,39.15,39.65,47,185
20260115,39.75,39.75,39.55,39.75,26,104
20260116,39.7,39.7,39.65,39.7,5,19
20260119,39.4,39.65,39,39.55,98,386
20260120,39.2,39.6,39.2,39.6,13,52
20260121,39.6,39.6,39.45,39.45,15,60
20260122,39.5,39.5,39.5,39.5,11,44
20260123,39.25,39.4,39.05,39.35,25,98
20260126,39.65,39.7,39.4,39.4,22,89
20260127,39.6,39.65,39.5,39.65,4,17
20260128,39.65,39.7,39.5,39.7,22,85
20260129,39.7,39.8,39.5,39.8,8,32
20260130,39.75,39.75,39.5,39.7,4,17
20260202,39.65,39.65,39.3,39.3,12,49
20260203,39.7,39.7,39.65,39.65,12,48
20260204,39.65,39.7,39.6,39.7,17,67
20260205,39.75,39.75,39.75,39.75,2,9
20260206,39.4,39.4,39.25,39.35,6,25
20260209,39.4,39.6,39.35,39.5,9,35
20260210,39.25,39.75,39.25,39.75,18,69
20260211,39.75,40,39.75,40,34,136
20260223,40,40.6,39.9,40.55,62,252
20260224,41,41.15,40.4,40.7,28,116
20260225,40.7,40.9,40.65,40.9,21,85
20260226,41.1,41.1,40.05,41,28,116
20260302,41.45,41.75,41,41.05,45,185
20260303,42.25,43.6,40.7,42.05,140,589
20260304,43.6,46.25,43.6,46.25,1562,7208
20260305,49,50.8,48.05,50.8,4106,20510
20260306,54.5,55.8,53.4,55.8,2397,13335
20260309,61.3,61.3,61.3,61.3,1591,9751
20260310,55.2,55.2,55.2,55.2,831,4590
20260311,49.7,49.7,49.7,49.7,382,1896
20260312,49,54,48.5,50.1,4341,22111
20260313,54.3,55,47.2,47.75,3477,17849
20260316,48.45,49.7,46,46.9,1208,5759
20260317,46.55,46.55,44,44.1,1160,5141
20260318,44.85,45.7,44.05,44.35,481,2134
20260319,48.7,48.75,46.3,48.75,2469,11969
20260320,51.7,53.3,46.45,46.7,3250,16506
20260323,51.3,51.3,50,51.3,1717,8800
20260324,46.4,53,46.25,48.95,2324,11449
20260325,46.1,47.75,46.1,47.5,851,3987
20260326,47,50,47,49.35,749,3648
20260327,50.8,52.8,49.1,49.1,1354,6885
20260330,52.2,52.4,48.8,50,1398,7101
20260331,49,49.75,47.3,47.9,665,3196
20260401,45.85,47.4,45.45,46.4,591,2741
20260402,45.6,47.7,45,46.5,483,2247
20260407,46.5,46.5,45.1,45.45,341,1559
20260408,44.5,44.5,41.55,43,912,3906
20260409,43,43.95,42.8,43.5,431,1860
20260410,43.5,43.9,42.65,43.35,275,1190
20260413,43.85,45.4,43.6,44.05,303,1335
20260414,44.1,44.1,42.5,43.3,308,1332
20260415,43.3,43.75,43.05,43.3,249,1080
20260416,43.3,43.55,42.9,43.5,179,772
20260417,43.4,43.75,43.2,43.6,93,402
20260420,43.6,43.6,42.6,42.95,242,1042
20260421,43.05,44.5,42.95,43.55,165,722
20260422,44.45,46,43,43.6,100,438
20260423,43.45,43.6,42.8,43.05,180,776
20260424,44.25,44.25,42.95,43.2,94,406
20260427,42.9,43.35,42.45,43.3,105,449
20260428,43.4,44.15,42.8,43.8,107,468
20260429,44.15,44.5,43,43,89,389
20260430,43.3,43.5,42.8,43.25,88,382
20260504,42.9,43.5,42.5,43.1,84,361
20260505,43,43.6,43,43.6,88,383
20260506,43.85,43.85,43.35,43.6,70,304
20260507,43.35,44,43.1,43.6,131,570
20260508,43.6,43.8,42.8,42.8,149,642
20260511,43.5,43.5,42.5,42.65,94,400
20260512,42.5,43.15,42.5,43.1,73,314
20260513,43.1,43.5,43.1,43.3,62,269
20260514,43.95,43.95,43.2,43.2,84,364
20260515,43.05,43.45,43.05,43.05,48,205
20260518,43.05,43.4,42.95,43,85,369
20260519,43.35,43.35,43,43.25,48,207
20260520,43.25,43.45,42.65,43.45,76,328
20260521,42.9,43.3,42.9,43.3,51,218
20260522,43.1,43.65,43.1,43.55,93,404
20260525,43.9,44,43.25,43.25,121,523
20260526,43.65,43.65,43.05,43.2,64,278
20260527,43.2,43.6,43.15,43.6,95,412
20260528,43.7,45,43.45,44.35,152,671
20260529,43.25,43.7,43,43.15,99,426
20260601,43.2,44.2,43.05,43.5,110,481
20260602,43.4,44,43.35,43.75,54,234
20260603,43.75,44.45,43.7,44.05,68,298
20260604,44.05,44.5,44.05,44.45,41,179
20260605,44.95,45.9,44.35,44.95,121,543
20260608,43.5,44.05,43.05,43.8,45,194
20260609,43.95,43.95,42.7,42.7,148,639
20260610,42.75,43,42.55,42.95,96,411
20260611,43.45,43.45,42.5,43.4,89,383
20260612,43.45,43.45,42.9,43.25,49,212
20260615,43.45,43.45,42.65,43.3,32,139
20260616,43.3,44.25,43.3,43.85,92,399
20260617,43.85,43.85,43,43.5,41,178
20260618,43.1,43.35,43,43.1,16,68
20260622,44.2,44.2,43.05,43.05,32,140
20260623,44.15,44.15,43.05,43.65,65,284
20260624,43.05,43.65,43,43.55,31,136
20260625,43.35,43.35,43.05,43.35,29,124
20260626,42.95,43.65,42.95,43.2,69,299
20260629,43,43.35,42.7,42.7,75,324
20260630,42.65,43.35,42.65,43.35,64,276
20260701,43.45,43.45,42.95,43.4,27,116
20260702,42.85,43.3,42.85,43.1,49,212
20260703,43.1,43.3,42.9,43.3,21,92
20260706,43,43.3,42.95,43.3,16,70
20260707,42.95,43.35,42.95,43.35,19,84
20260708,43.05,43.35,43.05,43.1,16,70
20260709,43.3,44,43.3,43.75,61,266
20260713,43.75,43.75,43.15,43.5,25,109
20260714,43.5,44,43.05,43.95,61,267
20260715,43.9,44.1,43.55,44.1,26,116
20260716,44.45,44.45,43.2,44,18,77
20260717,43.3,44.25,43.3,44.2,52,230
20260720,46.5,46.5,43.6,43.8,59,260
20260721,43.65,44,43.4,44,15,65
20260722,43.5,43.65,43.45,43.5,33,143
20260723,42.5,43.5,42.1,43.5,42,181
20260724,43,43.4,42.3,43.35,87,372
20260727,43.7,43.7,42.8,43.45,18,79
20260728,43.2,43.5,43.2,43.5,8,34
20260729,43.5,43.5,42.5,43,75,319
20260730,43,43.8,42.3,42.3,57,241
20260731,42.7,42.7,42.2,42.5,24,103
20260803,42.5,42.95,42.45,42.95,31,131
20260804,42.25,42.85,42.15,42.8,39,166
20260805,42.8,42.8,42.4,42.6,39,167
20260806,42.5,42.65,42.4,42.6,21,90
20260807,42.45,42.45,42.45,42.45,9,39
20260810,42.5,42.65,42.45,42.5,21,91
20260811,42.4,42.65,42.4,42.65,2,10
20260812,42.5,43.05,42.5,42.8,88,378
20260813,42.6,43,41.5,42.5,134,568
20260814,42.65,42.7,42.45,42.55,36,152
20260817,43,43,42.55,42.9,21,91
20260818,42.3,42.5,42.3,42.45,8,35
20260819,42.5,42.95,42.25,42.4,31,131
20260820,42.85,42.9,42.8,42.8,6,24
20260821,42.8,43.3,42.8,43.3,8,36
20260824,43.5,43.5,42.6,43.3,7,28
20260825,42.8,43.3,42.65,42.65,8,36
20260826,43,43.5,42.7,43.2,57,245
20260827,43.35,43.35,42.8,42.8,7,31
20260828,42.85,43,42.85,43,12,51
20260831,43,43,42.7,42.75,26,112
20260901,42.6,42.9,42.55,42.9,22,95
20260902,42.9,42.9,42.65,42.8,6,26
20260903,43.45,43.45,43.45,43.45,1,6
20260904,43.1,43.5,42.8,43.1,42,179
20260907,43.3,43.3,42.65,43.15,14,61
20260908,43.15,43.3,43.15,43.2,9,39
20260909,43.3,43.4,43.3,43.4,10,44
20260910,43.15,43.5,42.9,43.5,11,49
20260911,42.95,43.45,42.9,43.2,24,104
20260914,43.15,43.5,42.7,43.5,16,70
20260915,42.75,43.5,42.75,42.8,38,163
20260916,42.8,43,42.7,42.9,17,74
20260917,42.75,43.25,42.7,43.2,52,225
20260918,43.3,43.3,42.8,43.25,11,49
20260921,43.35,43.4,43.1,43.1,6,28
20260922,43.1,43.1,42.8,43,19,82
20260923,43.3,43.3,42.7,42.7,35,150
20260924,42.75,42.75,42.7,42.7,10,42
