# date,open,high,low,close,lot,wan
20250814,25.15,25.15,25.05,25.15,135,338
20250815,25.1,25.1,24.8,24.95,474,1182
20250818,24.8,24.95,24.8,24.8,204,508
20250819,24.8,24.8,24.55,24.65,335,825
20250820,24.7,24.7,24.35,24.6,331,810
20250821,24.65,24.7,24.25,24.35,358,874
20250822,24.3,24.3,24.1,24.2,350,846
20250825,24.2,24.3,24.1,24.1,260,629
20250826,24.05,24.15,23.95,24,509,1224
20250827,24,24.1,23.9,24,290,695
20250828,24,24.05,23.9,23.9,194,464
20250829,23.95,24.2,23.9,24.1,196,472
20250901,24.1,24.1,23.9,23.95,223,535
20250902,23.95,24.3,23.95,24.15,203,488
20250903,24.1,24.3,24.1,24.1,107,258
20250904,24.1,26.2,24.1,26.05,1748,4446
20250905,25.75,26,25.15,25.2,613,1557
20250908,25.35,25.35,24.5,24.7,497,1229
20250909,24.8,25,24.65,25,308,764
20250910,24.75,24.85,24.45,24.6,340,836
20250911,24.5,24.5,24.25,24.3,294,715
20250912,24.3,24.7,24.3,24.5,222,544
20250915,24.5,24.8,24.5,24.55,193,474
20250916,24.55,24.8,24.55,24.7,218,538
20250917,24.6,24.85,24.5,24.55,205,506
20250918,24.6,24.75,24.45,24.5,166,408
20250919,24.5,24.5,24.2,24.2,394,957
20250922,24.3,24.45,24.15,24.15,164,398
20250923,24.15,24.2,24.05,24.15,154,370
20250924,24.15,24.25,24.05,24.1,171,412
20250925,24.25,24.3,24,24.2,154,372
20250926,24.15,24.15,24,24,206,494
20250930,24.2,24.2,24,24.05,206,495
20251001,24.05,24.1,23.95,24.1,189,455
20251002,24.15,24.15,24,24,175,421
20251003,24.15,24.15,23.9,24.05,244,585
20251007,24.1,24.1,23.9,24.05,250,599
20251008,23.95,24,23.9,23.95,427,1021
20251009,23.9,23.9,23.7,23.8,616,1465
20251013,23.6,23.75,23.5,23.55,445,1051
20251014,23.55,23.75,23.5,23.75,331,781
20251015,23.55,23.85,23.1,23.1,3818,8847
20251016,23.3,23.55,23.1,23.4,702,1637
20251017,23.4,23.4,23.1,23.15,451,1047
20251020,23.15,23.25,22.8,22.8,691,1585
20251021,22.95,22.95,22.5,22.7,1138,2574
20251022,22.8,22.8,22.55,22.75,372,843
20251023,22.75,22.8,22.6,22.7,293,664
20251027,22.75,22.8,22.5,22.55,419,947
20251028,22.7,22.75,22.5,22.6,356,805
20251029,22.65,22.7,22.4,22.6,454,1021
20251030,22.65,22.75,22.5,22.5,317,716
20251031,22.7,22.7,22.4,22.65,354,797
20251103,22.65,22.85,22.55,22.85,237,540
20251104,22.8,23,22.8,23,320,735
20251105,23.1,23.8,23.05,23.4,752,1767
20251106,23.5,23.5,22.9,23.05,373,862
20251107,23.1,23.15,22.9,22.95,384,884
20251110,23,23.15,22.8,23.15,337,775
20251111,23.15,23.25,22.9,23,316,729
20251112,23,23.05,22.8,22.85,372,853
20251113,22.85,22.85,22.55,22.6,664,1504
20251114,22.6,22.85,22.4,22.4,719,1623
20251117,22.35,22.4,22.05,22.3,999,2216
20251118,22.15,22.2,21.95,22.2,747,1650
20251119,22.2,22.35,21.8,22,845,1856
20251120,22,22.05,21.7,21.85,1302,2841
20251121,22,22,21.5,21.5,1433,3092
20251124,21.6,22.55,21.4,21.4,9797,21027
20251125,21.65,23,21.65,22.1,1520,3373
20251126,22.3,22.9,22,22.9,528,1190
20251127,22.45,23,22.45,22.85,429,981
20251128,22.85,22.85,22.6,22.7,338,769
20251201,22.45,22.7,22.2,22.4,321,720
20251202,22.4,22.7,22.35,22.6,441,994
20251203,22.7,22.85,22.55,22.75,293,667
20251204,22.75,23,22.75,22.9,223,511
20251205,22.9,23.25,22.85,23,531,1224
20251208,23.2,23.2,22.7,22.7,319,732
20251209,22.65,22.9,22.6,22.7,137,312
20251210,22.65,22.95,22.65,22.85,310,709
20251211,22.85,23.3,22.85,23.2,497,1152
20251212,23.2,23.4,23.05,23.05,312,726
20251215,23,23.05,22.85,22.95,198,453
20251216,22.65,22.95,22.65,22.95,270,615
20251217,23,23.15,22.8,22.85,254,582
20251218,22.85,23.1,22.8,22.95,306,701
20251219,22.75,23.05,22.75,23,246,565
20251222,23,23,22.9,22.9,121,277
20251223,22.8,22.95,22.7,22.75,216,492
20251224,22.75,22.95,22.7,22.7,256,582
20251226,22.7,22.85,22.65,22.85,370,842
20251229,22.85,22.85,22.65,22.75,140,319
20251230,22.75,22.75,22.5,22.6,306,691
20251231,22.6,22.7,22.5,22.7,212,478
20260102,22.75,22.8,22.55,22.7,161,365
20260105,22.6,22.6,22.2,22.25,594,1323
20260106,22.2,22.35,22.2,22.3,210,468
20260107,22.4,22.55,22.3,22.35,279,625
20260108,22.4,22.75,22.4,22.55,370,837
20260109,22.65,22.75,22.5,22.7,370,839
20260112,22.9,23.25,22.75,22.85,655,1504
20260113,22.85,22.9,22.55,22.9,381,865
20260114,22.9,22.95,22.8,22.95,431,985
20260115,22.9,23,22.75,22.8,240,548
20260116,22.7,22.75,22.6,22.65,449,1017
20260119,22.5,22.75,22.3,22.5,393,885
20260120,22.45,22.5,22.15,22.4,621,1388
20260121,22.35,22.35,22,22.1,488,1079
20260122,22.1,22.2,22,22.15,318,703
20260123,22.2,22.4,22.2,22.2,161,359
20260126,22.3,22.3,22.15,22.2,269,597
20260127,22.2,22.35,22,22.05,387,856
20260128,22.05,22.05,21.8,21.9,590,1293
20260129,21.9,22.15,21.85,22,345,760
20260130,22,22,21.8,21.95,390,853
20260202,22,22,21.65,21.75,409,890
20260203,21.7,21.85,21.55,21.6,484,1048
20260204,21.6,21.8,21.55,21.7,304,660
20260205,21.7,22,21.7,21.85,258,565
20260206,21.85,21.85,21.55,21.55,316,683
20260209,21.6,21.8,21.6,21.7,407,882
20260210,21.7,21.85,21.65,21.8,267,580
20260211,22,22.2,21.8,22.1,408,898
20260223,22.4,22.4,22,22.3,485,1076
20260224,22.3,22.35,22,22.05,437,967
20260225,22.1,22.1,21.85,22,391,859
20260226,22.05,22.3,21.95,22.05,518,1144
20260302,21.95,21.95,21.35,21.4,1110,2390
20260303,21.35,21.35,21,21.1,1106,2335
20260304,21,21,20.4,20.4,1068,2201
20260305,20.65,20.7,20.45,20.5,430,883
20260306,20.5,20.55,20.3,20.45,522,1065
20260309,20,20.15,19.7,20.15,1187,2370
20260310,20.25,20.4,20.1,20.2,323,653
20260311,20.2,20.5,20.2,20.4,245,500
20260312,20.4,20.4,20,20.1,671,1348
20260313,19.9,20.25,19.7,20.15,518,1037
20260316,20.15,20.25,20,20.2,344,693
20260317,20.1,20.4,20.05,20.4,355,717
20260318,20.6,20.6,20.1,20.35,556,1125
20260319,20.15,20.2,19.85,20.05,471,944
20260320,20.85,21,20.2,20.2,535,1094
20260323,19.8,20.05,19.6,20,507,1009
20260324,20.05,20.1,19.9,20.05,158,315
20260325,20.4,20.4,19.95,20.15,504,1011
20260326,20.45,20.45,20,20.05,245,493
20260327,20,20.1,19.95,20.1,241,482
20260330,19.65,20.05,19.65,19.85,623,1238
20260331,19.75,20.05,19.7,19.9,625,1239
20260401,20,20.05,19.9,20.05,268,536
20260402,20.05,20.1,19.85,20,183,366
20260407,20,20.2,20,20,209,419
20260408,20.2,20.2,19.85,20,535,1069
20260409,20.1,20.1,19.85,20,385,768
20260410,20.05,20.05,19.85,19.9,388,775
20260413,20,20.2,19.95,20,670,1346
20260414,20.15,20.15,20,20.1,442,888
20260415,20.1,20.15,20,20.1,348,698
20260416,20.15,20.25,20.1,20.2,511,1030
20260417,20.25,20.25,20.05,20.1,293,589
20260420,20.15,20.15,19.9,20,571,1140
20260421,20.05,20.1,19.9,19.95,408,813
20260422,19.95,20,19.85,20,518,1034
20260423,19.9,19.95,19.7,19.85,691,1367
20260424,19.85,20,19.75,19.95,522,1040
20260427,19.8,19.85,19.55,19.75,666,1310
20260428,19.85,19.95,19.75,19.95,208,414
20260429,20.1,20.1,19.85,19.9,201,401
20260430,19.9,20.15,19.85,20,542,1083
20260504,20,20,19.7,19.7,314,621
20260505,19.7,19.75,19.65,19.75,294,580
20260506,19.75,19.8,19.6,19.75,572,1125
20260507,19.7,19.75,19.6,19.75,495,973
20260508,19.6,19.75,19.55,19.6,741,1455
20260511,19.5,19.5,19.15,19.2,1356,2616
20260512,19.2,19.2,18.9,18.95,1003,1904
20260513,18.95,19,18.65,19,809,1524
20260514,18.9,19.05,18.6,18.6,486,911
20260515,18.6,18.7,18.2,18.25,909,1672
20260518,18.25,18.45,18.15,18.3,426,781
20260519,18.35,18.85,18.35,18.8,558,1044
20260520,18.85,18.85,18.45,18.8,353,660
20260521,18.9,19.05,18.7,18.8,325,613
20260522,18.8,18.8,18.6,18.75,288,538
20260525,18.75,18.95,18.45,18.6,538,1001
20260526,18.55,18.75,18.5,18.75,515,959
20260527,18.7,18.7,18.5,18.6,488,905
20260528,18.6,18.65,18.45,18.55,502,931
20260529,18.5,18.75,18.5,18.65,518,965
20260601,18.65,19.15,18.55,19.1,949,1793
20260602,19.05,19.2,18.95,19.1,619,1179
20260603,19.25,19.55,19.15,19.55,575,1116
20260604,19.5,19.55,19.25,19.5,568,1103
20260605,19.5,19.6,19.35,19.5,482,940
20260608,19.35,19.65,19.05,19.3,1185,2359
20260609,18.8,19.2,18.7,18.85,918,1739
20260610,18.8,19.75,18.75,19.55,2253,4352
20260611,19.55,19.55,19.1,19.35,1033,1988
20260612,19.35,19.8,19.1,19.75,993,1947
20260615,19.9,19.9,19.45,19.6,820,1607
20260616,19.6,20.25,19.6,20.25,977,1945
20260617,20.1,20.25,19.9,20,604,1210
20260618,20.25,21,19.8,19.85,1517,3067
20260622,19.9,19.9,19.25,19.4,993,1929
20260623,19.35,19.4,19.1,19.25,514,991
20260624,19.2,19.3,19.05,19.2,610,1169
20260625,19.3,19.5,19.25,19.25,224,434
20260626,19.25,19.25,18.95,18.95,827,1577
20260629,19,19.25,18.95,19.15,261,499
20260630,19.15,19.2,19,19.15,316,601
20260701,19.2,19.4,19.05,19.35,382,734
20260702,19.35,19.55,19.2,19.3,325,628
20260703,19.15,19.5,19.15,19.5,474,922
20260706,19.5,19.7,19.5,19.6,413,809
20260707,19.6,19.65,19.5,19.65,363,712
20260708,19.75,19.75,19.55,19.65,243,478
20260709,19.7,19.8,19.6,19.7,250,493
20260713,19.7,19.85,19.6,19.75,292,575
20260714,19.85,19.85,19.4,19.5,546,1070
20260715,19.5,19.75,19.5,19.75,423,834
20260716,19.85,20.5,19.6,20.3,1017,2053
20260717,20.3,20.45,19.9,19.95,814,1636
20260720,20.35,20.55,20.1,20.5,944,1928
20260721,20.65,20.75,20.4,20.55,516,1061
20260722,20.45,20.5,20.1,20.15,401,814
20260723,20.2,20.2,20.05,20.1,203,409
20260724,20.1,20.3,19.95,20.25,483,971
20260727,20.35,20.35,20.15,20.25,179,363
20260728,20.25,20.4,20.05,20.4,470,952
20260729,20.4,20.8,20.35,20.8,1756,3615
20260730,21,21,20.55,20.85,619,1289
20260731,20.9,21,20.45,20.45,732,1513
20260803,20.3,20.75,20.2,20.65,580,1193
20260804,20.45,20.6,20.35,20.4,506,1037
20260805,20.65,20.65,20.3,20.4,355,725
20260806,20.3,20.55,20.3,20.35,351,716
20260807,20.5,20.95,20.45,20.8,414,861
20260810,21.2,21.45,21.2,21.25,505,1075
20260811,21.25,21.35,20.9,21.05,419,886
20260812,21.15,21.8,21.15,21.7,760,1636
20260813,21.8,21.85,20.95,21.15,886,1890
20260814,21.15,21.15,20.8,20.85,371,774
20260817,20.7,21,20.7,20.9,191,399
20260818,20.8,20.85,20.65,20.7,219,455
20260819,20.6,20.7,20.5,20.5,268,551
20260820,20.6,20.85,20.6,20.8,122,252
20260821,20.8,21.1,20.65,21.05,436,912
20260824,21,21.45,20.7,20.85,163,340
20260825,20.8,20.8,20.5,20.5,347,715
20260826,20.5,20.7,20.45,20.55,212,436
20260827,20.55,20.8,20.55,20.65,177,364
20260828,20.65,20.65,20.25,20.5,411,839
20260831,20.5,20.55,20.1,20.15,519,1049
20260901,20.1,20.35,20.1,20.25,178,359
20260902,20.1,20.25,19.95,20.25,226,455
20260903,20.2,20.45,20.15,20.3,213,432
20260904,20.4,20.5,20.35,20.5,255,520
20260907,20.65,20.65,20.2,20.4,235,478
20260908,20.4,20.45,20.25,20.25,209,427
20260909,20.15,20.35,20.15,20.3,120,244
20260910,20.3,20.3,20.15,20.25,139,281
20260911,20.25,20.25,20.1,20.1,205,414
20260914,20,20.05,19.85,19.85,479,955
20260915,19.85,19.9,19.75,19.85,232,460
20260916,19.9,19.9,19.8,19.85,176,350
20260917,19.85,20.4,19.85,20.3,220,442
20260918,21.3,21.4,20.45,20.75,1247,2594
