# date,open,high,low,close,lot,wan
20250814,105.5,108,105.5,107,1334,14272
20250815,107.5,108,106,107.5,589,6314
20250818,107,108,106.5,107.5,287,3078
20250819,107,108.5,106.5,107.5,618,6653
20250820,107,108,106,106.5,471,5026
20250821,107,108,107,107.5,418,4492
20250822,107.5,108,106.5,107,316,3387
20250825,107.5,108,107,107.5,699,7524
20250826,107,108.5,107,108.5,930,10057
20250827,108,108,106,106,739,7898
20250828,107.5,107.5,105.5,106,942,10017
20250829,106,107,104.5,106,1440,15187
20250901,106,106,103.5,104,2286,23898
20250902,95,97.1,94.8,96.4,2607,24958
20250903,96.4,99.5,96.4,98.8,1175,11584
20250904,99,99,97.7,98.7,636,6257
20250905,99,99,98.3,99,362,3569
20250908,99.5,99.5,98,98.6,649,6392
20250909,99.1,99.1,97.5,97.6,619,6057
20250910,97.5,97.5,96.1,96.9,1083,10473
20250911,96.8,97,94.7,95.9,1708,16286
20250912,95.9,96.7,95.2,96.5,743,7133
20250915,96.6,96.6,95.5,95.6,442,4236
20250916,95.6,97.2,95.2,97.1,815,7863
20250917,97,97.7,96.7,97.5,686,6674
20250918,97.9,98.9,97.8,98.9,957,9410
20250919,98.9,103,98.4,103,1512,15274
20250922,102.5,102.5,99.5,100.5,1301,13037
20250923,100,101,99.7,100.5,839,8417
20250924,101,101.5,100.5,101,640,6462
20250925,101,102,101,102,664,6740
20250926,102,102,100,100.5,545,5488
20250930,101,101.5,100,101.5,680,6873
20251001,101.5,103,101,102.5,646,6592
20251002,102,102,97.9,98.1,1928,19064
20251003,98.3,99.1,97.6,97.6,685,6722
20251007,98,98.9,96.5,98,738,7221
20251008,98.4,99.7,98,98.9,539,5324
20251009,99,99,98.1,98.9,567,5587
20251013,98.1,99.9,97.6,97.9,1261,12460
20251014,98.2,98.4,96.8,96.9,1159,11295
20251015,96.9,98.5,96.9,98,488,4767
20251016,98.1,99.8,98.1,98.8,590,5833
20251017,98.8,100.5,98.8,99.1,970,9662
20251020,99.2,99.9,97.8,98.4,521,5132
20251021,98.6,98.9,97.8,97.8,617,6058
20251022,98,99.2,97.5,98.4,652,6404
20251023,99.7,99.7,98.6,99.5,673,6675
20251027,99.8,101.5,99.8,100.5,1144,11491
20251028,100,102,100,100,910,9164
20251029,100.5,101,99.8,100,670,6717
20251030,100.5,100.5,97.5,97.5,1308,12830
20251031,97.5,97.6,95.7,96.2,961,9263
20251103,96.5,96.5,94.5,94.7,1393,13242
20251104,94.7,95.5,94,94.3,731,6924
20251105,94.3,94.5,92.8,93.6,625,5865
20251106,94.8,95.3,94.3,94.9,340,3221
20251107,94.9,95.9,94.3,94.3,810,7694
20251110,94,94.5,91.4,92,1588,14637
20251111,92,92.2,90.6,90.9,1540,14047
20251112,91,93.5,90.9,93.4,1464,13589
20251113,93.4,95.4,93.4,95,1182,11182
20251114,94.4,95.6,93.5,95.4,945,8973
20251117,95.4,95.4,93.2,93.7,928,8716
20251118,93.4,93.9,92.4,92.4,637,5926
20251119,92.9,93.8,92.4,92.4,397,3693
20251120,92.9,94.1,92.9,93.9,416,3896
20251121,93.9,94.3,93,93,659,6172
20251124,93.3,95.4,93.3,93.6,839,7901
20251125,94.4,95.1,94,95.1,523,4941
20251126,95.3,95.8,93.5,94,499,4693
20251127,94.2,96.4,94.2,96.4,1384,13208
20251128,96.4,97.3,95.5,96.3,1127,10868
20251201,95.6,96.4,93.3,94,1037,9796
20251202,94.6,94.6,92,92.5,1209,11210
20251203,92.5,93.4,92.4,92.8,526,4884
20251204,92.8,93.3,92.6,93.3,361,3354
20251205,93.3,93.7,92.7,93.5,434,4046
20251208,93.7,94,92.8,93.3,526,4916
20251209,93.6,93.6,91.5,92.6,727,6705
20251210,92.6,92.6,90.9,91,988,9015
20251211,91.4,91.7,90.8,91.2,544,4965
20251212,91.7,93.6,91.7,92.8,1031,9584
20251215,92.7,93.2,91.5,93,802,7408
20251216,91.9,92.5,91.2,92.1,1447,13288
20251217,92.4,92.5,90.4,90.7,2192,19988
20251218,90.9,92.5,90.5,91.6,1735,15918
20251219,92.5,94.8,92.2,92.9,2820,26394
20251222,93.2,93.7,92.2,92.2,1660,15389
20251223,92,92.4,91.2,91.2,1520,13933
20251224,91.4,92,90.8,90.8,1346,12259
20251226,90.9,91.2,90.1,90.1,1561,14128
20251229,90.3,90.4,88.5,88.7,2781,24799
20251230,88.6,88.7,87,87,2076,18171
20251231,86.3,87.6,85.5,85.6,2675,23000
20260102,86,86.2,83.9,83.9,2995,25392
20260105,83.7,83.9,81,81.3,3756,30788
20260106,81.3,82.7,81.3,82.5,1374,11280
20260107,82.5,82.6,81.5,81.8,1668,13671
20260108,81.8,82.8,81.4,81.4,1312,10754
20260109,81.6,82.3,81,82.3,1678,13697
20260112,82.3,82.3,80.6,80.8,2377,19249
20260113,80.6,81.4,80.1,80.1,1825,14670
20260114,80.2,81.6,80,81.5,1649,13348
20260115,81.5,81.5,80.3,80.4,1140,9193
20260116,80.6,80.8,79.9,80.1,1449,11619
20260119,79.9,80.1,78.3,78.6,2780,21986
20260120,78.3,79.2,77.5,79,2503,19606
20260121,79,79.2,78.1,78.6,1765,13881
20260122,79,79.3,78.6,78.9,1097,8652
20260123,79.5,80.2,79.4,79.9,1638,13057
20260126,80,80,79.1,79.5,1270,10072
20260127,79.8,80.4,78.2,78.4,1815,14334
20260128,78.8,78.9,77.8,78,1718,13416
20260129,78,78.6,77.7,78,1166,9112
20260130,78.2,78.3,77.6,77.9,1035,8069
20260202,78,79.2,77.3,78.5,1283,10057
20260203,78.5,78.8,77.6,78,861,6712
20260204,78,79.4,78,78.3,988,7763
20260205,78.3,79.2,78.3,78.7,1223,9637
20260206,78.7,78.8,77.6,78.7,938,7343
20260209,78.8,78.9,77.8,77.9,1106,8642
20260210,77.7,77.8,76.4,76.7,2880,22102
20260211,76.7,77,76.1,76.4,1587,12143
20260223,76.4,77,75.2,75.2,2769,21023
20260224,75.4,76.1,74.5,74.7,2328,17432
20260225,74.6,74.6,73.2,73.4,3269,24057
20260226,73.6,74.4,73.3,73.9,1723,12737
20260302,74,74.3,73.1,74.3,1490,10968
20260303,74.3,74.3,73.2,74.2,1065,7855
20260304,73.9,73.9,71.8,71.9,2466,17830
20260305,72.7,72.7,71.8,71.9,1234,8887
20260306,72.8,76.8,72.8,75.9,3279,24818
20260309,73.6,75,72.2,74.9,2116,15685
20260310,75.5,76.5,75.2,76.3,1627,12376
20260311,75.7,76.6,75.3,76.1,1632,12402
20260312,75.3,75.7,74.6,75,1559,11696
20260313,74.2,76.2,73.9,75.7,904,6815
20260316,75.9,76.8,75.3,76.8,1269,9683
20260317,76.8,77,76.2,76.8,1000,7662
20260318,76.8,78,76.8,78,1373,10640
20260319,77.5,77.5,75.7,76.2,1924,14692
20260320,76.2,79,75,79,5047,38929
20260323,76.9,77.9,75.7,77.9,4676,36044
20260324,77.9,78.7,77.2,78.1,4266,33267
20260325,78.8,78.8,76.9,78,4222,32852
20260326,78,78.5,77.6,77.9,4283,33398
20260327,77.9,78.5,77.2,78.5,1599,12462
20260330,77.4,78,76.9,77.7,1780,13764
20260331,77.6,78.3,77,77,2143,16624
20260401,77.7,77.7,76.3,76.8,1496,11471
20260402,77.2,77.2,75.7,76.1,1288,9788
20260407,75.7,76.3,75,75.9,1174,8883
20260408,76.1,77.3,75.6,77,1201,9227
20260409,77,77.1,75.6,75.6,1049,7960
20260410,75.7,76.1,74.8,74.8,1371,10305
20260413,75,75.4,74.3,75.1,1042,7809
20260414,75.5,76.3,75.3,75.8,1169,8861
20260415,76,77.3,76,77.3,1871,14394
20260416,77.4,78.3,77.2,77.8,1265,9812
20260417,77.8,78.6,77.6,78.3,1871,14633
20260420,78.5,78.6,77.7,78,1322,10313
20260421,78.5,78.8,78,78.3,1082,8475
20260422,78.5,79.3,78,78.8,1600,12591
20260423,79,79.5,77.7,79,1910,14993
20260424,79.3,79.6,77.4,78,1682,13122
20260427,78,79,77.1,78.7,1556,12145
20260428,78.9,79.8,78.2,79.8,2227,17600
20260429,79.8,80.5,78.6,78.8,1560,12399
20260430,78.9,78.9,77.1,77.1,1918,14907
20260504,77.2,77.2,75.9,76.1,2302,17617
20260505,76.1,76.2,75.1,75.7,2431,18412
20260506,75.7,76.1,75.4,75.8,1553,11762
20260507,75.6,76.7,75.6,76.2,1947,14821
20260508,76.1,76.2,74.8,75.7,3109,23420
20260511,75.8,76,75,75.2,1668,12551
20260512,75.2,75.2,74.1,74.3,2095,15606
20260513,74,74,73,73.9,2096,15377
20260514,73.5,74.1,73.1,73.1,1407,10340
20260515,73.1,74.1,72.9,73.1,1097,8065
20260518,73.1,75,72.9,74.3,1756,13050
20260519,74.3,75.4,73.6,73.6,1149,8543
20260520,74.3,74.4,73.6,73.7,873,6450
20260521,73.7,74.3,73.7,73.7,889,6579
20260522,74.6,74.6,73,73.5,1692,12440
20260525,73.7,74,72.6,72.9,1980,14456
20260526,73,73.5,72.6,72.8,1375,10033
20260527,72.8,73.1,72,72,2499,18125
20260528,72.7,73.4,72.4,72.8,1518,11062
20260529,73.3,73.7,72.7,73.1,1541,11272
20260601,73.1,73.8,72.5,73.6,1983,14515
20260602,73.8,78,73.2,77,7927,60613
20260603,78.2,83.8,77.9,82.7,10532,86094
20260604,82.2,85,80.7,82,8785,73351
20260605,82.1,83.4,80.8,81.9,8344,68468
20260608,79.2,83,77.9,83,6820,55235
20260609,83,85.4,81.8,84.1,7323,61692
20260610,83.7,89,83.3,86.4,9201,79870
20260611,87,87.7,85.7,87.7,5846,50912
20260612,87.1,87.2,84.3,84.3,3094,26391
20260615,83.6,83.7,81.2,83,2848,23496
20260616,83.1,83.2,81.3,81.6,2175,17776
20260617,81.6,83.5,81.2,81.4,1789,14697
20260618,82,82.5,81.2,81.4,1392,11355
20260622,81.6,82.4,81.4,81.8,1302,10653
20260623,81.7,81.7,80.4,81,1798,14530
20260624,80.5,81.4,80.1,80.7,1154,9307
20260625,80.7,81.8,80.1,80.5,1996,16124
20260626,80.2,80.2,78.6,78.6,2293,18119
20260629,79.3,80,79.2,79.5,723,5753
20260630,79.7,80.5,79.4,80,1123,8965
20260701,80,81.3,80,81.3,965,7794
20260702,80.2,81.9,80.2,80.9,916,7426
20260703,80.4,82.7,80.4,82.4,1746,14371
20260706,82.4,84.1,82.4,83.1,1209,10088
20260707,83.1,83.1,81.7,81.9,675,5552
20260708,82.6,82.6,80.8,81,1084,8810
20260709,81,81.5,80.8,81,841,6824
20260713,81,81.6,80.5,81.6,989,8027
20260714,81.6,82.2,80.6,81,945,7666
20260715,81.6,82.9,81.5,82.7,863,7105
20260716,82.9,84.7,82.9,84.2,2051,17248
20260717,83.9,84.6,82.1,82.4,1664,13856
20260720,83.2,83.5,81.6,82.6,1007,8300
20260721,83.4,83.8,83,83.4,636,5308
20260722,83.5,84.1,82,82,988,8181
20260723,82.9,82.9,81.8,81.9,487,3994
20260724,81.7,82.5,81.3,81.7,824,6734
20260727,82.5,82.7,81.8,82.4,884,7281
20260728,82,82.6,81.5,82.2,812,6648
20260729,82.5,83,80.6,82,1639,13368
20260730,82,82.4,81,81.4,791,6442
20260731,81.9,83.2,81.9,82,1322,10907
20260803,81.7,82.4,81.2,81.9,695,5674
20260804,81.4,81.9,81.1,81.1,1013,8250
20260805,81.4,82.4,81.2,82.3,668,5472
20260806,81.7,82.2,81,81.9,988,8068
20260807,82.2,84.5,82.2,84.3,2167,18193
20260810,84.6,85.4,83,85.2,1309,11092
20260811,84.8,86,84.8,85.4,1108,9467
20260812,85.9,86.2,85.4,85.7,853,7322
20260813,86.1,86.4,84.9,86.1,1514,12989
20260814,86.4,86.4,84.2,84.4,1006,8533
20260817,84.3,84.7,83.4,83.9,753,6315
20260818,83.5,84.4,83.4,84.2,698,5848
20260819,84.1,85.2,83.5,85.2,793,6714
20260820,85.2,85.9,84.9,85.4,588,5019
20260821,85.3,86.2,85.1,85.4,1095,9377
20260824,85.4,86.1,85.1,85.9,786,6734
20260825,85.9,86.8,85.5,86.8,1726,14903
20260826,86.6,87.1,85.7,85.8,1426,12277
20260827,85.8,87.7,85.8,87.1,2196,19124
20260828,87.1,87.5,85.5,86.6,2751,23748
20260831,86.5,86.9,85.4,86.9,2276,19686
20260901,80.6,81.4,79.1,80,3992,31951
20260902,79.9,82.6,79.3,82.6,1895,15413
20260903,82.6,82.9,80.9,80.9,880,7158
20260904,81.2,81.5,80.6,81.3,494,3999
20260907,81.8,81.8,79.9,80.5,1199,9639
20260908,80.8,81.4,80.5,81,658,5330
20260909,80.5,80.8,79.7,80.3,843,6749
20260910,80,80.4,79.6,80.3,600,4805
20260911,80,80.3,79.7,80.3,664,5314
20260914,80,82.4,79.6,81.6,1560,12678
20260915,82,82.2,81,81,428,3495
20260916,81.4,81.9,80.2,80.8,1407,11410
20260917,81.4,81.4,80.3,80.7,898,7248
20260918,80.8,80.8,79.8,79.8,1386,11104
20260921,80.1,80.5,79.6,80.2,571,4571
20260922,80.6,80.6,79.6,79.7,686,5481
20260923,80.3,80.3,79.1,79.7,886,7049
