# date,open,high,low,close,lot,wan
20250814,11.2,11.2,11,11.05,50,55
20250815,11,11,10.85,10.95,122,133
20250818,10.95,11,10.8,10.9,35,38
20250819,10.8,10.9,10.8,10.8,13,14
20250820,10.8,10.95,10.5,10.85,70,75
20250821,10.85,10.9,10.75,10.85,56,61
20250822,10.75,10.8,10.5,10.8,52,55
20250825,10.6,10.7,10.45,10.7,82,86
20250826,10.5,10.65,10.45,10.45,33,35
20250827,10.5,10.6,10.4,10.45,49,51
20250828,10.7,10.75,10.45,10.45,60,63
20250829,10.4,10.5,10.3,10.45,72,75
20250901,10.45,10.45,10.3,10.45,21,22
20250902,10.45,10.45,10.4,10.45,10,10
20250903,10.3,10.55,10.3,10.55,54,56
20250904,10.55,10.75,10.55,10.55,51,54
20250905,10.55,10.55,10.5,10.55,14,15
20250908,10.45,10.45,10.35,10.4,33,34
20250909,10.4,10.45,10.35,10.45,31,32
20250910,10.35,10.5,10.25,10.25,35,36
20250911,10.3,10.3,10.15,10.2,53,54
20250912,10.35,10.35,10.05,10.2,46,47
20250915,10.15,10.25,10.1,10.2,43,44
20250916,10.2,10.55,10.1,10.5,44,45
20250917,10.5,10.5,10.25,10.4,17,18
20250918,10.3,10.4,10.1,10.4,45,46
20250919,10.2,10.3,10.15,10.3,24,24
20250922,10.15,10.3,10.05,10.3,47,48
20250923,10.1,10.15,10.05,10.15,24,24
20250924,10.1,10.15,10.1,10.1,48,49
20250925,10.1,10.15,10.1,10.1,48,48
20250926,10,10,9.9,10,148,147
20250930,10,10,9.93,10,79,79
20251001,10,10,9.89,9.99,58,58
20251002,9.92,9.99,9.92,9.93,37,37
20251003,9.93,9.99,9.93,9.97,40,40
20251007,10.25,10.25,10,10,51,51
20251008,10,10,9.99,10,17,17
20251009,9.91,9.98,9.9,9.98,48,48
20251013,9.98,9.98,9.78,9.83,100,98
20251014,9.9,10.8,9.9,10.55,369,386
20251015,10.25,10.35,10.1,10.2,85,87
20251016,10.3,10.3,10.05,10.2,19,19
20251017,10.2,10.25,10.15,10.2,42,43
20251020,10.2,10.35,10.15,10.3,79,81
20251021,10.3,10.5,10.3,10.4,64,67
20251022,10.4,10.65,10.4,10.6,89,94
20251023,10.6,11,10.55,11,126,136
20251027,11.3,11.3,10.7,11,167,183
20251028,10.8,10.9,10.6,10.7,47,50
20251029,10.5,10.8,10.5,10.55,50,53
20251030,10.5,10.55,10.4,10.4,40,42
20251031,10.35,10.4,10.2,10.35,29,30
20251103,10.35,10.45,10.35,10.45,23,24
20251104,10.5,10.5,10.4,10.5,47,49
20251105,10.5,10.65,10.35,10.65,40,42
20251106,10.5,10.8,10.5,10.7,59,63
20251107,10.7,10.75,10.6,10.6,70,74
20251110,10.8,10.9,10.7,10.75,89,96
20251111,10.9,10.9,10.7,10.75,51,55
20251112,10.75,10.75,10.7,10.75,37,40
20251113,10.75,10.75,10.6,10.7,53,57
20251114,10.85,10.85,10.65,10.7,27,29
20251117,10.75,10.8,10.5,10.7,80,85
20251118,10.6,10.7,10.3,10.6,54,56
20251119,10.5,10.55,10.25,10.5,37,38
20251120,10.75,10.75,10.3,10.55,32,34
20251121,10.5,10.5,10.35,10.45,15,16
20251124,10.45,10.45,10.4,10.45,45,47
20251125,10.35,10.5,10.35,10.5,61,64
20251126,10.6,10.7,10.5,10.5,51,54
20251127,10.7,10.7,10.55,10.65,17,18
20251128,10.65,10.65,10.6,10.6,18,19
20251201,10.15,10.65,10.15,10.55,38,39
20251202,10.4,10.45,10.4,10.45,25,26
20251203,10.4,10.45,10.35,10.45,21,22
20251204,10.45,10.55,10.4,10.55,23,24
20251205,10.55,10.6,10.35,10.45,42,44
20251208,10.45,10.45,10.1,10.45,107,110
20251209,10.4,10.4,10.3,10.35,16,17
20251210,10.35,10.35,10.15,10.35,43,44
20251211,10.35,10.4,10.3,10.3,17,18
20251212,10.25,10.45,10.2,10.45,178,182
20251215,10.45,10.5,10.35,10.45,117,121
20251216,10.45,10.5,10.4,10.5,72,75
20251217,10.55,10.55,10.45,10.55,28,29
20251218,10.55,10.6,10.55,10.6,18,19
20251219,10.6,10.6,10.55,10.6,27,29
20251222,10.6,10.65,10.6,10.6,119,126
20251223,10.55,10.55,10.5,10.55,145,153
20251224,10.5,10.55,10.4,10.5,54,57
20251226,10.4,10.5,10.35,10.45,141,146
20251229,10.2,10.4,10.2,10.25,181,186
20251230,10.3,10.4,10.25,10.4,53,55
20251231,10.4,10.85,10.3,10.6,345,358
20260102,10.45,10.65,10.4,10.6,31,33
20260105,10.95,10.95,10.25,10.3,64,66
20260106,10.35,10.35,10.3,10.35,31,32
20260107,10.25,10.4,10.25,10.4,44,46
20260108,10.7,10.7,10.4,10.5,43,45
20260109,10.35,10.5,10.35,10.4,116,121
20260112,10.4,10.5,10.4,10.5,30,31
20260113,10.5,10.55,10.4,10.45,29,30
20260114,10.55,10.55,10.45,10.5,47,49
20260115,10.45,10.5,10.45,10.5,54,57
20260116,10.6,10.6,10.4,10.5,50,52
20260119,10.5,10.65,10.25,10.65,92,96
20260120,10.5,10.55,10.45,10.55,49,51
20260121,10.7,10.7,10.25,10.5,258,267
20260122,10.6,10.6,10.25,10.55,204,213
20260123,10.5,10.5,10.35,10.5,111,115
20260126,10.4,10.5,10.25,10.5,139,144
20260127,10.5,10.6,10.35,10.5,70,73
20260128,10.4,10.5,10.3,10.5,69,71
20260129,10.45,10.55,10.45,10.55,53,56
20260130,10.45,10.65,10.3,10.6,146,153
20260202,10.6,11.65,10.6,11.65,540,602
20260203,11.6,11.6,10.7,10.9,431,479
20260204,10.7,11.15,10.55,11.05,176,191
20260205,10.95,11.05,10.8,10.85,149,163
20260206,10.85,10.9,10.75,10.9,65,70
20260209,10.9,11.05,10.8,10.9,44,48
20260210,11.05,11.05,10.75,10.8,65,71
20260211,10.8,10.8,10.55,10.55,90,96
20260223,10.5,10.6,10.5,10.6,48,51
20260224,10.55,10.7,10.5,10.55,451,478
20260225,10.7,10.7,10.5,10.6,80,84
20260226,10.55,10.65,10.5,10.6,138,146
20260302,10.6,10.75,10.45,10.65,150,160
20260303,10.65,10.65,10.5,10.5,81,86
20260304,10.4,10.5,10.4,10.45,36,38
20260305,10.45,10.65,10.45,10.65,42,45
20260306,10.65,10.7,10.5,10.7,97,103
20260309,10.95,11.05,10.55,10.7,46,49
20260310,10.7,10.75,10.6,10.7,104,112
20260311,10.75,10.8,10.6,10.75,75,80
20260312,10.75,10.8,10.6,10.8,78,84
20260313,10.5,10.75,10.5,10.75,73,77
20260316,10.8,10.9,10.65,10.7,110,119
20260317,10.75,10.75,10.7,10.75,29,31
20260318,10.9,11.2,10.8,11.15,151,166
20260319,11,11,10.65,10.75,73,78
20260320,10.75,10.75,10.6,10.7,85,91
20260323,10.6,10.6,10.5,10.55,46,49
20260324,10.55,10.6,10.55,10.55,47,50
20260325,10.7,10.75,10.6,10.65,35,37
20260326,10.7,10.7,10.65,10.65,70,75
20260327,10.65,10.65,10.6,10.65,33,35
20260330,10.5,10.7,10.5,10.7,24,25
20260331,10.7,10.8,10.7,10.75,44,47
20260401,10.8,10.8,10.65,10.8,65,70
20260402,10.6,10.7,10.6,10.7,39,41
20260407,10.7,10.7,10.6,10.65,25,27
20260408,10.75,10.75,10.6,10.7,25,27
20260409,11,11,10.65,10.7,33,35
20260410,10.6,10.6,10.45,10.6,100,106
20260413,10.6,10.6,10.55,10.6,54,57
20260414,11.65,11.65,11.65,11.65,1371,1597
20260415,12.8,12.8,12.8,12.8,1256,1608
20260416,14.05,14.05,12.8,13.3,3562,4897
20260417,12,12.9,12,12.1,1116,1357
20260420,12.1,12.15,11.35,11.8,531,622
20260421,11.7,11.85,11.45,11.85,192,225
20260422,11.85,11.9,11.5,11.6,166,194
20260423,11.55,11.55,11.1,11.2,212,239
20260424,11.2,11.2,10.9,11.05,200,221
20260427,10.9,10.95,10.55,10.8,120,129
20260428,10.8,10.8,10.5,10.65,68,73
20260429,10.5,10.75,10.5,10.7,96,102
20260430,10.5,10.7,10.5,10.6,75,79
20260504,10.6,10.65,10.5,10.65,63,67
20260505,10.55,10.6,10.45,10.6,67,70
20260506,10.65,10.65,10.5,10.5,51,54
20260507,10.5,10.5,10.4,10.4,95,99
20260508,10.4,10.6,10.4,10.55,39,41
20260511,10.55,10.7,10.55,10.7,53,56
20260512,10.75,10.8,10.5,10.6,65,69
20260513,10.6,10.6,10.4,10.55,50,52
20260514,10.45,10.55,10.45,10.55,22,23
20260515,11.6,11.6,11.6,11.6,334,387
20260518,12.1,12.5,11.6,11.95,543,648
20260519,11,11.55,11,11.3,174,197
20260520,11.3,11.35,10.9,11.2,115,128
20260521,11.05,11.35,11,11.35,78,87
20260522,11.35,11.35,10.95,11,95,105
20260525,11,11.15,10.8,10.8,72,79
20260526,10.8,10.9,10.55,10.85,92,98
20260527,11.25,11.25,10.65,10.8,74,80
20260528,10.8,11,10.6,10.85,73,78
20260529,10.8,10.85,10.7,10.85,42,45
20260601,11,11.25,10.85,11,83,91
20260602,11.9,11.9,10.95,11.1,104,115
20260603,11.1,11.1,10.75,11,98,107
20260604,11,11,10.9,11,60,66
20260605,11.25,11.25,10.85,11,58,63
20260608,9.95,10.8,9.95,10.7,140,145
20260609,10.65,10.8,10.65,10.7,29,31
20260610,10.7,10.85,10.65,10.7,57,61
20260611,10.7,10.9,10.5,10.65,85,91
20260612,10.7,10.75,10.55,10.75,67,72
20260615,10.8,11.15,10.75,10.9,84,92
20260616,11,11,10.85,10.9,21,23
20260617,10.95,10.95,10.85,10.85,13,14
20260618,10.9,10.9,10.5,10.55,148,156
20260622,10.55,10.6,10.45,10.6,203,213
20260623,10.6,10.6,10.5,10.5,44,46
20260624,10.5,10.6,10.4,10.6,155,162
20260625,10.6,10.6,10.45,10.5,18,19
20260626,10.45,10.45,10.35,10.4,103,107
20260629,10.4,10.6,10.4,10.5,19,20
20260630,10.5,10.6,10.4,10.4,44,46
20260701,10.55,10.55,10.4,10.45,59,62
20260702,10.45,10.5,10.35,10.5,82,85
20260703,10.5,10.6,10.45,10.6,72,76
20260706,10.5,10.65,10.5,10.55,44,47
20260707,10.6,10.6,10.45,10.45,74,78
20260708,10.45,10.5,10.4,10.5,49,51
20260709,10.5,11.35,10.5,10.65,129,139
20260713,10.65,10.7,10.55,10.6,91,96
20260714,10.6,10.6,10.5,10.5,97,102
20260715,10.5,10.7,10.5,10.6,24,25
20260716,10.75,10.75,10.55,10.7,50,53
20260717,10.75,10.75,10,10.1,276,282
20260720,10.1,10.2,10.05,10.1,67,68
20260721,10.25,10.4,10.15,10.4,13,13
20260722,10.3,10.5,10.3,10.5,18,19
20260723,10.4,10.5,10.4,10.4,37,39
20260724,10.25,10.45,10.25,10.45,37,38
20260727,10.75,10.75,10.4,10.45,6,6
20260728,10.35,10.45,10.25,10.45,30,31
20260729,10.35,10.45,10,10.2,102,104
20260730,10,10.2,9.6,10.2,106,105
20260731,10.15,10.3,10.05,10.25,105,107
20260803,10.3,10.5,10.2,10.5,9,9
20260804,10.5,10.5,10.4,10.4,72,76
20260805,10.5,10.5,10.45,10.45,42,44
20260806,10.5,10.5,10.45,10.45,25,26
20260807,10.5,10.5,10.25,10.45,31,32
20260810,10.5,10.5,10.3,10.5,69,72
20260811,10.5,10.5,10.4,10.5,14,15
20260812,10.4,10.45,10.4,10.4,18,19
20260813,10.45,10.45,10.35,10.4,7,7
20260814,10.3,10.4,10.3,10.35,32,33
20260817,10.25,10.35,10.15,10.35,60,62
20260818,10.3,10.3,10.2,10.2,29,30
20260819,10.2,10.2,10.15,10.2,51,52
20260820,10.3,10.3,10.2,10.25,13,13
20260821,10.5,10.5,10.3,10.35,21,22
20260824,10.35,10.35,10.3,10.35,13,13
20260825,10.3,10.35,10.1,10.2,38,39
20260826,10.2,10.3,10.2,10.3,21,22
20260827,10.3,10.45,10.3,10.35,67,70
20260828,10.45,10.45,10.2,10.35,18,19
20260831,10.2,10.35,10.15,10.35,35,36
20260901,10.35,10.35,10.1,10.3,59,60
20260902,10.35,10.35,10.25,10.25,46,47
20260903,10.25,10.4,10.25,10.3,43,44
20260904,10.3,10.3,10.3,10.3,13,13
20260907,10.25,10.4,10.25,10.4,29,30
20260908,10.2,10.4,10.2,10.4,27,28
20260909,10.3,10.4,10.3,10.3,14,14
20260910,10.2,10.35,10.2,10.3,15,15
20260911,10.3,10.4,10.3,10.3,60,62
20260914,10.25,10.25,10.25,10.25,4,4
20260915,10.25,10.3,10.2,10.25,33,34
20260916,10.2,10.3,10.2,10.3,12,12
20260917,10.4,10.4,10.25,10.25,72,75
20260918,10.25,10.3,10.25,10.3,5,5
20260921,10.25,10.25,10.2,10.25,34,35
